Date and Time:2023-05-12 14:22:56.065335

Initial Settings:
similarity_model: <function cosine_similarity at 0x000001D005A6E5E0>
similarity_threshold: 1e-05
nr_eigv_to_select: None
distribution: uniform
deviation: 0.3
nr_to_generate: 25
recompute: False

Selected eigenvectors and similarity score w.r.t objective loadcase:
objective_loadcase_nr: 772
similarity_model: cosine_similarity
similarity_threshold: 1e-05
nr_eigv_to_select: None
nr_eigv_selected: 516
approximation parameter model: lstsq
similarity score and approx. param. value
:  eigv_idx    score      value
        1 0.551579  55.615070
        3 0.544314  54.882583
        2 0.490763 -49.483039
        0 0.394480  39.774943
        6 0.050370   5.078786
       39 0.016966   1.710671
        4 0.010445   1.053202
       68 0.003693  -0.372315
      639 0.003544   0.357306
      186 0.002174  -0.219189
      612 0.001983  -0.199940
      593 0.001925  -0.194063
      586 0.001754   0.176887
      218 0.001677  -0.169081
      710 0.001521  -0.153398
      716 0.001512   0.152441
      618 0.001475   0.148745
      187 0.001400  -0.141135
      663 0.001378  -0.138963
      668 0.001322   0.133289
       71 0.001174  -0.118334
      595 0.001122   0.113172
      182 0.001103  -0.111164
      143 0.001025   0.103305
      194 0.000998   0.100675
      659 0.000977  -0.098471
       69 0.000926  -0.093409
      686 0.000898  -0.090570
      617 0.000886   0.089333
      388 0.000837  -0.084401
      749 0.000823  -0.082957
      688 0.000799  -0.080562
      626 0.000791   0.079764
      599 0.000762   0.076838
      184 0.000749  -0.075557
      562 0.000723  -0.072926
      635 0.000722   0.072759
      582 0.000708  -0.071405
      579 0.000705   0.071069
      700 0.000699   0.070441
      683 0.000682   0.068815
      670 0.000650   0.065541
      578 0.000648   0.065317
       70 0.000621   0.062597
      183 0.000616   0.062073
      621 0.000598  -0.060256
      733 0.000572   0.057688
      698 0.000543  -0.054781
      666 0.000540  -0.054485
      253 0.000528  -0.053225
      735 0.000525  -0.052977
      341 0.000518   0.052225
      602 0.000497  -0.050075
      228 0.000496  -0.050029
      708 0.000462   0.046613
      174 0.000446   0.044964
      718 0.000443  -0.044667
      567 0.000438  -0.044132
      179 0.000428   0.043162
      137 0.000423  -0.042652
      606 0.000419  -0.042278
      153 0.000418   0.042137
      641 0.000401  -0.040402
      577 0.000397  -0.040053
      575 0.000392   0.039489
      709 0.000387  -0.039023
      699 0.000385  -0.038782
      267 0.000375  -0.037765
      620 0.000372  -0.037531
      171 0.000371  -0.037366
      583 0.000366  -0.036929
      210 0.000366  -0.036902
      220 0.000361  -0.036391
      362 0.000361  -0.036372
      704 0.000354  -0.035740
      756 0.000351  -0.035420
      757 0.000323  -0.032550
      601 0.000306   0.030842
      204 0.000304   0.030640
      403 0.000301   0.030322
      631 0.000301  -0.030320
      848 0.000299  -0.030136
      243 0.000298   0.030007
      604 0.000294  -0.029606
      419 0.000290  -0.029202
      741 0.000289   0.029152
      807 0.000287   0.028929
      412 0.000280  -0.028218
      576 0.000276  -0.027795
      628 0.000275   0.027767
      132 0.000265   0.026734
      853 0.000264  -0.026648
      383 0.000263   0.026521
      739 0.000260  -0.026195
      587 0.000257   0.025942
      199 0.000256  -0.025770
      707 0.000247  -0.024921
      787 0.000244   0.024633
      400 0.000244  -0.024564
      258 0.000236  -0.023785
      570 0.000235  -0.023717
      753 0.000233  -0.023537
      161 0.000226   0.022798
      573 0.000225   0.022690
      750 0.000219   0.022078
      271 0.000218   0.022012
      377 0.000216  -0.021752
      148 0.000212   0.021383
      254 0.000210   0.021175
      658 0.000207   0.020863
      580 0.000207  -0.020822
      273 0.000205  -0.020680
      277 0.000196   0.019724
      815 0.000195  -0.019637
      356 0.000193  -0.019504
      255 0.000189  -0.019077
      564 0.000184  -0.018557
      665 0.000182  -0.018371
      941 0.000181  -0.018221
      175 0.000180  -0.018157
      557 0.000176  -0.017776
      800 0.000172  -0.017356
      857 0.000170  -0.017188
      828 0.000169  -0.017072
      301 0.000168  -0.016970
      640 0.000167  -0.016856
      696 0.000167  -0.016842
      793 0.000166  -0.016717
      234 0.000165   0.016646
      427 0.000164  -0.016534
      743 0.000163  -0.016421
      217 0.000161  -0.016203
      566 0.000160   0.016146
      369 0.000160   0.016090
      667 0.000159   0.016031
       91 0.000158  -0.015937
      687 0.000158   0.015914
      236 0.000156   0.015765
      380 0.000156   0.015712
      711 0.000155   0.015593
      247 0.000151   0.015234
      818 0.000150  -0.015163
      726 0.000150  -0.015099
      820 0.000148  -0.014955
      574 0.000146  -0.014736
      299 0.000146   0.014691
      585 0.000145  -0.014636
      790 0.000145   0.014604
      855 0.000144  -0.014536
      784 0.000144  -0.014471
      235 0.000142  -0.014345
      241 0.000142   0.014302
      361 0.000139   0.014009
      138 0.000138   0.013887
      690 0.000136   0.013685
      269 0.000133  -0.013454
      847 0.000131   0.013244
      398 0.000131  -0.013182
      859 0.000130   0.013118
      629 0.000130  -0.013108
      605 0.000129  -0.013009
      824 0.000129   0.012974
      353 0.000128  -0.012948
      354 0.000128   0.012931
      549 0.000127  -0.012810
      553 0.000126  -0.012737
      645 0.000125   0.012621
      251 0.000124  -0.012459
      107 0.000122  -0.012310
      436 0.000122   0.012267
      292 0.000121  -0.012187
      257 0.000120  -0.012095
      808 0.000119   0.012049
      908 0.000119  -0.011981
      829 0.000119   0.011981
      373 0.000118  -0.011925
      798 0.000117   0.011773
      638 0.000116  -0.011723
      294 0.000115  -0.011599
      795 0.000114   0.011459
      552 0.000113  -0.011395
      281 0.000113   0.011388
      423 0.000113  -0.011355
      736 0.000112  -0.011254
      974 0.000112   0.011253
      697 0.000111   0.011241
      295 0.000111  -0.011202
      742 0.000111  -0.011152
      431 0.000110  -0.011055
      394 0.000109   0.011031
      291 0.000107   0.010806
      759 0.000107   0.010801
      581 0.000106  -0.010707
      600 0.000104  -0.010497
      801 0.000104  -0.010483
      308 0.000104  -0.010444
      193 0.000103  -0.010429
      594 0.000103  -0.010400
      263 0.000100  -0.010111
      840 0.000099  -0.010015
      209 0.000099  -0.009948
      882 0.000098   0.009879
      799 0.000098  -0.009855
      386 0.000098   0.009843
      367 0.000098   0.009841
      770 0.000096   0.009727
      355 0.000095   0.009554
      313 0.000092  -0.009318
      392 0.000092   0.009314
      239 0.000091   0.009207
      266 0.000090  -0.009069
      684 0.000090  -0.009060
      844 0.000089  -0.008975
      832 0.000089   0.008968
      740 0.000087  -0.008782
      611 0.000087  -0.008770
      302 0.000086  -0.008636
      773 0.000084   0.008498
      569 0.000084   0.008430
      632 0.000084   0.008420
      701 0.000083  -0.008394
      734 0.000083  -0.008388
     1095 0.000083  -0.008371
      584 0.000083  -0.008338
      343 0.000082  -0.008293
      744 0.000082  -0.008257
      206 0.000082   0.008230
      230 0.000078  -0.007902
      778 0.000078  -0.007896
      374 0.000078   0.007848
      782 0.000078  -0.007820
      312 0.000078  -0.007815
      843 0.000077  -0.007773
      298 0.000076  -0.007704
      428 0.000076   0.007631
      227 0.000075   0.007578
      597 0.000075  -0.007569
      955 0.000075   0.007540
      222 0.000074  -0.007481
      937 0.000074  -0.007434
      560 0.000074  -0.007431
      596 0.000073  -0.007399
      414 0.000073   0.007354
      591 0.000073   0.007317
      728 0.000072  -0.007241
      803 0.000072   0.007238
      723 0.000072  -0.007231
      279 0.000071  -0.007129
     1005 0.000068   0.006839
      616 0.000068  -0.006808
      262 0.000067  -0.006764
      913 0.000067  -0.006721
      978 0.000067   0.006713
      748 0.000066  -0.006662
      322 0.000066  -0.006645
      826 0.000065  -0.006563
      762 0.000065   0.006519
      864 0.000064   0.006460
      390 0.000064   0.006441
      249 0.000064  -0.006418
      545 0.000063  -0.006376
      261 0.000063  -0.006315
      802 0.000063   0.006303
      572 0.000062  -0.006258
      776 0.000062  -0.006228
      275 0.000062  -0.006228
      329 0.000061  -0.006174
      589 0.000061  -0.006169
      805 0.000061  -0.006129
      364 0.000061   0.006122
      922 0.000060  -0.006078
      879 0.000060  -0.006042
      539 0.000059   0.005983
      654 0.000059   0.005917
      948 0.000058   0.005831
      325 0.000058  -0.005818
      359 0.000058  -0.005817
      333 0.000057  -0.005763
      223 0.000057   0.005740
      561 0.000057   0.005700
      789 0.000056   0.005682
      831 0.000056   0.005680
      627 0.000055   0.005506
      425 0.000054   0.005491
      765 0.000054   0.005446
      335 0.000054  -0.005414
      722 0.000054  -0.005401
      895 0.000053   0.005357
      863 0.000052  -0.005293
      406 0.000052  -0.005283
      821 0.000052  -0.005272
      337 0.000052  -0.005261
      320 0.000052   0.005259
      870 0.000052  -0.005248
      891 0.000052  -0.005245
      610 0.000051  -0.005185
      943 0.000050   0.005003
      268 0.000049  -0.004915
      528 0.000048   0.004810
      860 0.000046  -0.004661
      402 0.000046  -0.004657
      350 0.000046  -0.004615
      874 0.000045  -0.004558
      884 0.000045  -0.004550
      216 0.000045  -0.004536
      290 0.000045   0.004526
      214 0.000045   0.004524
      232 0.000044  -0.004474
      407 0.000044  -0.004458
      245 0.000044  -0.004455
      880 0.000044   0.004434
      603 0.000043  -0.004349
      332 0.000043  -0.004344
      542 0.000043   0.004333
      540 0.000043  -0.004327
      823 0.000042   0.004205
      413 0.000041   0.004164
      894 0.000041  -0.004141
      334 0.000041   0.004108
      409 0.000039  -0.003966
      224 0.000039  -0.003897
      881 0.000039  -0.003891
      259 0.000038  -0.003877
      987 0.000038   0.003847
      535 0.000038   0.003800
      904 0.000038   0.003795
      867 0.000037   0.003740
      448 0.000037   0.003702
      928 0.000037  -0.003701
      213 0.000036   0.003629
      264 0.000036  -0.003585
      357 0.000035   0.003563
      858 0.000035  -0.003527
      296 0.000035  -0.003520
      318 0.000035  -0.003509
      590 0.000035  -0.003500
     1001 0.000034  -0.003378
      614 0.000034   0.003378
      215 0.000033  -0.003367
      491 0.000033   0.003343
      276 0.000033   0.003332
      792 0.000033   0.003315
      226 0.000033  -0.003312
      518 0.000033   0.003296
      169 0.000033  -0.003279
      643 0.000032  -0.003270
      310 0.000032  -0.003251
      950 0.000032  -0.003249
      488 0.000032   0.003242
      933 0.000032   0.003209
      131 0.000031  -0.003170
      680 0.000031   0.003147
      965 0.000031  -0.003116
      942 0.000031   0.003091
      225 0.000031  -0.003081
      410 0.000031  -0.003077
      323 0.000030  -0.003064
      530 0.000030   0.003027
      532 0.000030   0.003019
      289 0.000030   0.003006
      636 0.000030  -0.002976
      993 0.000029   0.002957
      475 0.000029  -0.002950
     1025 0.000029   0.002917
      694 0.000028   0.002848
     1032 0.000028   0.002837
      347 0.000028  -0.002834
      360 0.000028  -0.002831
      432 0.000027   0.002771
      321 0.000027  -0.002770
      650 0.000027  -0.002716
      524 0.000027  -0.002714
      780 0.000027  -0.002713
      609 0.000027   0.002698
      328 0.000027  -0.002673
      330 0.000026  -0.002650
      198 0.000026   0.002648
      814 0.000026   0.002576
      588 0.000025   0.002568
      405 0.000025   0.002565
      775 0.000025   0.002561
      293 0.000025   0.002558
      399 0.000025  -0.002539
      397 0.000025  -0.002532
      837 0.000025  -0.002505
      260 0.000025   0.002478
      445 0.000024  -0.002427
      842 0.000024  -0.002389
      677 0.000024   0.002377
     1017 0.000023   0.002364
      314 0.000023  -0.002334
      681 0.000023  -0.002316
      849 0.000023   0.002310
      935 0.000023  -0.002310
      319 0.000023   0.002300
      592 0.000023  -0.002286
      297 0.000023  -0.002278
      342 0.000022   0.002249
      424 0.000022  -0.002243
      685 0.000022  -0.002227
      420 0.000022   0.002184
     1034 0.000021  -0.002141
      613 0.000021   0.002140
      900 0.000021  -0.002139
      250 0.000021   0.002115
      964 0.000021   0.002106
      326 0.000021   0.002101
      349 0.000021   0.002088
      479 0.000021   0.002072
      164 0.000020   0.002047
      519 0.000020   0.002041
      272 0.000020   0.001984
      917 0.000020   0.001979
      502 0.000019   0.001959
      536 0.000019  -0.001935
      714 0.000019  -0.001899
      538 0.000019   0.001898
      811 0.000019   0.001878
      455 0.000019  -0.001877
      526 0.000018   0.001858
      988 0.000018  -0.001853
      512 0.000018  -0.001841
      221 0.000018   0.001838
      307 0.000018  -0.001829
      363 0.000018   0.001823
      382 0.000018   0.001815
      856 0.000018   0.001810
      763 0.000018  -0.001802
      971 0.000018  -0.001783
      938 0.000018   0.001781
      324 0.000018  -0.001776
      463 0.000018  -0.001765
      489 0.000017   0.001758
      514 0.000017   0.001747
      458 0.000017   0.001704
      104 0.000017   0.001702
      921 0.000017  -0.001700
      248 0.000017  -0.001686
     1052 0.000017   0.001682
      437 0.000016   0.001614
      452 0.000016  -0.001601
      662 0.000016  -0.001600
      927 0.000016  -0.001596
      165 0.000016   0.001582
      274 0.000016  -0.001582
      244 0.000016  -0.001563
      957 0.000015   0.001563
      233 0.000015   0.001559
      191 0.000015   0.001554
      712 0.000015   0.001542
      724 0.000015   0.001541
      505 0.000015   0.001534
      625 0.000015   0.001534
      368 0.000015  -0.001493
      304 0.000015  -0.001484
      705 0.000015  -0.001477
      816 0.000015   0.001468
      669 0.000015   0.001465
      346 0.000015   0.001465
      966 0.000014   0.001461
      934 0.000014  -0.001449
      839 0.000014   0.001434
      732 0.000014   0.001432
      201 0.000014  -0.001419
      810 0.000014   0.001407
      229 0.000014   0.001403
      242 0.000014   0.001393
      309 0.000014   0.001391
      852 0.000014  -0.001384
      949 0.000014   0.001378
      619 0.000014   0.001366
      483 0.000013  -0.001357
      237 0.000013   0.001335
      265 0.000013   0.001331
      649 0.000013  -0.001325
      608 0.000013  -0.001307
      450 0.000013  -0.001306
      729 0.000013   0.001293
     1010 0.000013   0.001287
     1096 0.000013   0.001286
      907 0.000013   0.001275
      830 0.000012   0.001253
       66 0.000012  -0.001250
      804 0.000012  -0.001242
      534 0.000012  -0.001227
      875 0.000012  -0.001220
      791 0.000012   0.001214
      794 0.000012   0.001192
      695 0.000012  -0.001184
       14 0.000012  -0.001160
       13 0.000011   0.001157
      351 0.000011  -0.001155
      365 0.000011   0.001151
      809 0.000011   0.001139
      197 0.000011  -0.001130
      876 0.000011  -0.001122
      252 0.000011  -0.001122
       87 0.000011  -0.001120
      196 0.000011   0.001115
      883 0.000011   0.001107
      487 0.000011  -0.001098
      473 0.000011  -0.001080
      634 0.000011  -0.001073
     1047 0.000011   0.001073
       40 0.000011   0.001069
     1073 0.000011  -0.001064
      396 0.000011   0.001061
       46 0.000010   0.001053
       47 0.000010  -0.001045
      338 0.000010  -0.001043
      462 0.000010   0.001038
      461 0.000010   0.001027
      983 0.000010   0.001027
       42 0.000010   0.001027
      120 0.000010   0.001024
       43 0.000010   0.001012
euclid. distance of OLC and linear combination of EV * x_coef: 0.009689535437506714

Generate samples based on objective loadcase 772
nr_to_generate: 25

Parameter variation distribution settings
distribution: uniform
low: 0.7
high: 1.3

Total process runtime: 0:00:01.329576
