Date and Time:2023-05-12 14:13:39.304429

Initial Settings:
similarity_model: <function cosine_similarity at 0x000001D005A6E5E0>
similarity_threshold: 1e-05
nr_eigv_to_select: None
distribution: uniform
deviation: 0.3
nr_to_generate: 25
recompute: False

Selected eigenvectors and similarity score w.r.t objective loadcase:
objective_loadcase_nr: 354
similarity_model: cosine_similarity
similarity_threshold: 1e-05
nr_eigv_to_select: None
nr_eigv_selected: 495
approximation parameter model: lstsq
similarity score and approx. param. value
:  eigv_idx    score      value
        1 0.548220  66.646011
        3 0.545175  66.275847
        2 0.496195 -60.321467
        0 0.390953  47.527331
        6 0.051009   6.201107
       39 0.019808   2.408002
        4 0.010643   1.293828
      639 0.003646   0.443282
      186 0.002431  -0.295559
      612 0.002054  -0.249710
      593 0.002050  -0.249162
      586 0.001893   0.230152
       68 0.001830  -0.222468
      218 0.001776  -0.215940
      716 0.001617   0.196576
      187 0.001605  -0.195169
      710 0.001601  -0.194587
      618 0.001396   0.169748
      663 0.001370  -0.166489
      668 0.001325   0.161031
      595 0.001209   0.147027
      194 0.001114   0.135445
      659 0.000994  -0.120890
      686 0.000974  -0.118358
      617 0.000927   0.112673
      626 0.000918   0.111608
      388 0.000906  -0.110173
      143 0.000884   0.107453
      688 0.000828  -0.100710
      599 0.000801   0.097350
      183 0.000779   0.094713
      562 0.000755  -0.091726
      635 0.000738   0.089755
      670 0.000731   0.088887
      582 0.000727  -0.088418
      578 0.000701   0.085209
      700 0.000686   0.083398
      182 0.000683  -0.083075
      621 0.000679  -0.082522
      579 0.000665   0.080871
      749 0.000663  -0.080652
      733 0.000624   0.075804
      698 0.000616  -0.074915
      683 0.000608   0.073867
      704 0.000572  -0.069485
      253 0.000568  -0.069102
      341 0.000568   0.069044
      184 0.000561  -0.068227
      718 0.000559  -0.067947
      666 0.000559  -0.067944
      602 0.000517  -0.062875
      708 0.000505   0.061336
      153 0.000491   0.059726
      174 0.000490   0.059537
      606 0.000476  -0.057902
      567 0.000473  -0.057523
      577 0.000469  -0.057048
      735 0.000441  -0.053646
      210 0.000439  -0.053374
      699 0.000425  -0.051692
      641 0.000419  -0.050905
      709 0.000413  -0.050263
      267 0.000398  -0.048387
      575 0.000398   0.048380
      583 0.000390  -0.047372
      620 0.000388  -0.047134
      220 0.000384  -0.046657
      204 0.000364   0.044302
      707 0.000349  -0.042430
      228 0.000346  -0.042016
      362 0.000339  -0.041215
      601 0.000339   0.041180
      848 0.000336  -0.040794
       70 0.000321   0.039009
      412 0.000318  -0.038710
      419 0.000317  -0.038515
      696 0.000316  -0.038455
      243 0.000316   0.038423
      756 0.000313  -0.038068
      807 0.000310   0.037735
      403 0.000297   0.036136
      631 0.000296  -0.035940
      383 0.000295   0.035889
      757 0.000288  -0.034970
      179 0.000284   0.034546
      604 0.000281  -0.034184
      199 0.000281  -0.034162
      587 0.000276   0.033509
      753 0.000269  -0.032669
      258 0.000261  -0.031723
      570 0.000258  -0.031374
      137 0.000256  -0.031118
      171 0.000252  -0.030654
      576 0.000248  -0.030205
      628 0.000234   0.028495
      230 0.000227  -0.027625
      377 0.000227  -0.027538
      400 0.000226  -0.027468
      853 0.000223  -0.027107
      741 0.000217   0.026402
      658 0.000216   0.026266
      564 0.000216  -0.026256
      580 0.000213  -0.025912
      787 0.000211   0.025686
      273 0.000211  -0.025596
      573 0.000210   0.025558
      739 0.000208  -0.025297
      815 0.000207  -0.025143
      269 0.000205  -0.024934
      132 0.000202   0.024515
      277 0.000199   0.024181
      356 0.000199  -0.024171
      793 0.000197  -0.023907
      665 0.000196  -0.023869
      175 0.000196  -0.023835
      941 0.000192  -0.023303
      369 0.000187   0.022723
      427 0.000186  -0.022650
      301 0.000186  -0.022585
      549 0.000185  -0.022478
      585 0.000183  -0.022307
      299 0.000182   0.022157
      800 0.000179  -0.021752
      667 0.000176   0.021414
      828 0.000176  -0.021356
      255 0.000175  -0.021238
      557 0.000169  -0.020508
      750 0.000169   0.020487
      271 0.000167   0.020262
      711 0.000165   0.020116
      687 0.000164   0.019993
      217 0.000163  -0.019850
      784 0.000163  -0.019812
      726 0.000162  -0.019740
      227 0.000161   0.019612
      820 0.000161  -0.019515
      254 0.000160   0.019462
      380 0.000157   0.019142
      247 0.000157   0.019030
      574 0.000155  -0.018820
      857 0.000154  -0.018688
      743 0.000154  -0.018688
      235 0.000149  -0.018090
      206 0.000147   0.017903
      398 0.000146  -0.017747
      239 0.000144   0.017501
      392 0.000144   0.017450
      361 0.000142   0.017217
      566 0.000140   0.017075
      790 0.000139   0.016919
      605 0.000138  -0.016781
      818 0.000137  -0.016689
      295 0.000136  -0.016572
      353 0.000136  -0.016546
      161 0.000135   0.016375
      855 0.000134  -0.016284
      373 0.000133  -0.016146
      553 0.000132  -0.015986
      795 0.000131   0.015887
      236 0.000130   0.015762
      690 0.000129   0.015649
      697 0.000128   0.015597
      847 0.000128   0.015581
      629 0.000127  -0.015494
      638 0.000127  -0.015417
      354 0.000126   0.015359
      908 0.000126  -0.015330
      223 0.000124   0.015031
      423 0.000123  -0.015012
      645 0.000123   0.014968
      431 0.000123  -0.014927
      263 0.000122  -0.014884
      640 0.000122  -0.014846
      808 0.000122   0.014804
      234 0.000121   0.014737
      312 0.000120  -0.014645
      859 0.000120   0.014610
      591 0.000120   0.014595
      294 0.000120  -0.014580
      974 0.000119   0.014474
      581 0.000119  -0.014452
      736 0.000119  -0.014408
      436 0.000117   0.014252
      148 0.000117   0.014206
      742 0.000115  -0.013955
      257 0.000114  -0.013836
      824 0.000109   0.013215
       69 0.000107   0.012987
      840 0.000105  -0.012787
      561 0.000105   0.012777
      596 0.000105  -0.012773
      266 0.000104  -0.012635
      882 0.000103   0.012522
      107 0.000103  -0.012514
      778 0.000102  -0.012399
      241 0.000101   0.012308
      798 0.000101   0.012229
      600 0.000100  -0.012188
      829 0.000100   0.012181
      281 0.000100   0.012174
      799 0.000099  -0.012038
      844 0.000098  -0.011971
      275 0.000097  -0.011843
      684 0.000096  -0.011718
      759 0.000096   0.011688
      611 0.000096  -0.011639
      594 0.000096  -0.011610
       91 0.000094  -0.011479
      308 0.000094  -0.011454
      632 0.000093   0.011249
      584 0.000092  -0.011244
      614 0.000091   0.011021
      740 0.000090  -0.010948
      337 0.000089  -0.010813
      572 0.000088  -0.010712
     1095 0.000088  -0.010691
      251 0.000088  -0.010655
      355 0.000088   0.010653
      832 0.000087   0.010530
      801 0.000087  -0.010521
      723 0.000085  -0.010343
      734 0.000085  -0.010329
      343 0.000084  -0.010265
      569 0.000084   0.010155
      364 0.000083   0.010123
      616 0.000083  -0.010042
      332 0.000082  -0.010017
      302 0.000082  -0.010013
      249 0.000082  -0.009958
      728 0.000080  -0.009783
      367 0.000080   0.009739
      222 0.000080  -0.009671
      803 0.000078   0.009448
      955 0.000076   0.009298
      261 0.000076  -0.009244
      268 0.000076  -0.009205
      744 0.000076  -0.009185
      937 0.000074  -0.009026
      748 0.000074  -0.009017
      291 0.000074   0.009012
      394 0.000074   0.008992
      386 0.000074   0.008974
      374 0.000074   0.008974
      722 0.000073  -0.008931
     1005 0.000072   0.008741
      597 0.000071  -0.008680
      701 0.000071  -0.008664
      428 0.000071   0.008659
      289 0.000071   0.008630
      292 0.000071  -0.008607
      627 0.000070   0.008520
      978 0.000070   0.008518
      913 0.000069  -0.008444
      826 0.000069  -0.008436
      262 0.000069  -0.008376
      313 0.000069  -0.008373
      654 0.000069   0.008372
      209 0.000067  -0.008194
      226 0.000067  -0.008158
      560 0.000067  -0.008144
      782 0.000067  -0.008144
      414 0.000067   0.008097
      802 0.000066   0.008027
      425 0.000066   0.008000
      776 0.000066  -0.007997
      545 0.000065  -0.007941
      225 0.000065  -0.007909
      552 0.000065  -0.007909
      843 0.000065  -0.007896
      922 0.000065  -0.007881
      298 0.000063  -0.007700
      770 0.000063   0.007657
      879 0.000063  -0.007655
      319 0.000062   0.007496
      539 0.000060   0.007268
      948 0.000058   0.007034
      201 0.000058  -0.007014
      863 0.000058  -0.007010
      891 0.000057  -0.006966
      359 0.000057  -0.006954
      895 0.000057   0.006897
      323 0.000057  -0.006887
      590 0.000056  -0.006838
      279 0.000056  -0.006801
      297 0.000056  -0.006785
      762 0.000055   0.006647
      773 0.000054   0.006571
      831 0.000054   0.006528
      407 0.000053  -0.006497
      805 0.000053  -0.006391
      329 0.000053  -0.006383
      864 0.000052   0.006375
      765 0.000052   0.006324
      528 0.000052   0.006287
      322 0.000051  -0.006255
      694 0.000051   0.006195
      650 0.000050  -0.006099
      240 0.000050   0.006076
      870 0.000049  -0.005972
      357 0.000048   0.005888
      325 0.000048  -0.005810
      360 0.000048  -0.005803
      792 0.000047   0.005731
      588 0.000047   0.005713
       93 0.000046  -0.005569
      860 0.000045  -0.005521
      542 0.000045   0.005487
      821 0.000045  -0.005479
       88 0.000045  -0.005478
      169 0.000045  -0.005455
      535 0.000043   0.005287
      232 0.000043  -0.005253
      193 0.000043  -0.005184
      290 0.000042   0.005051
      540 0.000042  -0.005047
      858 0.000041  -0.005006
      874 0.000041  -0.004977
      237 0.000041  -0.004941
      608 0.000040  -0.004919
      789 0.000040   0.004919
      589 0.000040  -0.004870
      987 0.000040   0.004859
      409 0.000040  -0.004850
      928 0.000040  -0.004802
      881 0.000039  -0.004771
      390 0.000039   0.004759
      397 0.000039  -0.004741
      867 0.000039   0.004740
      321 0.000038  -0.004616
      350 0.000038  -0.004564
      880 0.000037   0.004470
      448 0.000036   0.004397
      518 0.000036   0.004370
      943 0.000036   0.004351
      104 0.000036   0.004349
      823 0.000035   0.004301
      603 0.000035  -0.004265
     1001 0.000035  -0.004241
      491 0.000035   0.004217
      252 0.000034   0.004146
      904 0.000034   0.004142
      894 0.000034  -0.004119
      950 0.000034  -0.004091
      933 0.000033   0.004048
      609 0.000033  -0.003959
      532 0.000032   0.003947
      310 0.000032  -0.003941
      965 0.000032  -0.003888
      410 0.000032  -0.003839
      677 0.000031   0.003825
      244 0.000031  -0.003819
      775 0.000031   0.003807
      488 0.000031   0.003797
      568 0.000031  -0.003790
      884 0.000031  -0.003775
      445 0.000031  -0.003742
      993 0.000030   0.003694
      286 0.000030   0.003657
     1025 0.000030   0.003657
      842 0.000030  -0.003644
      530 0.000030   0.003622
      636 0.000030  -0.003603
     1032 0.000030   0.003587
      649 0.000029  -0.003552
      942 0.000029   0.003549
      475 0.000029  -0.003529
      288 0.000028  -0.003439
      524 0.000028  -0.003422
      287 0.000028   0.003349
      680 0.000027   0.003324
      342 0.000027   0.003313
      424 0.000027  -0.003251
      272 0.000027   0.003236
      198 0.000026  -0.003166
     1017 0.000025   0.003094
      646 0.000025   0.003094
      814 0.000025   0.003025
      625 0.000025   0.002980
      780 0.000024  -0.002976
      315 0.000024   0.002901
      900 0.000024  -0.002862
      296 0.000023   0.002856
     1034 0.000023  -0.002787
      432 0.000023   0.002779
      804 0.000023  -0.002765
      242 0.000023   0.002740
      274 0.000022  -0.002726
      938 0.000022   0.002695
      346 0.000022   0.002694
      526 0.000022   0.002622
      314 0.000021   0.002607
      138 0.000021   0.002595
      917 0.000021   0.002583
      502 0.000021   0.002578
      685 0.000021  -0.002574
      519 0.000021   0.002517
      714 0.000021  -0.002497
      755 0.000020  -0.002469
      455 0.000020  -0.002429
      681 0.000020  -0.002402
      536 0.000020  -0.002400
      229 0.000020   0.002400
      830 0.000020   0.002391
      479 0.000020   0.002387
      250 0.000020  -0.002377
      949 0.000020   0.002374
      406 0.000019   0.002358
      613 0.000019  -0.002339
      264 0.000019  -0.002325
       98 0.000019  -0.002320
      320 0.000019  -0.002306
      514 0.000018   0.002245
      489 0.000018   0.002242
      437 0.000018   0.002232
      794 0.000018   0.002223
      463 0.000018  -0.002207
      505 0.000018   0.002206
      512 0.000018  -0.002197
       87 0.000018   0.002180
      248 0.000018  -0.002165
     1052 0.000017   0.002111
      662 0.000017  -0.002102
      610 0.000017   0.002092
      856 0.000017   0.002056
      309 0.000017  -0.002039
      368 0.000016  -0.002006
      458 0.000016   0.001988
       45 0.000016  -0.001960
      538 0.000016   0.001938
      732 0.000016   0.001913
      769 0.000016   0.001906
       86 0.000016   0.001902
      727 0.000016  -0.001890
      318 0.000015   0.001859
      702 0.000015  -0.001807
      907 0.000015   0.001800
      382 0.000015   0.001776
       43 0.000015   0.001775
      450 0.000014  -0.001750
       95 0.000014  -0.001734
      643 0.000014  -0.001701
      221 0.000014   0.001674
      642 0.000014  -0.001667
     1010 0.000014   0.001660
      927 0.000013  -0.001618
      935 0.000013  -0.001602
      619 0.000013   0.001597
      224 0.000013  -0.001587
      331 0.000013  -0.001564
      921 0.000013  -0.001564
      358 0.000013   0.001563
      964 0.000013   0.001556
      283 0.000013   0.001534
      705 0.000013  -0.001531
      971 0.000013  -0.001520
      402 0.000013   0.001520
      483 0.000012  -0.001510
      839 0.000012  -0.001504
      988 0.000012  -0.001503
      966 0.000012   0.001501
      336 0.000012   0.001498
      363 0.000012   0.001496
      816 0.000012   0.001482
      462 0.000012   0.001479
      598 0.000012   0.001464
      713 0.000012   0.001458
      934 0.000012  -0.001454
      233 0.000012   0.001447
      270 0.000012  -0.001434
     1073 0.000012  -0.001426
      838 0.000012   0.001405
     1047 0.000012   0.001403
      316 0.000012   0.001398
      534 0.000011  -0.001381
      180 0.000011   0.001373
      656 0.000011  -0.001361
      478 0.000011   0.001358
      260 0.000011  -0.001357
      875 0.000011   0.001335
      849 0.000011  -0.001333
      395 0.000011   0.001332
      883 0.000011   0.001328
      347 0.000011  -0.001323
      876 0.000011   0.001305
      178 0.000011  -0.001304
      473 0.000011  -0.001298
      371 0.000011   0.001292
       51 0.000011   0.001278
      763 0.000010  -0.001244
      418 0.000010  -0.001240
      487 0.000010  -0.001232
      510 0.000010  -0.001231
      426 0.000010   0.001231
      634 0.000010  -0.001227
      811 0.000010   0.001218
euclid. distance of OLC and linear combination of EV * x_coef: 0.011538994715774891

Generate samples based on objective loadcase 354
nr_to_generate: 25

Parameter variation distribution settings
distribution: uniform
low: 0.7
high: 1.3

Total process runtime: 0:00:01.290520
