Date and Time:2023-05-12 14:17:56.961924

Initial Settings:
similarity_model: <function cosine_similarity at 0x000001D005A6E5E0>
similarity_threshold: 1e-05
nr_eigv_to_select: None
distribution: uniform
deviation: 0.3
nr_to_generate: 25
recompute: False

Selected eigenvectors and similarity score w.r.t objective loadcase:
objective_loadcase_nr: 548
similarity_model: cosine_similarity
similarity_threshold: 1e-05
nr_eigv_to_select: None
nr_eigv_selected: 671
approximation parameter model: lstsq
similarity score and approx. param. value
:  eigv_idx    score      value
        3 0.577572  33.490449
        1 0.529254  30.688752
        2 0.498248 -28.890858
        0 0.369307  21.414254
        6 0.030123   1.746705
       39 0.023453   1.359943
        4 0.011872   0.688425
      639 0.002901   0.168222
      186 0.002460  -0.142615
      218 0.002088  -0.121052
      593 0.001815  -0.105254
      710 0.001771  -0.102680
      612 0.001706  -0.098918
      586 0.001647   0.095514
      187 0.001590  -0.092173
      716 0.001318   0.076434
      618 0.001172   0.067931
      668 0.001125   0.065210
      194 0.001081   0.062677
      595 0.001038   0.060197
      749 0.001002  -0.058127
       68 0.000994  -0.057623
      686 0.000984  -0.057080
      663 0.000967  -0.056066
      143 0.000930   0.053901
      626 0.000859   0.049823
      688 0.000850  -0.049282
      659 0.000801  -0.046437
      388 0.000775  -0.044964
       71 0.000773   0.044837
       69 0.000740   0.042906
      617 0.000709   0.041137
      599 0.000706   0.040912
      183 0.000668   0.038761
      635 0.000644   0.037335
      582 0.000643  -0.037291
      562 0.000632  -0.036647
      153 0.000601   0.034858
      621 0.000583  -0.033780
      670 0.000568   0.032941
      735 0.000565  -0.032789
      579 0.000549   0.031854
      708 0.000539   0.031272
      253 0.000533  -0.030884
      704 0.000514  -0.029824
      341 0.000512   0.029704
      174 0.000512   0.029700
      578 0.000483   0.027987
      733 0.000480   0.027857
      718 0.000468  -0.027157
      567 0.000464  -0.026887
      606 0.000459  -0.026610
      709 0.000445  -0.025818
      575 0.000432   0.025060
      227 0.000430   0.024912
      602 0.000423  -0.024534
      577 0.000421  -0.024384
      230 0.000418  -0.024258
      666 0.000417  -0.024169
      698 0.000416  -0.024116
      258 0.000415  -0.024063
      210 0.000389  -0.022577
      700 0.000387   0.022457
      756 0.000362  -0.020991
      620 0.000352  -0.020424
      683 0.000351   0.020364
      267 0.000349  -0.020261
      696 0.000347  -0.020132
      235 0.000328  -0.019020
      707 0.000327  -0.018973
      757 0.000323  -0.018737
      853 0.000320  -0.018532
      631 0.000319  -0.018515
      243 0.000315   0.018273
      741 0.000312   0.018106
      641 0.000307  -0.017822
      601 0.000304   0.017629
      362 0.000302  -0.017539
      753 0.000291  -0.016873
      699 0.000288  -0.016715
      220 0.000280  -0.016260
      273 0.000274  -0.015904
      583 0.000274  -0.015869
      412 0.000273  -0.015832
      787 0.000270   0.015631
      726 0.000269  -0.015591
      419 0.000264  -0.015336
      848 0.000263  -0.015230
      739 0.000262  -0.015195
      750 0.000261   0.015117
      403 0.000259   0.015046
      239 0.000257   0.014926
      361 0.000256   0.014836
      587 0.000255   0.014787
      137 0.000253  -0.014695
      807 0.000247   0.014338
      263 0.000237  -0.013721
      793 0.000230  -0.013332
      857 0.000225  -0.013031
      132 0.000212   0.012291
      604 0.000208  -0.012088
      275 0.000205  -0.011862
      175 0.000203  -0.011793
      373 0.000203  -0.011762
      576 0.000202  -0.011712
      241 0.000202   0.011691
      257 0.000198  -0.011490
      580 0.000197  -0.011421
      400 0.000196  -0.011392
      292 0.000195  -0.011290
      199 0.000195  -0.011279
      377 0.000193  -0.011172
      818 0.000191  -0.011082
      383 0.000188   0.010881
      312 0.000186  -0.010811
      628 0.000186   0.010809
      271 0.000185   0.010719
      566 0.000184   0.010683
      824 0.000180   0.010432
      859 0.000179   0.010382
      570 0.000173  -0.010023
      290 0.000173   0.010015
       70 0.000170   0.009882
      247 0.000170   0.009868
      658 0.000168   0.009736
      790 0.000167   0.009692
      574 0.000164  -0.009532
      301 0.000164  -0.009505
      204 0.000162   0.009367
      770 0.000157   0.009099
      355 0.000155   0.008995
      217 0.000155  -0.008994
      763 0.000154   0.008945
      269 0.000154  -0.008919
      206 0.000153   0.008884
      427 0.000153  -0.008872
      743 0.000153  -0.008857
      829 0.000151   0.008769
      279 0.000151  -0.008732
      261 0.000151  -0.008727
      262 0.000150  -0.008724
      392 0.000148   0.008607
      557 0.000148  -0.008584
      299 0.000147   0.008509
       88 0.000146  -0.008466
      367 0.000146   0.008449
      855 0.000145  -0.008432
      820 0.000145  -0.008412
      800 0.000143  -0.008319
      711 0.000143   0.008267
      828 0.000141  -0.008171
      564 0.000141  -0.008167
      266 0.000140  -0.008147
      941 0.000139  -0.008053
      605 0.000137  -0.007942
      553 0.000135  -0.007846
      223 0.000135   0.007822
      690 0.000133   0.007686
      795 0.000132   0.007662
      784 0.000132  -0.007659
      591 0.000132   0.007633
      552 0.000130  -0.007520
      847 0.000130   0.007515
      364 0.000129  -0.007508
      742 0.000128  -0.007442
      251 0.000128  -0.007425
      616 0.000124  -0.007212
      380 0.000124   0.007190
      773 0.000124   0.007171
      684 0.000123  -0.007137
      808 0.000122   0.007053
      815 0.000121  -0.007036
      222 0.000121   0.007033
      801 0.000116  -0.006738
      759 0.000115  -0.006649
      104 0.000113   0.006551
      184 0.000112   0.006514
      252 0.000112  -0.006513
      728 0.000111  -0.006417
      225 0.000109   0.006341
      864 0.000108   0.006288
      610 0.000108  -0.006268
      226 0.000108   0.006246
      398 0.000108  -0.006239
      775 0.000106   0.006122
      354 0.000105   0.006112
      645 0.000105   0.006105
      390 0.000105   0.006067
      667 0.000104   0.006028
      569 0.000104   0.006020
      423 0.000102  -0.005914
      294 0.000101  -0.005855
      549 0.000100  -0.005816
      805 0.000100  -0.005804
      734 0.000100  -0.005795
      264 0.000100   0.005792
      201 0.000100  -0.005784
      318 0.000099  -0.005768
      436 0.000099   0.005762
      329 0.000098  -0.005674
      431 0.000098  -0.005665
      337 0.000097  -0.005616
      687 0.000097   0.005615
      331 0.000096   0.005566
      778 0.000096  -0.005546
      278 0.000095   0.005536
      665 0.000095  -0.005526
      736 0.000093  -0.005414
      908 0.000093  -0.005385
      234 0.000093   0.005376
      281 0.000092   0.005362
      943 0.000091   0.005279
      884 0.000090  -0.005232
      697 0.000089   0.005187
      240 0.000089  -0.005174
      782 0.000089  -0.005144
      297 0.000088  -0.005121
      589 0.000088  -0.005119
      228 0.000088  -0.005092
      799 0.000087  -0.005064
      277 0.000087   0.005022
      609 0.000087   0.005017
      406 0.000086  -0.004995
      974 0.000086   0.004969
      880 0.000085   0.004939
      573 0.000085   0.004909
      309 0.000084   0.004892
      209 0.000083   0.004834
       81 0.000083   0.004816
      193 0.000083   0.004807
      359 0.000083   0.004799
      295 0.000083  -0.004797
      625 0.000083  -0.004784
      250 0.000082   0.004767
      245 0.000082  -0.004742
      840 0.000082  -0.004733
      643 0.000081  -0.004722
      581 0.000081  -0.004669
      287 0.000080  -0.004628
      386 0.000080   0.004623
      723 0.000079  -0.004575
      870 0.000079  -0.004566
      844 0.000079  -0.004555
      320 0.000079   0.004555
      611 0.000078  -0.004506
      843 0.000078  -0.004501
      560 0.000077  -0.004480
      291 0.000077   0.004470
       87 0.000077  -0.004452
       74 0.000077   0.004443
      334 0.000077   0.004439
      597 0.000076  -0.004386
      744 0.000076  -0.004385
      138 0.000076  -0.004384
      353 0.000076  -0.004379
      823 0.000075   0.004353
      237 0.000074   0.004311
      288 0.000073   0.004246
      123 0.000072  -0.004188
       93 0.000072  -0.004176
      369 0.000072   0.004158
      789 0.000071   0.004121
      314 0.000071  -0.004099
      584 0.000071  -0.004090
      322 0.000070  -0.004060
      304 0.000070  -0.004056
      568 0.000069   0.004029
      302 0.000069  -0.004022
      937 0.000069  -0.004003
      332 0.000069  -0.003994
      826 0.000068  -0.003941
      357 0.000068  -0.003930
      585 0.000068  -0.003923
      638 0.000067  -0.003896
      139 0.000067  -0.003893
      148 0.000067  -0.003880
      169 0.000067  -0.003872
      317 0.000067  -0.003869
      161 0.000066  -0.003825
      948 0.000066   0.003813
      382 0.000065  -0.003760
       80 0.000065  -0.003752
       63 0.000065   0.003751
      874 0.000064  -0.003722
      155 0.000064   0.003697
      360 0.000064   0.003695
      333 0.000064  -0.003692
      701 0.000064  -0.003690
       84 0.000063   0.003650
      765 0.000063   0.003640
     1095 0.000062  -0.003623
      600 0.000062  -0.003618
      428 0.000062   0.003596
      308 0.000062  -0.003578
      342 0.000062   0.003569
      894 0.000061  -0.003558
      130 0.000061  -0.003554
      978 0.000061   0.003549
      402 0.000061  -0.003521
      414 0.000060   0.003492
      882 0.000060   0.003481
      860 0.000060  -0.003467
      259 0.000059   0.003423
      150 0.000059  -0.003413
      376 0.000058  -0.003345
      366 0.000058   0.003337
      145 0.000058   0.003336
      722 0.000058  -0.003335
      112 0.000057   0.003330
      330 0.000057   0.003282
      849 0.000056   0.003245
      321 0.000055  -0.003213
     1005 0.000055   0.003175
      769 0.000055   0.003171
      285 0.000054   0.003143
      345 0.000054  -0.003114
      556 0.000054   0.003114
      572 0.000053  -0.003086
      545 0.000053  -0.003086
      913 0.000053  -0.003074
      159 0.000053  -0.003054
       90 0.000052  -0.003042
      368 0.000052   0.003031
      640 0.000052  -0.002990
      608 0.000052   0.002989
      539 0.000051   0.002967
      296 0.000051  -0.002939
      407 0.000051  -0.002936
       73 0.000051   0.002930
      103 0.000051   0.002929
      343 0.000050  -0.002887
      152 0.000050   0.002883
       64 0.000050  -0.002873
      385 0.000050   0.002870
      365 0.000049  -0.002854
      955 0.000049   0.002831
      236 0.000049  -0.002829
      904 0.000049   0.002825
      594 0.000049  -0.002815
      895 0.000048   0.002786
      125 0.000048   0.002782
      399 0.000048  -0.002780
      642 0.000048   0.002757
      558 0.000048  -0.002756
      835 0.000047  -0.002754
      128 0.000047  -0.002749
      154 0.000047   0.002715
      216 0.000047  -0.002701
      821 0.000046  -0.002667
      351 0.000046   0.002665
      214 0.000046   0.002655
      181 0.000045   0.002609
      379 0.000045  -0.002607
      325 0.000045  -0.002596
      922 0.000045  -0.002589
      528 0.000045   0.002580
      425 0.000044   0.002565
      964 0.000044   0.002564
      107 0.000044  -0.002562
      935 0.000044  -0.002559
       45 0.000044   0.002536
      613 0.000044   0.002530
      655 0.000044  -0.002523
      565 0.000044  -0.002523
      344 0.000043   0.002522
      654 0.000043   0.002485
      950 0.000043  -0.002469
      942 0.000041   0.002400
      323 0.000041  -0.002389
      988 0.000040  -0.002342
      313 0.000040  -0.002334
      957 0.000040   0.002326
      397 0.000040  -0.002325
      830 0.000040   0.002305
      336 0.000039  -0.002282
      535 0.000039   0.002244
       75 0.000039   0.002244
      268 0.000038  -0.002219
      838 0.000038  -0.002216
       55 0.000038   0.002212
       53 0.000038   0.002200
      255 0.000038  -0.002199
      831 0.000038   0.002198
      352 0.000038   0.002179
       86 0.000037  -0.002174
      375 0.000037  -0.002169
       38 0.000037   0.002168
      114 0.000037  -0.002166
      588 0.000037  -0.002139
      158 0.000037  -0.002133
      232 0.000037   0.002117
     1096 0.000036   0.002112
      811 0.000036   0.002110
      136 0.000036  -0.002093
      629 0.000036  -0.002091
      328 0.000036  -0.002084
      695 0.000036   0.002078
      298 0.000036  -0.002067
      151 0.000036   0.002066
      623 0.000036  -0.002060
      434 0.000035   0.002045
      810 0.000035   0.002039
      409 0.000035  -0.002032
      792 0.000035   0.002026
       77 0.000035  -0.002019
      833 0.000034  -0.001984
       54 0.000034   0.001974
      129 0.000034   0.001973
      971 0.000034  -0.001960
      748 0.000034  -0.001956
      614 0.000033  -0.001925
       60 0.000033  -0.001921
      339 0.000033  -0.001907
      118 0.000033   0.001905
      879 0.000033  -0.001904
      644 0.000032   0.001879
       62 0.000032  -0.001878
      791 0.000032   0.001873
      316 0.000032  -0.001868
      238 0.000032  -0.001867
      491 0.000032   0.001852
      371 0.000032  -0.001829
      165 0.000032   0.001827
      248 0.000031   0.001817
      571 0.000031   0.001812
      289 0.000031  -0.001811
      244 0.000031  -0.001807
      488 0.000031   0.001805
      803 0.000031   0.001803
      876 0.000031  -0.001800
      875 0.000031  -0.001796
      852 0.000031  -0.001793
      646 0.000031  -0.001784
       83 0.000031  -0.001781
      837 0.000031  -0.001777
      540 0.000031  -0.001774
      188 0.000030  -0.001762
       92 0.000030  -0.001750
       98 0.000030   0.001747
      921 0.000030  -0.001745
      448 0.000030   0.001737
      335 0.000030  -0.001734
      780 0.000030   0.001733
      842 0.000030  -0.001725
      681 0.000030   0.001720
      518 0.000030   0.001719
      358 0.000030  -0.001715
      881 0.000030  -0.001714
       51 0.000030  -0.001712
       57 0.000029   0.001705
      363 0.000029  -0.001699
      802 0.000029   0.001697
      627 0.000029  -0.001693
      310 0.000029  -0.001688
       48 0.000029   0.001684
      532 0.000029   0.001661
      133 0.000028  -0.001645
       52 0.000028  -0.001636
      561 0.000028  -0.001633
      590 0.000028  -0.001631
      542 0.000028   0.001630
       36 0.000028  -0.001627
      350 0.000028   0.001619
      111 0.000028  -0.001619
      559 0.000028  -0.001617
      839 0.000028   0.001617
      213 0.000028   0.001610
      727 0.000028  -0.001608
      272 0.000027  -0.001580
      286 0.000027  -0.001547
      555 0.000027  -0.001545
      548 0.000026  -0.001529
      650 0.000026   0.001517
      647 0.000026   0.001512
       56 0.000026  -0.001507
      340 0.000026   0.001503
      794 0.000026   0.001503
      928 0.000026  -0.001498
      598 0.000026  -0.001494
      987 0.000026   0.001486
      475 0.000026  -0.001483
      776 0.000025  -0.001478
      144 0.000025   0.001469
      933 0.000025   0.001467
      653 0.000025  -0.001467
      338 0.000025  -0.001459
      410 0.000025  -0.001459
      101 0.000025   0.001452
      242 0.000025  -0.001448
      140 0.000025   0.001447
       97 0.000025  -0.001444
      282 0.000025   0.001439
      524 0.000025  -0.001437
      387 0.000025  -0.001429
      983 0.000025   0.001426
      224 0.000024  -0.001415
       82 0.000024   0.001405
       29 0.000024  -0.001388
      656 0.000024   0.001378
      349 0.000024  -0.001371
      927 0.000023  -0.001355
       43 0.000023  -0.001355
      858 0.000023  -0.001334
      432 0.000023   0.001319
      676 0.000022   0.001293
     1001 0.000022  -0.001292
     1032 0.000022   0.001290
      530 0.000022   0.001289
      105 0.000022   0.001289
      215 0.000022  -0.001287
      113 0.000022  -0.001285
       17 0.000022  -0.001273
      977 0.000022   0.001273
      307 0.000022   0.001259
      898 0.000022   0.001256
      396 0.000022  -0.001252
       46 0.000022   0.001251
      378 0.000022   0.001248
      146 0.000022  -0.001247
      526 0.000021   0.001240
      934 0.000021  -0.001239
      249 0.000021   0.001232
        5 0.000021   0.001227
       31 0.000021   0.001225
      180 0.000021  -0.001223
     1073 0.000021  -0.001220
      284 0.000021  -0.001218
      256 0.000021   0.001213
      841 0.000021   0.001210
      372 0.000021   0.001207
      664 0.000021   0.001206
      966 0.000021   0.001202
      109 0.000021  -0.001200
     1009 0.000021  -0.001190
     1034 0.000020  -0.001186
      157 0.000020  -0.001180
      319 0.000020   0.001162
      632 0.000020   0.001157
      395 0.000020   0.001153
      452 0.000020  -0.001146
      671 0.000020   0.001134
      891 0.000019  -0.001125
      131 0.000019   0.001124
      179 0.000019   0.001124
      106 0.000019  -0.001108
      156 0.000019   0.001105
      100 0.000019   0.001102
      479 0.000019   0.001083
       96 0.000019  -0.001078
       44 0.000018  -0.001067
      536 0.000018  -0.001066
     1025 0.000018   0.001065
      102 0.000018  -0.001063
      420 0.000018   0.001050
        7 0.000018  -0.001049
      445 0.000018  -0.001045
      514 0.000018   0.001045
      856 0.000018   0.001042
      832 0.000018   0.001040
      219 0.000018  -0.001039
        8 0.000018   0.001037
      229 0.000018  -0.001037
      619 0.000018   0.001036
      110 0.000018  -0.001021
       24 0.000018   0.001021
     1020 0.000018  -0.001017
     1016 0.000018  -0.001016
      798 0.000017   0.001005
      814 0.000017   0.001003
      563 0.000017   0.000998
      603 0.000017  -0.000993
      714 0.000017  -0.000992
      306 0.000017   0.000986
      685 0.000017  -0.000977
      916 0.000017  -0.000969
      424 0.000017  -0.000965
      374 0.000017   0.000964
     1010 0.000016   0.000954
       15 0.000016   0.000948
      519 0.000016   0.000934
      661 0.000016   0.000934
      804 0.000016   0.000924
      178 0.000016   0.000911
     1003 0.000016  -0.000903
      502 0.000016   0.000903
      433 0.000016   0.000901
      108 0.000016   0.000899
     1017 0.000015   0.000894
      993 0.000015   0.000892
       23 0.000015  -0.000891
      463 0.000015  -0.000891
      994 0.000015  -0.000890
       27 0.000015   0.000888
      512 0.000015  -0.000883
      348 0.000015   0.000877
      293 0.000015   0.000876
      182 0.000015   0.000874
      356 0.000015  -0.000871
      637 0.000015  -0.000868
      547 0.000015  -0.000865
      202 0.000015  -0.000864
      246 0.000015  -0.000863
      274 0.000015   0.000856
      772 0.000015  -0.000855
      648 0.000015  -0.000853
      965 0.000015  -0.000847
      554 0.000015  -0.000847
      455 0.000015  -0.000847
       61 0.000015   0.000844
      458 0.000015   0.000842
      867 0.000015   0.000842
      185 0.000014  -0.000839
      197 0.000014  -0.000834
      162 0.000014  -0.000820
      315 0.000014  -0.000796
      649 0.000014   0.000791
      437 0.000014   0.000783
      636 0.000013  -0.000780
      633 0.000013   0.000777
      938 0.000013   0.000776
      449 0.000013   0.000766
      120 0.000013   0.000762
      712 0.000013  -0.000762
      694 0.000013   0.000755
      662 0.000013  -0.000752
       66 0.000013  -0.000751
     1040 0.000013  -0.000747
      755 0.000013   0.000735
      270 0.000013   0.000733
      952 0.000012  -0.000724
      767 0.000012   0.000720
      489 0.000012   0.000715
      168 0.000012   0.000708
      546 0.000012  -0.000706
       41 0.000012  -0.000705
      260 0.000012  -0.000701
      324 0.000012   0.000697
      173 0.000012  -0.000688
     1052 0.000012   0.000688
      607 0.000012   0.000687
       37 0.000012   0.000684
      949 0.000012   0.000671
       28 0.000011  -0.000659
       18 0.000011   0.000658
       49 0.000011   0.000651
      758 0.000011   0.000649
      917 0.000011   0.000649
      208 0.000011  -0.000649
      166 0.000011   0.000645
      505 0.000011   0.000644
       30 0.000011   0.000643
      902 0.000011  -0.000642
      534 0.000011  -0.000641
      483 0.000011  -0.000633
      752 0.000011   0.000632
       19 0.000011   0.000631
      673 0.000011   0.000628
      634 0.000011  -0.000627
      211 0.000011  -0.000626
      675 0.000011   0.000626
      207 0.000011   0.000625
      115 0.000011  -0.000619
       58 0.000011  -0.000618
      172 0.000011   0.000615
      746 0.000010   0.000607
      868 0.000010   0.000606
      461 0.000010   0.000606
      450 0.000010  -0.000605
     1004 0.000010   0.000592
      774 0.000010   0.000591
      732 0.000010   0.000588
euclid. distance of OLC and linear combination of EV * x_coef: 0.005516670857745177

Generate samples based on objective loadcase 548
nr_to_generate: 25

Parameter variation distribution settings
distribution: uniform
low: 0.7
high: 1.3

Total process runtime: 0:00:01.564531
