Date and Time:2023-05-12 14:27:44.031649

Initial Settings:
similarity_model: <function cosine_similarity at 0x000001D005A6E5E0>
similarity_threshold: 1e-05
nr_eigv_to_select: None
distribution: uniform
deviation: 0.3
nr_to_generate: 25
recompute: False

Selected eigenvectors and similarity score w.r.t objective loadcase:
objective_loadcase_nr: 986
similarity_model: cosine_similarity
similarity_threshold: 1e-05
nr_eigv_to_select: None
nr_eigv_selected: 502
approximation parameter model: lstsq
similarity score and approx. param. value
:  eigv_idx    score      value
        3 0.568932  55.882078
        1 0.527706  51.832729
        2 0.509802 -50.074221
        0 0.368265  36.171998
        6 0.037567   3.689887
       39 0.026460   2.598952
        4 0.011918   1.170662
      639 0.003547   0.348395
      218 0.002319  -0.227733
      186 0.002170  -0.213173
      593 0.002131  -0.209292
      612 0.002040  -0.200378
      586 0.001989   0.195356
      710 0.001585  -0.155653
      187 0.001431  -0.140603
      716 0.001391   0.136610
      595 0.001289   0.126589
      663 0.001202  -0.118070
      618 0.001135   0.111509
      668 0.001105   0.108565
      626 0.001063   0.104372
      194 0.000977   0.095947
      388 0.000931  -0.091404
      686 0.000929  -0.091239
      659 0.000821  -0.080643
      599 0.000798   0.078363
      617 0.000795   0.078116
      688 0.000789  -0.077449
      562 0.000750  -0.073681
       69 0.000750   0.073621
      749 0.000742  -0.072879
      582 0.000732  -0.071875
      143 0.000729   0.071621
      621 0.000729  -0.071564
      635 0.000728   0.071520
       71 0.000727   0.071380
      670 0.000711   0.069861
      183 0.000710   0.069706
      578 0.000678   0.066594
      704 0.000621  -0.061019
      341 0.000607   0.059605
      733 0.000599   0.058800
      718 0.000562  -0.055185
      567 0.000552  -0.054177
      606 0.000551  -0.054156
      577 0.000546  -0.053662
      579 0.000542   0.053194
      602 0.000536  -0.052648
      698 0.000533  -0.052373
      253 0.000521  -0.051206
      708 0.000496   0.048741
      267 0.000480  -0.047107
       68 0.000471  -0.046218
      666 0.000470  -0.046195
      153 0.000467   0.045897
      700 0.000459   0.045130
      683 0.000454   0.044546
      220 0.000452  -0.044420
      735 0.000449  -0.044119
      174 0.000449   0.044111
      575 0.000434   0.042636
      620 0.000428  -0.042014
      696 0.000416  -0.040888
      709 0.000409  -0.040155
      641 0.000408  -0.040116
      258 0.000392  -0.038474
      210 0.000385  -0.037858
      601 0.000383   0.037663
      583 0.000373  -0.036639
      230 0.000369  -0.036221
      848 0.000367  -0.036080
      699 0.000367  -0.036005
      753 0.000366  -0.035998
      707 0.000365  -0.035826
      412 0.000349  -0.034303
      807 0.000337   0.033119
      182 0.000333  -0.032739
      419 0.000328  -0.032226
      184 0.000321  -0.031516
      383 0.000312   0.030687
      756 0.000308  -0.030275
      204 0.000308   0.030262
      227 0.000306   0.030085
      403 0.000305   0.029920
      587 0.000300   0.029439
      273 0.000298  -0.029298
      793 0.000296  -0.029053
      631 0.000294  -0.028879
      362 0.000290  -0.028514
      269 0.000279  -0.027425
      570 0.000274  -0.026943
      757 0.000264  -0.025886
      853 0.000256  -0.025100
      243 0.000250   0.024520
      239 0.000242   0.023750
      199 0.000240  -0.023571
      235 0.000239  -0.023457
      299 0.000237   0.023245
      741 0.000229   0.022503
      206 0.000227   0.022314
      377 0.000222  -0.021759
      739 0.000218  -0.021419
      263 0.000218  -0.021378
      604 0.000217  -0.021332
      726 0.000212  -0.020844
      564 0.000206  -0.020194
      369 0.000203   0.019932
      549 0.000202  -0.019846
      301 0.000201  -0.019776
      427 0.000199  -0.019556
      800 0.000196  -0.019210
      580 0.000195  -0.019172
      743 0.000195  -0.019130
      750 0.000192   0.018821
      576 0.000191  -0.018718
      400 0.000184  -0.018118
      855 0.000184  -0.018029
      763 0.000182   0.017893
      658 0.000181   0.017773
      818 0.000181  -0.017733
      247 0.000180   0.017716
      361 0.000180   0.017699
      223 0.000180   0.017645
      175 0.000178  -0.017525
      585 0.000177  -0.017360
      828 0.000177  -0.017356
      392 0.000176   0.017286
      665 0.000175  -0.017205
      784 0.000174  -0.017137
      312 0.000172  -0.016877
      941 0.000171  -0.016798
      795 0.000169   0.016591
      742 0.000167  -0.016389
      820 0.000167  -0.016361
      228 0.000166  -0.016329
      591 0.000165   0.016232
      667 0.000163   0.016023
      356 0.000163  -0.016018
      373 0.000163  -0.015974
      553 0.000161  -0.015852
      628 0.000161   0.015809
      787 0.000160   0.015717
      857 0.000158  -0.015511
      574 0.000157  -0.015410
      179 0.000155   0.015244
      711 0.000154   0.015134
      337 0.000151  -0.014877
      824 0.000151   0.014828
      759 0.000150  -0.014773
      778 0.000150  -0.014725
      137 0.000148  -0.014576
      255 0.000147  -0.014450
      132 0.000147   0.014434
      687 0.000146   0.014340
      275 0.000144  -0.014150
      557 0.000143  -0.014021
      605 0.000142  -0.013907
      332 0.000141  -0.013861
      815 0.000138  -0.013591
      217 0.000136  -0.013370
      171 0.000134  -0.013195
      808 0.000134   0.013182
      380 0.000133   0.013076
      398 0.000132  -0.013000
      573 0.000132   0.012964
      277 0.000130   0.012760
      354 0.000128   0.012622
      423 0.000128  -0.012547
      295 0.000128  -0.012547
      431 0.000128  -0.012530
      736 0.000127  -0.012518
      290 0.000126   0.012342
      616 0.000125  -0.012238
      829 0.000124   0.012189
      790 0.000121   0.011867
      697 0.000119   0.011713
      859 0.000119   0.011660
      775 0.000118   0.011633
      908 0.000118  -0.011561
      353 0.000113  -0.011095
      294 0.000111  -0.010895
      799 0.000111  -0.010861
      638 0.000110  -0.010794
      645 0.000110   0.010768
      257 0.000110  -0.010764
      201 0.000109  -0.010732
      279 0.000108  -0.010590
      271 0.000108   0.010580
      566 0.000106   0.010404
      974 0.000105   0.010326
      298 0.000105  -0.010315
       88 0.000104  -0.010227
      690 0.000104   0.010219
      629 0.000101  -0.009921
      581 0.000100  -0.009818
      569 0.000099   0.009718
      840 0.000099  -0.009705
       70 0.000098   0.009609
      436 0.000097   0.009568
      744 0.000096  -0.009466
      600 0.000095  -0.009330
       93 0.000094  -0.009242
      611 0.000094  -0.009215
      329 0.000093  -0.009096
      770 0.000092   0.009067
      241 0.000092   0.009018
      266 0.000091  -0.008946
      847 0.000091   0.008925
      561 0.000090   0.008837
      251 0.000090  -0.008797
      844 0.000089  -0.008786
      596 0.000087  -0.008560
      782 0.000087  -0.008537
      728 0.000087  -0.008510
      937 0.000086  -0.008479
      882 0.000085   0.008372
      684 0.000084  -0.008284
      614 0.000084   0.008237
      769 0.000084   0.008220
      355 0.000083   0.008192
      948 0.000083   0.008179
      734 0.000083  -0.008118
      594 0.000082  -0.008102
      584 0.000081  -0.007966
      321 0.000081  -0.007958
      281 0.000081   0.007928
      572 0.000079  -0.007773
     1095 0.000077  -0.007549
      978 0.000077   0.007541
      261 0.000076  -0.007471
      268 0.000076  -0.007441
      722 0.000075  -0.007410
      289 0.000075   0.007359
      234 0.000074   0.007315
      723 0.000074  -0.007237
      860 0.000074  -0.007221
      319 0.000073   0.007208
      632 0.000072   0.007120
      292 0.000072  -0.007086
      325 0.000072  -0.007055
      864 0.000072   0.007053
      843 0.000070  -0.006915
      654 0.000070   0.006896
      627 0.000070   0.006875
      302 0.000070  -0.006854
      560 0.000069  -0.006801
     1005 0.000069   0.006762
      107 0.000069  -0.006743
      694 0.000069   0.006730
      792 0.000068   0.006712
      138 0.000068  -0.006711
      343 0.000068  -0.006673
      104 0.000067   0.006600
      913 0.000067  -0.006555
      198 0.000066  -0.006473
      773 0.000066   0.006452
      291 0.000065   0.006413
      748 0.000064  -0.006255
      262 0.000064  -0.006245
      590 0.000063  -0.006156
      364 0.000063   0.006155
      308 0.000062  -0.006127
      425 0.000062   0.006055
      943 0.000061   0.006016
      895 0.000061   0.005987
      539 0.000061   0.005987
      831 0.000060   0.005909
      367 0.000060   0.005874
      545 0.000059  -0.005818
      955 0.000059   0.005803
      428 0.000059   0.005752
      826 0.000058  -0.005717
      161 0.000057   0.005618
      922 0.000057  -0.005561
      323 0.000056  -0.005458
      832 0.000055   0.005362
      285 0.000055   0.005361
      414 0.000054   0.005325
      765 0.000054   0.005257
      528 0.000053   0.005239
      650 0.000053  -0.005235
      254 0.000053   0.005221
      374 0.000053   0.005218
      823 0.000053   0.005161
      322 0.000052  -0.005110
      226 0.000052  -0.005085
      701 0.000052  -0.005061
      386 0.000052   0.005059
      283 0.000051   0.005048
      762 0.000051  -0.004961
      225 0.000050  -0.004946
      879 0.000050  -0.004938
      821 0.000049  -0.004821
      394 0.000049   0.004803
      342 0.000048   0.004731
      535 0.000048   0.004667
      244 0.000047  -0.004650
      315 0.000046   0.004542
      359 0.000046  -0.004530
      240 0.000046   0.004471
      552 0.000045  -0.004452
      589 0.000044  -0.004291
      884 0.000044  -0.004282
      880 0.000043   0.004227
      597 0.000043  -0.004206
      236 0.000043   0.004188
      870 0.000043  -0.004181
      169 0.000043  -0.004176
      881 0.000042  -0.004125
      313 0.000041  -0.004029
      640 0.000040  -0.003899
      237 0.000040  -0.003886
      297 0.000039  -0.003807
      852 0.000038   0.003714
      776 0.000038  -0.003709
      407 0.000038  -0.003702
      518 0.000037   0.003630
      131 0.000037   0.003621
      413 0.000037  -0.003615
      842 0.000037  -0.003606
      608 0.000036  -0.003577
      491 0.000036   0.003566
      789 0.000036   0.003508
      780 0.000035   0.003398
      542 0.000034   0.003334
      891 0.000034  -0.003333
      286 0.000034   0.003328
      390 0.000034   0.003321
      357 0.000034   0.003317
      532 0.000034   0.003312
      649 0.000033  -0.003281
      894 0.000033  -0.003260
      540 0.000033  -0.003254
      935 0.000033  -0.003193
      488 0.000032   0.003174
      928 0.000032  -0.003171
      933 0.000032   0.003150
      409 0.000032  -0.003140
      588 0.000032   0.003126
      148 0.000032   0.003115
      360 0.000031  -0.003085
      445 0.000031  -0.003069
      801 0.000031  -0.003033
      987 0.000031   0.003010
      942 0.000030   0.002992
      874 0.000030  -0.002990
      448 0.000030   0.002986
      410 0.000030  -0.002967
      310 0.000029  -0.002883
      475 0.000028  -0.002795
      636 0.000028  -0.002786
      524 0.000028  -0.002778
      950 0.000028  -0.002777
      830 0.000028   0.002775
      803 0.000028   0.002768
     1073 0.000028  -0.002762
      646 0.000028   0.002750
      222 0.000028  -0.002740
     1001 0.000028  -0.002736
     1032 0.000028   0.002721
      252 0.000027   0.002686
      346 0.000027   0.002640
      284 0.000027   0.002629
      609 0.000026  -0.002545
     1034 0.000026  -0.002507
      904 0.000025   0.002504
      841 0.000025   0.002488
      424 0.000025  -0.002485
      794 0.000025   0.002473
      938 0.000025   0.002467
      232 0.000025  -0.002439
      568 0.000025  -0.002411
      530 0.000025   0.002409
      334 0.000025  -0.002407
      526 0.000024   0.002393
       91 0.000024  -0.002360
      835 0.000024  -0.002351
      957 0.000024   0.002346
      397 0.000024  -0.002315
      856 0.000023   0.002287
      350 0.000023  -0.002287
      209 0.000023  -0.002279
      802 0.000023   0.002266
      833 0.000023  -0.002240
      677 0.000023   0.002235
      320 0.000023  -0.002232
     1025 0.000023   0.002214
      971 0.000022  -0.002204
      296 0.000022   0.002181
      921 0.000022  -0.002179
       98 0.000022  -0.002119
      804 0.000021  -0.002102
     1010 0.000021   0.002089
      727 0.000021  -0.002071
      318 0.000021  -0.002040
      988 0.000021  -0.002017
      479 0.000020   0.001986
      514 0.000020   0.001953
      685 0.000020  -0.001935
      406 0.000020   0.001934
      755 0.000020  -0.001933
     1017 0.000019   0.001898
      740 0.000019  -0.001882
      193 0.000019   0.001871
      811 0.000019   0.001857
      437 0.000019   0.001832
      455 0.000019  -0.001824
      838 0.000018  -0.001816
      536 0.000018  -0.001815
      993 0.000018   0.001815
       95 0.000018  -0.001809
      809 0.000018   0.001808
      250 0.000018  -0.001784
      927 0.000018  -0.001770
      463 0.000018  -0.001765
      502 0.000018   0.001764
      907 0.000018   0.001751
      714 0.000018  -0.001736
      519 0.000018   0.001726
      779 0.000017  -0.001703
      964 0.000017   0.001690
      432 0.000017   0.001671
      965 0.000017  -0.001666
      625 0.000017   0.001665
     1096 0.000017   0.001662
      949 0.000017   0.001651
      512 0.000017  -0.001649
      702 0.000017  -0.001627
       86 0.000016   0.001590
      977 0.000016   0.001583
      863 0.000016  -0.001581
      934 0.000016  -0.001569
      917 0.000016   0.001560
      983 0.000016   0.001528
      242 0.000015   0.001511
      489 0.000015   0.001503
      814 0.000015   0.001491
      680 0.000015   0.001489
      278 0.000015   0.001466
      732 0.000015   0.001458
       87 0.000015   0.001457
      249 0.000015  -0.001455
      229 0.000015   0.001449
      505 0.000015   0.001446
      592 0.000014   0.001423
      458 0.000014   0.001413
      324 0.000014  -0.001409
     1052 0.000014   0.001404
       99 0.000014  -0.001401
      900 0.000014  -0.001385
      450 0.000014  -0.001375
      402 0.000014   0.001371
      643 0.000014  -0.001370
      849 0.000014  -0.001354
      875 0.000013   0.001321
      916 0.000013  -0.001318
      366 0.000013   0.001316
      598 0.000013   0.001293
     1009 0.000013  -0.001280
      105 0.000013   0.001273
      613 0.000013  -0.001273
      858 0.000013  -0.001271
      681 0.000013  -0.001263
       74 0.000013   0.001263
       45 0.000013  -0.001257
      363 0.000013   0.001257
      272 0.000013   0.001252
      867 0.000013   0.001246
      868 0.000013   0.001239
      287 0.000013   0.001238
      959 0.000012  -0.001219
       94 0.000012  -0.001206
      876 0.000012   0.001205
      662 0.000012  -0.001197
      810 0.000012   0.001191
      478 0.000012   0.001190
       43 0.000012   0.001172
      288 0.000012  -0.001170
      816 0.000012   0.001143
      713 0.000012   0.001130
      656 0.000011  -0.001127
      136 0.000011   0.001124
      274 0.000011  -0.001123
      248 0.000011  -0.001122
      382 0.000011   0.001121
      165 0.000011  -0.001119
      144 0.000011  -0.001086
      314 0.000011   0.001084
      180 0.000011   0.001077
      103 0.000011   0.001054
      487 0.000011  -0.001048
     1061 0.000011  -0.001046
      483 0.000011  -0.001044
      426 0.000010   0.001024
      347 0.000010  -0.001022
       51 0.000010   0.001015
      462 0.000010   0.001008
      159 0.000010   0.000998
      764 0.000010  -0.000998
      461 0.000010   0.000993
      619 0.000010   0.000988
       75 0.000010   0.000985
euclid. distance of OLC and linear combination of EV * x_coef: 0.009262230970215649

Generate samples based on objective loadcase 986
nr_to_generate: 25

Parameter variation distribution settings
distribution: uniform
low: 0.7
high: 1.3

Total process runtime: 0:00:01.292047
