Date and Time:2023-05-12 14:27:49.222517

Initial Settings:
similarity_model: <function cosine_similarity at 0x000001D005A6E5E0>
similarity_threshold: 1e-05
nr_eigv_to_select: None
distribution: uniform
deviation: 0.3
nr_to_generate: 25
recompute: False

Selected eigenvectors and similarity score w.r.t objective loadcase:
objective_loadcase_nr: 990
similarity_model: cosine_similarity
similarity_threshold: 1e-05
nr_eigv_to_select: None
nr_eigv_selected: 592
approximation parameter model: lstsq
similarity score and approx. param. value
:  eigv_idx    score      value
        1 0.566056  72.956839
        3 0.525005  67.665937
        2 0.480731 -61.959617
        0 0.410867  52.955083
        6 0.060744   7.829006
       39 0.012649   1.630306
        4 0.009480   1.221813
       68 0.004087  -0.526784
      639 0.003649   0.470343
      186 0.002399  -0.309160
      612 0.002009  -0.258869
      593 0.001878  -0.242099
      586 0.001707   0.220033
      716 0.001695   0.218499
      618 0.001678   0.216287
      187 0.001579  -0.203523
      710 0.001527  -0.196767
      663 0.001511  -0.194776
      668 0.001475   0.190058
       71 0.001342  -0.172930
      182 0.001292  -0.166553
      218 0.001212  -0.156195
      143 0.001155   0.148912
      659 0.001104  -0.142248
       69 0.001096  -0.141284
      194 0.001092   0.140720
      595 0.001061   0.136684
      617 0.000995   0.128183
      184 0.000950  -0.122430
      686 0.000923  -0.118918
      700 0.000865   0.111468
      388 0.000825  -0.106389
      688 0.000820  -0.105696
      683 0.000796   0.102644
      579 0.000796   0.102617
      635 0.000780   0.100518
      228 0.000760  -0.097990
      599 0.000752   0.096941
      749 0.000747  -0.096290
      183 0.000736   0.094830
      562 0.000734  -0.094603
      626 0.000694   0.089456
      578 0.000689   0.088840
      582 0.000687  -0.088542
       70 0.000680   0.087606
      670 0.000671   0.086511
      666 0.000615  -0.079258
      698 0.000605  -0.077963
      733 0.000592   0.076345
      621 0.000574  -0.073956
      253 0.000548  -0.070631
      153 0.000513   0.066078
      179 0.000511   0.065882
      735 0.000502  -0.064733
      341 0.000493   0.063487
      137 0.000490  -0.063152
      174 0.000481   0.062012
      708 0.000469   0.060493
      602 0.000456  -0.058824
      171 0.000449  -0.057914
      718 0.000440  -0.056669
      699 0.000427  -0.055002
      641 0.000402  -0.051835
      583 0.000400  -0.051510
      362 0.000398  -0.051273
      709 0.000386  -0.049763
      567 0.000385  -0.049685
      220 0.000383  -0.049315
      756 0.000362  -0.046605
      604 0.000356  -0.045864
      606 0.000353  -0.045479
      210 0.000345  -0.044470
      577 0.000345  -0.044450
      757 0.000342  -0.044102
      575 0.000337   0.043474
      620 0.000334  -0.043066
      628 0.000334   0.043039
      576 0.000334  -0.043035
      631 0.000329  -0.042389
      704 0.000324  -0.041764
      204 0.000322   0.041444
      243 0.000316   0.040777
      601 0.000304   0.039210
      254 0.000296   0.038137
      759 0.000290   0.037383
      403 0.000286   0.036840
      419 0.000285  -0.036688
      573 0.000285   0.036668
      741 0.000283   0.036523
      787 0.000283   0.036431
      848 0.000277  -0.035645
      199 0.000276  -0.035620
      400 0.000276  -0.035578
      807 0.000268   0.034573
      271 0.000264   0.034069
      412 0.000262  -0.033827
      132 0.000260   0.033525
      383 0.000259   0.033387
      277 0.000254   0.032692
      815 0.000249  -0.032102
      853 0.000245  -0.031545
      739 0.000244  -0.031509
      267 0.000241  -0.031062
      587 0.000240   0.030908
      707 0.000235  -0.030227
      570 0.000232  -0.029914
      658 0.000231   0.029713
      258 0.000229  -0.029491
      236 0.000227   0.029233
      377 0.000227  -0.029219
      234 0.000226   0.029184
      640 0.000225  -0.029055
      148 0.000225   0.029042
      161 0.000216   0.027870
      580 0.000213  -0.027436
      665 0.000209  -0.026938
      222 0.000209  -0.026880
      356 0.000208  -0.026870
      585 0.000206  -0.026543
      941 0.000199  -0.025678
      750 0.000199   0.025633
      257 0.000195  -0.025124
      564 0.000194  -0.024960
      798 0.000190   0.024470
      175 0.000186  -0.024033
      138 0.000186   0.024032
       91 0.000180  -0.023148
      828 0.000172  -0.022168
      557 0.000171  -0.022096
      763 0.000168  -0.021716
      687 0.000168   0.021689
      857 0.000167  -0.021480
      667 0.000166   0.021456
      380 0.000166   0.021434
      209 0.000165  -0.021244
      753 0.000164  -0.021094
      566 0.000161   0.020742
      690 0.000159   0.020532
      711 0.000159   0.020430
      193 0.000158  -0.020427
      427 0.000158  -0.020417
      847 0.000158   0.020342
      301 0.000158  -0.020317
      800 0.000157  -0.020193
      249 0.000156  -0.020058
      255 0.000153  -0.019779
      820 0.000153  -0.019771
      790 0.000152   0.019546
      353 0.000151  -0.019503
      227 0.000151  -0.019440
      262 0.000147  -0.018951
      398 0.000147  -0.018942
      743 0.000147  -0.018915
      241 0.000143   0.018443
      217 0.000142  -0.018278
      369 0.000141   0.018166
      294 0.000140  -0.018058
      574 0.000139  -0.017946
      740 0.000139  -0.017927
      581 0.000138  -0.017846
      436 0.000138   0.017799
      762 0.000138   0.017790
      596 0.000136  -0.017546
      247 0.000136   0.017543
      801 0.000136  -0.017480
      549 0.000134  -0.017300
      107 0.000134  -0.017223
      261 0.000131  -0.016889
      859 0.000130   0.016813
      908 0.000128  -0.016540
      784 0.000127  -0.016384
      974 0.000126   0.016183
      281 0.000125   0.016106
      818 0.000125  -0.016047
      605 0.000124  -0.016022
      552 0.000124  -0.015933
      299 0.000123   0.015901
      629 0.000122  -0.015662
      308 0.000121  -0.015622
      697 0.000121   0.015596
      295 0.000119  -0.015401
      367 0.000119   0.015333
      354 0.000119   0.015316
      600 0.000118  -0.015263
      361 0.000117   0.015106
      266 0.000117  -0.015023
      882 0.000115   0.014872
      803 0.000113   0.014559
      726 0.000112  -0.014438
      808 0.000111   0.014330
      423 0.000111  -0.014295
      268 0.000110  -0.014238
      684 0.000109  -0.014093
      645 0.000109   0.014067
      373 0.000109  -0.014038
      230 0.000109   0.014031
      431 0.000108  -0.013970
      832 0.000107   0.013786
      235 0.000107  -0.013738
      855 0.000105  -0.013512
      394 0.000104   0.013393
      273 0.000103  -0.013262
      355 0.000102   0.013132
      696 0.000102  -0.013091
      386 0.000102   0.013087
      840 0.000101  -0.013007
      269 0.000100  -0.012936
      736 0.000100  -0.012899
      805 0.000100  -0.012832
      561 0.000099   0.012795
      302 0.000097  -0.012512
      343 0.000096  -0.012419
      802 0.000096   0.012344
      829 0.000095   0.012213
      844 0.000095  -0.012199
      597 0.000094  -0.012168
      793 0.000094  -0.012149
      588 0.000094   0.012124
      824 0.000094   0.012088
     1095 0.000093  -0.011983
      611 0.000092  -0.011818
      198 0.000091   0.011752
      392 0.000090   0.011604
      795 0.000089   0.011464
      594 0.000089  -0.011463
      701 0.000089  -0.011454
      799 0.000089  -0.011450
      584 0.000088  -0.011325
      553 0.000088  -0.011321
      632 0.000088   0.011311
      955 0.000086   0.011090
      428 0.000086   0.011052
      374 0.000085   0.010982
      322 0.000085  -0.010904
      313 0.000085  -0.010896
      734 0.000083  -0.010757
      572 0.000082  -0.010607
      638 0.000082  -0.010604
      414 0.000082   0.010583
      776 0.000082  -0.010531
      863 0.000078  -0.010093
      291 0.000078   0.010033
      780 0.000077  -0.009936
      312 0.000075  -0.009716
      826 0.000074  -0.009574
      297 0.000074  -0.009561
      891 0.000074  -0.009500
      723 0.000073  -0.009455
      292 0.000073  -0.009432
      742 0.000073  -0.009429
      879 0.000072  -0.009337
     1005 0.000072   0.009264
      843 0.000071  -0.009123
      748 0.000070  -0.009055
      744 0.000070  -0.009023
      545 0.000070  -0.009002
      913 0.000069  -0.008950
      773 0.000069   0.008925
      654 0.000069   0.008897
      922 0.000068  -0.008776
      407 0.000067  -0.008644
      263 0.000067  -0.008587
      275 0.000066  -0.008551
      603 0.000066  -0.008538
      413 0.000066   0.008526
      251 0.000066  -0.008484
      569 0.000066   0.008470
      728 0.000065  -0.008376
      560 0.000065  -0.008349
      978 0.000064   0.008253
      169 0.000064  -0.008252
      289 0.000063   0.008145
      359 0.000063  -0.008116
      937 0.000063  -0.008101
      390 0.000062   0.008004
      425 0.000061   0.007923
      770 0.000061   0.007916
      364 0.000060   0.007794
      722 0.000058  -0.007515
      539 0.000058   0.007513
      765 0.000058   0.007437
      636 0.000057  -0.007349
      272 0.000057  -0.007315
      245 0.000056  -0.007281
      789 0.000056   0.007216
      867 0.000054   0.006912
      831 0.000053   0.006880
      542 0.000052   0.006731
      589 0.000052  -0.006722
      858 0.000052  -0.006708
      782 0.000052  -0.006700
      895 0.000051   0.006594
      590 0.000051  -0.006567
      274 0.000051   0.006567
      224 0.000051  -0.006563
      870 0.000051  -0.006561
      864 0.000050   0.006494
      778 0.000049  -0.006359
      540 0.000049  -0.006333
      397 0.000049  -0.006318
      286 0.000049   0.006299
      821 0.000049  -0.006251
      409 0.000048  -0.006203
      769 0.000048  -0.006158
      528 0.000047   0.006099
      874 0.000046  -0.005985
      987 0.000046   0.005979
      591 0.000046   0.005892
      201 0.000045   0.005746
       66 0.000044  -0.005725
      334 0.000044   0.005678
      928 0.000043  -0.005586
      448 0.000042   0.005397
      309 0.000042  -0.005390
      677 0.000042   0.005385
      904 0.000041   0.005294
      948 0.000041   0.005291
      252 0.000040  -0.005174
      290 0.000040  -0.005096
      965 0.000039  -0.005047
      775 0.000039  -0.005041
      610 0.000039  -0.005035
      325 0.000039  -0.005032
     1001 0.000039  -0.005008
      993 0.000039   0.004987
       64 0.000038  -0.004955
      894 0.000038  -0.004945
      881 0.000038  -0.004893
      216 0.000037  -0.004748
      250 0.000037   0.004728
      614 0.000036   0.004701
      680 0.000036   0.004665
      310 0.000036  -0.004645
      535 0.000036   0.004636
     1025 0.000035   0.004546
      838 0.000035   0.004539
      264 0.000035   0.004528
      530 0.000035   0.004464
      160 0.000035   0.004460
      950 0.000035  -0.004457
      880 0.000034   0.004445
       81 0.000034  -0.004321
      650 0.000033  -0.004266
      518 0.000033   0.004190
      933 0.000032   0.004176
      226 0.000032  -0.004169
      225 0.000032  -0.004151
      304 0.000032   0.004146
      410 0.000032  -0.004087
      616 0.000032  -0.004080
      357 0.000032   0.004078
      942 0.000032   0.004078
      491 0.000031   0.004059
      432 0.000031   0.004054
      195 0.000031  -0.004048
      649 0.000031  -0.004040
      350 0.000031  -0.004023
      319 0.000031   0.004007
      154 0.000031  -0.003971
       80 0.000031   0.003956
      488 0.000030   0.003903
      823 0.000030   0.003895
      164 0.000030   0.003858
       88 0.000030   0.003837
       53 0.000030   0.003828
      900 0.000030  -0.003817
      860 0.000030  -0.003803
      532 0.000029   0.003802
     1032 0.000029   0.003798
      134 0.000029   0.003725
      884 0.000029  -0.003712
      363 0.000029   0.003703
      347 0.000029  -0.003699
     1017 0.000029   0.003686
      475 0.000029  -0.003680
      943 0.000028   0.003670
      314 0.000028   0.003660
      333 0.000028  -0.003653
      165 0.000028   0.003565
      136 0.000027  -0.003489
      145 0.000027   0.003447
      524 0.000026  -0.003400
      285 0.000026  -0.003383
      328 0.000026  -0.003329
      114 0.000026  -0.003318
       86 0.000026  -0.003308
      424 0.000026  -0.003304
      324 0.000025  -0.003270
       73 0.000025  -0.003269
      445 0.000025  -0.003256
      276 0.000025  -0.003255
      814 0.000025   0.003253
      200 0.000025  -0.003229
       96 0.000025  -0.003216
      338 0.000025  -0.003203
      270 0.000025   0.003199
      188 0.000025  -0.003191
      779 0.000025   0.003177
      917 0.000025   0.003168
      178 0.000024   0.003120
      146 0.000024  -0.003118
      344 0.000024   0.003089
      101 0.000024   0.003085
      592 0.000024  -0.003077
      420 0.000024   0.003060
       55 0.000023   0.003025
       52 0.000023  -0.003015
      519 0.000023   0.002992
      197 0.000023   0.002984
      103 0.000023   0.002982
       63 0.000023   0.002972
      637 0.000023   0.002964
      123 0.000023   0.002937
      538 0.000023   0.002936
      502 0.000023   0.002926
      181 0.000023   0.002917
      215 0.000022  -0.002894
      559 0.000022   0.002860
      206 0.000022  -0.002846
      625 0.000022  -0.002834
      155 0.000022  -0.002822
       65 0.000022   0.002807
      214 0.000022   0.002794
      792 0.000022   0.002777
      118 0.000022  -0.002772
      244 0.000021   0.002767
      842 0.000021  -0.002756
      368 0.000021  -0.002751
       89 0.000021  -0.002733
      714 0.000021  -0.002696
      345 0.000021  -0.002686
      868 0.000021  -0.002685
      358 0.000021  -0.002665
      568 0.000020  -0.002623
      237 0.000020  -0.002611
      192 0.000020   0.002607
      112 0.000020   0.002603
      489 0.000020   0.002600
       67 0.000020  -0.002600
       99 0.000020   0.002595
     1034 0.000020  -0.002584
      536 0.000020  -0.002569
      455 0.000020  -0.002552
      505 0.000020   0.002548
      318 0.000020   0.002543
      609 0.000020   0.002532
     1052 0.000019   0.002482
      232 0.000019  -0.002473
      681 0.000019  -0.002451
      662 0.000019  -0.002449
      565 0.000019  -0.002425
      512 0.000019  -0.002419
      196 0.000019  -0.002417
      479 0.000019   0.002413
      458 0.000019   0.002407
      180 0.000019  -0.002392
      365 0.000019   0.002386
      724 0.000019   0.002385
      240 0.000018   0.002372
      317 0.000018  -0.002337
      401 0.000018  -0.002327
      598 0.000018  -0.002320
      376 0.000018   0.002317
      712 0.000018   0.002312
      402 0.000018  -0.002300
      335 0.000018  -0.002298
      293 0.000018  -0.002287
      348 0.000018  -0.002285
      279 0.000018  -0.002277
      463 0.000018  -0.002259
       94 0.000018   0.002259
      685 0.000018  -0.002256
       98 0.000017  -0.002235
      619 0.000017   0.002220
      120 0.000017  -0.002206
       74 0.000017  -0.002192
      329 0.000017  -0.002173
      371 0.000017   0.002161
      452 0.000017  -0.002155
      385 0.000017   0.002136
       56 0.000017  -0.002130
      437 0.000017   0.002127
      144 0.000016   0.002119
      375 0.000016   0.002108
      705 0.000016  -0.002098
      949 0.000016   0.002097
      340 0.000016   0.002096
      830 0.000016   0.002073
      320 0.000016   0.002047
      643 0.000016  -0.002047
      514 0.000016   0.002040
      339 0.000016  -0.002037
      526 0.000016   0.002029
      130 0.000016   0.002023
      729 0.000016   0.002008
      903 0.000016  -0.002001
      902 0.000015  -0.001994
      852 0.000015  -0.001971
      326 0.000015  -0.001959
      543 0.000015  -0.001942
      883 0.000015   0.001938
      732 0.000015   0.001935
      129 0.000015  -0.001925
      128 0.000015   0.001906
      627 0.000015   0.001894
      162 0.000015   0.001888
      964 0.000015   0.001879
      483 0.000015  -0.001875
      647 0.000014   0.001868
      156 0.000014  -0.001853
      405 0.000014  -0.001840
      298 0.000014  -0.001838
      321 0.000014  -0.001832
       57 0.000014   0.001829
      147 0.000014  -0.001828
       90 0.000014   0.001820
      221 0.000014   0.001819
      669 0.000014   0.001808
      395 0.000014   0.001806
      172 0.000014  -0.001804
      633 0.000014  -0.001802
      556 0.000014  -0.001794
      404 0.000014  -0.001776
       60 0.000014  -0.001773
       97 0.000014   0.001759
      133 0.000014   0.001757
      534 0.000014  -0.001756
      938 0.000013   0.001737
      450 0.000013  -0.001733
      387 0.000013  -0.001717
      105 0.000013   0.001705
      856 0.000013   0.001690
      316 0.000013   0.001690
      337 0.000013  -0.001689
      259 0.000013   0.001680
      139 0.000013  -0.001671
      966 0.000013   0.001667
      816 0.000013   0.001659
     1047 0.000013   0.001650
      100 0.000013   0.001647
      351 0.000013  -0.001636
      125 0.000013  -0.001633
      764 0.000013   0.001619
      346 0.000013   0.001617
      634 0.000012  -0.001598
      760 0.000012   0.001597
      644 0.000012  -0.001593
       14 0.000012  -0.001592
      282 0.000012  -0.001573
      695 0.000012  -0.001573
      804 0.000012  -0.001571
      462 0.000012   0.001562
      142 0.000012   0.001553
       78 0.000012  -0.001551
      796 0.000012   0.001551
      113 0.000012  -0.001547
      360 0.000012  -0.001542
      108 0.000012   0.001535
      283 0.000012   0.001533
      984 0.000012   0.001528
      899 0.000012  -0.001525
      927 0.000012  -0.001520
      755 0.000012  -0.001518
       61 0.000012  -0.001518
       50 0.000012   0.001517
       13 0.000012   0.001515
      127 0.000012  -0.001504
      473 0.000012  -0.001490
      907 0.000012   0.001485
      330 0.000011   0.001478
      934 0.000011  -0.001471
       93 0.000011   0.001466
       19 0.000011   0.001463
      331 0.000011   0.001461
       76 0.000011  -0.001453
     1074 0.000011   0.001448
      223 0.000011  -0.001436
      177 0.000011  -0.001426
       87 0.000011  -0.001424
       84 0.000011  -0.001408
       83 0.000011   0.001390
       25 0.000011  -0.001388
        9 0.000011   0.001380
       27 0.000011   0.001356
       10 0.000011   0.001354
      487 0.000010  -0.001342
      510 0.000010  -0.001338
      746 0.000010  -0.001327
      959 0.000010   0.001316
        5 0.000010   0.001313
       49 0.000010  -0.001309
      811 0.000010   0.001298
euclid. distance of OLC and linear combination of EV * x_coef: 0.011977271265789367

Generate samples based on objective loadcase 990
nr_to_generate: 25

Parameter variation distribution settings
distribution: uniform
low: 0.7
high: 1.3

Total process runtime: 0:00:01.372853
