Date and Time:2023-05-12 14:21:20.797068

Initial Settings:
similarity_model: <function cosine_similarity at 0x000001D005A6E5E0>
similarity_threshold: 1e-05
nr_eigv_to_select: None
distribution: uniform
deviation: 0.3
nr_to_generate: 25
recompute: False

Selected eigenvectors and similarity score w.r.t objective loadcase:
objective_loadcase_nr: 701
similarity_model: cosine_similarity
similarity_threshold: 1e-05
nr_eigv_to_select: None
nr_eigv_selected: 641
approximation parameter model: lstsq
similarity score and approx. param. value
:  eigv_idx    score      value
        1 0.558617  53.736428
        3 0.536696  51.627792
        2 0.484491 -46.605872
        0 0.402298  38.699247
        6 0.053922   5.187069
       39 0.015515   1.492445
        4 0.009982   0.960216
      639 0.003462   0.332983
       68 0.002913  -0.280217
      186 0.002662  -0.256084
      612 0.001940  -0.186610
      593 0.001864  -0.179275
      187 0.001785  -0.171663
      586 0.001675   0.161171
      716 0.001654   0.159065
      710 0.001639  -0.157679
      618 0.001508   0.145105
      668 0.001405   0.135155
      218 0.001396  -0.134324
      663 0.001365  -0.131315
      194 0.001224   0.117716
      595 0.001055   0.101464
      659 0.001038  -0.099813
      617 0.001001   0.096340
      686 0.000961  -0.092487
      143 0.000933   0.089763
      183 0.000865   0.083178
      688 0.000838  -0.080652
      388 0.000821  -0.078955
      749 0.000786  -0.075625
      700 0.000753   0.072464
      626 0.000742   0.071347
      579 0.000741   0.071242
      599 0.000733   0.070514
      562 0.000713  -0.068582
      578 0.000686   0.066033
      635 0.000674   0.064871
      582 0.000668  -0.064267
      683 0.000662   0.063677
      670 0.000654   0.062882
      182 0.000629  -0.060536
       71 0.000617  -0.059327
      621 0.000601  -0.057825
      733 0.000566   0.054483
      666 0.000564  -0.054296
      698 0.000563  -0.054146
      253 0.000562  -0.054067
      153 0.000549   0.052825
      184 0.000539  -0.051826
      174 0.000523   0.050351
       70 0.000504   0.048464
      735 0.000503  -0.048368
      341 0.000502   0.048250
      708 0.000495   0.047605
      210 0.000483  -0.046476
      718 0.000475  -0.045739
      602 0.000467  -0.044894
      228 0.000450  -0.043298
       69 0.000444  -0.042703
      704 0.000423  -0.040719
      709 0.000407  -0.039111
      243 0.000402   0.038640
      699 0.000397  -0.038206
      577 0.000397  -0.038168
      567 0.000396  -0.038076
      641 0.000392  -0.037700
      606 0.000387  -0.037262
      583 0.000376  -0.036141
      362 0.000372  -0.035769
      267 0.000351  -0.033727
      204 0.000347   0.033377
      756 0.000345  -0.033166
      757 0.000336  -0.032284
      575 0.000320   0.030817
      220 0.000320  -0.030802
      601 0.000313   0.030118
      620 0.000304  -0.029200
      576 0.000297  -0.028604
      848 0.000294  -0.028239
      419 0.000288  -0.027671
      628 0.000288   0.027663
      787 0.000284   0.027325
      199 0.000280  -0.026903
      707 0.000279  -0.026866
      412 0.000279  -0.026820
      137 0.000278  -0.026779
      179 0.000277   0.026656
      631 0.000274  -0.026370
      741 0.000269   0.025906
      403 0.000266   0.025635
      604 0.000260  -0.025008
      807 0.000258   0.024816
      400 0.000254  -0.024428
      853 0.000252  -0.024223
      171 0.000249  -0.023934
      383 0.000246   0.023692
      132 0.000245   0.023545
      277 0.000240   0.023120
      573 0.000238   0.022888
      658 0.000238   0.022886
      587 0.000236   0.022664
      739 0.000232  -0.022317
      815 0.000225  -0.021690
      570 0.000221  -0.021253
      377 0.000220  -0.021125
      254 0.000218   0.020989
      271 0.000212   0.020409
      175 0.000209  -0.020065
      759 0.000207   0.019919
      750 0.000204   0.019648
      580 0.000204  -0.019615
      753 0.000191  -0.018329
      941 0.000190  -0.018309
      564 0.000188  -0.018130
      696 0.000188  -0.018079
      640 0.000187  -0.018024
      585 0.000182  -0.017551
      258 0.000182  -0.017513
      549 0.000182  -0.017489
      236 0.000181   0.017446
      356 0.000179  -0.017252
      857 0.000175  -0.016881
      255 0.000171  -0.016410
      427 0.000168  -0.016138
      711 0.000167   0.016093
      380 0.000165   0.015877
      217 0.000164  -0.015752
      790 0.000163   0.015708
      301 0.000162  -0.015577
      665 0.000162  -0.015563
      726 0.000160  -0.015379
      295 0.000159  -0.015264
      690 0.000157   0.015100
      828 0.000156  -0.015000
      273 0.000155  -0.014915
      638 0.000154  -0.014822
      557 0.000152  -0.014666
      800 0.000152  -0.014622
      605 0.000152  -0.014597
      234 0.000151   0.014563
      820 0.000151  -0.014511
      353 0.000149  -0.014294
      249 0.000148  -0.014265
      667 0.000147   0.014180
      818 0.000147  -0.014131
      398 0.000146  -0.014018
      299 0.000143   0.013803
      687 0.000143   0.013776
      801 0.000142  -0.013705
      798 0.000142   0.013699
      847 0.000141   0.013590
      230 0.000141  -0.013545
      629 0.000141  -0.013529
      369 0.000141   0.013523
      645 0.000140   0.013432
      859 0.000139   0.013339
      566 0.000136   0.013038
      743 0.000134  -0.012895
      574 0.000132  -0.012692
      784 0.000131  -0.012623
      312 0.000130  -0.012552
      614 0.000130   0.012533
      436 0.000129   0.012421
      361 0.000128   0.012291
      269 0.000126  -0.012155
      373 0.000125  -0.012011
      600 0.000125  -0.011980
      247 0.000124   0.011934
      908 0.000122  -0.011753
      697 0.000121   0.011659
      596 0.000119  -0.011435
      392 0.000119   0.011411
      148 0.000119   0.011403
       91 0.000118  -0.011394
      367 0.000117   0.011240
      561 0.000117   0.011211
      974 0.000116   0.011166
      281 0.000115   0.011069
      684 0.000115  -0.011019
      107 0.000113  -0.010852
      431 0.000113  -0.010831
      423 0.000112  -0.010812
      762 0.000112   0.010790
      266 0.000112  -0.010750
      581 0.000111  -0.010701
      161 0.000110   0.010619
      241 0.000109   0.010486
      572 0.000109  -0.010485
      824 0.000108   0.010357
      308 0.000106  -0.010239
      793 0.000106  -0.010213
      855 0.000105  -0.010101
      829 0.000105   0.010086
      632 0.000105   0.010076
      803 0.000104   0.010015
      294 0.000103  -0.009937
      354 0.000103   0.009866
      882 0.000102   0.009841
      740 0.000101  -0.009699
      355 0.000101   0.009683
      808 0.000098   0.009468
      805 0.000097  -0.009347
      222 0.000097  -0.009306
      795 0.000096   0.009254
      257 0.000096  -0.009207
      728 0.000095  -0.009127
      386 0.000094   0.009057
      840 0.000093  -0.008971
      802 0.000093   0.008949
      763 0.000093  -0.008932
      611 0.000092  -0.008887
      343 0.000092  -0.008828
      844 0.000091  -0.008779
      297 0.000091  -0.008746
      227 0.000091   0.008727
      302 0.000091  -0.008709
      206 0.000090   0.008695
      736 0.000089  -0.008554
      832 0.000089   0.008551
      262 0.000088  -0.008427
      292 0.000087  -0.008403
      553 0.000087  -0.008388
      275 0.000087  -0.008353
      597 0.000087  -0.008329
     1095 0.000086  -0.008269
      826 0.000084  -0.008091
      799 0.000083  -0.007964
      584 0.000083  -0.007944
      734 0.000082  -0.007922
      235 0.000082  -0.007889
       66 0.000081   0.007834
      223 0.000081   0.007829
      701 0.000081  -0.007806
      955 0.000080   0.007708
      239 0.000080   0.007696
      428 0.000079   0.007643
      322 0.000079  -0.007637
      770 0.000078   0.007523
      742 0.000078  -0.007519
       64 0.000078   0.007471
      594 0.000077  -0.007391
      407 0.000076  -0.007269
      773 0.000076   0.007268
      414 0.000075   0.007205
      552 0.000074  -0.007146
      261 0.000074  -0.007142
      748 0.000074  -0.007103
      843 0.000073  -0.006983
      627 0.000072   0.006965
      609 0.000072  -0.006934
      723 0.000071  -0.006837
      123 0.000071  -0.006831
      776 0.000071  -0.006826
      610 0.000071   0.006799
      545 0.000070  -0.006770
      744 0.000070  -0.006729
      101 0.000070   0.006699
      589 0.000069  -0.006601
      425 0.000068   0.006508
       86 0.000067  -0.006471
     1005 0.000067   0.006423
      913 0.000066  -0.006349
      374 0.000066   0.006341
      146 0.000066  -0.006325
      251 0.000065  -0.006286
      937 0.000065  -0.006215
      922 0.000064  -0.006187
      169 0.000064  -0.006141
      879 0.000064  -0.006120
      591 0.000063   0.006101
      864 0.000063   0.006085
      863 0.000063  -0.006071
      782 0.000063  -0.006066
      654 0.000063   0.006015
      291 0.000063   0.006015
      789 0.000062   0.005987
      778 0.000062  -0.005987
      158 0.000062   0.005964
      394 0.000062   0.005952
      390 0.000061   0.005895
      891 0.000061  -0.005861
      588 0.000061   0.005859
      978 0.000061   0.005854
      319 0.000061   0.005853
       87 0.000061  -0.005823
      112 0.000060   0.005791
      397 0.000059  -0.005678
      313 0.000059  -0.005643
      155 0.000059  -0.005641
      232 0.000059  -0.005637
      125 0.000058   0.005533
      608 0.000057  -0.005483
      870 0.000057  -0.005476
       78 0.000056   0.005435
      780 0.000056  -0.005397
      539 0.000055   0.005313
       89 0.000055  -0.005302
      765 0.000055   0.005277
      613 0.000055  -0.005272
       99 0.000054   0.005164
      895 0.000053   0.005117
      159 0.000053   0.005115
      406 0.000053   0.005102
      364 0.000053   0.005092
      569 0.000053   0.005090
      272 0.000052   0.005014
      142 0.000051  -0.004934
      133 0.000051  -0.004887
      722 0.000050  -0.004848
      337 0.000050  -0.004788
       79 0.000050  -0.004785
      274 0.000049  -0.004684
       96 0.000048  -0.004663
      874 0.000048  -0.004613
      409 0.000048  -0.004601
      318 0.000048   0.004587
      542 0.000047   0.004566
      296 0.000047   0.004539
      528 0.000047   0.004527
      330 0.000047   0.004527
       73 0.000046   0.004467
      144 0.000046  -0.004445
      880 0.000046   0.004405
      130 0.000046  -0.004391
      858 0.000045  -0.004371
       76 0.000045   0.004329
      560 0.000045  -0.004307
      540 0.000045  -0.004299
      323 0.000044  -0.004267
      590 0.000044  -0.004230
      103 0.000044   0.004188
      320 0.000043  -0.004184
      867 0.000043   0.004101
      884 0.000043  -0.004090
      138 0.000042   0.004079
      288 0.000042  -0.004009
      326 0.000041  -0.003988
      950 0.000041  -0.003986
      831 0.000041   0.003956
      948 0.000041   0.003949
      568 0.000041  -0.003938
      201 0.000041  -0.003930
      987 0.000041   0.003923
      904 0.000040   0.003884
      928 0.000040  -0.003874
      114 0.000040  -0.003864
      335 0.000040   0.003851
      650 0.000040  -0.003821
       57 0.000040  -0.003819
      894 0.000040  -0.003818
      263 0.000040  -0.003810
      448 0.000039   0.003768
      289 0.000039   0.003762
      359 0.000039  -0.003761
      110 0.000039  -0.003736
      209 0.000038  -0.003692
      535 0.000038   0.003685
      821 0.000038  -0.003640
       80 0.000038  -0.003635
      317 0.000037  -0.003599
      881 0.000037  -0.003589
      965 0.000037  -0.003580
      823 0.000037   0.003549
       82 0.000037   0.003534
      310 0.000037  -0.003511
       83 0.000036   0.003510
      252 0.000036   0.003501
      943 0.000036   0.003459
      405 0.000036  -0.003453
       59 0.000036  -0.003433
      830 0.000036   0.003425
       75 0.000035  -0.003414
      860 0.000035  -0.003383
      677 0.000035   0.003373
      287 0.000035   0.003359
      625 0.000034   0.003316
       56 0.000034   0.003315
      321 0.000034  -0.003312
      145 0.000034   0.003299
     1001 0.000034  -0.003285
      109 0.000034  -0.003235
      402 0.000034   0.003223
      518 0.000033   0.003215
      338 0.000033  -0.003202
      993 0.000033   0.003178
      662 0.000033  -0.003154
      592 0.000033  -0.003152
      134 0.000033  -0.003142
      181 0.000033  -0.003140
      838 0.000033   0.003132
      120 0.000032   0.003110
      530 0.000032   0.003108
       77 0.000032   0.003107
      942 0.000032   0.003085
      193 0.000032  -0.003077
      933 0.000031   0.003002
      491 0.000031   0.002985
      401 0.000031  -0.002959
     1025 0.000031   0.002945
       63 0.000031  -0.002942
      157 0.000030   0.002920
      283 0.000030  -0.002909
      410 0.000030  -0.002876
      445 0.000030  -0.002874
      260 0.000030  -0.002851
      332 0.000029  -0.002805
      680 0.000029   0.002794
      147 0.000029  -0.002787
      532 0.000029   0.002767
      268 0.000029  -0.002766
      424 0.000029  -0.002757
       55 0.000029  -0.002750
      344 0.000028   0.002731
      558 0.000028   0.002722
      118 0.000028   0.002715
      240 0.000028   0.002701
     1032 0.000028   0.002697
      488 0.000028   0.002691
      192 0.000028   0.002661
      216 0.000028   0.002659
      136 0.000027   0.002638
      334 0.000027   0.002638
      399 0.000027   0.002627
       58 0.000027  -0.002617
      432 0.000027   0.002585
      814 0.000027   0.002570
       23 0.000027   0.002552
      131 0.000026  -0.002547
      250 0.000026  -0.002532
      104 0.000026   0.002527
      333 0.000026   0.002521
      111 0.000026  -0.002503
      475 0.000026  -0.002502
      191 0.000026  -0.002487
      214 0.000026  -0.002486
      413 0.000026   0.002482
     1017 0.000025   0.002452
      900 0.000025  -0.002445
      792 0.000025   0.002443
      524 0.000025  -0.002439
      129 0.000025   0.002423
      839 0.000025  -0.002413
       94 0.000025   0.002411
      643 0.000025  -0.002403
      342 0.000025   0.002374
      160 0.000025  -0.002369
      842 0.000025  -0.002366
      225 0.000024  -0.002348
      357 0.000024   0.002333
      115 0.000024  -0.002322
      224 0.000024  -0.002322
      140 0.000024   0.002294
       53 0.000024  -0.002277
      368 0.000024   0.002264
      314 0.000023   0.002258
      769 0.000023  -0.002241
      152 0.000023   0.002235
      154 0.000023  -0.002227
      352 0.000023   0.002201
      502 0.000023   0.002201
      226 0.000023  -0.002200
       67 0.000023   0.002182
      349 0.000023  -0.002174
       24 0.000022  -0.002154
      371 0.000022  -0.002145
      375 0.000022  -0.002144
      555 0.000022   0.002132
      165 0.000022  -0.002123
      519 0.000022   0.002120
      259 0.000022   0.002083
      185 0.000021   0.002052
      197 0.000021   0.002050
      755 0.000021  -0.002049
      345 0.000021  -0.002048
      714 0.000021  -0.002046
      270 0.000021  -0.002040
      917 0.000021   0.002035
      505 0.000021   0.002032
       88 0.000021  -0.002030
      729 0.000021   0.002005
      964 0.000021   0.002003
      128 0.000021  -0.001992
      304 0.000021  -0.001973
       20 0.000020   0.001961
      565 0.000020   0.001944
      351 0.000020   0.001924
     1034 0.000020  -0.001913
      404 0.000020  -0.001903
      340 0.000020   0.001902
       15 0.000020  -0.001900
      949 0.000020   0.001887
      536 0.000020  -0.001880
      455 0.000020  -0.001878
      307 0.000019   0.001875
      489 0.000019   0.001854
      724 0.000019   0.001824
      339 0.000019  -0.001817
      966 0.000019   0.001813
       65 0.000019  -0.001810
      538 0.000018   0.001767
      779 0.000018   0.001761
      649 0.000018  -0.001756
       13 0.000018  -0.001753
      395 0.000018  -0.001752
       14 0.000018   0.001749
      804 0.000018  -0.001745
      284 0.000018  -0.001743
      127 0.000018   0.001735
       93 0.000018  -0.001724
      244 0.000018  -0.001719
       18 0.000018   0.001713
     1052 0.000018   0.001696
      988 0.000018  -0.001696
      195 0.000018  -0.001693
      290 0.000018   0.001687
      437 0.000018   0.001684
      526 0.000017   0.001678
      876 0.000017   0.001678
      327 0.000017   0.001673
      512 0.000017  -0.001669
      458 0.000017   0.001642
      841 0.000017   0.001641
      396 0.000017   0.001638
      196 0.000017  -0.001635
       46 0.000017  -0.001635
      694 0.000017   0.001634
      837 0.000017   0.001633
      712 0.000017   0.001625
      463 0.000017  -0.001621
       12 0.000017   0.001615
      141 0.000017   0.001609
      238 0.000017   0.001606
      298 0.000017  -0.001605
      198 0.000016   0.001585
      190 0.000016  -0.001583
      902 0.000016  -0.001580
       17 0.000016   0.001573
      113 0.000016  -0.001572
      887 0.000016  -0.001567
      636 0.000016  -0.001567
      685 0.000016  -0.001563
      106 0.000016  -0.001557
      875 0.000016   0.001550
       48 0.000016  -0.001522
      479 0.000016   0.001522
      350 0.000016  -0.001521
      849 0.000016  -0.001519
      164 0.000016  -0.001514
      178 0.000016  -0.001513
      366 0.000016   0.001509
       60 0.000016  -0.001504
      348 0.000016   0.001503
      200 0.000016  -0.001500
      285 0.000016  -0.001499
      156 0.000016  -0.001494
      376 0.000016  -0.001492
      514 0.000015   0.001467
       21 0.000015   0.001466
      360 0.000015  -0.001460
      571 0.000015  -0.001460
      237 0.000015  -0.001458
      655 0.000015  -0.001447
       50 0.000015   0.001425
      278 0.000015  -0.001418
       11 0.000015  -0.001416
      382 0.000015   0.001410
      233 0.000015   0.001405
       47 0.000015   0.001402
      331 0.000015   0.001401
      717 0.000015   0.001398
      637 0.000014  -0.001386
      888 0.000014  -0.001383
      248 0.000014  -0.001380
      732 0.000014   0.001376
      378 0.000014   0.001368
      450 0.000014  -0.001337
      534 0.000014  -0.001321
      598 0.000014   0.001317
      971 0.000014  -0.001314
      276 0.000014  -0.001304
      856 0.000014   0.001299
      150 0.000013   0.001296
      927 0.000013  -0.001282
      449 0.000013  -0.001282
      938 0.000013   0.001274
      215 0.000013   0.001273
      603 0.000013  -0.001268
      483 0.000013  -0.001265
      921 0.000013  -0.001256
      550 0.000013  -0.001256
      554 0.000013  -0.001255
        5 0.000013  -0.001254
      462 0.000013   0.001252
      100 0.000013   0.001249
      934 0.000013  -0.001238
      669 0.000013   0.001236
      358 0.000013  -0.001236
      379 0.000013  -0.001231
      899 0.000013  -0.001230
      346 0.000013   0.001230
       16 0.000013   0.001225
      868 0.000013  -0.001218
      329 0.000012  -0.001196
      775 0.000012  -0.001161
      671 0.000012   0.001159
      705 0.000012  -0.001154
      903 0.000012  -0.001149
      177 0.000012   0.001136
      149 0.000012  -0.001130
      478 0.000012   0.001124
      907 0.000012   0.001122
      365 0.000012  -0.001121
     1047 0.000012   0.001120
      139 0.000012  -0.001111
      242 0.000012   0.001109
      681 0.000011  -0.001098
      819 0.000011  -0.001092
      994 0.000011  -0.001083
      510 0.000011  -0.001077
      282 0.000011   0.001076
      883 0.000011   0.001076
       61 0.000011   0.001073
      473 0.000011  -0.001056
      188 0.000011  -0.001053
      293 0.000011   0.001050
      265 0.000011  -0.001048
      695 0.000011  -0.001047
      418 0.000011  -0.001046
       74 0.000011  -0.001032
       54 0.000011  -0.001032
      619 0.000011   0.001025
      959 0.000011   0.001018
      420 0.000011   0.001011
       90 0.000010  -0.001006
      328 0.000010  -0.001005
      116 0.000010  -0.000986
      370 0.000010  -0.000984
      935 0.000010  -0.000978
     1074 0.000010   0.000975
       85 0.000010   0.000962
      180 0.000010   0.000962
euclid. distance of OLC and linear combination of EV * x_coef: 0.00866465687853167

Generate samples based on objective loadcase 701
nr_to_generate: 25

Parameter variation distribution settings
distribution: uniform
low: 0.7
high: 1.3

Total process runtime: 0:00:01.418685
