Date and Time:2023-05-12 14:13:55.147194

Initial Settings:
similarity_model: <function cosine_similarity at 0x000001D005A6E5E0>
similarity_threshold: 1e-05
nr_eigv_to_select: None
distribution: uniform
deviation: 0.3
nr_to_generate: 25
recompute: False

Selected eigenvectors and similarity score w.r.t objective loadcase:
objective_loadcase_nr: 366
similarity_model: cosine_similarity
similarity_threshold: 1e-05
nr_eigv_to_select: None
nr_eigv_selected: 532
approximation parameter model: lstsq
similarity score and approx. param. value
:  eigv_idx    score      value
        1 0.550742  50.694810
        3 0.546394  50.294614
        2 0.490354 -45.136267
        0 0.393473  36.218508
        6 0.048649   4.478064
       39 0.017814   1.639764
        4 0.010504   0.966910
      639 0.003427   0.315431
       68 0.002619  -0.241105
      186 0.002031  -0.186908
      612 0.001952  -0.179669
      593 0.001915  -0.176260
      586 0.001736   0.159794
      218 0.001685  -0.155114
      710 0.001537  -0.141507
      716 0.001510   0.139013
      187 0.001401  -0.128949
      618 0.001388   0.127788
      663 0.001308  -0.120403
      668 0.001285   0.118274
      143 0.001233   0.113489
      182 0.001093  -0.100578
      595 0.001080   0.099389
      659 0.000946  -0.087039
      194 0.000920   0.084664
      686 0.000909  -0.083652
      617 0.000908   0.083566
      749 0.000874  -0.080441
      184 0.000871  -0.080201
      388 0.000827  -0.076082
      688 0.000813  -0.074791
      626 0.000798   0.073453
      599 0.000738   0.067901
      562 0.000718  -0.066128
      635 0.000695   0.063989
      582 0.000691  -0.063610
      579 0.000680   0.062625
      183 0.000674   0.062044
      700 0.000657   0.060440
      683 0.000648   0.059607
      670 0.000627   0.057689
      578 0.000619   0.056981
      621 0.000606  -0.055817
      253 0.000563  -0.051787
      733 0.000552   0.050847
      735 0.000537  -0.049462
      602 0.000536  -0.049311
      666 0.000534  -0.049147
      698 0.000529  -0.048693
      341 0.000525   0.048317
      708 0.000491   0.045171
      137 0.000467  -0.042985
      228 0.000466  -0.042875
      606 0.000461  -0.042391
      179 0.000454   0.041771
       70 0.000439   0.040449
      220 0.000432  -0.039754
      567 0.000432  -0.039741
      153 0.000418   0.038448
      171 0.000415  -0.038214
      174 0.000407   0.037430
       71 0.000405  -0.037312
      718 0.000405  -0.037234
      641 0.000403  -0.037115
      709 0.000390  -0.035920
      577 0.000375  -0.034493
      267 0.000372  -0.034219
      575 0.000369   0.033989
      756 0.000365  -0.033595
      362 0.000358  -0.032931
      583 0.000354  -0.032609
      699 0.000353  -0.032508
      757 0.000341  -0.031411
      741 0.000333   0.030668
      243 0.000332   0.030552
      620 0.000331  -0.030494
      210 0.000327  -0.030105
      631 0.000319  -0.029324
      704 0.000315  -0.028974
      132 0.000308   0.028361
      419 0.000294  -0.027093
      848 0.000293  -0.026975
      412 0.000292  -0.026848
      807 0.000291   0.026825
      576 0.000291  -0.026775
      853 0.000285  -0.026250
       69 0.000279  -0.025661
      739 0.000267  -0.024539
      258 0.000261  -0.024023
      604 0.000260  -0.023933
      587 0.000257   0.023637
      628 0.000257   0.023625
      601 0.000252   0.023156
      403 0.000247   0.022748
      787 0.000247   0.022746
      161 0.000238   0.021922
      400 0.000237  -0.021783
      750 0.000235   0.021603
      753 0.000233  -0.021442
      361 0.000229   0.021060
      570 0.000226  -0.020814
      707 0.000224  -0.020657
      377 0.000224  -0.020644
      271 0.000219   0.020180
      383 0.000219   0.020170
      148 0.000216   0.019872
      573 0.000212   0.019531
      273 0.000211  -0.019381
      580 0.000205  -0.018909
      658 0.000196   0.018078
      549 0.000194  -0.017854
      204 0.000193   0.017803
      815 0.000191  -0.017536
      373 0.000180  -0.016541
      665 0.000176  -0.016193
      793 0.000175  -0.016135
      743 0.000175  -0.016076
      564 0.000174  -0.016052
      800 0.000174  -0.016010
      427 0.000174  -0.016007
      857 0.000173  -0.015935
      355 0.000173   0.015917
      941 0.000173  -0.015914
      687 0.000171   0.015771
      299 0.000171   0.015699
      301 0.000170  -0.015693
      828 0.000170  -0.015635
      696 0.000169  -0.015588
      175 0.000165  -0.015173
      820 0.000162  -0.014945
      254 0.000162   0.014921
      398 0.000162  -0.014918
      199 0.000160  -0.014758
      277 0.000157   0.014494
      818 0.000157  -0.014479
      236 0.000156   0.014383
      605 0.000154  -0.014199
      726 0.000151  -0.013926
      367 0.000151   0.013865
      234 0.000149   0.013716
      574 0.000147  -0.013515
      640 0.000144  -0.013271
      711 0.000144   0.013261
      557 0.000142  -0.013114
      198 0.000138   0.012726
      667 0.000138   0.012703
      790 0.000138   0.012669
      855 0.000138  -0.012668
      380 0.000137   0.012655
      847 0.000136   0.012548
       91 0.000136  -0.012544
      566 0.000135   0.012464
      784 0.000134  -0.012337
      255 0.000133  -0.012258
      247 0.000133   0.012241
      294 0.000131  -0.012028
      275 0.000130  -0.011958
      392 0.000129   0.011867
      859 0.000128   0.011814
      645 0.000124   0.011455
      638 0.000124  -0.011424
      824 0.000124   0.011399
      353 0.000123  -0.011313
      436 0.000121   0.011145
      257 0.000120  -0.011090
      295 0.000119  -0.010949
      808 0.000119   0.010929
      107 0.000118  -0.010900
      581 0.000118  -0.010873
      795 0.000117   0.010780
      690 0.000117   0.010734
      431 0.000116  -0.010700
      423 0.000115  -0.010606
      798 0.000115   0.010560
      908 0.000114  -0.010510
      269 0.000112  -0.010312
      222 0.000112  -0.010304
      249 0.000111  -0.010210
      974 0.000111   0.010204
      684 0.000110  -0.010114
      390 0.000109   0.010044
      239 0.000108   0.009926
      281 0.000108   0.009920
      742 0.000106  -0.009748
      629 0.000106  -0.009743
      262 0.000106  -0.009739
      308 0.000106  -0.009711
      829 0.000105   0.009659
      770 0.000102   0.009380
      614 0.000102   0.009350
      312 0.000101  -0.009303
      266 0.000100  -0.009243
      882 0.000099   0.009131
      759 0.000099   0.009102
      799 0.000099  -0.009069
      235 0.000098  -0.009013
      241 0.000097   0.008916
      840 0.000097  -0.008908
      801 0.000096  -0.008825
      778 0.000096  -0.008807
      230 0.000095  -0.008751
      600 0.000095  -0.008705
      734 0.000094  -0.008659
      723 0.000093  -0.008523
      611 0.000093  -0.008519
      553 0.000091  -0.008366
      744 0.000089  -0.008205
      279 0.000089  -0.008169
      736 0.000089  -0.008163
      217 0.000088  -0.008141
      354 0.000088   0.008132
      843 0.000088  -0.008123
      138 0.000088   0.008123
      364 0.000088  -0.008102
      740 0.000088  -0.008090
      227 0.000088   0.008058
      407 0.000087  -0.007977
      697 0.000086   0.007927
      584 0.000085  -0.007865
      561 0.000085   0.007864
      369 0.000084   0.007762
      232 0.000083  -0.007651
      298 0.000083  -0.007642
      302 0.000083  -0.007625
      386 0.000082   0.007590
      591 0.000082   0.007590
      844 0.000082  -0.007571
     1095 0.000082  -0.007562
      322 0.000081  -0.007473
      773 0.000081   0.007467
      594 0.000080  -0.007378
      313 0.000080  -0.007353
      261 0.000079  -0.007302
      701 0.000079  -0.007290
      263 0.000078  -0.007159
      728 0.000078  -0.007153
      428 0.000075   0.006869
      552 0.000074  -0.006840
      193 0.000074  -0.006804
      569 0.000074   0.006784
      782 0.000074  -0.006768
      937 0.000074  -0.006766
      955 0.000073   0.006740
      572 0.000073  -0.006719
      337 0.000072  -0.006644
      608 0.000072  -0.006588
      414 0.000070   0.006482
      832 0.000069   0.006392
      349 0.000068  -0.006303
      292 0.000068  -0.006274
      545 0.000068  -0.006243
     1005 0.000067   0.006198
      343 0.000067  -0.006180
      762 0.000066   0.006098
      978 0.000066   0.006043
      588 0.000065  -0.006025
      803 0.000065   0.005996
      425 0.000065   0.005961
      826 0.000065  -0.005953
      864 0.000064   0.005925
      913 0.000064  -0.005881
      585 0.000064  -0.005880
      948 0.000063   0.005795
      209 0.000063  -0.005779
      589 0.000062  -0.005685
      332 0.000062  -0.005682
      321 0.000062  -0.005675
      823 0.000061   0.005635
      879 0.000061  -0.005572
      357 0.000060  -0.005552
      360 0.000060   0.005552
      748 0.000060  -0.005515
      319 0.000060   0.005498
      805 0.000059  -0.005435
      223 0.000058   0.005328
      922 0.000058  -0.005323
      350 0.000058   0.005296
      632 0.000057   0.005240
      802 0.000057   0.005229
      943 0.000057   0.005224
      603 0.000056  -0.005200
      359 0.000056   0.005177
      342 0.000056   0.005176
      539 0.000056   0.005172
      765 0.000056   0.005157
      891 0.000055  -0.005073
      289 0.000055   0.005059
      789 0.000054   0.004938
      863 0.000053  -0.004894
      397 0.000052  -0.004824
      251 0.000052  -0.004818
      722 0.000052  -0.004761
      320 0.000051  -0.004735
      216 0.000051   0.004714
      560 0.000050  -0.004632
      870 0.000050  -0.004629
      291 0.000050   0.004619
      597 0.000050  -0.004617
      895 0.000050   0.004584
      528 0.000049   0.004484
      250 0.000049  -0.004475
      409 0.000048  -0.004449
      366 0.000048   0.004405
      654 0.000048   0.004383
      286 0.000048   0.004372
      382 0.000047  -0.004343
      226 0.000047   0.004322
      874 0.000047  -0.004296
      402 0.000047   0.004281
      880 0.000046   0.004278
      278 0.000046   0.004250
      894 0.000046  -0.004248
      860 0.000046  -0.004219
      776 0.000046  -0.004211
      830 0.000046   0.004207
      214 0.000045  -0.004179
      225 0.000045   0.004160
      831 0.000044   0.004084
      252 0.000044   0.004068
      374 0.000044   0.004031
      904 0.000044   0.004015
      609 0.000043  -0.003972
      884 0.000043  -0.003955
      356 0.000043  -0.003925
      821 0.000042  -0.003911
      335 0.000042   0.003907
      542 0.000042   0.003889
      540 0.000042  -0.003868
      164 0.000042  -0.003840
      288 0.000042   0.003840
      406 0.000041   0.003805
      331 0.000041  -0.003774
      169 0.000041  -0.003756
      329 0.000039  -0.003616
      535 0.000039   0.003597
      677 0.000039   0.003560
      293 0.000038  -0.003519
      792 0.000038   0.003488
      627 0.000038   0.003471
      131 0.000038  -0.003456
      987 0.000037   0.003433
      287 0.000037  -0.003413
      867 0.000037   0.003384
      215 0.000037   0.003382
      616 0.000036  -0.003356
      448 0.000036   0.003348
      881 0.000036  -0.003312
      260 0.000036  -0.003291
      928 0.000035  -0.003247
      518 0.000035   0.003227
      610 0.000035   0.003219
      259 0.000035   0.003217
      165 0.000035  -0.003199
      325 0.000035  -0.003198
      613 0.000035  -0.003182
      310 0.000034  -0.003157
      318 0.000034   0.003102
      347 0.000033   0.003045
     1001 0.000033  -0.003041
      104 0.000033   0.003000
      965 0.000032  -0.002990
      942 0.000032   0.002906
      445 0.000032  -0.002901
      491 0.000031   0.002872
      643 0.000031  -0.002869
      213 0.000031  -0.002865
      333 0.000031   0.002853
      933 0.000031   0.002845
      283 0.000030   0.002795
      598 0.000030   0.002771
      297 0.000030  -0.002750
      274 0.000030  -0.002730
      858 0.000029  -0.002704
      532 0.000029   0.002698
      993 0.000029   0.002678
      410 0.000029  -0.002678
      530 0.000029   0.002643
     1025 0.000029   0.002633
      394 0.000028   0.002622
      839 0.000028  -0.002608
      323 0.000028  -0.002580
      272 0.000028   0.002579
      488 0.000028   0.002574
      950 0.000028  -0.002571
      935 0.000028  -0.002555
      838 0.000028   0.002552
     1032 0.000028   0.002532
      224 0.000027  -0.002507
      775 0.000027   0.002490
      424 0.000027  -0.002471
      938 0.000027   0.002450
      727 0.000026  -0.002432
      650 0.000026  -0.002392
      475 0.000025  -0.002347
      338 0.000025  -0.002344
      524 0.000025  -0.002328
      432 0.000025   0.002303
      358 0.000025  -0.002284
      405 0.000024  -0.002234
      282 0.000024   0.002232
     1017 0.000024   0.002177
      814 0.000024   0.002164
      336 0.000023   0.002138
       88 0.000023  -0.002119
      296 0.000023   0.002093
      837 0.000022   0.002034
      592 0.000022  -0.002019
      662 0.000022  -0.001994
      351 0.000022   0.001992
     1034 0.000022  -0.001990
      712 0.000021  -0.001978
      713 0.000021   0.001973
      505 0.000021   0.001973
      502 0.000021   0.001962
      780 0.000021  -0.001940
      685 0.000021  -0.001930
      852 0.000021   0.001911
      900 0.000020  -0.001885
      964 0.000020   0.001857
       55 0.000020  -0.001853
      811 0.000020   0.001831
      399 0.000020   0.001830
      675 0.000020   0.001826
      519 0.000020   0.001805
       53 0.000019  -0.001782
      841 0.000019   0.001782
      526 0.000019   0.001761
      455 0.000019  -0.001758
      162 0.000019  -0.001757
      637 0.000019  -0.001743
      714 0.000019  -0.001736
      988 0.000019  -0.001733
      921 0.000019  -0.001730
      248 0.000019   0.001724
      917 0.000019   0.001719
      724 0.000019  -0.001716
      304 0.000018   0.001699
      385 0.000018   0.001698
      489 0.000018   0.001689
      646 0.000018   0.001687
      170 0.000018  -0.001685
      401 0.000018  -0.001663
      971 0.000018  -0.001646
      437 0.000018   0.001643
      856 0.000018   0.001632
       57 0.000017  -0.001611
      927 0.000017  -0.001598
      755 0.000017  -0.001582
      633 0.000017   0.001563
      463 0.000017  -0.001559
       59 0.000017  -0.001556
      512 0.000017  -0.001555
      536 0.000017  -0.001550
      514 0.000017   0.001527
      966 0.000017   0.001522
     1052 0.000017   0.001520
      554 0.000016   0.001515
      384 0.000016  -0.001509
      957 0.000016   0.001507
      644 0.000016   0.001488
      221 0.000016  -0.001487
      315 0.000016   0.001486
      458 0.000016   0.001486
      538 0.000016   0.001482
      339 0.000016  -0.001476
      375 0.000016   0.001464
      810 0.000016   0.001462
      264 0.000016   0.001458
      324 0.000016  -0.001446
      934 0.000016  -0.001442
      268 0.000016  -0.001437
      316 0.000016   0.001432
      842 0.000016  -0.001427
      479 0.000015   0.001425
      244 0.000015  -0.001378
      449 0.000015  -0.001359
      195 0.000015   0.001351
      450 0.000014  -0.001300
      180 0.000014   0.001277
      695 0.000014   0.001267
      693 0.000014  -0.001263
     1096 0.000014   0.001251
      330 0.000014  -0.001245
      344 0.000013   0.001234
      883 0.000013   0.001233
      555 0.000013  -0.001225
      163 0.000013  -0.001224
       98 0.000013   0.001219
      791 0.000013   0.001214
     1010 0.000013   0.001205
      559 0.000013  -0.001202
      348 0.000013   0.001179
      426 0.000013   0.001165
      334 0.000013   0.001155
      478 0.000012   0.001150
      265 0.000012  -0.001145
      642 0.000012  -0.001130
      483 0.000012  -0.001124
      907 0.000012   0.001119
      345 0.000012  -0.001104
      835 0.000012  -0.001102
      822 0.000012   0.001100
      983 0.000012   0.001098
      290 0.000012   0.001095
       60 0.000012  -0.001093
      192 0.000012  -0.001089
      732 0.000012   0.001088
      462 0.000012   0.001088
      705 0.000012   0.001084
      363 0.000012   0.001067
      794 0.000012   0.001062
      404 0.000012  -0.001061
      510 0.000012  -0.001061
      314 0.000011   0.001033
      849 0.000011  -0.001027
     1073 0.000011  -0.001025
      590 0.000011  -0.001022
      534 0.000011  -0.001000
      949 0.000011   0.000998
      245 0.000011   0.000981
      152 0.000011  -0.000970
      309 0.000010  -0.000959
      473 0.000010  -0.000959
      418 0.000010  -0.000958
      151 0.000010  -0.000955
      916 0.000010  -0.000950
     1047 0.000010   0.000949
      229 0.000010  -0.000948
      619 0.000010   0.000946
      413 0.000010   0.000938
      752 0.000010   0.000937
      833 0.000010  -0.000933
euclid. distance of OLC and linear combination of EV * x_coef: 0.008796184086111986

Generate samples based on objective loadcase 366
nr_to_generate: 25

Parameter variation distribution settings
distribution: uniform
low: 0.7
high: 1.3

Total process runtime: 0:00:01.291200
