Date and Time:2023-05-12 14:10:03.847335

Initial Settings:
similarity_model: <function cosine_similarity at 0x000001D005A6E5E0>
similarity_threshold: 1e-05
nr_eigv_to_select: None
distribution: uniform
deviation: 0.3
nr_to_generate: 25
recompute: False

Selected eigenvectors and similarity score w.r.t objective loadcase:
objective_loadcase_nr: 192
similarity_model: cosine_similarity
similarity_threshold: 1e-05
nr_eigv_to_select: None
nr_eigv_selected: 601
approximation parameter model: lstsq
similarity score and approx. param. value
:  eigv_idx    score      value
        1 0.552882  61.967948
        3 0.543412  60.906627
        2 0.489178 -54.827963
        0 0.395897  44.372879
        6 0.050087   5.613834
       39 0.017342   1.943720
        4 0.010373   1.162655
      639 0.003465   0.388313
       68 0.002999  -0.336164
      186 0.002160  -0.242096
      612 0.001954  -0.219029
      593 0.001907  -0.213704
      586 0.001734   0.194389
      218 0.001733  -0.194268
      710 0.001550  -0.173769
      716 0.001536   0.172168
      618 0.001455   0.163112
      187 0.001384  -0.155099
      663 0.001329  -0.148951
      668 0.001307   0.146442
      595 0.001113   0.124746
      182 0.001099  -0.123232
      143 0.001000   0.112049
      194 0.000985   0.110379
      659 0.000958  -0.107411
      686 0.000906  -0.101513
      749 0.000859  -0.096294
      617 0.000854   0.095768
      388 0.000827  -0.092676
      688 0.000808  -0.090540
       71 0.000795  -0.089123
      626 0.000784   0.087902
      599 0.000753   0.084358
      184 0.000735  -0.082431
      562 0.000713  -0.079898
      582 0.000702  -0.078667
      635 0.000696   0.078012
      579 0.000691   0.077490
      700 0.000673   0.075408
      683 0.000663   0.074333
      578 0.000631   0.070725
      670 0.000624   0.069909
       69 0.000603  -0.067610
      183 0.000602   0.067496
      621 0.000577  -0.064663
      733 0.000551   0.061775
      735 0.000538  -0.060351
      253 0.000537  -0.060222
      666 0.000523  -0.058663
      341 0.000514   0.057576
      698 0.000511  -0.057316
       70 0.000505   0.056638
      602 0.000487  -0.054596
      708 0.000460   0.051574
      174 0.000458   0.051330
      567 0.000440  -0.049333
      153 0.000424   0.047553
      606 0.000422  -0.047308
      179 0.000420   0.047116
      718 0.000410  -0.045955
      577 0.000397  -0.044527
      575 0.000395   0.044323
      267 0.000392  -0.043946
      228 0.000392  -0.043916
      709 0.000391  -0.043850
      641 0.000387  -0.043339
      137 0.000385  -0.043187
      620 0.000384  -0.043024
      699 0.000370  -0.041525
      756 0.000366  -0.041012
      210 0.000362  -0.040523
      362 0.000357  -0.040022
      220 0.000355  -0.039837
      583 0.000355  -0.039804
      171 0.000353  -0.039517
      757 0.000327  -0.036639
      741 0.000309   0.034669
      704 0.000307  -0.034425
      601 0.000306   0.034283
      807 0.000303   0.033929
      403 0.000302   0.033898
      848 0.000292  -0.032739
      204 0.000290   0.032551
      419 0.000286  -0.032037
      604 0.000285  -0.031951
      631 0.000283  -0.031709
      853 0.000281  -0.031447
      243 0.000277   0.031027
      412 0.000277  -0.030992
      739 0.000271  -0.030421
      383 0.000269   0.030117
      628 0.000264   0.029606
      576 0.000263  -0.029519
      587 0.000257   0.028752
      132 0.000248   0.027809
      199 0.000247  -0.027682
      400 0.000239  -0.026777
      570 0.000237  -0.026563
      707 0.000236  -0.026477
      750 0.000231   0.025888
      258 0.000230  -0.025742
      753 0.000229  -0.025702
      787 0.000227   0.025433
      273 0.000224  -0.025105
      161 0.000221   0.024786
      573 0.000216   0.024206
      377 0.000215  -0.024070
      580 0.000213  -0.023894
      658 0.000204   0.022857
      271 0.000204   0.022821
      255 0.000201  -0.022572
      148 0.000199   0.022352
      254 0.000197   0.022099
      356 0.000197  -0.022068
      815 0.000187  -0.020934
      941 0.000183  -0.020473
      800 0.000183  -0.020467
      793 0.000181  -0.020299
      175 0.000180  -0.020157
      557 0.000179  -0.020095
      564 0.000178  -0.019946
      828 0.000177  -0.019846
      277 0.000177   0.019785
      665 0.000169  -0.018965
      857 0.000168  -0.018824
      301 0.000167  -0.018731
      235 0.000165  -0.018534
      369 0.000164   0.018359
      427 0.000162  -0.018121
      217 0.000160  -0.017916
      855 0.000160  -0.017881
      743 0.000158  -0.017741
      687 0.000158   0.017666
      818 0.000157  -0.017589
      566 0.000157   0.017548
      667 0.000157   0.017546
      726 0.000156  -0.017475
      574 0.000156  -0.017451
      696 0.000155  -0.017347
      820 0.000154  -0.017210
      711 0.000153   0.017119
      640 0.000152  -0.017070
      380 0.000152   0.017028
      247 0.000152   0.016980
      784 0.000149  -0.016750
      241 0.000145   0.016305
      251 0.000141  -0.015808
      629 0.000141  -0.015750
      299 0.000140   0.015745
      585 0.000140  -0.015742
      292 0.000139  -0.015587
      790 0.000139   0.015527
      824 0.000136   0.015209
      361 0.000136   0.015197
      227 0.000135   0.015137
      230 0.000134  -0.015071
      234 0.000134   0.015035
      269 0.000133  -0.014946
      553 0.000132  -0.014806
      605 0.000132  -0.014780
      847 0.000132   0.014748
      645 0.000129   0.014470
      398 0.000129  -0.014451
      353 0.000129  -0.014416
      690 0.000128   0.014380
      354 0.000128   0.014317
      808 0.000126   0.014096
      638 0.000126  -0.014071
      859 0.000121   0.013563
      239 0.000121   0.013551
      908 0.000121  -0.013535
      436 0.000119   0.013371
      829 0.000119   0.013310
      291 0.000118   0.013206
      549 0.000118  -0.013189
      294 0.000117  -0.013078
      373 0.000117  -0.013074
      795 0.000116   0.013002
      138 0.000116   0.012949
       91 0.000115  -0.012857
      552 0.000113  -0.012705
      394 0.000113   0.012639
      974 0.000112   0.012603
      281 0.000111   0.012492
      798 0.000111   0.012480
      423 0.000111  -0.012453
      236 0.000110   0.012350
      431 0.000108  -0.012100
      107 0.000107  -0.012002
      736 0.000106  -0.011860
      257 0.000106  -0.011826
      697 0.000105   0.011802
      759 0.000105   0.011771
      799 0.000105  -0.011727
      742 0.000104  -0.011704
      193 0.000104  -0.011687
      581 0.000104  -0.011668
      295 0.000103  -0.011600
      600 0.000103  -0.011577
      840 0.000103  -0.011548
      594 0.000103  -0.011520
      882 0.000103   0.011505
      313 0.000102  -0.011423
      770 0.000098   0.011037
      209 0.000096  -0.010735
      569 0.000096   0.010717
      308 0.000095  -0.010669
      701 0.000095  -0.010637
      616 0.000093  -0.010377
      392 0.000092   0.010347
      386 0.000092   0.010337
      773 0.000091   0.010255
      367 0.000091   0.010193
      263 0.000090  -0.010085
      355 0.000090   0.010067
      632 0.000090   0.010066
      584 0.000088  -0.009861
      832 0.000087   0.009748
      298 0.000087  -0.009698
      844 0.000086  -0.009672
      782 0.000086  -0.009625
      266 0.000085  -0.009524
      843 0.000085  -0.009496
      734 0.000085  -0.009480
     1095 0.000085  -0.009476
      302 0.000084  -0.009458
      740 0.000083  -0.009345
      611 0.000083  -0.009328
      279 0.000082  -0.009195
      778 0.000081  -0.009028
      560 0.000080  -0.008958
      744 0.000079  -0.008895
      801 0.000078  -0.008793
      937 0.000078  -0.008724
      322 0.000077  -0.008649
      955 0.000077   0.008608
      610 0.000077  -0.008593
      343 0.000076  -0.008550
      591 0.000076   0.008516
      374 0.000076   0.008487
      206 0.000076   0.008477
      684 0.000075  -0.008423
      428 0.000074   0.008314
      728 0.000074  -0.008243
      335 0.000072  -0.008106
      414 0.000072   0.008025
      333 0.000071  -0.007999
      597 0.000071  -0.007953
      596 0.000070  -0.007861
     1005 0.000069   0.007719
      978 0.000069   0.007680
      359 0.000068  -0.007647
      329 0.000068  -0.007605
      320 0.000068   0.007596
      913 0.000068  -0.007593
      406 0.000067  -0.007488
      723 0.000067  -0.007474
      627 0.000066   0.007435
      223 0.000066   0.007384
      879 0.000064  -0.007172
      312 0.000064  -0.007155
      864 0.000063   0.007106
      545 0.000063  -0.007056
      948 0.000062   0.006976
      364 0.000062   0.006948
      748 0.000061  -0.006839
      922 0.000060  -0.006759
      762 0.000060   0.006757
      826 0.000060  -0.006682
      789 0.000059   0.006597
      325 0.000059  -0.006580
      765 0.000059   0.006573
      290 0.000058   0.006534
      589 0.000058  -0.006513
      539 0.000058   0.006496
      262 0.000058  -0.006477
      803 0.000058   0.006466
      654 0.000058   0.006462
      776 0.000058  -0.006449
      572 0.000058  -0.006446
      831 0.000056   0.006318
      216 0.000056  -0.006279
      390 0.000056   0.006246
      402 0.000056  -0.006229
      891 0.000055  -0.006137
      895 0.000055   0.006123
      318 0.000054  -0.006089
      425 0.000054   0.006078
      275 0.000054  -0.006059
      350 0.000054  -0.006012
      821 0.000053  -0.005980
      337 0.000052  -0.005787
      296 0.000050  -0.005616
      860 0.000050  -0.005616
      863 0.000050  -0.005583
      722 0.000050  -0.005561
      264 0.000049  -0.005510
      276 0.000049   0.005509
      802 0.000049   0.005492
      943 0.000049   0.005484
      561 0.000048   0.005368
      214 0.000047   0.005298
      609 0.000047   0.005272
      330 0.000047  -0.005265
      528 0.000047   0.005262
      261 0.000047  -0.005251
      259 0.000046  -0.005141
      823 0.000046   0.005117
      245 0.000046  -0.005100
      332 0.000043  -0.004841
      542 0.000043   0.004837
      870 0.000043  -0.004834
      805 0.000042  -0.004728
      405 0.000042   0.004691
      540 0.000042  -0.004688
      694 0.000041   0.004628
      413 0.000041   0.004615
      232 0.000040  -0.004534
      249 0.000040  -0.004533
      314 0.000040  -0.004483
      643 0.000040  -0.004452
      881 0.000039  -0.004418
      334 0.000039   0.004388
      293 0.000039   0.004372
      987 0.000039   0.004324
      613 0.000038   0.004263
      894 0.000038  -0.004233
      164 0.000037   0.004201
      880 0.000037   0.004184
      884 0.000037  -0.004180
      409 0.000037  -0.004171
      535 0.000037   0.004166
      268 0.000037  -0.004153
      792 0.000037   0.004146
      775 0.000037   0.004129
      603 0.000037  -0.004126
      928 0.000037  -0.004121
      326 0.000037   0.004118
      407 0.000037  -0.004109
      874 0.000037  -0.004109
      448 0.000036   0.004041
      321 0.000035  -0.003944
      224 0.000035  -0.003913
      904 0.000035   0.003892
     1001 0.000035  -0.003889
      590 0.000034  -0.003848
      681 0.000034  -0.003841
      357 0.000034   0.003834
      272 0.000034   0.003806
      680 0.000034   0.003779
       60 0.000034   0.003760
      215 0.000034  -0.003757
      867 0.000033   0.003727
      491 0.000033   0.003724
      198 0.000033   0.003707
      965 0.000033  -0.003707
      488 0.000032   0.003639
      518 0.000032   0.003607
      933 0.000032   0.003603
       59 0.000032   0.003586
      310 0.000032  -0.003540
      118 0.000032  -0.003536
      222 0.000031  -0.003477
      169 0.000031  -0.003444
      399 0.000030  -0.003415
      244 0.000030  -0.003404
      993 0.000030   0.003378
      410 0.000030  -0.003351
      532 0.000030   0.003345
      837 0.000030  -0.003338
      104 0.000030   0.003312
     1025 0.000030   0.003309
      530 0.000029   0.003287
       81 0.000029   0.003281
      475 0.000029  -0.003270
      307 0.000029  -0.003268
      849 0.000029   0.003257
      309 0.000029   0.003251
     1032 0.000029   0.003249
      347 0.000029  -0.003235
      123 0.000029   0.003229
      142 0.000029  -0.003229
      625 0.000029   0.003210
      942 0.000028   0.003169
      950 0.000028  -0.003146
      274 0.000028  -0.003135
      368 0.000028  -0.003121
      858 0.000027  -0.003080
      158 0.000027   0.003075
      304 0.000027  -0.003065
      349 0.000027   0.003063
      146 0.000027   0.003028
      125 0.000027  -0.003028
      685 0.000027  -0.003021
      524 0.000027  -0.003011
      328 0.000027  -0.003009
      114 0.000027  -0.002998
      432 0.000027   0.002990
      260 0.000027   0.002983
      363 0.000027   0.002978
       95 0.000027   0.002976
      165 0.000026   0.002925
      323 0.000025  -0.002837
       99 0.000025   0.002813
      144 0.000025  -0.002811
       64 0.000025   0.002804
      935 0.000025  -0.002791
      342 0.000025   0.002766
       86 0.000024   0.002728
       80 0.000024  -0.002718
      636 0.000024  -0.002717
      250 0.000024   0.002714
      213 0.000024   0.002712
      814 0.000024   0.002709
      588 0.000024   0.002695
       73 0.000024   0.002689
       88 0.000024  -0.002688
       87 0.000024   0.002664
      712 0.000024   0.002662
       63 0.000024  -0.002648
     1017 0.000024   0.002637
      445 0.000023  -0.002577
      170 0.000023   0.002546
      159 0.000022   0.002498
      592 0.000022  -0.002496
      396 0.000022   0.002484
      900 0.000022  -0.002480
      424 0.000022  -0.002450
       93 0.000022  -0.002446
     1034 0.000022  -0.002410
      763 0.000021  -0.002392
      338 0.000021  -0.002388
       83 0.000021  -0.002386
      289 0.000021   0.002383
      724 0.000021   0.002376
      479 0.000021   0.002368
      336 0.000021   0.002367
      397 0.000021  -0.002356
      420 0.000021   0.002332
      141 0.000021   0.002320
      131 0.000021  -0.002318
      145 0.000020  -0.002293
      119 0.000020   0.002285
      365 0.000020   0.002262
      401 0.000020   0.002249
      705 0.000020  -0.002244
      856 0.000020   0.002237
      248 0.000020  -0.002237
      519 0.000020   0.002233
      917 0.000020   0.002227
      101 0.000020   0.002226
      155 0.000020   0.002210
      237 0.000020   0.002206
      371 0.000020   0.002201
      693 0.000020   0.002192
      555 0.000019   0.002175
      714 0.000019  -0.002174
      554 0.000019  -0.002174
       89 0.000019   0.002160
       57 0.000019   0.002155
      112 0.000019   0.002151
       74 0.000019   0.002148
      191 0.000019   0.002138
      358 0.000019  -0.002123
      221 0.000019   0.002123
      157 0.000019  -0.002122
      695 0.000019  -0.002121
      502 0.000019   0.002114
      382 0.000019   0.002106
      839 0.000019   0.002089
      536 0.000019  -0.002087
      526 0.000019   0.002082
      811 0.000019   0.002080
      455 0.000018  -0.002027
      360 0.000018  -0.002023
      512 0.000018  -0.002016
      538 0.000018   0.002004
      324 0.000018  -0.002004
      875 0.000018  -0.001998
      115 0.000018  -0.001981
      514 0.000018   0.001980
      921 0.000018  -0.001969
       77 0.000018  -0.001967
      463 0.000017  -0.001951
      117 0.000017  -0.001930
       66 0.000017   0.001921
      971 0.000017  -0.001918
     1052 0.000017   0.001913
      842 0.000017  -0.001905
      458 0.000017   0.001895
       94 0.000017   0.001893
      489 0.000017   0.001884
      265 0.000017   0.001881
      233 0.000017   0.001869
      242 0.000017   0.001862
      964 0.000017   0.001857
      452 0.000017  -0.001850
      346 0.000016   0.001848
      160 0.000016   0.001824
      270 0.000016  -0.001819
      780 0.000016  -0.001819
      650 0.000016  -0.001809
      927 0.000016  -0.001792
      121 0.000016   0.001791
      162 0.000016   0.001785
      404 0.000016   0.001782
      565 0.000016  -0.001760
      876 0.000016  -0.001759
      691 0.000016   0.001757
      437 0.000016   0.001755
      938 0.000016   0.001752
      729 0.000016   0.001747
      988 0.000015  -0.001713
       76 0.000015   0.001698
      907 0.000015   0.001692
      934 0.000015  -0.001654
      128 0.000015  -0.001651
      284 0.000015   0.001645
      816 0.000015   0.001645
      181 0.000015   0.001643
      794 0.000015   0.001641
      966 0.000014   0.001590
      395 0.000014  -0.001581
      619 0.000014   0.001579
      319 0.000014   0.001574
      732 0.000014   0.001569
      505 0.000014   0.001566
      623 0.000014   0.001552
      339 0.000014  -0.001549
      240 0.000014  -0.001543
     1010 0.000013   0.001510
      483 0.000013  -0.001509
      379 0.000013  -0.001507
      287 0.000013  -0.001495
      810 0.000013   0.001481
      669 0.000013   0.001476
      192 0.000013  -0.001453
      949 0.000013   0.001452
      100 0.000013  -0.001442
      888 0.000013   0.001439
      152 0.000013   0.001432
      450 0.000013  -0.001421
      352 0.000013   0.001408
      109 0.000013  -0.001403
      147 0.000012   0.001375
      957 0.000012   0.001363
      201 0.000012  -0.001359
       50 0.000012  -0.001354
      664 0.000012   0.001347
      675 0.000012  -0.001330
       48 0.000012   0.001321
       82 0.000012  -0.001315
      226 0.000012  -0.001314
      791 0.000012   0.001305
      197 0.000012  -0.001302
      196 0.000012   0.001301
       13 0.000012  -0.001294
       90 0.000012   0.001294
     1073 0.000011  -0.001288
      653 0.000011  -0.001284
      534 0.000011  -0.001283
       14 0.000011   0.001283
       46 0.000011   0.001275
      172 0.000011   0.001264
      487 0.000011  -0.001257
      163 0.000011   0.001256
       55 0.000011   0.001248
      156 0.000011   0.001246
      344 0.000011   0.001241
       61 0.000011   0.001240
      387 0.000011  -0.001236
       21 0.000011  -0.001234
      473 0.000011  -0.001231
      188 0.000011  -0.001216
      252 0.000011  -0.001215
      139 0.000011  -0.001211
      116 0.000011  -0.001207
      655 0.000011  -0.001207
      568 0.000011   0.001206
      769 0.000011   0.001206
      136 0.000011  -0.001203
      977 0.000011   0.001197
      883 0.000011   0.001195
      835 0.000011  -0.001190
     1096 0.000011   0.001186
      833 0.000011  -0.001186
      297 0.000011  -0.001186
      113 0.000011  -0.001182
      461 0.000011   0.001180
      370 0.000010   0.001170
      983 0.000010   0.001170
     1047 0.000010   0.001168
      804 0.000010  -0.001163
       79 0.000010   0.001158
      644 0.000010   0.001156
      278 0.000010   0.001144
      154 0.000010   0.001142
       98 0.000010  -0.001137
      149 0.000010  -0.001136
      637 0.000010  -0.001131
      111 0.000010  -0.001128
euclid. distance of OLC and linear combination of EV * x_coef: 0.01066736367367916

Generate samples based on objective loadcase 192
nr_to_generate: 25

Parameter variation distribution settings
distribution: uniform
low: 0.7
high: 1.3

Total process runtime: 0:00:01.495474
