Date and Time:2023-05-12 14:10:38.181096

Initial Settings:
similarity_model: <function cosine_similarity at 0x000001D005A6E5E0>
similarity_threshold: 1e-05
nr_eigv_to_select: None
distribution: uniform
deviation: 0.3
nr_to_generate: 25
recompute: False

Selected eigenvectors and similarity score w.r.t objective loadcase:
objective_loadcase_nr: 218
similarity_model: cosine_similarity
similarity_threshold: 1e-05
nr_eigv_to_select: None
nr_eigv_selected: 459
approximation parameter model: lstsq
similarity score and approx. param. value
:  eigv_idx    score      value
        1 0.556962  66.922810
        3 0.531802  63.899697
        2 0.492158 -59.136175
        0 0.400935  48.175157
        6 0.059783   7.183307
       39 0.014705   1.766944
        4 0.010058   1.208574
       68 0.005419  -0.651081
      639 0.003998   0.480399
      186 0.002424  -0.291302
       71 0.002307  -0.277227
      612 0.002157  -0.259171
      593 0.002066  -0.248262
       69 0.001898  -0.228064
      586 0.001884   0.226411
      618 0.001670   0.200682
      663 0.001643  -0.197378
      716 0.001628   0.195580
      187 0.001591  -0.191212
      218 0.001508  -0.181140
      668 0.001476   0.177341
      710 0.001459  -0.175364
      595 0.001186   0.142455
      182 0.001149  -0.138097
      194 0.001133   0.136098
      659 0.001122  -0.134782
      617 0.001006   0.120900
      686 0.000908  -0.109096
      388 0.000902  -0.108430
       70 0.000900   0.108142
      700 0.000881   0.105915
      599 0.000833   0.100068
      626 0.000830   0.099682
      184 0.000819  -0.098357
      635 0.000815   0.097910
      143 0.000808   0.097146
      683 0.000794   0.095458
      579 0.000794   0.095414
      670 0.000786   0.094499
      688 0.000786  -0.094394
      562 0.000783  -0.094040
      582 0.000766  -0.092069
      578 0.000714   0.085815
      183 0.000702   0.084331
      698 0.000697  -0.083751
      733 0.000679   0.081584
      621 0.000662  -0.079571
      228 0.000657  -0.078959
      666 0.000603  -0.072429
      718 0.000595  -0.071531
      749 0.000569  -0.068349
      602 0.000566  -0.067991
      253 0.000555  -0.066724
      341 0.000550   0.066140
      704 0.000545  -0.065441
      699 0.000483  -0.058010
      708 0.000463   0.055679
      179 0.000461   0.055449
      641 0.000450  -0.054113
      174 0.000450   0.054079
      567 0.000441  -0.052956
      210 0.000430  -0.051671
      735 0.000428  -0.051445
      171 0.000424  -0.050994
      606 0.000415  -0.049858
      153 0.000413   0.049671
      583 0.000407  -0.048928
      577 0.000401  -0.048173
      620 0.000397  -0.047708
      575 0.000394   0.047388
      362 0.000393  -0.047184
      709 0.000372  -0.044683
      220 0.000369  -0.044313
      137 0.000358  -0.043006
      707 0.000345  -0.041506
      631 0.000342  -0.041152
      604 0.000341  -0.040968
      267 0.000335  -0.040256
      204 0.000327   0.039306
      848 0.000326  -0.039203
      576 0.000323  -0.038780
      628 0.000322   0.038718
      243 0.000319   0.038272
      419 0.000312  -0.037453
      403 0.000308   0.037065
      601 0.000308   0.037057
      412 0.000299  -0.035971
      756 0.000289  -0.034780
      757 0.000282  -0.033919
      807 0.000281   0.033708
      587 0.000272   0.032726
      400 0.000271  -0.032617
      254 0.000271   0.032569
      199 0.000270  -0.032480
      383 0.000266   0.031909
      236 0.000264   0.031754
      573 0.000262   0.031519
      271 0.000260   0.031184
      815 0.000251  -0.030113
      787 0.000250   0.029990
      161 0.000249   0.029907
      132 0.000249   0.029898
      148 0.000246   0.029549
      377 0.000239  -0.028768
       91 0.000238  -0.028628
      277 0.000234   0.028127
      753 0.000233  -0.027937
      570 0.000232  -0.027927
      658 0.000232   0.027828
      640 0.000228  -0.027432
      258 0.000227  -0.027324
      580 0.000226  -0.027214
      665 0.000223  -0.026747
      696 0.000217  -0.026104
      564 0.000214  -0.025679
      234 0.000208   0.025022
      941 0.000205  -0.024688
      759 0.000202   0.024217
      853 0.000196  -0.023601
      687 0.000193   0.023190
      138 0.000187   0.022446
      667 0.000186   0.022370
      175 0.000180  -0.021591
      427 0.000177  -0.021256
      557 0.000177  -0.021208
      741 0.000176   0.021157
      566 0.000176   0.021124
      301 0.000176  -0.021094
      739 0.000170  -0.020480
      255 0.000167  -0.020054
      356 0.000167  -0.020041
      828 0.000167  -0.020037
      217 0.000166  -0.019935
      380 0.000165   0.019863
      800 0.000165  -0.019770
      361 0.000163   0.019559
      257 0.000163  -0.019533
      549 0.000162  -0.019482
      273 0.000159  -0.019059
      798 0.000156   0.018727
      574 0.000155  -0.018655
      711 0.000155   0.018630
      857 0.000154  -0.018510
      398 0.000153  -0.018390
      743 0.000153  -0.018354
      107 0.000150  -0.018080
      790 0.000150   0.017967
      247 0.000149   0.017896
      820 0.000148  -0.017795
      353 0.000147  -0.017721
      690 0.000146   0.017594
      249 0.000146  -0.017517
      295 0.000145  -0.017467
      784 0.000145  -0.017391
      299 0.000144   0.017307
      629 0.000143  -0.017180
      750 0.000142   0.017033
      373 0.000140  -0.016776
      645 0.000139   0.016713
      436 0.000138   0.016611
      585 0.000137  -0.016448
      847 0.000137   0.016430
      369 0.000136   0.016324
      697 0.000136   0.016288
      908 0.000135  -0.016198
      222 0.000133  -0.015987
      367 0.000132   0.015838
      801 0.000131  -0.015744
      581 0.000130  -0.015600
      859 0.000129   0.015501
      355 0.000129   0.015483
      974 0.000126   0.015159
      241 0.000123   0.014813
      793 0.000123  -0.014758
      423 0.000121  -0.014557
      354 0.000121   0.014517
      281 0.000120   0.014471
      600 0.000120  -0.014461
      308 0.000120  -0.014379
      431 0.000119  -0.014267
      736 0.000118  -0.014216
      294 0.000118  -0.014212
      638 0.000117  -0.014036
      740 0.000116  -0.013977
      605 0.000116  -0.013914
      803 0.000115   0.013850
      266 0.000114  -0.013686
      594 0.000114  -0.013669
      552 0.000113  -0.013592
      808 0.000113   0.013557
      269 0.000112  -0.013484
      855 0.000109  -0.013143
      553 0.000109  -0.013136
      726 0.000109  -0.013130
      795 0.000109   0.013094
      818 0.000109  -0.013085
      392 0.000109   0.013081
      684 0.000107  -0.012904
      840 0.000107  -0.012855
      762 0.000107   0.012813
      882 0.000106   0.012694
      844 0.000102  -0.012272
      572 0.000101  -0.012192
      742 0.000101  -0.012129
      262 0.000100  -0.012025
      829 0.000100   0.012024
      261 0.000100  -0.011956
      386 0.000099   0.011948
      561 0.000099   0.011933
      802 0.000099   0.011842
      193 0.000099  -0.011842
      832 0.000098   0.011772
      611 0.000097  -0.011705
      584 0.000097  -0.011636
      292 0.000096  -0.011587
      302 0.000095  -0.011457
      805 0.000094  -0.011324
      209 0.000094  -0.011295
      291 0.000093   0.011118
      312 0.000092  -0.011097
      799 0.000092  -0.011095
     1095 0.000092  -0.011070
      394 0.000092   0.011033
      343 0.000091  -0.010954
      597 0.000090  -0.010840
      632 0.000090   0.010829
      763 0.000087  -0.010479
      723 0.000087  -0.010418
      428 0.000085   0.010209
      390 0.000084   0.010132
      374 0.000084   0.010084
      701 0.000083  -0.009996
      955 0.000083   0.009952
      824 0.000082   0.009884
      826 0.000082  -0.009830
      263 0.000082  -0.009814
      776 0.000081  -0.009687
      748 0.000080  -0.009671
      414 0.000080   0.009661
      313 0.000080  -0.009642
      235 0.000079  -0.009460
      734 0.000078  -0.009416
      744 0.000077  -0.009200
      728 0.000076  -0.009107
      569 0.000076   0.009101
      560 0.000074  -0.008912
     1005 0.000074   0.008896
      913 0.000074  -0.008850
      275 0.000073  -0.008725
      232 0.000071  -0.008588
      654 0.000071   0.008554
      722 0.000071  -0.008533
      778 0.000070  -0.008463
      863 0.000070  -0.008461
      922 0.000070  -0.008411
      545 0.000070  -0.008383
      268 0.000069  -0.008241
      937 0.000068  -0.008220
      978 0.000068   0.008156
      596 0.000067  -0.008011
      603 0.000066  -0.007887
      879 0.000066  -0.007880
      539 0.000065   0.007845
      780 0.000064  -0.007741
      425 0.000064   0.007701
       88 0.000062   0.007482
      591 0.000062   0.007458
      407 0.000062  -0.007410
      843 0.000060  -0.007229
      895 0.000060   0.007171
      891 0.000059  -0.007061
      614 0.000058   0.007022
      131 0.000058  -0.006913
      858 0.000057  -0.006877
      251 0.000057  -0.006852
       93 0.000056   0.006762
      198 0.000056   0.006754
      870 0.000056  -0.006695
      322 0.000056  -0.006671
      789 0.000055   0.006594
      831 0.000052   0.006249
      528 0.000051   0.006174
      298 0.000051  -0.006131
      542 0.000050   0.006036
      540 0.000050  -0.005969
      297 0.000049  -0.005923
      224 0.000049  -0.005882
      397 0.000049  -0.005863
      864 0.000049   0.005850
      867 0.000048   0.005826
      206 0.000048   0.005814
      616 0.000048  -0.005811
      589 0.000048  -0.005804
      782 0.000048  -0.005718
      627 0.000047   0.005682
      325 0.000047  -0.005669
      821 0.000047  -0.005629
      409 0.000047  -0.005594
      765 0.000046   0.005587
      289 0.000046   0.005527
      773 0.000045   0.005441
      987 0.000045   0.005374
      413 0.000045   0.005363
      874 0.000044  -0.005341
      928 0.000044  -0.005274
      948 0.000043   0.005148
      319 0.000043   0.005126
      448 0.000042   0.005083
      770 0.000042   0.005060
      881 0.000042  -0.004996
      323 0.000041  -0.004874
      337 0.000040  -0.004861
      535 0.000040   0.004803
      950 0.000040  -0.004760
      677 0.000039   0.004721
      608 0.000039  -0.004696
      329 0.000037  -0.004505
     1001 0.000036  -0.004376
      860 0.000036  -0.004359
      279 0.000036  -0.004341
      530 0.000035   0.004236
      518 0.000035   0.004228
      884 0.000035  -0.004205
      933 0.000035   0.004196
      993 0.000035   0.004181
      880 0.000035   0.004181
      223 0.000035   0.004166
      310 0.000034  -0.004110
      491 0.000034   0.004096
      410 0.000034  -0.004051
      636 0.000034  -0.004044
      965 0.000033  -0.003987
      904 0.000033   0.003982
     1025 0.000033   0.003980
      488 0.000032   0.003880
      823 0.000032   0.003833
      592 0.000031  -0.003772
      532 0.000031   0.003719
      245 0.000031  -0.003688
      432 0.000031   0.003666
      475 0.000030  -0.003644
      364 0.000030   0.003622
      643 0.000030  -0.003608
      334 0.000030   0.003604
     1032 0.000030   0.003584
      842 0.000030  -0.003578
      650 0.000029  -0.003481
      332 0.000029  -0.003435
      942 0.000029   0.003435
      792 0.000029   0.003432
      894 0.000029  -0.003429
     1017 0.000028   0.003405
      445 0.000028  -0.003395
      814 0.000028   0.003393
      524 0.000028  -0.003374
      169 0.000028  -0.003359
      590 0.000028  -0.003312
      680 0.000027   0.003218
      938 0.000026   0.003176
      424 0.000026  -0.003170
      900 0.000026  -0.003157
      538 0.000025   0.002990
      838 0.000024   0.002939
      917 0.000024   0.002862
      610 0.000024  -0.002845
      359 0.000024  -0.002843
      519 0.000024   0.002839
      502 0.000023   0.002783
      342 0.000023   0.002735
      285 0.000023  -0.002731
     1034 0.000023  -0.002727
      333 0.000023  -0.002719
      315 0.000023   0.002714
      226 0.000022  -0.002681
      536 0.000022  -0.002660
      949 0.000022   0.002588
      455 0.000021  -0.002564
      943 0.000021   0.002548
      662 0.000021  -0.002530
      225 0.000021  -0.002504
      489 0.000021   0.002488
      685 0.000020  -0.002426
      714 0.000020  -0.002420
      420 0.000020   0.002414
      505 0.000020   0.002385
      512 0.000020  -0.002379
      830 0.000020   0.002357
      479 0.000019   0.002313
      694 0.000019   0.002286
     1052 0.000019   0.002259
      769 0.000019  -0.002238
      852 0.000019  -0.002231
      458 0.000019   0.002230
      463 0.000018  -0.002215
      324 0.000018  -0.002200
      227 0.000018  -0.002167
      526 0.000018   0.002139
      437 0.000018   0.002115
      230 0.000017   0.002098
      216 0.000017  -0.002082
      239 0.000017   0.002039
      360 0.000017  -0.002038
      514 0.000017   0.001988
      318 0.000017   0.001983
      732 0.000016   0.001961
      286 0.000016   0.001939
      357 0.000016   0.001933
      366 0.000016   0.001890
      349 0.000015  -0.001861
      727 0.000015  -0.001854
      888 0.000015   0.001849
      534 0.000015  -0.001822
      868 0.000015  -0.001794
      804 0.000015  -0.001787
      483 0.000015  -0.001784
      779 0.000015   0.001781
      964 0.000015   0.001778
      278 0.000015  -0.001774
      328 0.000015  -0.001765
      452 0.000015  -0.001745
      649 0.000015  -0.001744
      350 0.000014  -0.001735
      450 0.000014  -0.001719
      619 0.000014   0.001719
      543 0.000014  -0.001695
      856 0.000014   0.001648
      755 0.000014  -0.001637
      214 0.000013   0.001600
      816 0.000013   0.001577
      462 0.000013   0.001571
      320 0.000013   0.001551
      713 0.000013   0.001540
      346 0.000013   0.001539
      775 0.000013  -0.001518
     1047 0.000013   0.001518
      104 0.000012  -0.001487
       66 0.000012  -0.001482
      335 0.000012  -0.001478
      887 0.000012   0.001444
      229 0.000012   0.001428
      634 0.000012  -0.001418
      215 0.000011  -0.001371
      473 0.000011  -0.001358
      669 0.000011   0.001351
      702 0.000011  -0.001344
      907 0.000011   0.001332
      221 0.000011   0.001318
      988 0.000011  -0.001312
      487 0.000011  -0.001283
      796 0.000011   0.001269
      681 0.000011  -0.001266
      347 0.000011  -0.001263
      984 0.000010   0.001252
      363 0.000010   0.001244
     1010 0.000010   0.001240
      510 0.000010  -0.001232
      248 0.000010  -0.001219
      191 0.000010   0.001213
      233 0.000010   0.001204
euclid. distance of OLC and linear combination of EV * x_coef: 0.0102711952263403

Generate samples based on objective loadcase 218
nr_to_generate: 25

Parameter variation distribution settings
distribution: uniform
low: 0.7
high: 1.3

Total process runtime: 0:00:01.278870
