Date and Time:2023-05-12 14:27:57.416027

Initial Settings:
similarity_model: <function cosine_similarity at 0x000001D005A6E5E0>
similarity_threshold: 1e-05
nr_eigv_to_select: None
distribution: uniform
deviation: 0.3
nr_to_generate: 25
recompute: False

Selected eigenvectors and similarity score w.r.t objective loadcase:
objective_loadcase_nr: 996
similarity_model: cosine_similarity
similarity_threshold: 1e-05
nr_eigv_to_select: None
nr_eigv_selected: 530
approximation parameter model: lstsq
similarity score and approx. param. value
:  eigv_idx    score      value
        1 0.563009  59.828318
        3 0.526148  55.911305
        2 0.485683 -51.611206
        0 0.407608  43.314584
        6 0.061481   6.533296
       39 0.012284   1.305410
        4 0.009658   1.026331
       68 0.006198  -0.658645
      639 0.003917   0.416214
       71 0.002889  -0.307018
      186 0.002455  -0.260833
       69 0.002405  -0.255601
      612 0.002116  -0.224845
      593 0.001953  -0.207575
      586 0.001778   0.188935
      618 0.001735   0.184326
      187 0.001659  -0.176296
      663 0.001648  -0.175141
      716 0.001619   0.172018
      668 0.001487   0.158032
      710 0.001426  -0.151548
      218 0.001341  -0.142551
      182 0.001186  -0.125984
      194 0.001148   0.121993
      659 0.001117  -0.118749
      595 0.001100   0.116840
       70 0.001029   0.109299
      617 0.001025   0.108956
      700 0.000907   0.096343
      184 0.000905  -0.096146
      686 0.000858  -0.091156
      683 0.000854   0.090792
      388 0.000851  -0.090471
      579 0.000841   0.089413
      635 0.000805   0.085499
      599 0.000796   0.084579
      143 0.000796   0.084566
      688 0.000771  -0.081949
      562 0.000763  -0.081048
      183 0.000755   0.080227
      582 0.000740  -0.078626
      670 0.000715   0.075952
      626 0.000711   0.075560
      578 0.000708   0.075220
      228 0.000703  -0.074747
      749 0.000701  -0.074470
      698 0.000642  -0.068189
      733 0.000623   0.066241
      666 0.000605  -0.064265
      621 0.000604  -0.064190
      602 0.000543  -0.057657
      253 0.000540  -0.057432
      341 0.000513   0.054496
      179 0.000494   0.052511
      735 0.000488  -0.051841
      718 0.000485  -0.051575
      171 0.000473  -0.050252
      708 0.000463   0.049167
      641 0.000449  -0.047712
      153 0.000439   0.046626
      699 0.000436  -0.046310
      174 0.000434   0.046088
      210 0.000431  -0.045785
      362 0.000418  -0.044457
      583 0.000404  -0.042899
      220 0.000391  -0.041509
      567 0.000388  -0.041229
      704 0.000363  -0.038527
      709 0.000362  -0.038437
      575 0.000361   0.038395
      628 0.000361   0.038348
      137 0.000355  -0.037743
      606 0.000354  -0.037658
      631 0.000352  -0.037437
      604 0.000352  -0.037400
      577 0.000350  -0.037151
      576 0.000349  -0.037059
      620 0.000347  -0.036887
      756 0.000327  -0.034799
      243 0.000324   0.034398
      757 0.000316  -0.033605
      254 0.000306   0.032473
      267 0.000303  -0.032248
      848 0.000301  -0.031999
      419 0.000298  -0.031706
      573 0.000295   0.031312
      400 0.000289  -0.030721
      204 0.000285   0.030277
      236 0.000285   0.030259
      412 0.000280  -0.029734
      807 0.000276   0.029379
      787 0.000275   0.029208
      403 0.000273   0.029023
      640 0.000270  -0.028719
      601 0.000268   0.028524
      759 0.000264   0.028042
      271 0.000263   0.027962
      277 0.000257   0.027336
      587 0.000256   0.027216
      148 0.000254   0.026975
      815 0.000253  -0.026859
      132 0.000248   0.026312
      161 0.000244   0.025972
      707 0.000242  -0.025731
      741 0.000242   0.025680
      234 0.000238   0.025342
       91 0.000232  -0.024680
      853 0.000231  -0.024584
      658 0.000231   0.024505
      377 0.000227  -0.024173
      199 0.000220  -0.023373
      383 0.000219   0.023251
      580 0.000218  -0.023176
      570 0.000212  -0.022560
      665 0.000212  -0.022551
      138 0.000210   0.022292
      941 0.000208  -0.022114
      739 0.000205  -0.021776
      564 0.000203  -0.021564
      258 0.000202  -0.021492
      687 0.000197   0.020931
      361 0.000192   0.020406
      798 0.000187   0.019899
      753 0.000184  -0.019568
      549 0.000183  -0.019455
      750 0.000182   0.019365
      255 0.000181  -0.019251
      222 0.000178  -0.018932
      566 0.000177   0.018816
      367 0.000173   0.018391
      828 0.000172  -0.018257
      249 0.000170  -0.018109
      427 0.000170  -0.018085
      380 0.000170   0.018065
      398 0.000169  -0.017977
      355 0.000168   0.017842
      175 0.000166  -0.017669
      295 0.000165  -0.017508
      800 0.000163  -0.017338
      301 0.000162  -0.017231
      557 0.000160  -0.017026
      667 0.000160   0.017023
      857 0.000160  -0.016998
      257 0.000155  -0.016494
      107 0.000154  -0.016365
      820 0.000153  -0.016271
      353 0.000153  -0.016244
      711 0.000152   0.016175
      790 0.000151   0.016006
      743 0.000148  -0.015690
      436 0.000146   0.015515
      847 0.000146   0.015498
      690 0.000146   0.015486
      373 0.000145  -0.015415
      247 0.000138   0.014708
      762 0.000138   0.014707
      763 0.000138  -0.014631
      645 0.000137   0.014557
      629 0.000137  -0.014539
      908 0.000136  -0.014491
      308 0.000136  -0.014447
      574 0.000135  -0.014365
      801 0.000133  -0.014111
      585 0.000132  -0.014044
      281 0.000130   0.013843
      784 0.000130  -0.013827
      299 0.000129   0.013656
      974 0.000128   0.013617
      581 0.000127  -0.013501
      241 0.000127   0.013500
      859 0.000127   0.013479
      217 0.000126  -0.013430
      198 0.000124   0.013179
      266 0.000124  -0.013173
      390 0.000121   0.012847
      273 0.000121  -0.012815
      261 0.000119  -0.012660
      684 0.000118  -0.012586
      294 0.000118  -0.012546
      740 0.000118  -0.012545
      262 0.000117  -0.012435
      423 0.000116  -0.012379
      561 0.000116   0.012374
      882 0.000116   0.012344
      431 0.000116  -0.012331
      808 0.000115   0.012249
      600 0.000115  -0.012176
      818 0.000113  -0.011990
      803 0.000113   0.011957
      697 0.000111   0.011820
      638 0.000111  -0.011750
      605 0.000109  -0.011599
      840 0.000109  -0.011595
      386 0.000108   0.011469
      594 0.000108  -0.011460
      855 0.000106  -0.011317
      552 0.000106  -0.011273
      726 0.000105  -0.011164
      356 0.000103  -0.010959
      572 0.000103  -0.010920
      805 0.000100  -0.010667
      302 0.000100  -0.010655
      392 0.000100   0.010597
      844 0.000099  -0.010494
      611 0.000098  -0.010389
      802 0.000097   0.010259
      736 0.000096  -0.010239
      723 0.000096  -0.010214
      354 0.000096   0.010168
      793 0.000095  -0.010143
      269 0.000095  -0.010055
      829 0.000094   0.010031
     1095 0.000094  -0.010029
      795 0.000094   0.009994
      799 0.000093  -0.009857
      227 0.000092  -0.009827
      292 0.000092  -0.009777
      597 0.000091  -0.009708
      696 0.000091  -0.009684
      428 0.000090   0.009609
      584 0.000090  -0.009598
      407 0.000090  -0.009568
      824 0.000089   0.009506
      955 0.000088   0.009329
      343 0.000087  -0.009274
      734 0.000086  -0.009133
      414 0.000086   0.009117
      374 0.000086   0.009116
      832 0.000085   0.009008
      313 0.000085  -0.008983
      193 0.000084  -0.008943
      209 0.000083  -0.008802
      632 0.000082   0.008692
      275 0.000082  -0.008688
      701 0.000081  -0.008574
      742 0.000080  -0.008517
      312 0.000080  -0.008487
      369 0.000079   0.008399
      826 0.000076  -0.008081
      545 0.000075  -0.007933
     1005 0.000074   0.007894
      728 0.000074  -0.007887
      553 0.000074  -0.007854
      879 0.000074  -0.007851
      913 0.000074  -0.007835
      863 0.000074  -0.007819
      780 0.000073  -0.007784
      744 0.000072  -0.007689
      748 0.000072  -0.007626
      922 0.000071  -0.007584
      776 0.000071  -0.007552
      230 0.000071   0.007521
      603 0.000070  -0.007437
      843 0.000070  -0.007420
       88 0.000070   0.007404
      891 0.000070  -0.007404
      614 0.000068   0.007255
      425 0.000067   0.007170
      251 0.000067  -0.007151
      937 0.000067  -0.007129
      978 0.000066   0.007066
      268 0.000066  -0.007058
      596 0.000066  -0.007008
      397 0.000065  -0.006905
      394 0.000065   0.006874
      235 0.000064  -0.006843
      131 0.000064  -0.006840
      539 0.000063   0.006719
      789 0.000063   0.006649
      773 0.000061   0.006523
      291 0.000061   0.006480
      778 0.000061  -0.006431
      318 0.000060   0.006369
      245 0.000060  -0.006337
      895 0.000059   0.006241
      322 0.000057  -0.006107
      654 0.000057   0.006031
      770 0.000057   0.006027
       93 0.000056   0.005980
      722 0.000056  -0.005966
      560 0.000056  -0.005963
      319 0.000055   0.005896
      409 0.000055  -0.005828
      364 0.000053  -0.005600
      349 0.000052  -0.005572
      765 0.000052   0.005542
      589 0.000052  -0.005505
      569 0.000051   0.005469
      542 0.000051   0.005446
      298 0.000051  -0.005442
      540 0.000051  -0.005433
      864 0.000051   0.005418
      413 0.000050   0.005351
      782 0.000050  -0.005330
      677 0.000050   0.005329
      858 0.000050  -0.005277
      528 0.000050   0.005268
      263 0.000049  -0.005239
      297 0.000049  -0.005222
      232 0.000048  -0.005100
      867 0.000048   0.005087
      216 0.000048   0.005068
      402 0.000047   0.004981
      987 0.000047   0.004977
      870 0.000047  -0.004973
      224 0.000046  -0.004875
      821 0.000045  -0.004805
      928 0.000045  -0.004797
      448 0.000044   0.004673
      320 0.000043  -0.004611
      831 0.000043   0.004603
      608 0.000043  -0.004601
      881 0.000043  -0.004567
      830 0.000043   0.004546
      838 0.000043   0.004530
      214 0.000043  -0.004527
      406 0.000042   0.004509
      948 0.000041   0.004336
      359 0.000040   0.004278
      823 0.000040   0.004262
      769 0.000039  -0.004187
      874 0.000039  -0.004124
      169 0.000039  -0.004115
     1001 0.000038  -0.004091
      993 0.000038   0.004065
      323 0.000038  -0.004021
      965 0.000038  -0.004000
      310 0.000038  -0.003991
      950 0.000037  -0.003939
      535 0.000037   0.003936
      335 0.000037   0.003922
      530 0.000036   0.003839
      350 0.000036   0.003793
      904 0.000036   0.003773
      933 0.000035   0.003743
      226 0.000035   0.003742
     1025 0.000035   0.003740
      662 0.000035  -0.003719
      518 0.000035   0.003710
      860 0.000035  -0.003688
      276 0.000034  -0.003663
      285 0.000034  -0.003652
      839 0.000034  -0.003618
      342 0.000034   0.003610
      591 0.000034   0.003579
      223 0.000033   0.003550
      366 0.000033   0.003548
      357 0.000033  -0.003540
      650 0.000033  -0.003493
      432 0.000033   0.003485
      410 0.000033  -0.003468
      296 0.000033   0.003467
      325 0.000032  -0.003415
      215 0.000032   0.003386
      592 0.000032  -0.003365
      225 0.000032   0.003359
      289 0.000032   0.003351
      491 0.000031   0.003328
      264 0.000031   0.003303
      880 0.000031   0.003281
      445 0.000031  -0.003279
      894 0.000031  -0.003243
     1032 0.000030   0.003214
      627 0.000030   0.003189
      884 0.000030  -0.003160
      244 0.000030   0.003154
     1017 0.000030   0.003148
      814 0.000029   0.003100
      900 0.000029  -0.003091
      488 0.000029   0.003053
      532 0.000029   0.003045
      206 0.000029  -0.003040
      942 0.000029   0.003031
      775 0.000028  -0.003006
      475 0.000028  -0.002981
      424 0.000028  -0.002952
      636 0.000028  -0.002950
      360 0.000028   0.002923
      213 0.000027  -0.002909
      334 0.000027   0.002900
      779 0.000027   0.002876
      382 0.000027  -0.002858
      538 0.000026   0.002810
      524 0.000026  -0.002795
      917 0.000025   0.002646
      502 0.000025   0.002631
      233 0.000024  -0.002588
      337 0.000024  -0.002563
      519 0.000024   0.002546
      505 0.000024   0.002544
      252 0.000024  -0.002526
      713 0.000023   0.002439
      643 0.000023  -0.002423
      837 0.000023   0.002394
      489 0.000022   0.002383
      842 0.000022  -0.002382
      104 0.000022  -0.002364
      239 0.000022  -0.002359
      347 0.000022   0.002358
      192 0.000022   0.002339
      221 0.000022  -0.002335
      290 0.000022  -0.002314
      792 0.000022   0.002306
      178 0.000022   0.002301
      590 0.000022  -0.002300
      420 0.000022   0.002298
      536 0.000022  -0.002293
      455 0.000022  -0.002292
      943 0.000021   0.002285
     1034 0.000021  -0.002261
      237 0.000021  -0.002231
      727 0.000020  -0.002178
      384 0.000020  -0.002178
      938 0.000020   0.002159
      283 0.000020  -0.002114
      714 0.000020  -0.002109
      675 0.000020   0.002103
     1052 0.000020   0.002083
      512 0.000019  -0.002066
      278 0.000019  -0.002060
      949 0.000019   0.002029
      191 0.000019  -0.002007
      680 0.000019   0.001996
      458 0.000019   0.001987
      197 0.000018   0.001917
      437 0.000018   0.001910
      195 0.000018  -0.001897
      463 0.000018  -0.001884
      196 0.000017  -0.001850
      315 0.000017   0.001849
      405 0.000017  -0.001844
      685 0.000017  -0.001821
      324 0.000017  -0.001815
      101 0.000017  -0.001802
      332 0.000017  -0.001799
      694 0.000017  -0.001781
       86 0.000017  -0.001777
       99 0.000016  -0.001745
      534 0.000016  -0.001728
      479 0.000016   0.001711
      293 0.000016  -0.001690
      316 0.000016   0.001683
      526 0.000016   0.001679
      115 0.000016  -0.001673
      642 0.000016  -0.001664
      619 0.000016   0.001647
      868 0.000015  -0.001641
      284 0.000015  -0.001624
      188 0.000015  -0.001621
      287 0.000015   0.001613
      964 0.000015   0.001593
      333 0.000015   0.001589
       87 0.000015  -0.001571
      450 0.000015  -0.001563
      108 0.000015  -0.001558
      514 0.000015   0.001554
      483 0.000015  -0.001551
      240 0.000015   0.001544
       81 0.000014  -0.001513
      462 0.000014   0.001501
      732 0.000014   0.001489
      449 0.000014  -0.001488
       43 0.000014  -0.001480
      177 0.000014  -0.001469
      856 0.000014   0.001465
      664 0.000014  -0.001461
       80 0.000014   0.001457
      876 0.000014   0.001454
      229 0.000014  -0.001444
      331 0.000014  -0.001443
      903 0.000013  -0.001434
      200 0.000013  -0.001429
      543 0.000013  -0.001422
      238 0.000013  -0.001421
      387 0.000013   0.001418
      116 0.000013  -0.001411
      329 0.000013  -0.001398
      755 0.000013  -0.001396
      887 0.000013  -0.001378
      142 0.000013  -0.001377
     1047 0.000013   0.001375
      764 0.000013   0.001370
      172 0.000013  -0.001370
      875 0.000013   0.001364
      646 0.000013   0.001361
      816 0.000013   0.001351
       41 0.000013   0.001349
      760 0.000012   0.001312
      242 0.000012  -0.001301
      849 0.000012  -0.001295
       95 0.000012  -0.001279
       40 0.000012  -0.001273
       89 0.000012  -0.001270
      510 0.000012  -0.001268
      250 0.000012   0.001267
      693 0.000012  -0.001263
      106 0.000012   0.001259
      796 0.000012   0.001241
      141 0.000012   0.001232
      110 0.000012  -0.001231
       34 0.000012   0.001225
      984 0.000012   0.001223
      190 0.000011  -0.001212
      966 0.000011   0.001206
      634 0.000011  -0.001204
       35 0.000011   0.001191
      478 0.000011   0.001189
      473 0.000011  -0.001188
      136 0.000011  -0.001184
      351 0.000011   0.001183
      712 0.000011  -0.001183
      260 0.000011   0.001180
      452 0.000011  -0.001174
     1074 0.000011   0.001153
      673 0.000011   0.001146
      902 0.000011  -0.001145
      152 0.000011   0.001142
       36 0.000011   0.001134
      907 0.000011   0.001118
      883 0.000010   0.001111
      418 0.000010  -0.001106
      791 0.000010   0.001104
      305 0.000010   0.001102
      119 0.000010   0.001100
      201 0.000010   0.001096
       42 0.000010  -0.001086
      120 0.000010   0.001083
      959 0.000010   0.001077
      146 0.000010   0.001069
      117 0.000010  -0.001067
euclid. distance of OLC and linear combination of EV * x_coef: 0.010141833314630113

Generate samples based on objective loadcase 996
nr_to_generate: 25

Parameter variation distribution settings
distribution: uniform
low: 0.7
high: 1.3

Total process runtime: 0:00:01.340242
