Date and Time:2023-05-12 14:14:56.015626

Initial Settings:
similarity_model: <function cosine_similarity at 0x000001D005A6E5E0>
similarity_threshold: 1e-05
nr_eigv_to_select: None
distribution: uniform
deviation: 0.3
nr_to_generate: 25
recompute: False

Selected eigenvectors and similarity score w.r.t objective loadcase:
objective_loadcase_nr: 411
similarity_model: cosine_similarity
similarity_threshold: 1e-05
nr_eigv_to_select: None
nr_eigv_selected: 639
approximation parameter model: lstsq
similarity score and approx. param. value
:  eigv_idx    score      value
        3 0.552859  50.100456
        1 0.546849  49.555885
        2 0.491392 -44.530345
        0 0.389001  35.251544
        6 0.044491   4.031789
       39 0.018666   1.691555
        4 0.010750   0.974172
      639 0.003317   0.300615
       68 0.002670  -0.241999
      186 0.001918  -0.173779
      612 0.001894  -0.171660
      593 0.001857  -0.168325
      218 0.001820  -0.164892
      586 0.001713   0.155214
      710 0.001547  -0.140223
      716 0.001433   0.129874
      618 0.001378   0.124843
      668 0.001240   0.112395
      663 0.001240  -0.112343
      187 0.001234  -0.111854
      143 0.001215   0.110083
      182 0.001139  -0.103178
      595 0.001071   0.097060
      749 0.000950  -0.086093
      686 0.000898  -0.081399
      659 0.000893  -0.080912
      194 0.000858   0.077752
      184 0.000809  -0.073295
      388 0.000808  -0.073249
      688 0.000805  -0.072974
      617 0.000789   0.071484
      626 0.000778   0.070489
      599 0.000687   0.062285
      562 0.000687  -0.062254
      582 0.000670  -0.060702
      635 0.000669   0.060584
      579 0.000643   0.058287
      578 0.000626   0.056720
      683 0.000614   0.055644
      700 0.000595   0.053958
      670 0.000585   0.053055
      183 0.000577   0.052318
      735 0.000572  -0.051833
      621 0.000556  -0.050349
      733 0.000525   0.047554
      253 0.000524  -0.047475
      341 0.000505   0.045729
      137 0.000491  -0.044472
      666 0.000481  -0.043569
      698 0.000468  -0.042381
       71 0.000468  -0.042366
      708 0.000459   0.041589
      606 0.000455  -0.041208
       70 0.000454   0.041187
      602 0.000443  -0.040142
      174 0.000435   0.039439
      567 0.000435  -0.039413
      179 0.000435   0.039407
      153 0.000433   0.039252
      220 0.000411  -0.037201
      577 0.000400  -0.036263
      620 0.000392  -0.035494
      709 0.000387  -0.035064
      228 0.000379  -0.034386
      267 0.000378  -0.034255
      756 0.000378  -0.034240
      718 0.000376  -0.034052
      641 0.000367  -0.033297
      575 0.000363   0.032865
      583 0.000356  -0.032253
      171 0.000355  -0.032214
      741 0.000352   0.031877
      757 0.000345  -0.031285
      699 0.000340  -0.030793
      362 0.000338  -0.030652
       69 0.000322  -0.029156
      601 0.000316   0.028609
      403 0.000309   0.027990
      848 0.000300  -0.027144
      739 0.000295  -0.026767
      853 0.000292  -0.026426
      604 0.000285  -0.025806
      210 0.000282  -0.025567
      383 0.000282   0.025541
      243 0.000282   0.025540
      807 0.000282   0.025532
      419 0.000280  -0.025352
      704 0.000277  -0.025132
      412 0.000275  -0.024957
      204 0.000273   0.024766
      576 0.000266  -0.024098
      258 0.000265  -0.023980
      132 0.000257   0.023316
      750 0.000256   0.023163
      631 0.000255  -0.023147
      587 0.000252   0.022808
      628 0.000248   0.022456
      787 0.000243   0.021980
      753 0.000242  -0.021950
      199 0.000229  -0.020744
      400 0.000227  -0.020536
      356 0.000225  -0.020376
      570 0.000221  -0.020048
      273 0.000214  -0.019420
      377 0.000210  -0.019062
      277 0.000210   0.018992
      658 0.000209   0.018928
      161 0.000206   0.018646
      235 0.000205  -0.018573
      255 0.000196  -0.017778
      707 0.000195  -0.017682
      793 0.000194  -0.017552
      573 0.000190   0.017250
      580 0.000188  -0.017031
      818 0.000187  -0.016942
      271 0.000186   0.016861
      148 0.000186   0.016819
      369 0.000185   0.016760
      585 0.000180  -0.016324
      175 0.000179  -0.016186
      857 0.000178  -0.016137
      743 0.000178  -0.016112
      564 0.000176  -0.015941
      269 0.000172  -0.015600
      800 0.000171  -0.015466
      828 0.000171  -0.015458
      557 0.000170  -0.015400
      941 0.000167  -0.015105
      726 0.000166  -0.015046
      301 0.000165  -0.014951
      239 0.000164   0.014843
      605 0.000163  -0.014781
      251 0.000161  -0.014630
      711 0.000161   0.014608
      230 0.000161  -0.014592
      427 0.000160  -0.014496
      824 0.000158   0.014277
      254 0.000157   0.014241
      815 0.000156  -0.014145
      855 0.000155  -0.014039
      247 0.000155   0.014035
      667 0.000153   0.013867
      241 0.000152   0.013796
      566 0.000152   0.013795
      696 0.000151  -0.013718
      687 0.000151   0.013666
      820 0.000151  -0.013642
      629 0.000147  -0.013316
      665 0.000145  -0.013134
      380 0.000144   0.013033
      299 0.000142   0.012883
      553 0.000140  -0.012721
      574 0.000139  -0.012627
      292 0.000139  -0.012610
      784 0.000136  -0.012291
      790 0.000135   0.012261
      829 0.000135   0.012211
      227 0.000134   0.012152
      859 0.000134   0.012119
      640 0.000133  -0.012036
      354 0.000129   0.011678
      234 0.000126   0.011418
      209 0.000126  -0.011380
      353 0.000125  -0.011346
      770 0.000125   0.011334
      193 0.000124  -0.011237
      217 0.000123  -0.011191
      549 0.000123  -0.011163
      847 0.000121   0.011009
      690 0.000121   0.010990
      795 0.000120   0.010847
      742 0.000118  -0.010733
      808 0.000117   0.010573
      638 0.000114  -0.010313
      361 0.000112   0.010190
      294 0.000112  -0.010167
      308 0.000112  -0.010119
      436 0.000111   0.010073
      908 0.000111  -0.010041
      263 0.000110  -0.010001
      373 0.000110  -0.009977
      107 0.000109  -0.009922
      138 0.000109   0.009895
      423 0.000109  -0.009888
      697 0.000108   0.009785
      600 0.000108  -0.009749
      398 0.000107  -0.009716
      645 0.000107   0.009701
      431 0.000107  -0.009669
      281 0.000106   0.009650
      394 0.000106   0.009644
      364 0.000105   0.009499
      974 0.000104   0.009411
      291 0.000102   0.009227
      392 0.000102   0.009212
      295 0.000101  -0.009129
      773 0.000101   0.009124
      581 0.000100  -0.009097
      596 0.000100  -0.009090
      616 0.000100  -0.009070
      257 0.000100  -0.009055
       91 0.000100  -0.009035
      840 0.000099  -0.008931
      778 0.000098  -0.008918
      799 0.000097  -0.008749
      632 0.000096   0.008739
      591 0.000096   0.008722
      610 0.000096  -0.008685
      801 0.000096  -0.008677
      552 0.000096  -0.008662
      736 0.000094  -0.008561
      798 0.000094   0.008523
      882 0.000092   0.008305
      782 0.000090  -0.008193
      359 0.000090  -0.008180
      744 0.000087  -0.007889
      734 0.000086  -0.007834
      844 0.000086  -0.007774
      312 0.000086  -0.007770
      386 0.000086   0.007757
      728 0.000083  -0.007555
      611 0.000082  -0.007420
      343 0.000081  -0.007351
      290 0.000081   0.007351
      302 0.000080  -0.007228
      654 0.000080   0.007222
      350 0.000079  -0.007197
      569 0.000079   0.007160
      832 0.000079   0.007133
      223 0.000078   0.007104
      937 0.000078  -0.007070
      843 0.000078  -0.007068
     1095 0.000077  -0.007000
      298 0.000077  -0.006985
       81 0.000076   0.006926
       80 0.000076  -0.006916
      864 0.000075   0.006767
      701 0.000074  -0.006745
      627 0.000074   0.006709
      206 0.000074   0.006685
      262 0.000073  -0.006597
      367 0.000072   0.006491
      146 0.000072  -0.006485
      560 0.000071  -0.006439
      222 0.000070  -0.006385
      337 0.000070  -0.006385
      572 0.000070  -0.006375
      266 0.000070  -0.006374
      584 0.000070  -0.006343
      428 0.000070   0.006302
      329 0.000069  -0.006268
      955 0.000069   0.006248
      740 0.000069  -0.006245
      723 0.000069  -0.006229
      831 0.000068   0.006136
      414 0.000068   0.006127
      948 0.000067   0.006081
      103 0.000067  -0.006035
      374 0.000066   0.005987
       76 0.000066   0.005973
      588 0.000066   0.005945
      943 0.000066   0.005936
      323 0.000065  -0.005935
      128 0.000065   0.005932
     1005 0.000065   0.005922
      978 0.000065   0.005887
      322 0.000064  -0.005798
      594 0.000064  -0.005797
      313 0.000064  -0.005781
      748 0.000064  -0.005780
      105 0.000063  -0.005740
      402 0.000063  -0.005737
      158 0.000063  -0.005712
      913 0.000062  -0.005653
      130 0.000062   0.005614
       60 0.000062   0.005613
       59 0.000061   0.005552
      603 0.000061  -0.005517
      355 0.000061   0.005505
      545 0.000060  -0.005480
      236 0.000060   0.005446
      268 0.000060  -0.005443
       75 0.000060  -0.005441
      357 0.000060   0.005402
      589 0.000060  -0.005402
      609 0.000059   0.005383
      110 0.000059  -0.005379
      765 0.000059   0.005373
      333 0.000058  -0.005248
      164 0.000057   0.005164
      332 0.000057  -0.005141
       63 0.000056  -0.005084
      539 0.000056   0.005082
      318 0.000056  -0.005080
      821 0.000056  -0.005065
      279 0.000056  -0.005059
      406 0.000055  -0.004997
      315 0.000055   0.004968
      879 0.000055  -0.004942
      922 0.000054  -0.004919
      613 0.000054   0.004911
      826 0.000054  -0.004873
      160 0.000053  -0.004805
      335 0.000053  -0.004777
      684 0.000053  -0.004760
      884 0.000052  -0.004754
      860 0.000052  -0.004738
      590 0.000052  -0.004681
      895 0.000051   0.004655
      803 0.000051   0.004654
      152 0.000051  -0.004645
      425 0.000051   0.004640
      870 0.000051  -0.004635
      681 0.000051  -0.004615
       78 0.000051   0.004614
       93 0.000051  -0.004583
       86 0.000050   0.004543
      880 0.000050   0.004537
      108 0.000050  -0.004528
      694 0.000050   0.004514
      293 0.000050   0.004507
      259 0.000050  -0.004486
      159 0.000049  -0.004437
      213 0.000049   0.004428
      165 0.000049   0.004401
      561 0.000048   0.004340
      320 0.000047   0.004301
      309 0.000047   0.004277
      169 0.000047  -0.004252
      775 0.000047   0.004235
      894 0.000047  -0.004214
      823 0.000046   0.004193
      147 0.000046  -0.004187
      802 0.000046   0.004147
      874 0.000046  -0.004142
      528 0.000046   0.004139
      261 0.000046  -0.004130
      304 0.000045  -0.004101
      891 0.000045  -0.004095
      275 0.000045  -0.004066
      597 0.000045  -0.004035
      789 0.000044   0.003986
      360 0.000043  -0.003941
      245 0.000043  -0.003922
      145 0.000043   0.003899
      805 0.000043  -0.003883
      133 0.000043   0.003883
      314 0.000042  -0.003825
      264 0.000042  -0.003799
      136 0.000042  -0.003780
      792 0.000042   0.003770
      321 0.000041  -0.003758
      776 0.000041  -0.003698
      129 0.000041  -0.003696
       64 0.000041   0.003682
      101 0.000041  -0.003674
      904 0.000040   0.003617
      625 0.000040   0.003617
       57 0.000040   0.003610
      112 0.000040   0.003589
      334 0.000040   0.003585
      540 0.000040  -0.003584
      636 0.000039  -0.003579
      863 0.000039  -0.003552
      349 0.000039   0.003537
      759 0.000039   0.003495
      542 0.000038   0.003488
      288 0.000038  -0.003467
       96 0.000038   0.003444
      115 0.000038  -0.003410
      649 0.000038  -0.003404
      881 0.000038  -0.003400
      114 0.000037  -0.003396
       88 0.000037  -0.003387
      535 0.000037   0.003309
      325 0.000036  -0.003301
      125 0.000036   0.003291
      650 0.000036  -0.003259
       72 0.000036   0.003257
      680 0.000036   0.003230
      722 0.000035  -0.003184
      935 0.000035  -0.003169
      214 0.000035   0.003133
      762 0.000034   0.003102
      763 0.000034   0.003068
       89 0.000034   0.003065
      390 0.000033   0.003018
      409 0.000033  -0.003014
      987 0.000033   0.003014
      448 0.000033   0.003013
      244 0.000033  -0.003005
      226 0.000033  -0.002994
      491 0.000033   0.002989
       87 0.000033   0.002967
      310 0.000033  -0.002961
      260 0.000033   0.002960
      928 0.000033  -0.002952
      123 0.000032  -0.002899
      488 0.000032   0.002894
      695 0.000032  -0.002879
      933 0.000031   0.002848
      109 0.000031  -0.002843
      376 0.000031   0.002841
       62 0.000031   0.002837
      225 0.000031  -0.002820
      150 0.000031   0.002819
      134 0.000031   0.002812
     1001 0.000031  -0.002810
      942 0.000031   0.002808
      518 0.000031   0.002771
      198 0.000030   0.002758
      276 0.000030   0.002750
      162 0.000030   0.002738
      965 0.000030  -0.002719
      842 0.000029  -0.002667
      555 0.000029  -0.002663
      215 0.000029  -0.002633
      867 0.000029   0.002633
      532 0.000029   0.002621
       99 0.000029  -0.002612
      554 0.000029   0.002608
      410 0.000029  -0.002607
      475 0.000028  -0.002571
      950 0.000028  -0.002570
       98 0.000028  -0.002534
       55 0.000028   0.002513
       94 0.000028  -0.002499
      530 0.000027   0.002477
       14 0.000027   0.002453
      104 0.000027   0.002436
      296 0.000027  -0.002435
      328 0.000027  -0.002430
      317 0.000027   0.002420
      413 0.000027   0.002415
       83 0.000027  -0.002405
      319 0.000027   0.002404
     1032 0.000026   0.002395
       13 0.000026  -0.002383
      287 0.000026   0.002379
      297 0.000026  -0.002357
     1025 0.000026   0.002347
      326 0.000026   0.002345
      524 0.000026  -0.002338
      837 0.000026  -0.002332
      330 0.000026  -0.002325
      348 0.000026   0.002322
      664 0.000025   0.002309
      769 0.000025   0.002297
      407 0.000025  -0.002296
      116 0.000025  -0.002294
      345 0.000025   0.002293
      811 0.000025   0.002282
      432 0.000025   0.002243
      993 0.000024   0.002213
      988 0.000024  -0.002183
      964 0.000024   0.002176
      445 0.000024  -0.002167
      106 0.000024   0.002151
       67 0.000024  -0.002148
      685 0.000023  -0.002129
      858 0.000023  -0.002121
      921 0.000023  -0.002118
      623 0.000023   0.002108
      224 0.000023  -0.002103
       53 0.000023   0.002094
      352 0.000023   0.002067
      344 0.000023  -0.002060
      671 0.000023  -0.002052
        9 0.000023   0.002041
      216 0.000022  -0.002022
       21 0.000022  -0.002005
      120 0.000022   0.001998
      675 0.000022  -0.001988
      971 0.000022  -0.001975
      375 0.000022   0.001972
       10 0.000022   0.001971
      397 0.000022  -0.001963
      655 0.000022  -0.001963
      126 0.000022   0.001963
      338 0.000022   0.001962
       66 0.000022   0.001956
      100 0.000021  -0.001947
      424 0.000021  -0.001939
      712 0.000021   0.001937
      342 0.000021   0.001934
     1034 0.000021  -0.001930
     1017 0.000021   0.001921
      479 0.000021   0.001904
      185 0.000021   0.001900
      102 0.000021   0.001886
      957 0.000021   0.001877
       23 0.000020  -0.001847
      346 0.000020   0.001829
      248 0.000020  -0.001810
      648 0.000020  -0.001809
      382 0.000020   0.001809
      240 0.000020   0.001806
      804 0.000020  -0.001792
      142 0.000020   0.001782
      157 0.000020   0.001770
      307 0.000019  -0.001765
      856 0.000019   0.001764
      282 0.000019  -0.001762
     1096 0.000019   0.001760
      420 0.000019   0.001750
      519 0.000019   0.001723
      232 0.000019  -0.001720
      927 0.000019  -0.001714
      526 0.000019   0.001694
      156 0.000019   0.001693
      810 0.000019   0.001688
       56 0.000019  -0.001686
      814 0.000018   0.001676
      705 0.000018  -0.001668
      384 0.000018   0.001665
      966 0.000018   0.001660
      714 0.000018  -0.001635
      983 0.000018   0.001632
      163 0.000018   0.001630
      221 0.000018   0.001628
      724 0.000018   0.001626
       19 0.000018  -0.001590
      455 0.000017  -0.001583
      286 0.000017  -0.001580
      139 0.000017  -0.001576
      900 0.000017  -0.001575
      514 0.000017   0.001563
      117 0.000017  -0.001552
      502 0.000017   0.001542
      463 0.000017  -0.001534
      536 0.000017  -0.001534
      653 0.000017  -0.001529
      363 0.000017   0.001529
       73 0.000017   0.001524
      155 0.000017  -0.001517
      809 0.000017   0.001514
      401 0.000017  -0.001504
      849 0.000017   0.001503
       65 0.000017   0.001501
      512 0.000017  -0.001497
      559 0.000016  -0.001492
      283 0.000016  -0.001481
      839 0.000016   0.001472
      181 0.000016  -0.001465
      426 0.000016   0.001463
      938 0.000016   0.001463
      673 0.000016  -0.001463
      934 0.000016  -0.001460
      917 0.000016   0.001456
      372 0.000016  -0.001439
      693 0.000016   0.001437
      643 0.000016  -0.001431
      563 0.000016   0.001427
      378 0.000016  -0.001424
     1052 0.000016   0.001423
      144 0.000016   0.001422
      538 0.000016   0.001413
      458 0.000016   0.001409
      170 0.000016   0.001408
      437 0.000016   0.001408
      489 0.000015   0.001396
      598 0.000015  -0.001395
       58 0.000015   0.001390
      387 0.000015  -0.001390
      347 0.000015  -0.001382
      729 0.000015   0.001373
      977 0.000015   0.001372
      124 0.000015  -0.001366
      339 0.000015   0.001363
      755 0.000015  -0.001355
      816 0.000015   0.001351
     1073 0.000015  -0.001348
      608 0.000015   0.001335
      250 0.000015   0.001322
      395 0.000014   0.001306
      558 0.000014   0.001299
     1010 0.000014   0.001290
      188 0.000014  -0.001273
       24 0.000014   0.001265
       92 0.000014   0.001261
      677 0.000014  -0.001259
      644 0.000014  -0.001250
      119 0.000014   0.001248
      242 0.000014   0.001239
      141 0.000014  -0.001235
       74 0.000014  -0.001233
      794 0.000014   0.001231
      340 0.000014  -0.001226
      565 0.000013   0.001215
      385 0.000013   0.001192
       85 0.000013   0.001192
      647 0.000013   0.001192
      316 0.000013  -0.001190
       84 0.000013   0.001189
      452 0.000013  -0.001179
      732 0.000013   0.001175
      379 0.000013   0.001173
      265 0.000013   0.001164
      237 0.000013  -0.001162
      131 0.000013   0.001144
      404 0.000013  -0.001137
      916 0.000013  -0.001137
      450 0.000012  -0.001125
      483 0.000012  -0.001114
      907 0.000012   0.001107
      289 0.000012   0.001104
     1009 0.000012  -0.001102
      505 0.000012   0.001101
      324 0.000012   0.001074
       17 0.000012   0.001060
      841 0.000012   0.001056
      229 0.000012   0.001051
      351 0.000011   0.001011
      306 0.000011   0.001005
      358 0.000011  -0.000995
      835 0.000011  -0.000988
      127 0.000011  -0.000984
      830 0.000011   0.000982
      888 0.000011   0.000977
      949 0.000011   0.000970
       77 0.000011  -0.000967
      676 0.000011  -0.000963
      619 0.000011   0.000957
      371 0.000011  -0.000956
       34 0.000010   0.000950
      487 0.000010  -0.000949
      534 0.000010  -0.000948
      118 0.000010   0.000944
      473 0.000010  -0.000942
     1020 0.000010  -0.000940
      195 0.000010  -0.000934
      822 0.000010  -0.000932
      461 0.000010   0.000921
     1016 0.000010  -0.000921
      327 0.000010   0.000921
       32 0.000010   0.000919
       51 0.000010   0.000918
      399 0.000010  -0.000914
      607 0.000010   0.000914
euclid. distance of OLC and linear combination of EV * x_coef: 0.007879532313292492

Generate samples based on objective loadcase 411
nr_to_generate: 25

Parameter variation distribution settings
distribution: uniform
low: 0.7
high: 1.3

Total process runtime: 0:00:01.391028
