Date and Time:2023-05-12 14:22:51.854064

Initial Settings:
similarity_model: <function cosine_similarity at 0x000001D005A6E5E0>
similarity_threshold: 1e-05
nr_eigv_to_select: None
distribution: uniform
deviation: 0.3
nr_to_generate: 25
recompute: False

Selected eigenvectors and similarity score w.r.t objective loadcase:
objective_loadcase_nr: 769
similarity_model: cosine_similarity
similarity_threshold: 1e-05
nr_eigv_to_select: None
nr_eigv_selected: 472
approximation parameter model: lstsq
similarity score and approx. param. value
:  eigv_idx    score      value
        3 0.585239  44.813096
        1 0.515415  39.466517
        2 0.514051 -39.362093
        0 0.354662  27.157255
       39 0.028160   2.156257
        6 0.028073   2.149599
        4 0.012658   0.969261
      639 0.003360   0.257292
      218 0.002508  -0.192040
      593 0.002070  -0.158486
      586 0.001941   0.148665
      612 0.001939  -0.148443
      186 0.001908  -0.146109
      710 0.001589  -0.121670
      595 0.001265   0.096891
      187 0.001256  -0.096168
      716 0.001196   0.091569
       68 0.001182  -0.090523
      663 0.001092  -0.083610
      626 0.001079   0.082603
      618 0.001032   0.079014
      668 0.001013   0.077563
      686 0.000916  -0.070110
      388 0.000898  -0.068779
      194 0.000847   0.064836
      749 0.000820  -0.062807
      143 0.000816   0.062511
      688 0.000779  -0.059640
      599 0.000760   0.058205
      659 0.000746  -0.057132
      617 0.000722   0.055250
      621 0.000717  -0.054912
      562 0.000713  -0.054610
      582 0.000703  -0.053838
      635 0.000692   0.052969
      670 0.000686   0.052520
      704 0.000656  -0.050239
      578 0.000633   0.048471
      183 0.000620   0.047506
      341 0.000598   0.045784
      733 0.000577   0.044209
      718 0.000573  -0.043860
      567 0.000567  -0.043386
      606 0.000557  -0.042672
      577 0.000556  -0.042544
      602 0.000539  -0.041298
      579 0.000492   0.037691
      267 0.000491  -0.037608
      708 0.000487   0.037275
      698 0.000486  -0.037231
      735 0.000482  -0.036893
       69 0.000480   0.036722
      253 0.000478  -0.036572
      220 0.000467  -0.035737
      696 0.000454  -0.034798
      258 0.000450  -0.034458
      620 0.000439  -0.033614
      666 0.000434  -0.033252
      575 0.000432   0.033045
      153 0.000428   0.032756
      709 0.000406  -0.031053
      753 0.000405  -0.031035
      174 0.000403   0.030822
       71 0.000402   0.030745
      641 0.000385  -0.029497
      601 0.000380   0.029093
      707 0.000380  -0.029092
      230 0.000376  -0.028826
      848 0.000364  -0.027885
      683 0.000364   0.027856
      227 0.000349   0.026751
      412 0.000348  -0.026632
      583 0.000347  -0.026596
      700 0.000346   0.026470
      699 0.000336  -0.025716
      273 0.000330  -0.025302
      210 0.000323  -0.024769
      419 0.000317  -0.024301
      756 0.000314  -0.024029
      793 0.000314  -0.024011
      807 0.000310   0.023773
      383 0.000299   0.022882
      269 0.000296  -0.022686
      587 0.000296   0.022679
      403 0.000295   0.022564
      759 0.000291  -0.022249
      763 0.000286   0.021867
      853 0.000281  -0.021495
      235 0.000280  -0.021443
      631 0.000280  -0.021436
      362 0.000269  -0.020622
      570 0.000264  -0.020208
      182 0.000264  -0.020190
      239 0.000258   0.019731
      757 0.000257  -0.019668
      263 0.000257  -0.019661
      299 0.000252   0.019317
      184 0.000250  -0.019179
      243 0.000248   0.018963
      204 0.000245   0.018740
      726 0.000241  -0.018418
      741 0.000238   0.018213
      206 0.000237   0.018168
      739 0.000227  -0.017350
      137 0.000222  -0.017033
       70 0.000221   0.016895
      750 0.000214   0.016399
      743 0.000212  -0.016255
      377 0.000210  -0.016056
      818 0.000204  -0.015586
      549 0.000202  -0.015433
      301 0.000199  -0.015254
      199 0.000197  -0.015079
      427 0.000195  -0.014964
      369 0.000195   0.014895
      742 0.000192  -0.014739
      361 0.000192   0.014693
      312 0.000189  -0.014502
      564 0.000189  -0.014491
      247 0.000188   0.014371
      223 0.000187   0.014329
      857 0.000184  -0.014069
      392 0.000182   0.013913
      800 0.000180  -0.013747
      337 0.000179  -0.013720
      855 0.000178  -0.013639
      795 0.000178   0.013605
      824 0.000178   0.013594
      787 0.000177   0.013569
      576 0.000176  -0.013475
      604 0.000175  -0.013436
      373 0.000175  -0.013417
      591 0.000175   0.013378
      580 0.000174  -0.013341
      132 0.000172   0.013183
      228 0.000170  -0.013048
      400 0.000169  -0.012945
      553 0.000166  -0.012706
      290 0.000165   0.012597
      778 0.000164  -0.012538
      658 0.000164   0.012532
      665 0.000162  -0.012428
      332 0.000160  -0.012248
      175 0.000159  -0.012182
      275 0.000159  -0.012180
      775 0.000157   0.012007
      784 0.000156  -0.011978
      828 0.000152  -0.011605
      829 0.000150   0.011485
      585 0.000146  -0.011216
      667 0.000146   0.011162
      820 0.000145  -0.011120
      574 0.000145  -0.011117
      711 0.000145   0.011104
      859 0.000145   0.011099
      941 0.000141  -0.010799
      356 0.000139  -0.010677
      628 0.000138   0.010531
      605 0.000137  -0.010488
      616 0.000135  -0.010303
      687 0.000132   0.010143
      279 0.000129  -0.009864
      179 0.000128   0.009817
      770 0.000127   0.009707
      736 0.000126  -0.009614
      790 0.000125   0.009599
      423 0.000123  -0.009450
      431 0.000123  -0.009441
      354 0.000123   0.009395
      380 0.000122   0.009358
      201 0.000121  -0.009268
      298 0.000121  -0.009249
      241 0.000120   0.009197
      808 0.000120   0.009193
      398 0.000119  -0.009128
      255 0.000117  -0.008940
      277 0.000116   0.008916
      557 0.000116  -0.008888
      171 0.000116  -0.008883
      295 0.000115  -0.008828
      762 0.000115  -0.008772
      697 0.000114   0.008744
      769 0.000113   0.008654
      257 0.000112  -0.008580
      329 0.000110  -0.008453
      217 0.000109  -0.008340
      744 0.000107  -0.008202
      728 0.000102  -0.007841
      799 0.000101  -0.007768
      815 0.000100  -0.007684
      908 0.000100  -0.007653
       88 0.000099  -0.007590
      353 0.000099  -0.007570
      271 0.000098   0.007539
      638 0.000098  -0.007505
      321 0.000098  -0.007504
      864 0.000097   0.007449
      251 0.000097  -0.007410
      294 0.000096  -0.007389
      629 0.000096  -0.007360
      690 0.000096   0.007314
      600 0.000095  -0.007280
      566 0.000095   0.007273
      569 0.000095   0.007260
      645 0.000094   0.007222
      773 0.000092   0.007013
      943 0.000091   0.006978
      782 0.000090  -0.006891
       93 0.000089  -0.006841
      436 0.000089   0.006818
      948 0.000088   0.006754
      611 0.000087  -0.006692
      684 0.000087  -0.006627
      974 0.000086   0.006572
      840 0.000084  -0.006468
      573 0.000084   0.006439
      581 0.000084  -0.006402
      937 0.000083  -0.006390
      234 0.000083   0.006339
      325 0.000083  -0.006335
      844 0.000080  -0.006144
      860 0.000080  -0.006105
      561 0.000078   0.006007
      884 0.000078  -0.005953
      594 0.000078  -0.005948
      355 0.000078   0.005938
      734 0.000078  -0.005935
      292 0.000077  -0.005918
      266 0.000077  -0.005860
      847 0.000076   0.005818
      261 0.000075  -0.005772
      107 0.000075  -0.005735
      843 0.000075  -0.005709
      792 0.000075   0.005705
      281 0.000074   0.005678
      262 0.000074  -0.005639
      285 0.000073   0.005626
      978 0.000073   0.005567
      614 0.000072   0.005544
      319 0.000072   0.005516
      572 0.000072  -0.005505
      694 0.000070   0.005370
      654 0.000070   0.005362
      880 0.000070   0.005355
      138 0.000069  -0.005274
      289 0.000069   0.005256
      722 0.000068  -0.005212
      283 0.000067   0.005157
      826 0.000066  -0.005084
      291 0.000066   0.005017
      268 0.000065  -0.004987
      823 0.000065   0.004953
      627 0.000065   0.004950
      560 0.000065  -0.004950
      302 0.000064  -0.004880
      198 0.000063  -0.004852
      104 0.000063   0.004847
      343 0.000063  -0.004832
      589 0.000063  -0.004818
      723 0.000063  -0.004793
      367 0.000063   0.004792
      748 0.000062  -0.004767
      584 0.000062  -0.004728
      632 0.000062   0.004711
      870 0.000061  -0.004693
     1095 0.000061  -0.004692
      308 0.000060  -0.004621
     1005 0.000060   0.004611
      539 0.000060   0.004586
      765 0.000059   0.004514
      780 0.000059   0.004481
      913 0.000058  -0.004470
      342 0.000058   0.004454
      882 0.000058   0.004439
      413 0.000058  -0.004439
      596 0.000057  -0.004373
      425 0.000057   0.004371
      895 0.000056   0.004316
      801 0.000056  -0.004293
      590 0.000056  -0.004264
      315 0.000056   0.004261
      545 0.000056  -0.004255
      428 0.000054   0.004111
      831 0.000052   0.004011
      650 0.000052  -0.003993
      323 0.000052  -0.003969
      528 0.000052   0.003951
      414 0.000050   0.003817
      386 0.000050   0.003816
      935 0.000049  -0.003736
      322 0.000049  -0.003732
      161 0.000048   0.003668
      244 0.000048  -0.003666
      535 0.000047   0.003576
      852 0.000047   0.003564
      894 0.000046  -0.003550
      922 0.000046  -0.003494
      821 0.000046  -0.003492
      841 0.000045   0.003454
      874 0.000045  -0.003448
      957 0.000045   0.003426
      364 0.000045   0.003418
      701 0.000045  -0.003418
       91 0.000044  -0.003395
      552 0.000044  -0.003352
      608 0.000043  -0.003316
      318 0.000041  -0.003152
      842 0.000041  -0.003148
      833 0.000041  -0.003121
      955 0.000040   0.003084
      390 0.000040   0.003034
      278 0.000039   0.003010
      798 0.000039  -0.003007
      649 0.000039  -0.002999
      881 0.000038  -0.002883
      193 0.000038   0.002872
      942 0.000037   0.002868
      169 0.000037  -0.002855
      830 0.000037   0.002845
      988 0.000037  -0.002835
      374 0.000036   0.002730
      518 0.000036   0.002721
     1073 0.000035  -0.002713
      491 0.000035   0.002694
     1096 0.000035   0.002690
      964 0.000035   0.002680
      971 0.000035  -0.002658
      394 0.000035   0.002648
      950 0.000034  -0.002637
      407 0.000034  -0.002634
      832 0.000034   0.002625
      835 0.000033  -0.002555
      131 0.000032   0.002485
      286 0.000032   0.002476
      532 0.000032   0.002461
      904 0.000032   0.002454
      488 0.000031   0.002397
      921 0.000031  -0.002380
      838 0.000031  -0.002375
      313 0.000031  -0.002368
      879 0.000030  -0.002332
      540 0.000030  -0.002303
      789 0.000030   0.002274
      445 0.000030  -0.002272
      597 0.000030  -0.002268
      359 0.000030  -0.002264
      297 0.000030  -0.002264
      409 0.000029  -0.002252
      636 0.000028  -0.002177
      410 0.000028  -0.002166
      933 0.000028   0.002150
      226 0.000028  -0.002139
      225 0.000028  -0.002132
      310 0.000028  -0.002128
      983 0.000028   0.002121
      448 0.000028   0.002119
      938 0.000027   0.002094
      977 0.000027   0.002067
      346 0.000027   0.002057
      475 0.000027  -0.002045
      524 0.000027  -0.002041
      646 0.000026   0.002009
      794 0.000026   0.002002
      236 0.000026   0.001994
      677 0.000025   0.001941
      542 0.000025   0.001920
     1034 0.000025  -0.001919
      779 0.000025  -0.001888
      928 0.000025  -0.001879
      526 0.000024   0.001851
     1010 0.000024   0.001817
      755 0.000024  -0.001808
      249 0.000023   0.001794
      424 0.000023  -0.001792
     1032 0.000023   0.001788
      927 0.000023  -0.001784
      804 0.000023  -0.001783
      284 0.000023   0.001781
      406 0.000023   0.001757
      856 0.000023   0.001752
      868 0.000023   0.001731
      727 0.000023  -0.001730
      959 0.000022  -0.001721
      849 0.000022  -0.001686
     1009 0.000022  -0.001685
      366 0.000022   0.001683
      530 0.000022   0.001677
      360 0.000022  -0.001652
      357 0.000022   0.001646
      987 0.000021   0.001645
      592 0.000021   0.001628
      809 0.000021   0.001606
      934 0.000021  -0.001577
      148 0.000020   0.001564
      776 0.000020  -0.001497
      811 0.000020   0.001493
     1001 0.000019  -0.001470
      479 0.000019   0.001467
      514 0.000019   0.001465
      240 0.000019   0.001456
      402 0.000019   0.001437
      916 0.000019  -0.001425
      598 0.000018   0.001408
      740 0.000018   0.001399
      702 0.000018  -0.001387
      437 0.000018   0.001363
      803 0.000018   0.001341
      568 0.000017  -0.001323
      237 0.000017  -0.001322
      536 0.000017  -0.001305
      455 0.000017  -0.001304
      463 0.000017  -0.001294
       98 0.000017  -0.001287
     1016 0.000017  -0.001282
     1003 0.000017  -0.001276
      685 0.000016  -0.001246
      502 0.000016   0.001242
      519 0.000016   0.001221
      320 0.000016  -0.001217
      397 0.000016  -0.001211
      324 0.000016  -0.001205
      714 0.000015  -0.001186
      432 0.000015   0.001184
      512 0.000015  -0.001178
      899 0.000015   0.001168
      802 0.000015   0.001168
      903 0.000015   0.001153
      949 0.000015   0.001146
     1025 0.000015   0.001145
      984 0.000015  -0.001143
      764 0.000015  -0.001142
      898 0.000015   0.001130
      609 0.000015  -0.001128
      334 0.000015  -0.001113
     1020 0.000014  -0.001103
      662 0.000014  -0.001093
      232 0.000014  -0.001084
      732 0.000014   0.001082
      640 0.000014  -0.001065
      296 0.000014   0.001052
     1017 0.000014   0.001046
      489 0.000014   0.001045
      675 0.000014   0.001043
      902 0.000014   0.001038
     1040 0.000014  -0.001036
      458 0.000013   0.001016
      248 0.000013  -0.001014
      746 0.000013  -0.001013
      810 0.000013   0.001012
      505 0.000013   0.001007
       45 0.000013  -0.000998
      907 0.000013   0.000996
      450 0.000013  -0.000995
      256 0.000013  -0.000992
      625 0.000012   0.000946
      875 0.000012   0.000945
      729 0.000012   0.000927
      478 0.000012   0.000913
      656 0.000011  -0.000873
       51 0.000011   0.000869
      643 0.000011  -0.000862
     1052 0.000011   0.000822
      747 0.000011  -0.000814
      350 0.000011  -0.000811
      335 0.000011   0.000807
      917 0.000011   0.000805
      259 0.000010  -0.000793
      487 0.000010  -0.000790
     1015 0.000010  -0.000788
      816 0.000010   0.000786
     1061 0.000010  -0.000779
      693 0.000010  -0.000774
euclid. distance of OLC and linear combination of EV * x_coef: 0.007181139438302347

Generate samples based on objective loadcase 769
nr_to_generate: 25

Parameter variation distribution settings
distribution: uniform
low: 0.7
high: 1.3

Total process runtime: 0:00:01.290048
