Date and Time:2023-05-12 14:11:28.751942

Initial Settings:
similarity_model: <function cosine_similarity at 0x000001D005A6E5E0>
similarity_threshold: 1e-05
nr_eigv_to_select: None
distribution: uniform
deviation: 0.3
nr_to_generate: 25
recompute: False

Selected eigenvectors and similarity score w.r.t objective loadcase:
objective_loadcase_nr: 256
similarity_model: cosine_similarity
similarity_threshold: 1e-05
nr_eigv_to_select: None
nr_eigv_selected: 486
approximation parameter model: lstsq
similarity score and approx. param. value
:  eigv_idx    score      value
        3 0.547943  64.523141
        1 0.545506  64.236188
        2 0.498568 -58.708973
        0 0.387964  45.684772
        6 0.049889   5.874735
       39 0.020281   2.388152
        4 0.010815   1.273538
      639 0.003684   0.433785
      186 0.002270  -0.267334
       68 0.002228  -0.262408
      593 0.002089  -0.246046
      612 0.002071  -0.243851
      586 0.001913   0.225289
      218 0.001878  -0.221195
      716 0.001578   0.185806
      710 0.001578  -0.185791
      187 0.001497  -0.176280
      618 0.001385   0.163073
      663 0.001380  -0.162477
      668 0.001311   0.154420
      595 0.001227   0.144454
      194 0.001040   0.122446
      659 0.000988  -0.116290
      686 0.000967  -0.113927
      626 0.000943   0.111002
      388 0.000916  -0.107899
      617 0.000908   0.106890
      143 0.000884   0.104137
      688 0.000822  -0.096799
      182 0.000805  -0.094776
      599 0.000803   0.094539
      562 0.000758  -0.089213
      635 0.000750   0.088327
      582 0.000749  -0.088234
      670 0.000747   0.087972
      183 0.000715   0.084141
      578 0.000692   0.081431
      621 0.000687  -0.080934
      700 0.000678   0.079818
      579 0.000655   0.077181
      749 0.000647  -0.076224
      733 0.000638   0.075180
      184 0.000633  -0.074535
      698 0.000626  -0.073728
      683 0.000604   0.071114
      704 0.000597  -0.070317
      341 0.000578   0.068091
      718 0.000578  -0.068066
      666 0.000556  -0.065465
      253 0.000539  -0.063476
      602 0.000529  -0.062269
      708 0.000500   0.058840
      567 0.000494  -0.058214
      606 0.000492  -0.057926
      577 0.000475  -0.055886
      174 0.000455   0.053545
      153 0.000448   0.052810
      735 0.000436  -0.051379
      699 0.000433  -0.051028
      641 0.000422  -0.049682
      220 0.000416  -0.049015
      575 0.000409   0.048154
      620 0.000408  -0.048021
      709 0.000405  -0.047728
      210 0.000402  -0.047303
      583 0.000382  -0.044936
      267 0.000376  -0.044333
      228 0.000366  -0.043075
       70 0.000364   0.042840
      707 0.000359  -0.042318
      601 0.000346   0.040793
      848 0.000342  -0.040317
      362 0.000334  -0.039371
      696 0.000334  -0.039324
      179 0.000333   0.039209
      204 0.000331   0.039021
      258 0.000324  -0.038145
      412 0.000322  -0.037951
      419 0.000319  -0.037522
      807 0.000313   0.036806
      403 0.000302   0.035578
      631 0.000298  -0.035075
      756 0.000298  -0.035066
      171 0.000295  -0.034714
      753 0.000287  -0.033774
      137 0.000286  -0.033734
      383 0.000282   0.033257
      757 0.000281  -0.033057
      587 0.000280   0.033011
      604 0.000275  -0.032408
      199 0.000267  -0.031410
      570 0.000264  -0.031096
      243 0.000262   0.030864
      576 0.000251  -0.029511
       71 0.000238  -0.028009
      273 0.000236  -0.027778
      377 0.000232  -0.027323
      628 0.000229   0.027012
      400 0.000224  -0.026344
      853 0.000222  -0.026132
      580 0.000217  -0.025552
      564 0.000215  -0.025308
      741 0.000210   0.024745
      658 0.000207   0.024423
      793 0.000207  -0.024402
      665 0.000204  -0.024064
      815 0.000203  -0.023881
      787 0.000203   0.023857
      132 0.000199   0.023436
      739 0.000198  -0.023297
      573 0.000196   0.023029
      269 0.000193  -0.022713
      230 0.000192  -0.022607
      301 0.000189  -0.022228
      356 0.000187  -0.022008
      427 0.000187  -0.022008
      941 0.000185  -0.021780
      299 0.000184   0.021618
      271 0.000183   0.021493
      800 0.000181  -0.021330
      175 0.000180  -0.021228
      369 0.000177   0.020841
      549 0.000177  -0.020811
      687 0.000176   0.020718
      247 0.000174   0.020460
      828 0.000173  -0.020388
      667 0.000172   0.020298
      254 0.000172   0.020270
      255 0.000169  -0.019865
      227 0.000165   0.019470
      574 0.000165  -0.019436
      161 0.000165   0.019425
      557 0.000164  -0.019268
      585 0.000162  -0.019068
      784 0.000162  -0.019037
      743 0.000162  -0.019025
      235 0.000161  -0.019017
      750 0.000161   0.018935
      820 0.000158  -0.018587
      277 0.000158   0.018565
      380 0.000157   0.018490
      711 0.000157   0.018467
      726 0.000157  -0.018464
      373 0.000157  -0.018463
      361 0.000155   0.018243
      857 0.000154  -0.018129
      257 0.000153  -0.017993
      392 0.000151   0.017741
      263 0.000147  -0.017266
      217 0.000145  -0.017054
      398 0.000144  -0.016964
      148 0.000144   0.016918
      234 0.000143   0.016841
      295 0.000142  -0.016777
      312 0.000142  -0.016757
      605 0.000141  -0.016655
      239 0.000141   0.016557
      566 0.000140   0.016470
      818 0.000140  -0.016467
      553 0.000137  -0.016087
      795 0.000136   0.016060
      206 0.000135   0.015903
      855 0.000135  -0.015840
      790 0.000134   0.015835
      697 0.000131   0.015482
      629 0.000131  -0.015466
      236 0.000131   0.015466
      353 0.000131  -0.015381
      354 0.000130   0.015310
       69 0.000129  -0.015232
      423 0.000124  -0.014599
      808 0.000123   0.014542
      690 0.000123   0.014534
      742 0.000123  -0.014434
      431 0.000123  -0.014432
      847 0.000122   0.014419
      908 0.000122  -0.014409
      859 0.000122   0.014375
      241 0.000122   0.014334
      638 0.000117  -0.013828
      591 0.000117   0.013779
      223 0.000116   0.013693
      436 0.000116   0.013691
      640 0.000116  -0.013684
      974 0.000116   0.013649
      645 0.000115   0.013511
      275 0.000114  -0.013465
       91 0.000114  -0.013400
      736 0.000113  -0.013261
      778 0.000111  -0.013080
      294 0.000110  -0.012973
      251 0.000110  -0.012899
      107 0.000109  -0.012887
      824 0.000107   0.012655
      337 0.000107  -0.012624
      581 0.000106  -0.012480
      600 0.000104  -0.012298
      799 0.000102  -0.011966
      262 0.000101  -0.011910
      829 0.000100   0.011816
      840 0.000100  -0.011774
      281 0.000098   0.011566
      561 0.000098   0.011516
      569 0.000098   0.011493
      261 0.000097  -0.011417
      882 0.000097   0.011387
      844 0.000096  -0.011330
      292 0.000096  -0.011321
      684 0.000096  -0.011257
      616 0.000095  -0.011245
      584 0.000094  -0.011082
      611 0.000093  -0.010906
      594 0.000092  -0.010781
      632 0.000090   0.010650
      832 0.000090   0.010602
      596 0.000090  -0.010594
      268 0.000090  -0.010580
      279 0.000090  -0.010544
      798 0.000089   0.010501
      367 0.000089   0.010461
      308 0.000088  -0.010378
      728 0.000087  -0.010301
      266 0.000087  -0.010290
      355 0.000087   0.010233
     1095 0.000085  -0.010065
      740 0.000085  -0.010006
      291 0.000085   0.009969
      801 0.000084  -0.009946
      748 0.000083  -0.009794
      332 0.000083  -0.009761
      572 0.000083  -0.009758
      302 0.000081  -0.009560
      734 0.000081  -0.009489
      343 0.000080  -0.009439
      744 0.000080  -0.009420
      614 0.000079   0.009347
      723 0.000078  -0.009220
      552 0.000078  -0.009144
      560 0.000077  -0.009069
      222 0.000077  -0.009059
      803 0.000076   0.008942
      722 0.000075  -0.008844
      937 0.000075  -0.008840
      386 0.000074   0.008757
      209 0.000074  -0.008715
      826 0.000072  -0.008502
      955 0.000072   0.008448
     1005 0.000072   0.008426
      978 0.000071   0.008408
      428 0.000071   0.008313
      298 0.000070  -0.008274
      290 0.000069   0.008150
      654 0.000069   0.008066
      913 0.000068  -0.008012
      843 0.000066  -0.007830
      414 0.000066   0.007773
      782 0.000066  -0.007768
      364 0.000065   0.007676
      545 0.000064  -0.007576
      425 0.000064   0.007545
      627 0.000064   0.007541
      802 0.000063   0.007463
      770 0.000063   0.007438
      948 0.000063   0.007411
      701 0.000062  -0.007353
      922 0.000062  -0.007327
      394 0.000062   0.007293
      597 0.000062  -0.007288
      329 0.000062  -0.007273
      759 0.000061   0.007229
      539 0.000061   0.007193
      776 0.000060  -0.007020
      193 0.000059  -0.007002
      322 0.000059  -0.006969
      879 0.000059  -0.006895
      374 0.000058   0.006860
      325 0.000058  -0.006824
      319 0.000057   0.006662
      773 0.000056   0.006569
      895 0.000056   0.006536
      864 0.000055   0.006468
      831 0.000053   0.006292
      232 0.000053  -0.006288
      863 0.000053  -0.006285
      226 0.000053  -0.006190
      390 0.000053   0.006188
      765 0.000052   0.006167
      870 0.000052  -0.006155
      528 0.000052   0.006126
      650 0.000052  -0.006079
      891 0.000051  -0.006036
      225 0.000051  -0.006007
      792 0.000050   0.005907
      407 0.000050  -0.005845
      821 0.000049  -0.005768
      860 0.000047  -0.005575
      289 0.000047   0.005530
      589 0.000047  -0.005516
      138 0.000047   0.005513
      201 0.000047  -0.005506
      590 0.000047  -0.005486
      297 0.000046  -0.005390
      694 0.000045   0.005341
      249 0.000045  -0.005331
      313 0.000044  -0.005235
      359 0.000044  -0.005223
      775 0.000044   0.005213
      321 0.000044  -0.005185
      542 0.000044   0.005149
      535 0.000044   0.005126
      874 0.000043  -0.005118
      323 0.000043  -0.005090
      943 0.000043   0.005033
      805 0.000042  -0.005000
      540 0.000042  -0.004887
      397 0.000041  -0.004881
      880 0.000041   0.004801
      762 0.000041   0.004799
      858 0.000040  -0.004750
      169 0.000040  -0.004675
      409 0.000039  -0.004572
      881 0.000039  -0.004550
      987 0.000038   0.004491
      928 0.000038  -0.004439
      360 0.000038  -0.004426
      823 0.000037   0.004416
      867 0.000037   0.004415
      789 0.000037   0.004350
      884 0.000037  -0.004339
      608 0.000036  -0.004268
      357 0.000036   0.004265
       88 0.000036  -0.004263
      518 0.000036   0.004249
      448 0.000036   0.004243
      894 0.000035  -0.004164
      491 0.000035   0.004149
      245 0.000034  -0.004056
      904 0.000034   0.003981
      649 0.000034  -0.003963
     1001 0.000033  -0.003918
      603 0.000033  -0.003875
      933 0.000033   0.003870
      532 0.000033   0.003843
      315 0.000033   0.003843
      346 0.000033   0.003838
      636 0.000033  -0.003834
      310 0.000032  -0.003811
      950 0.000032  -0.003787
      342 0.000032   0.003778
      488 0.000032   0.003777
      410 0.000032  -0.003731
      677 0.000031   0.003700
      942 0.000030   0.003591
      104 0.000030   0.003571
      842 0.000030  -0.003558
       93 0.000030  -0.003551
      530 0.000030   0.003479
      475 0.000030  -0.003475
      445 0.000029  -0.003461
      259 0.000029  -0.003427
      938 0.000029   0.003422
      283 0.000029   0.003412
     1032 0.000029   0.003403
     1025 0.000029   0.003364
      240 0.000029   0.003362
      350 0.000028  -0.003339
      524 0.000028  -0.003321
      993 0.000028   0.003276
      965 0.000027  -0.003201
      646 0.000027   0.003183
      424 0.000026  -0.003089
      237 0.000026  -0.003080
     1034 0.000024  -0.002854
     1017 0.000024   0.002838
      588 0.000023   0.002765
      769 0.000023   0.002716
      432 0.000023   0.002698
      286 0.000023   0.002690
      814 0.000022   0.002561
      804 0.000022  -0.002541
      526 0.000022   0.002533
      900 0.000021  -0.002471
      272 0.000021  -0.002454
      366 0.000021   0.002439
      519 0.000020   0.002412
      502 0.000020   0.002411
      479 0.000020   0.002383
      714 0.000020  -0.002351
      917 0.000020   0.002341
      568 0.000020  -0.002336
      763 0.000020   0.002329
      455 0.000020  -0.002326
      333 0.000020  -0.002317
      536 0.000020  -0.002301
      662 0.000019  -0.002255
      794 0.000019   0.002223
      685 0.000019  -0.002202
      514 0.000019   0.002180
      949 0.000018   0.002172
      625 0.000018   0.002168
      463 0.000018  -0.002150
      512 0.000018  -0.002144
      437 0.000018   0.002135
      755 0.000018  -0.002131
      935 0.000018  -0.002129
      702 0.000018  -0.002118
      489 0.000018   0.002115
      830 0.000018   0.002092
      324 0.000017  -0.002021
      505 0.000017   0.002021
      856 0.000017   0.002007
      382 0.000017   0.001994
     1052 0.000017   0.001989
      244 0.000017  -0.001984
       54 0.000017  -0.001959
      264 0.000017  -0.001958
       86 0.000017   0.001954
      274 0.000017   0.001948
      458 0.000017   0.001944
      780 0.000016  -0.001940
      260 0.000016   0.001939
      538 0.000016   0.001923
      224 0.000016  -0.001890
      680 0.000016   0.001857
      852 0.000016   0.001850
      656 0.000015  -0.001816
      921 0.000015  -0.001813
      732 0.000015   0.001812
      907 0.000015   0.001791
      727 0.000015  -0.001787
      971 0.000015  -0.001766
     1010 0.000015   0.001759
      927 0.000015  -0.001725
      278 0.000015   0.001724
      229 0.000015   0.001715
     1073 0.000015  -0.001709
      964 0.000014   0.001696
      957 0.000014   0.001695
      642 0.000014  -0.001691
      705 0.000014  -0.001680
      988 0.000014  -0.001672
      450 0.000014  -0.001659
      876 0.000014   0.001659
      252 0.000014   0.001626
      368 0.000014  -0.001625
      270 0.000014   0.001622
      609 0.000014  -0.001602
      675 0.000013   0.001589
      248 0.000013  -0.001578
      592 0.000013  -0.001574
       87 0.000013   0.001564
       63 0.000013  -0.001563
      934 0.000013  -0.001526
      816 0.000013   0.001521
      619 0.000013   0.001513
      598 0.000013   0.001497
      256 0.000013  -0.001492
       56 0.000013   0.001491
      483 0.000012  -0.001460
       73 0.000012  -0.001446
      849 0.000012  -0.001433
      288 0.000012   0.001420
      809 0.000012   0.001396
      746 0.000012  -0.001374
       65 0.000012  -0.001370
      347 0.000012  -0.001366
      462 0.000011   0.001349
       98 0.000011  -0.001338
      841 0.000011   0.001330
      287 0.000011  -0.001324
      534 0.000011  -0.001312
      681 0.000011  -0.001305
      729 0.000011   0.001302
     1047 0.000011   0.001293
      478 0.000011   0.001288
      883 0.000011   0.001268
      875 0.000011   0.001249
      131 0.000011   0.001247
      487 0.000011  -0.001243
      473 0.000010  -0.001233
      309 0.000010   0.001220
      180 0.000010   0.001200
      634 0.000010  -0.001192
      216 0.000010  -0.001189
       61 0.000010  -0.001183
      461 0.000010   0.001180
euclid. distance of OLC and linear combination of EV * x_coef: 0.01169459934006545

Generate samples based on objective loadcase 256
nr_to_generate: 25

Parameter variation distribution settings
distribution: uniform
low: 0.7
high: 1.3

Total process runtime: 0:00:01.398775
