Date and Time:2023-05-12 14:11:59.379261

Initial Settings:
similarity_model: <function cosine_similarity at 0x000001D005A6E5E0>
similarity_threshold: 1e-05
nr_eigv_to_select: None
distribution: uniform
deviation: 0.3
nr_to_generate: 25
recompute: False

Selected eigenvectors and similarity score w.r.t objective loadcase:
objective_loadcase_nr: 279
similarity_model: cosine_similarity
similarity_threshold: 1e-05
nr_eigv_to_select: None
nr_eigv_selected: 475
approximation parameter model: lstsq
similarity score and approx. param. value
:  eigv_idx    score      value
        1 0.553090  53.517191
        3 0.536887  51.949439
        2 0.494864 -47.883228
        0 0.396566  38.371910
        6 0.056700   5.486278
       39 0.015994   1.547538
        4 0.010314   0.997984
       68 0.005056  -0.489242
      639 0.003960   0.383173
      186 0.002311  -0.223567
      612 0.002166  -0.209549
       71 0.002116  -0.204767
      593 0.002067  -0.199984
      586 0.001888   0.182641
       69 0.001730  -0.167443
      218 0.001612  -0.156010
      663 0.001600  -0.154829
      618 0.001596   0.154414
      716 0.001559   0.150869
      187 0.001555  -0.150461
      710 0.001427  -0.138087
      668 0.001405   0.135949
      595 0.001188   0.114949
      182 0.001113  -0.107702
      194 0.001073   0.103855
      659 0.001058  -0.102381
      617 0.000969   0.093803
      388 0.000903  -0.087416
      686 0.000869  -0.084043
      143 0.000858   0.083037
      184 0.000847  -0.081930
       70 0.000841   0.081387
      599 0.000832   0.080479
      626 0.000830   0.080329
      700 0.000823   0.079626
      635 0.000813   0.078687
      562 0.000788  -0.076282
      683 0.000785   0.076004
      579 0.000769   0.074384
      688 0.000766  -0.074112
      582 0.000765  -0.074061
      670 0.000750   0.072604
      578 0.000716   0.069257
      183 0.000711   0.068773
      621 0.000660  -0.063821
      749 0.000656  -0.063443
      698 0.000652  -0.063068
      733 0.000651   0.062949
      228 0.000604  -0.058443
      666 0.000576  -0.055693
      602 0.000568  -0.054976
      341 0.000557   0.053909
      718 0.000538  -0.052050
      253 0.000524  -0.050676
      179 0.000462   0.044678
      704 0.000461  -0.044591
      708 0.000458   0.044316
      735 0.000457  -0.044262
      641 0.000451  -0.043603
      699 0.000446  -0.043125
      567 0.000446  -0.043124
      171 0.000435  -0.042048
      153 0.000427   0.041294
      606 0.000426  -0.041224
      174 0.000423   0.040915
      220 0.000413  -0.039935
      583 0.000407  -0.039347
      577 0.000405  -0.039223
      210 0.000402  -0.038922
      575 0.000396   0.038345
      362 0.000385  -0.037241
      620 0.000384  -0.037144
      137 0.000363  -0.035114
      709 0.000363  -0.035089
      631 0.000349  -0.033730
      267 0.000345  -0.033425
      604 0.000333  -0.032239
      848 0.000325  -0.031404
      419 0.000316  -0.030583
      243 0.000315   0.030500
      576 0.000314  -0.030346
      628 0.000313   0.030322
      601 0.000309   0.029903
      412 0.000307  -0.029710
      756 0.000305  -0.029546
      707 0.000298  -0.028849
      403 0.000297   0.028770
      757 0.000297  -0.028754
      807 0.000290   0.028046
      587 0.000275   0.026579
      204 0.000271   0.026188
      400 0.000263  -0.025492
      254 0.000263   0.025471
      573 0.000262   0.025337
      258 0.000257  -0.024885
      787 0.000249   0.024100
      383 0.000248   0.023985
      132 0.000247   0.023945
      236 0.000241   0.023305
      271 0.000239   0.023155
      753 0.000239  -0.023134
      377 0.000237  -0.022928
      815 0.000237  -0.022887
      570 0.000235  -0.022707
      277 0.000234   0.022634
      161 0.000228   0.022025
      148 0.000227   0.021958
      853 0.000222  -0.021508
      741 0.000220   0.021332
      658 0.000219   0.021225
      640 0.000218  -0.021126
      199 0.000214  -0.020703
      580 0.000214  -0.020697
      665 0.000212  -0.020527
       91 0.000211  -0.020386
      234 0.000208   0.020082
      564 0.000206  -0.019892
      361 0.000203   0.019645
      941 0.000203  -0.019610
      739 0.000196  -0.018980
      549 0.000192  -0.018545
      687 0.000190   0.018380
      696 0.000187  -0.018078
      427 0.000183  -0.017714
      301 0.000178  -0.017202
      255 0.000174  -0.016788
      828 0.000172  -0.016666
      800 0.000171  -0.016585
      667 0.000170   0.016443
      557 0.000167  -0.016201
      273 0.000167  -0.016164
      743 0.000167  -0.016158
      750 0.000167   0.016114
      759 0.000166   0.016083
      175 0.000165  -0.015982
      138 0.000164   0.015888
      373 0.000160  -0.015518
      355 0.000160   0.015494
      566 0.000160   0.015489
      820 0.000158  -0.015311
      380 0.000158   0.015274
      857 0.000155  -0.014985
      398 0.000155  -0.014977
      367 0.000154   0.014912
      299 0.000153   0.014810
      247 0.000153   0.014808
      295 0.000150  -0.014534
      257 0.000150  -0.014466
      798 0.000149   0.014422
      711 0.000149   0.014399
      249 0.000145  -0.014055
      790 0.000143   0.013831
      353 0.000142  -0.013769
      574 0.000142  -0.013766
      793 0.000142  -0.013731
      784 0.000141  -0.013631
      222 0.000141  -0.013608
      107 0.000140  -0.013570
      690 0.000139   0.013424
      645 0.000137   0.013224
      847 0.000135   0.013083
      436 0.000134   0.012970
      269 0.000134  -0.012960
      908 0.000133  -0.012912
      585 0.000133  -0.012863
      629 0.000129  -0.012478
      217 0.000126  -0.012152
      974 0.000125   0.012080
      392 0.000124   0.012021
      308 0.000124  -0.012010
      859 0.000124   0.012001
      423 0.000123  -0.011927
      855 0.000123  -0.011909
      431 0.000123  -0.011874
      294 0.000122  -0.011820
      808 0.000122   0.011810
      581 0.000122  -0.011798
      697 0.000120   0.011642
      818 0.000118  -0.011423
      241 0.000118   0.011421
      281 0.000117   0.011356
      801 0.000117  -0.011322
      605 0.000116  -0.011189
      600 0.000115  -0.011166
      726 0.000115  -0.011132
      795 0.000115   0.011116
      262 0.000114  -0.010995
      736 0.000112  -0.010860
      684 0.000112  -0.010835
      266 0.000111  -0.010767
      638 0.000110  -0.010637
      742 0.000109  -0.010560
      840 0.000109  -0.010522
      594 0.000109  -0.010514
      882 0.000109   0.010513
      261 0.000107  -0.010323
      354 0.000105   0.010193
      356 0.000104  -0.010090
      369 0.000104   0.010017
      740 0.000103  -0.010011
      390 0.000103   0.009977
      312 0.000103  -0.009930
      553 0.000102  -0.009849
      198 0.000101   0.009731
      561 0.000100   0.009706
      803 0.000100   0.009677
      235 0.000100  -0.009643
      611 0.000100  -0.009632
      762 0.000099   0.009602
      799 0.000097  -0.009411
      829 0.000097   0.009396
      844 0.000097  -0.009366
      572 0.000094  -0.009142
      386 0.000094   0.009113
      275 0.000093  -0.008989
      292 0.000092  -0.008942
      302 0.000092  -0.008910
      552 0.000092  -0.008893
     1095 0.000092  -0.008867
      824 0.000092   0.008865
      723 0.000090  -0.008747
      584 0.000090  -0.008691
      597 0.000088  -0.008495
      805 0.000088  -0.008492
      802 0.000086   0.008355
      263 0.000086  -0.008316
      778 0.000085  -0.008190
      734 0.000084  -0.008080
      428 0.000083   0.007988
      744 0.000082  -0.007980
      955 0.000082   0.007975
      832 0.000081   0.007863
      632 0.000081   0.007855
      343 0.000079  -0.007685
      701 0.000078  -0.007546
      414 0.000078   0.007546
      374 0.000076   0.007341
      193 0.000076  -0.007336
      209 0.000075  -0.007239
      826 0.000074  -0.007208
     1005 0.000074   0.007181
      313 0.000074  -0.007173
      748 0.000074  -0.007165
      407 0.000073  -0.007108
      913 0.000073  -0.007080
      728 0.000073  -0.007038
      937 0.000072  -0.007004
      843 0.000070  -0.006789
      545 0.000070  -0.006775
      614 0.000070   0.006735
      978 0.000070   0.006734
      922 0.000069  -0.006673
      879 0.000067  -0.006515
      268 0.000066  -0.006431
      425 0.000065   0.006308
      569 0.000065   0.006300
      539 0.000065   0.006276
      291 0.000065   0.006245
      722 0.000064  -0.006237
      863 0.000064  -0.006224
      251 0.000064  -0.006174
      591 0.000064   0.006164
      776 0.000063  -0.006126
      654 0.000063   0.006120
      603 0.000063  -0.006093
      891 0.000061  -0.005879
      397 0.000061  -0.005875
      298 0.000060  -0.005849
      596 0.000060  -0.005788
      560 0.000059  -0.005754
      895 0.000059   0.005753
      223 0.000059   0.005724
      319 0.000058   0.005642
      763 0.000058  -0.005640
      789 0.000057   0.005548
      322 0.000057  -0.005496
      394 0.000057   0.005479
      770 0.000056   0.005410
      232 0.000055  -0.005343
      773 0.000054   0.005209
      337 0.000052  -0.005062
      528 0.000052   0.005036
      864 0.000052   0.005009
      589 0.000052  -0.004984
      782 0.000051  -0.004971
      780 0.000051  -0.004913
      948 0.000051   0.004895
      297 0.000050  -0.004873
      765 0.000050   0.004806
      870 0.000049  -0.004741
      131 0.000049  -0.004710
      409 0.000048  -0.004677
      831 0.000048   0.004660
      542 0.000048   0.004611
      540 0.000048  -0.004600
      821 0.000046  -0.004477
      858 0.000046  -0.004439
      323 0.000046  -0.004409
      677 0.000046   0.004403
      349 0.000044  -0.004262
      987 0.000044   0.004232
      867 0.000043   0.004209
      245 0.000043  -0.004205
      928 0.000043  -0.004136
      881 0.000043  -0.004123
      332 0.000042  -0.004052
       88 0.000042   0.004052
      860 0.000042  -0.004027
      342 0.000041   0.004011
      608 0.000041  -0.003962
      874 0.000041  -0.003945
      535 0.000041   0.003942
      448 0.000041   0.003932
      823 0.000041   0.003932
      224 0.000040  -0.003916
      325 0.000040  -0.003912
      239 0.000040   0.003824
      289 0.000039   0.003806
       93 0.000038   0.003721
      627 0.000038   0.003717
      830 0.000038   0.003704
      318 0.000038   0.003670
      169 0.000038  -0.003647
      364 0.000037  -0.003623
     1001 0.000036  -0.003525
      518 0.000036   0.003514
      329 0.000036  -0.003458
      950 0.000035  -0.003414
      933 0.000035   0.003386
      310 0.000035  -0.003375
      880 0.000034   0.003320
      650 0.000034  -0.003296
      993 0.000034   0.003292
      491 0.000034   0.003287
      530 0.000033   0.003241
      410 0.000033  -0.003212
      884 0.000033  -0.003209
      965 0.000033  -0.003208
      904 0.000033   0.003206
     1025 0.000033   0.003158
      402 0.000032   0.003097
      366 0.000032   0.003092
      445 0.000032  -0.003077
      488 0.000031   0.003028
      894 0.000031  -0.003016
      838 0.000031   0.003013
      532 0.000031   0.002986
      792 0.000031   0.002980
      616 0.000030  -0.002943
      315 0.000030   0.002928
      413 0.000030   0.002918
     1032 0.000030   0.002907
      636 0.000030  -0.002876
      592 0.000030  -0.002867
      214 0.000029  -0.002846
      475 0.000029  -0.002833
      432 0.000029   0.002813
      359 0.000028   0.002751
      216 0.000028   0.002746
      942 0.000028   0.002744
      320 0.000028  -0.002728
      662 0.000028  -0.002710
     1017 0.000028   0.002679
      524 0.000028  -0.002677
      406 0.000027   0.002660
      943 0.000027   0.002658
      839 0.000027  -0.002646
      590 0.000027  -0.002619
      424 0.000027  -0.002595
      335 0.000026   0.002540
      814 0.000026   0.002512
      279 0.000026  -0.002502
      226 0.000026   0.002490
      900 0.000025  -0.002455
      213 0.000025  -0.002451
      350 0.000025   0.002439
      643 0.000025  -0.002402
      321 0.000024  -0.002363
      842 0.000024  -0.002334
      357 0.000024  -0.002334
      225 0.000023   0.002239
      538 0.000023   0.002234
      917 0.000023   0.002227
      502 0.000023   0.002220
     1034 0.000023  -0.002202
      334 0.000023   0.002184
      519 0.000023   0.002180
      215 0.000022   0.002173
      727 0.000022  -0.002136
      264 0.000022   0.002134
      455 0.000022  -0.002095
      382 0.000022  -0.002089
      938 0.000021   0.002054
      536 0.000021  -0.002050
      505 0.000021   0.002030
      296 0.000021   0.002011
      276 0.000021  -0.001993
      230 0.000020  -0.001977
      489 0.000020   0.001951
      713 0.000020   0.001903
      680 0.000019   0.001886
      360 0.000019   0.001886
      512 0.000019  -0.001873
      714 0.000019  -0.001843
      949 0.000019   0.001824
      685 0.000019  -0.001819
      437 0.000019   0.001801
     1052 0.000019   0.001799
      526 0.000018   0.001787
      463 0.000018  -0.001784
      779 0.000018   0.001737
      479 0.000018   0.001718
      384 0.000018  -0.001705
      458 0.000018   0.001695
      347 0.000017   0.001636
      514 0.000016   0.001588
      420 0.000016   0.001580
      837 0.000016   0.001536
      856 0.000016   0.001528
      675 0.000016   0.001509
      233 0.000015  -0.001481
      964 0.000015   0.001470
      450 0.000015  -0.001452
      324 0.000015  -0.001426
      732 0.000015   0.001423
      221 0.000015  -0.001406
      534 0.000014  -0.001388
      206 0.000014   0.001370
      619 0.000014   0.001364
      483 0.000014  -0.001336
      290 0.000014   0.001307
      462 0.000013   0.001284
      178 0.000013   0.001269
      449 0.000013  -0.001218
      791 0.000012   0.001204
      755 0.000012  -0.001201
      649 0.000012  -0.001197
     1047 0.000012   0.001189
      769 0.000012  -0.001180
      816 0.000012   0.001169
      244 0.000012   0.001164
      286 0.000012   0.001145
      907 0.000012   0.001127
     1010 0.000012   0.001121
      634 0.000012  -0.001118
      478 0.000012   0.001115
      988 0.000011  -0.001107
      188 0.000011  -0.001102
      278 0.000011  -0.001101
      642 0.000011  -0.001100
      405 0.000011  -0.001090
      192 0.000011   0.001075
      927 0.000011  -0.001072
      868 0.000011  -0.001055
      123 0.000011  -0.001051
      510 0.000011  -0.001050
      387 0.000011   0.001049
      966 0.000011   0.001047
      543 0.000011  -0.001047
      473 0.000011  -0.001042
      971 0.000011  -0.001032
      285 0.000011  -0.001018
      646 0.000011   0.001016
      197 0.000010   0.001008
      316 0.000010   0.001006
      293 0.000010  -0.000993
      487 0.000010  -0.000990
       80 0.000010   0.000987
      191 0.000010  -0.000981
      669 0.000010   0.000978
      237 0.000010  -0.000974
      804 0.000010  -0.000972
      934 0.000010  -0.000972
      418 0.000010  -0.000970
       74 0.000010   0.000969
euclid. distance of OLC and linear combination of EV * x_coef: 0.009643316659448493

Generate samples based on objective loadcase 279
nr_to_generate: 25

Parameter variation distribution settings
distribution: uniform
low: 0.7
high: 1.3

Total process runtime: 0:00:01.269781
