Date and Time:2023-05-12 14:18:56.328676

Initial Settings:
similarity_model: <function cosine_similarity at 0x000001D005A6E5E0>
similarity_threshold: 1e-05
nr_eigv_to_select: None
distribution: uniform
deviation: 0.3
nr_to_generate: 25
recompute: False

Selected eigenvectors and similarity score w.r.t objective loadcase:
objective_loadcase_nr: 593
similarity_model: cosine_similarity
similarity_threshold: 1e-05
nr_eigv_to_select: None
nr_eigv_selected: 463
approximation parameter model: lstsq
similarity score and approx. param. value
:  eigv_idx    score      value
        1 0.556222  80.926079
        3 0.532932  77.537574
        2 0.492605 -71.670278
        0 0.400081  58.208731
        6 0.058312   8.484023
       39 0.016833   2.449007
        4 0.010107   1.470468
      639 0.003865   0.562273
       68 0.003198  -0.465306
      186 0.002341  -0.340592
      612 0.002142  -0.311579
      593 0.002099  -0.305316
      586 0.001906   0.277370
      716 0.001672   0.243272
      218 0.001619  -0.235577
      618 0.001544   0.224569
      187 0.001542  -0.224358
      663 0.001528  -0.222299
      710 0.001504  -0.218864
      668 0.001409   0.204987
      595 0.001207   0.175653
      182 0.001155  -0.168085
      194 0.001078   0.156892
      659 0.001062  -0.154474
      617 0.000958   0.139450
      143 0.000954   0.138837
      686 0.000934  -0.135841
      388 0.000917  -0.133369
       71 0.000890  -0.129477
      626 0.000875   0.127253
      599 0.000836   0.121605
      184 0.000831  -0.120938
      688 0.000807  -0.117484
      700 0.000806   0.117213
      635 0.000793   0.115433
      562 0.000787  -0.114473
      582 0.000778  -0.113252
      670 0.000756   0.109924
      683 0.000743   0.108144
      579 0.000730   0.106263
      578 0.000702   0.102090
       69 0.000691  -0.100505
      183 0.000690   0.100364
      621 0.000667  -0.097057
      698 0.000658  -0.095727
      733 0.000651   0.094681
      749 0.000622  -0.090490
      666 0.000580  -0.084421
      341 0.000568   0.082710
      602 0.000550  -0.079957
      253 0.000541  -0.078783
      718 0.000539  -0.078465
       70 0.000529   0.076898
      228 0.000519  -0.075536
      704 0.000487  -0.070896
      708 0.000472   0.068711
      567 0.000464  -0.067514
      174 0.000464   0.067495
      179 0.000458   0.066687
      606 0.000458  -0.066652
      699 0.000458  -0.066648
      153 0.000443   0.064459
      641 0.000438  -0.063707
      735 0.000437  -0.063515
      577 0.000422  -0.061371
      575 0.000413   0.060044
      171 0.000402  -0.058509
      210 0.000399  -0.057983
      620 0.000398  -0.057877
      583 0.000394  -0.057282
      709 0.000382  -0.055505
      220 0.000379  -0.055173
      362 0.000370  -0.053821
      137 0.000368  -0.053579
      267 0.000361  -0.052569
      631 0.000333  -0.048466
      848 0.000327  -0.047520
      604 0.000319  -0.046371
      601 0.000318   0.046254
      419 0.000318  -0.046225
      707 0.000317  -0.046187
      807 0.000316   0.046047
      403 0.000311   0.045182
      412 0.000308  -0.044841
      756 0.000300  -0.043709
      757 0.000298  -0.043292
      204 0.000298   0.043290
      243 0.000288   0.041938
      576 0.000288  -0.041914
      587 0.000278   0.040464
      628 0.000278   0.040435
      383 0.000267   0.038832
      254 0.000257   0.037371
      400 0.000250  -0.036359
      570 0.000248  -0.036127
      199 0.000247  -0.035880
      573 0.000246   0.035776
      753 0.000241  -0.035026
      377 0.000240  -0.034863
      132 0.000239   0.034821
      815 0.000239  -0.034740
      258 0.000239  -0.034712
      696 0.000235  -0.034196
      161 0.000233   0.033943
      580 0.000232  -0.033783
      658 0.000223   0.032395
      741 0.000222   0.032311
      271 0.000221   0.032182
      148 0.000217   0.031543
      787 0.000214   0.031106
      564 0.000209  -0.030404
      853 0.000208  -0.030324
      665 0.000207  -0.030188
      739 0.000206  -0.029916
      941 0.000205  -0.029828
      277 0.000200   0.029117
      255 0.000196  -0.028519
      236 0.000194   0.028269
      273 0.000193  -0.028023
      759 0.000190   0.027575
      800 0.000187  -0.027224
      828 0.000186  -0.027117
      175 0.000186  -0.027022
      557 0.000184  -0.026755
      301 0.000183  -0.026619
      427 0.000182  -0.026414
      687 0.000180   0.026176
      361 0.000179   0.026049
      667 0.000179   0.025986
      234 0.000175   0.025519
      820 0.000171  -0.024813
      640 0.000170  -0.024802
      574 0.000169  -0.024656
      793 0.000167  -0.024358
      711 0.000162   0.023635
      784 0.000162  -0.023565
      549 0.000161  -0.023388
      566 0.000161   0.023363
      247 0.000161   0.023354
      380 0.000160   0.023315
      750 0.000156   0.022651
      743 0.000156  -0.022643
      217 0.000155  -0.022549
      299 0.000152   0.022184
      398 0.000151  -0.021995
       91 0.000149  -0.021733
      373 0.000149  -0.021694
      356 0.000148  -0.021539
      690 0.000144   0.020993
      798 0.000143   0.020805
      257 0.000142  -0.020639
      857 0.000141  -0.020549
      369 0.000141   0.020461
      847 0.000140   0.020424
      269 0.000139  -0.020201
      790 0.000137   0.019908
      355 0.000136   0.019809
      855 0.000136  -0.019740
      585 0.000134  -0.019550
      645 0.000134   0.019427
      908 0.000133  -0.019360
      353 0.000133  -0.019335
      138 0.000132   0.019191
      808 0.000132   0.019175
      605 0.000132  -0.019170
      697 0.000132   0.019142
      294 0.000131  -0.019017
      295 0.000129  -0.018737
      629 0.000128  -0.018684
      436 0.000128   0.018670
      974 0.000128   0.018626
      354 0.000128   0.018614
      423 0.000124  -0.017988
      241 0.000123   0.017915
      431 0.000121  -0.017673
      740 0.000121  -0.017640
      367 0.000121   0.017535
      107 0.000120  -0.017486
      795 0.000120   0.017462
      553 0.000120  -0.017455
      392 0.000119   0.017324
      736 0.000118  -0.017176
      638 0.000117  -0.017034
      581 0.000117  -0.017032
      818 0.000116  -0.016894
      882 0.000116   0.016844
      726 0.000115  -0.016719
      235 0.000115  -0.016719
      281 0.000111   0.016201
      840 0.000110  -0.016052
      859 0.000109   0.015865
      762 0.000108   0.015769
      249 0.000108  -0.015716
      292 0.000107  -0.015503
      799 0.000106  -0.015478
      600 0.000106  -0.015427
      584 0.000105  -0.015332
      266 0.000105  -0.015300
      684 0.000105  -0.015287
      594 0.000105  -0.015207
      552 0.000104  -0.015204
      742 0.000103  -0.014982
      832 0.000103   0.014953
      193 0.000102  -0.014880
      312 0.000101  -0.014735
      844 0.000101  -0.014701
      209 0.000098  -0.014210
      308 0.000098  -0.014203
      611 0.000096  -0.013988
      251 0.000096  -0.013986
     1095 0.000095  -0.013860
      569 0.000095   0.013766
      291 0.000092   0.013318
      222 0.000091  -0.013207
      386 0.000090   0.013151
      262 0.000089  -0.012964
      302 0.000089  -0.012897
      723 0.000088  -0.012794
      803 0.000088   0.012790
      572 0.000088  -0.012734
      261 0.000087  -0.012587
      955 0.000086   0.012555
      263 0.000086  -0.012528
      632 0.000086   0.012441
      778 0.000085  -0.012376
      824 0.000085   0.012355
      561 0.000084   0.012257
      591 0.000084   0.012234
      829 0.000084   0.012163
      734 0.000083  -0.012130
      616 0.000083  -0.012050
      801 0.000083  -0.012007
      701 0.000082  -0.011918
      390 0.000081   0.011790
      394 0.000081   0.011762
      275 0.000080  -0.011665
      597 0.000080  -0.011627
      560 0.000079  -0.011434
      428 0.000079   0.011430
      748 0.000078  -0.011376
      744 0.000078  -0.011315
      374 0.000078   0.011289
      313 0.000076  -0.011110
      198 0.000076   0.011086
     1005 0.000076   0.011048
      863 0.000076  -0.011046
      343 0.000076  -0.011042
      802 0.000075   0.010895
      414 0.000074   0.010789
      937 0.000073  -0.010669
      728 0.000073  -0.010657
      913 0.000073  -0.010614
      879 0.000072  -0.010537
      763 0.000072  -0.010530
      239 0.000072   0.010473
      776 0.000072  -0.010427
      978 0.000071   0.010346
      922 0.000070  -0.010164
      891 0.000069  -0.010059
      268 0.000068  -0.009851
      545 0.000067  -0.009778
      826 0.000066  -0.009655
      654 0.000066   0.009598
      843 0.000065  -0.009482
      805 0.000065  -0.009405
      230 0.000064  -0.009368
      596 0.000064  -0.009257
      425 0.000064   0.009245
      298 0.000063  -0.009203
      232 0.000063  -0.009173
      539 0.000063   0.009140
      722 0.000062  -0.009037
      322 0.000062  -0.008979
      227 0.000060   0.008766
      782 0.000060  -0.008688
      279 0.000058  -0.008395
      831 0.000057   0.008333
      789 0.000057   0.008249
      895 0.000057   0.008227
      407 0.000056  -0.008075
      821 0.000054  -0.007917
      948 0.000054   0.007788
      614 0.000053   0.007761
      223 0.000053   0.007702
      528 0.000052   0.007580
      603 0.000052  -0.007523
      627 0.000051   0.007355
      867 0.000051   0.007351
      542 0.000050   0.007310
      858 0.000049  -0.007143
      325 0.000049  -0.007094
      337 0.000049  -0.007087
      329 0.000048  -0.006973
      397 0.000047  -0.006871
      765 0.000047   0.006810
      540 0.000046  -0.006721
      987 0.000045   0.006562
      770 0.000045   0.006562
      245 0.000044  -0.006453
      870 0.000044  -0.006408
      773 0.000044   0.006405
      928 0.000043  -0.006315
      780 0.000043  -0.006307
      409 0.000043  -0.006246
      535 0.000042   0.006066
      224 0.000042  -0.006054
      323 0.000040  -0.005886
      881 0.000040  -0.005869
      589 0.000040  -0.005838
      319 0.000040   0.005779
      448 0.000039   0.005739
      874 0.000039  -0.005684
     1001 0.000039  -0.005664
      289 0.000038   0.005597
      860 0.000038  -0.005587
      297 0.000038  -0.005583
      965 0.000038  -0.005580
      413 0.000038   0.005516
      332 0.000038  -0.005485
      864 0.000038   0.005477
      993 0.000036   0.005263
      518 0.000036   0.005248
      169 0.000036  -0.005234
      491 0.000035   0.005152
      677 0.000035   0.005151
      933 0.000035   0.005122
      904 0.000035   0.005079
      792 0.000035   0.005022
     1025 0.000034   0.004975
      206 0.000034   0.004918
      610 0.000034  -0.004899
      650 0.000034  -0.004895
      342 0.000033   0.004868
      488 0.000033   0.004834
      636 0.000033  -0.004830
      410 0.000033  -0.004826
      310 0.000033  -0.004798
      530 0.000033   0.004741
      532 0.000033   0.004739
      823 0.000032   0.004713
      590 0.000032  -0.004659
      333 0.000031  -0.004578
     1032 0.000031   0.004561
      643 0.000031  -0.004487
      475 0.000031  -0.004465
      894 0.000030  -0.004431
      950 0.000030  -0.004406
      524 0.000029  -0.004188
      680 0.000029   0.004160
      445 0.000029  -0.004156
      814 0.000028   0.004113
     1017 0.000028   0.004082
      592 0.000028  -0.004061
      900 0.000028  -0.004033
      694 0.000028   0.004029
      432 0.000027   0.003957
      942 0.000027   0.003922
      424 0.000026  -0.003806
      608 0.000026  -0.003785
      842 0.000025  -0.003684
      880 0.000025   0.003661
      917 0.000024   0.003471
      938 0.000024   0.003443
      838 0.000023   0.003362
     1034 0.000023  -0.003353
      943 0.000023   0.003316
      334 0.000023   0.003276
      519 0.000022   0.003213
      685 0.000022  -0.003203
      320 0.000022   0.003161
      502 0.000022   0.003161
      104 0.000021   0.003109
      406 0.000021  -0.003056
      662 0.000021  -0.003046
      455 0.000021  -0.003025
      131 0.000021  -0.003017
      714 0.000021  -0.003006
      538 0.000021   0.003005
      536 0.000021  -0.002992
      479 0.000020   0.002952
      526 0.000020   0.002921
      512 0.000019  -0.002827
     1052 0.000019   0.002812
      366 0.000019   0.002784
      489 0.000019   0.002780
      463 0.000019  -0.002741
      514 0.000018   0.002643
      505 0.000018   0.002638
      884 0.000018  -0.002633
      949 0.000018   0.002620
      437 0.000018   0.002619
      458 0.000018   0.002604
      259 0.000018  -0.002597
      321 0.000018  -0.002577
      335 0.000018  -0.002572
      868 0.000017  -0.002543
      290 0.000017   0.002500
      315 0.000017   0.002488
      856 0.000017   0.002479
      324 0.000017  -0.002414
      649 0.000016  -0.002370
      852 0.000016  -0.002305
      907 0.000016   0.002265
      732 0.000015   0.002245
      214 0.000015   0.002229
      402 0.000015  -0.002208
      349 0.000015  -0.002187
      296 0.000015  -0.002182
      420 0.000015   0.002119
      346 0.000015   0.002118
      883 0.000015   0.002110
      816 0.000014   0.002110
      450 0.000014  -0.002107
      727 0.000014  -0.002078
      264 0.000014  -0.002061
      830 0.000014   0.002061
      276 0.000014   0.002059
      452 0.000014  -0.002053
      483 0.000014  -0.002047
       66 0.000014  -0.002031
      216 0.000014  -0.002015
      213 0.000014   0.002014
      681 0.000014  -0.002001
      619 0.000014   0.002000
      669 0.000014   0.001995
      237 0.000014   0.001969
      794 0.000014   0.001967
     1047 0.000013   0.001854
      903 0.000013  -0.001850
      399 0.000013  -0.001819
      328 0.000012  -0.001812
      534 0.000012  -0.001776
      849 0.000012   0.001769
      543 0.000012  -0.001750
      462 0.000012   0.001746
      804 0.000012  -0.001740
      791 0.000012   0.001717
      888 0.000012   0.001706
      260 0.000012   0.001700
      634 0.000012  -0.001683
     1010 0.000012   0.001682
      285 0.000011  -0.001669
      609 0.000011   0.001667
      646 0.000011   0.001657
      359 0.000011  -0.001650
      966 0.000011   0.001645
      364 0.000011   0.001636
      473 0.000011  -0.001621
      487 0.000011  -0.001607
      927 0.000011  -0.001585
      286 0.000011   0.001564
      240 0.000011  -0.001552
      713 0.000011   0.001548
      811 0.000011   0.001547
      837 0.000011  -0.001537
      215 0.000011  -0.001533
      307 0.000011  -0.001529
      293 0.000010   0.001527
      191 0.000010   0.001516
      114 0.000010   0.001510
      779 0.000010   0.001502
      350 0.000010  -0.001490
      461 0.000010   0.001487
euclid. distance of OLC and linear combination of EV * x_coef: 0.013159522294356116

Generate samples based on objective loadcase 593
nr_to_generate: 25

Parameter variation distribution settings
distribution: uniform
low: 0.7
high: 1.3

Total process runtime: 0:00:01.251701
