Date and Time:2023-05-12 14:07:54.060139

Initial Settings:
similarity_model: <function cosine_similarity at 0x000001D005A6E5E0>
similarity_threshold: 1e-05
nr_eigv_to_select: None
distribution: uniform
deviation: 0.3
nr_to_generate: 25
recompute: False

Selected eigenvectors and similarity score w.r.t objective loadcase:
objective_loadcase_nr: 94
similarity_model: cosine_similarity
similarity_threshold: 1e-05
nr_eigv_to_select: None
nr_eigv_selected: 455
approximation parameter model: lstsq
similarity score and approx. param. value
:  eigv_idx    score      value
        3 0.565127  52.896021
        1 0.531228  49.723036
        2 0.507457 -47.498076
        0 0.372125  34.830942
        6 0.039826   3.727685
       39 0.025363   2.373996
        4 0.011706   1.095716
      639 0.003551   0.332344
      218 0.002256  -0.211128
      186 0.002202  -0.206114
      593 0.002131  -0.199425
      612 0.002031  -0.190075
      586 0.001972   0.184599
      710 0.001605  -0.150198
      187 0.001456  -0.136256
      716 0.001438   0.134604
      595 0.001274   0.119249
      663 0.001223  -0.114475
      618 0.001183   0.110691
      668 0.001148   0.107456
      626 0.001051   0.098387
      194 0.000983   0.092032
      686 0.000949  -0.088838
      388 0.000925  -0.086579
      659 0.000855  -0.080050
      617 0.000810   0.075811
      688 0.000803  -0.075150
      599 0.000801   0.074997
      143 0.000754   0.070582
      582 0.000748  -0.070014
      562 0.000747  -0.069921
      635 0.000731   0.068437
      670 0.000724   0.067765
      621 0.000721  -0.067503
      749 0.000717  -0.067075
      183 0.000692   0.064796
       69 0.000670   0.062748
       68 0.000660  -0.061745
      578 0.000653   0.061161
       71 0.000651   0.060911
      704 0.000633  -0.059219
      341 0.000607   0.056780
      733 0.000606   0.056745
      718 0.000575  -0.053790
      579 0.000559   0.052291
      698 0.000553  -0.051784
      602 0.000549  -0.051401
      567 0.000546  -0.051126
      606 0.000546  -0.051113
      577 0.000523  -0.048962
      253 0.000517  -0.048352
      708 0.000496   0.046451
      700 0.000495   0.046304
      666 0.000484  -0.045283
      153 0.000472   0.044190
      683 0.000470   0.044020
      174 0.000453   0.042403
      267 0.000445  -0.041651
      735 0.000441  -0.041301
      575 0.000439   0.041107
      220 0.000432  -0.040423
      620 0.000431  -0.040373
      696 0.000417  -0.039073
      182 0.000416  -0.038956
      709 0.000407  -0.038139
      641 0.000405  -0.037917
      258 0.000400  -0.037409
      699 0.000382  -0.035758
      707 0.000381  -0.035616
      210 0.000376  -0.035208
      601 0.000369   0.034544
      848 0.000360  -0.033672
      583 0.000359  -0.033580
      753 0.000355  -0.033260
      184 0.000350  -0.032742
      412 0.000345  -0.032263
      807 0.000336   0.031413
      419 0.000325  -0.030428
      230 0.000324  -0.030372
      227 0.000310   0.028980
      403 0.000302   0.028257
      362 0.000300  -0.028060
      587 0.000299   0.027996
      756 0.000298  -0.027911
      631 0.000298  -0.027895
      273 0.000296  -0.027680
      793 0.000286  -0.026765
      383 0.000286   0.026724
      570 0.000265  -0.024835
      757 0.000265  -0.024799
      204 0.000256   0.023987
      269 0.000256  -0.023921
      853 0.000249  -0.023294
      235 0.000233  -0.021776
      243 0.000231   0.021618
      377 0.000229  -0.021388
      299 0.000224   0.021013
      741 0.000222   0.020797
      239 0.000220   0.020559
      604 0.000219  -0.020494
      361 0.000211   0.019787
      199 0.000210  -0.019698
      580 0.000210  -0.019647
      263 0.000209  -0.019588
      739 0.000208  -0.019503
      576 0.000205  -0.019186
      726 0.000204  -0.019053
      564 0.000203  -0.018994
      301 0.000199  -0.018664
      427 0.000196  -0.018372
      549 0.000196  -0.018320
      800 0.000195  -0.018294
      228 0.000194  -0.018132
      400 0.000191  -0.017888
      658 0.000189   0.017716
      247 0.000187   0.017501
      373 0.000187  -0.017493
      743 0.000185  -0.017277
      179 0.000184   0.017216
      750 0.000181   0.016961
      855 0.000179  -0.016741
      175 0.000179  -0.016721
      828 0.000177  -0.016590
      574 0.000173  -0.016216
      941 0.000173  -0.016193
      784 0.000173  -0.016190
      665 0.000172  -0.016142
      818 0.000172  -0.016114
      392 0.000172   0.016093
      312 0.000171  -0.016026
      137 0.000171  -0.015994
      820 0.000170  -0.015933
      628 0.000168   0.015697
      206 0.000166   0.015560
      795 0.000165   0.015420
      369 0.000164   0.015306
      787 0.000162   0.015128
      171 0.000159  -0.014929
      667 0.000159   0.014910
      223 0.000158   0.014778
      763 0.000158   0.014756
      591 0.000157   0.014740
      711 0.000157   0.014720
      857 0.000157  -0.014662
      742 0.000156  -0.014632
      553 0.000156  -0.014594
      132 0.000153   0.014326
      815 0.000150  -0.014077
      255 0.000146  -0.013696
      778 0.000145  -0.013616
      687 0.000144   0.013523
      275 0.000144  -0.013520
      557 0.000144  -0.013448
      824 0.000141   0.013205
      337 0.000141  -0.013202
      605 0.000141  -0.013161
      616 0.000139  -0.012983
      398 0.000138  -0.012888
      808 0.000137   0.012859
      257 0.000135  -0.012669
      585 0.000133  -0.012483
      380 0.000131   0.012244
      573 0.000131   0.012217
      217 0.000127  -0.011908
      423 0.000126  -0.011834
      431 0.000126  -0.011787
      332 0.000126  -0.011747
      271 0.000125   0.011730
      790 0.000123   0.011508
      736 0.000123  -0.011486
      295 0.000123  -0.011482
      354 0.000122   0.011446
      697 0.000122   0.011406
       70 0.000121   0.011366
      290 0.000121   0.011315
      277 0.000120   0.011270
      566 0.000119   0.011133
      859 0.000119   0.011098
      908 0.000118  -0.011056
      279 0.000118  -0.011026
      829 0.000117   0.010933
      355 0.000115   0.010733
      294 0.000114  -0.010712
      759 0.000114  -0.010669
      690 0.000114   0.010649
      356 0.000113  -0.010609
      241 0.000113   0.010578
      799 0.000112  -0.010471
      775 0.000112   0.010450
      569 0.000111   0.010406
      645 0.000110   0.010309
      638 0.000109  -0.010226
      353 0.000109  -0.010179
      974 0.000107   0.010000
      298 0.000106  -0.009959
      251 0.000106  -0.009925
      629 0.000103  -0.009604
       88 0.000102  -0.009571
      436 0.000101   0.009488
      840 0.000099  -0.009286
      600 0.000098  -0.009182
      234 0.000098   0.009158
      684 0.000098  -0.009158
      847 0.000097   0.009120
      581 0.000096  -0.008970
      728 0.000095  -0.008937
      329 0.000095  -0.008887
      744 0.000093  -0.008702
      292 0.000092  -0.008632
      611 0.000091  -0.008558
      367 0.000091   0.008536
      266 0.000091  -0.008518
      584 0.000090  -0.008464
      844 0.000090  -0.008417
      261 0.000090  -0.008403
      262 0.000089  -0.008332
       93 0.000088  -0.008272
      882 0.000087   0.008178
      201 0.000087  -0.008169
      594 0.000086  -0.008032
      770 0.000084   0.007893
      937 0.000084  -0.007864
      734 0.000083  -0.007767
      281 0.000083   0.007755
      561 0.000082   0.007710
      268 0.000082  -0.007672
      782 0.000082  -0.007657
      948 0.000080   0.007513
      572 0.000080  -0.007453
     1095 0.000078  -0.007347
      254 0.000078   0.007280
      560 0.000078  -0.007275
      723 0.000076  -0.007157
      978 0.000076   0.007142
      321 0.000073  -0.006873
      161 0.000073   0.006795
      632 0.000072   0.006765
      291 0.000072   0.006751
      302 0.000071  -0.006678
      325 0.000071  -0.006644
      769 0.000071   0.006615
      654 0.000071   0.006614
      843 0.000070  -0.006548
     1005 0.000069   0.006505
      860 0.000069  -0.006460
      107 0.000069  -0.006442
      104 0.000069   0.006438
      864 0.000068   0.006374
      722 0.000067  -0.006279
      913 0.000066  -0.006221
      614 0.000066   0.006211
      319 0.000065   0.006050
      748 0.000064  -0.006029
      792 0.000063   0.005916
      425 0.000063   0.005869
      390 0.000062   0.005827
      342 0.000062   0.005793
      694 0.000062   0.005790
      773 0.000062   0.005759
      955 0.000061   0.005713
      428 0.000061   0.005700
      545 0.000061  -0.005675
      539 0.000060   0.005661
      895 0.000060   0.005598
      701 0.000060  -0.005597
      826 0.000060  -0.005591
      943 0.000058   0.005461
      627 0.000058   0.005453
      308 0.000058  -0.005410
      831 0.000058   0.005403
      922 0.000058  -0.005402
      289 0.000057   0.005341
      552 0.000057  -0.005331
      386 0.000057   0.005301
      414 0.000056   0.005271
      236 0.000056   0.005241
      832 0.000056   0.005223
      343 0.000055  -0.005147
      596 0.000055  -0.005132
      823 0.000055   0.005115
      322 0.000054  -0.005094
      765 0.000053   0.005006
      528 0.000053   0.004942
      821 0.000052  -0.004902
      323 0.000052  -0.004893
      285 0.000052   0.004863
      879 0.000052  -0.004860
      283 0.000051   0.004741
      650 0.000050  -0.004725
      138 0.000050  -0.004636
      590 0.000048  -0.004450
      535 0.000047   0.004377
      315 0.000045   0.004222
      640 0.000045  -0.004179
      589 0.000044  -0.004153
      870 0.000044  -0.004146
      148 0.000043   0.004053
      789 0.000043   0.004050
      597 0.000042  -0.003946
      880 0.000042   0.003922
      374 0.000042   0.003921
      884 0.000041  -0.003861
      881 0.000041  -0.003821
      407 0.000040  -0.003715
      169 0.000038  -0.003593
      313 0.000038  -0.003568
      891 0.000037  -0.003488
      244 0.000037  -0.003423
      518 0.000037   0.003422
      394 0.000036   0.003382
      491 0.000036   0.003382
      542 0.000036   0.003350
      232 0.000035  -0.003295
      131 0.000035   0.003293
      776 0.000035  -0.003288
      842 0.000035  -0.003255
      540 0.000035  -0.003250
      649 0.000033  -0.003134
      532 0.000033   0.003127
      894 0.000033  -0.003122
      928 0.000033  -0.003114
      409 0.000033  -0.003107
      318 0.000033  -0.003068
      366 0.000033   0.003068
      413 0.000032  -0.003035
      874 0.000032  -0.003033
      488 0.000032   0.003021
      608 0.000032  -0.003009
      933 0.000032   0.002996
      987 0.000032   0.002993
      740 0.000032  -0.002968
      448 0.000032   0.002966
      636 0.000031  -0.002924
      803 0.000031   0.002910
      942 0.000031   0.002874
      801 0.000031  -0.002873
      397 0.000031  -0.002862
      284 0.000031   0.002858
      830 0.000030   0.002848
      445 0.000030  -0.002844
      410 0.000030  -0.002814
      935 0.000030  -0.002814
      780 0.000030   0.002808
      297 0.000030  -0.002784
      677 0.000030   0.002762
      310 0.000029  -0.002750
      245 0.000029  -0.002745
     1001 0.000029  -0.002683
      950 0.000029  -0.002674
      475 0.000028  -0.002660
      524 0.000028  -0.002623
     1032 0.000028   0.002622
      286 0.000028   0.002615
       91 0.000028  -0.002615
      904 0.000027   0.002546
      278 0.000027   0.002535
      794 0.000026   0.002436
     1073 0.000026  -0.002426
      802 0.000026   0.002422
      938 0.000026   0.002421
      424 0.000026  -0.002412
      530 0.000026   0.002394
     1034 0.000025  -0.002372
      852 0.000025   0.002350
      762 0.000025  -0.002302
      346 0.000024   0.002277
      526 0.000024   0.002238
     1025 0.000024   0.002209
      646 0.000023   0.002140
      863 0.000023  -0.002134
      856 0.000023   0.002130
      835 0.000023  -0.002128
      957 0.000022   0.002067
      727 0.000021  -0.002010
      971 0.000021  -0.002006
      921 0.000021  -0.001978
      841 0.000021   0.001973
      685 0.000021  -0.001925
     1010 0.000020   0.001903
      993 0.000020   0.001879
     1017 0.000020   0.001864
      643 0.000020  -0.001857
      479 0.000020   0.001848
      514 0.000020   0.001826
      798 0.000019   0.001817
      988 0.000019  -0.001771
      833 0.000019  -0.001771
      811 0.000019   0.001761
      455 0.000019  -0.001743
      965 0.000019  -0.001741
      536 0.000018  -0.001719
      502 0.000018   0.001717
       98 0.000018  -0.001712
      437 0.000018   0.001712
      519 0.000018   0.001707
      714 0.000018  -0.001706
      662 0.000018  -0.001697
      610 0.000018  -0.001693
      858 0.000018  -0.001691
      432 0.000018   0.001689
      907 0.000018   0.001676
      463 0.000018  -0.001675
      927 0.000018  -0.001641
      349 0.000017  -0.001629
      867 0.000017   0.001628
      334 0.000017  -0.001579
      512 0.000017  -0.001569
      949 0.000017   0.001550
      917 0.000016   0.001534
      964 0.000016   0.001502
      814 0.000016   0.001501
      333 0.000016  -0.001495
      489 0.000016   0.001464
      934 0.000016  -0.001464
      324 0.000016  -0.001461
      900 0.000016  -0.001451
      804 0.000015  -0.001439
      458 0.000015   0.001402
     1096 0.000015   0.001401
      505 0.000015   0.001394
     1052 0.000015   0.001383
      809 0.000015   0.001380
      977 0.000015   0.001377
      732 0.000014   0.001336
      810 0.000014   0.001317
      755 0.000014  -0.001316
      838 0.000014  -0.001303
      983 0.000014   0.001300
      450 0.000014  -0.001293
      259 0.000014  -0.001287
      193 0.000014   0.001264
      916 0.000013  -0.001206
      209 0.000013  -0.001205
      680 0.000013   0.001186
      791 0.000012   0.001167
      816 0.000012   0.001150
      224 0.000012  -0.001145
      384 0.000012  -0.001137
      598 0.000012   0.001116
      478 0.000012   0.001107
     1009 0.000012  -0.001104
      702 0.000011  -0.001072
      272 0.000011  -0.001056
      483 0.000011  -0.001044
      805 0.000011  -0.001033
      779 0.000011  -0.001029
      538 0.000011   0.001012
      619 0.000011   0.001008
      487 0.000011  -0.000999
     1061 0.000011  -0.000989
      959 0.000011  -0.000987
      634 0.000010  -0.000972
      462 0.000010   0.000967
      461 0.000010   0.000951
      402 0.000010   0.000938
euclid. distance of OLC and linear combination of EV * x_coef: 0.007579175199171295

Generate samples based on objective loadcase 94
nr_to_generate: 25

Parameter variation distribution settings
distribution: uniform
low: 0.7
high: 1.3

Total process runtime: 0:00:01.288927
