Date and Time:2023-05-12 14:27:54.615139

Initial Settings:
similarity_model: <function cosine_similarity at 0x000001D005A6E5E0>
similarity_threshold: 1e-05
nr_eigv_to_select: None
distribution: uniform
deviation: 0.3
nr_to_generate: 25
recompute: False

Selected eigenvectors and similarity score w.r.t objective loadcase:
objective_loadcase_nr: 994
similarity_model: cosine_similarity
similarity_threshold: 1e-05
nr_eigv_to_select: None
nr_eigv_selected: 633
approximation parameter model: lstsq
similarity score and approx. param. value
:  eigv_idx    score      value
        1 0.570304  78.710600
        3 0.518741  71.594083
        2 0.477922 -65.960475
        0 0.415748  57.379463
        6 0.063915   8.821259
       39 0.010424   1.438698
        4 0.009177   1.266529
       68 0.006018  -0.830507
      639 0.003770   0.520314
       71 0.002816  -0.388649
      186 0.002508  -0.346076
       69 0.002355  -0.325018
      612 0.002046  -0.282351
      593 0.001859  -0.256591
      618 0.001771   0.244417
      187 0.001708  -0.235684
      586 0.001691   0.233370
      716 0.001684   0.232377
      663 0.001604  -0.221411
      668 0.001515   0.209036
      710 0.001460  -0.201545
      182 0.001222  -0.168610
      218 0.001190  -0.164204
      194 0.001174   0.162059
      659 0.001129  -0.155769
      595 0.001038   0.143288
      617 0.001037   0.143071
       70 0.000996   0.137479
      184 0.000959  -0.132406
      700 0.000922   0.127205
      686 0.000873  -0.120419
      683 0.000864   0.119237
      579 0.000859   0.118577
      388 0.000814  -0.112375
      143 0.000799   0.110328
      688 0.000794  -0.109610
      183 0.000793   0.109510
      635 0.000774   0.106881
      749 0.000763  -0.105291
      599 0.000754   0.104109
      562 0.000741  -0.102231
      582 0.000708  -0.097744
      578 0.000707   0.097557
      228 0.000680  -0.093855
      670 0.000669   0.092356
      626 0.000643   0.088703
      698 0.000612  -0.084458
      666 0.000609  -0.084087
      733 0.000585   0.080703
      621 0.000558  -0.076959
      735 0.000518  -0.071512
      179 0.000513   0.070776
      253 0.000511  -0.070489
      602 0.000491  -0.067781
      171 0.000491  -0.067743
      341 0.000484   0.066786
      708 0.000477   0.065852
      153 0.000476   0.065634
      641 0.000443  -0.061169
      174 0.000441   0.060806
      210 0.000435  -0.060044
      362 0.000430  -0.059316
      718 0.000414  -0.057130
      699 0.000410  -0.056583
      583 0.000400  -0.055232
      220 0.000390  -0.053814
      709 0.000372  -0.051326
      628 0.000370   0.051051
      604 0.000359  -0.049610
      567 0.000354  -0.048806
      254 0.000352   0.048577
      576 0.000351  -0.048379
      756 0.000350  -0.048332
      631 0.000348  -0.047975
      757 0.000336  -0.046351
      137 0.000334  -0.046074
      575 0.000331   0.045665
      577 0.000328  -0.045226
      620 0.000323  -0.044534
      759 0.000322   0.044488
      606 0.000320  -0.044125
      243 0.000316   0.043551
      573 0.000310   0.042840
      204 0.000296   0.040918
      400 0.000295  -0.040782
      419 0.000288  -0.039765
      267 0.000287  -0.039545
      848 0.000281  -0.038788
      807 0.000279   0.038475
      741 0.000277   0.038271
      236 0.000275   0.037951
      640 0.000274  -0.037786
      787 0.000272   0.037545
      412 0.000267  -0.036808
      277 0.000259   0.035759
      704 0.000258  -0.035631
      601 0.000257   0.035454
      403 0.000254   0.035075
      815 0.000253  -0.034853
      853 0.000252  -0.034778
      234 0.000248   0.034178
      148 0.000247   0.034062
      271 0.000242   0.033452
      587 0.000240   0.033106
      658 0.000238   0.032837
      739 0.000235  -0.032481
      132 0.000233   0.032205
      161 0.000233   0.032127
      377 0.000223  -0.030765
      580 0.000218  -0.030069
      199 0.000210  -0.028970
      255 0.000209  -0.028912
      687 0.000207   0.028542
      570 0.000207  -0.028532
      138 0.000206   0.028446
      941 0.000206  -0.028432
      798 0.000202   0.027935
      750 0.000201   0.027810
      222 0.000200  -0.027548
      383 0.000199   0.027515
      564 0.000196  -0.027058
      549 0.000195  -0.026867
      665 0.000194  -0.026839
      707 0.000194  -0.026812
      295 0.000193  -0.026654
      361 0.000192   0.026451
       91 0.000189  -0.026153
      763 0.000184  -0.025387
      249 0.000184  -0.025370
      367 0.000181   0.024977
      828 0.000179  -0.024704
      398 0.000177  -0.024435
      355 0.000176   0.024253
      380 0.000173   0.023823
      800 0.000169  -0.023263
      175 0.000168  -0.023223
      258 0.000167  -0.023074
      566 0.000167   0.023023
      427 0.000165  -0.022804
      820 0.000162  -0.022360
      353 0.000162  -0.022323
      585 0.000161  -0.022251
      762 0.000159   0.021974
      847 0.000155   0.021325
      301 0.000154  -0.021266
      857 0.000154  -0.021253
      557 0.000151  -0.020865
      790 0.000151   0.020814
      257 0.000149  -0.020627
      436 0.000149   0.020553
      753 0.000148  -0.020420
      711 0.000147   0.020350
      107 0.000147  -0.020301
      266 0.000144  -0.019911
      261 0.000144  -0.019828
      373 0.000143  -0.019797
      241 0.000142   0.019617
      198 0.000140   0.019384
      308 0.000139  -0.019164
      690 0.000138   0.019076
      629 0.000138  -0.019014
      667 0.000137   0.018883
      247 0.000137   0.018863
      561 0.000134   0.018557
      281 0.000134   0.018457
      908 0.000133  -0.018407
      784 0.000133  -0.018337
      227 0.000133  -0.018334
      743 0.000132  -0.018159
      740 0.000131  -0.018095
      574 0.000130  -0.017921
      645 0.000130   0.017878
      974 0.000129   0.017806
      390 0.000129   0.017775
      581 0.000127  -0.017588
      882 0.000126   0.017407
      684 0.000124  -0.017100
      801 0.000123  -0.017030
      818 0.000122  -0.016795
      299 0.000119   0.016425
      808 0.000118   0.016282
      859 0.000117   0.016149
      605 0.000116  -0.016025
      840 0.000114  -0.015789
      638 0.000114  -0.015766
      431 0.000114  -0.015760
      217 0.000113  -0.015615
      423 0.000113  -0.015598
      600 0.000112  -0.015415
      855 0.000110  -0.015233
      572 0.000108  -0.014864
      386 0.000107   0.014834
      803 0.000107   0.014820
      294 0.000107  -0.014761
      726 0.000105  -0.014528
      262 0.000105  -0.014517
      302 0.000102  -0.014118
      596 0.000101  -0.014008
      275 0.000101  -0.013987
      594 0.000101  -0.013877
      269 0.000100  -0.013755
      407 0.000099  -0.013727
      245 0.000099  -0.013626
      209 0.000099  -0.013608
      343 0.000097  -0.013359
      392 0.000097   0.013358
     1095 0.000096  -0.013270
      799 0.000096  -0.013218
      611 0.000096  -0.013215
      723 0.000095  -0.013103
      697 0.000094   0.012945
      552 0.000094  -0.012908
      829 0.000093   0.012861
      428 0.000092   0.012733
      802 0.000092   0.012705
      251 0.000092  -0.012705
      955 0.000092   0.012642
      824 0.000091   0.012592
      584 0.000090  -0.012476
      273 0.000090  -0.012466
      318 0.000090   0.012462
      832 0.000090   0.012416
      734 0.000089  -0.012350
      736 0.000089  -0.012323
      313 0.000088  -0.012192
      597 0.000088  -0.012175
      843 0.000088  -0.012147
      701 0.000088  -0.012120
      356 0.000087  -0.012062
      414 0.000087   0.012060
      844 0.000087  -0.012044
      193 0.000087  -0.012002
      805 0.000086  -0.011918
      320 0.000086  -0.011831
      863 0.000086  -0.011807
      235 0.000085  -0.011736
      292 0.000084  -0.011591
      374 0.000083   0.011466
      795 0.000083   0.011442
      793 0.000083  -0.011404
      891 0.000082  -0.011293
      879 0.000082  -0.011278
      354 0.000081   0.011123
      268 0.000079  -0.010869
      545 0.000078  -0.010802
      780 0.000076  -0.010515
      776 0.000076  -0.010495
      632 0.000076   0.010459
      397 0.000075  -0.010406
     1005 0.000074   0.010177
      276 0.000073  -0.010132
      406 0.000073   0.010012
      748 0.000072  -0.009999
      425 0.000072   0.009977
      913 0.000072  -0.009952
      312 0.000071  -0.009819
      922 0.000071  -0.009797
      773 0.000070   0.009725
        9 0.000070   0.009680
       10 0.000070   0.009641
      603 0.000070  -0.009638
      364 0.000070  -0.009615
      230 0.000068   0.009330
      402 0.000068   0.009322
      252 0.000067  -0.009316
      349 0.000067  -0.009308
      826 0.000067  -0.009282
      296 0.000067   0.009252
      789 0.000066   0.009092
      728 0.000065  -0.009038
      206 0.000065  -0.009012
      978 0.000065   0.008914
      937 0.000064  -0.008832
      319 0.000064   0.008791
      744 0.000063  -0.008747
      369 0.000063   0.008648
      770 0.000063   0.008633
      742 0.000062  -0.008513
      782 0.000060  -0.008309
      539 0.000060   0.008262
      322 0.000060  -0.008239
      722 0.000059  -0.008077
      350 0.000058   0.007987
      409 0.000058  -0.007983
      298 0.000058  -0.007981
      285 0.000058  -0.007972
      264 0.000058   0.007949
      359 0.000057   0.007899
      614 0.000056   0.007759
      335 0.000056   0.007739
      553 0.000055  -0.007576
      867 0.000054   0.007461
      895 0.000054   0.007444
      765 0.000054   0.007432
      831 0.000054   0.007420
      131 0.000054  -0.007387
      542 0.000054   0.007384
      677 0.000052   0.007224
      540 0.000052  -0.007195
      394 0.000051   0.006989
      413 0.000051   0.006971
      662 0.000050  -0.006965
      769 0.000050  -0.006946
      233 0.000050  -0.006931
      169 0.000050  -0.006853
       88 0.000049   0.006822
      560 0.000049  -0.006694
      987 0.000048   0.006662
      838 0.000048   0.006602
      589 0.000048  -0.006588
      213 0.000048  -0.006587
      528 0.000048   0.006576
      244 0.000047   0.006509
      654 0.000047   0.006493
      223 0.000047   0.006488
      778 0.000047  -0.006438
      237 0.000046  -0.006417
      357 0.000046  -0.006301
      588 0.000046   0.006299
      821 0.000046  -0.006296
      928 0.000045  -0.006272
      239 0.000045  -0.006215
      858 0.000045  -0.006214
      569 0.000045   0.006198
      448 0.000045   0.006168
      650 0.000045  -0.006156
      250 0.000044   0.006085
      214 0.000044  -0.006056
      263 0.000043  -0.005999
      965 0.000043  -0.005994
      904 0.000043   0.005948
      260 0.000043   0.005912
      864 0.000043   0.005902
      290 0.000043  -0.005879
      331 0.000042  -0.005847
      291 0.000042   0.005822
      881 0.000042  -0.005768
      775 0.000042  -0.005743
      993 0.000041   0.005693
      297 0.000041  -0.005682
     1001 0.000041  -0.005645
      823 0.000041   0.005637
      283 0.000040  -0.005565
      310 0.000040  -0.005510
      870 0.000040  -0.005467
      366 0.000040   0.005458
      948 0.000039   0.005445
       53 0.000039   0.005415
      830 0.000039   0.005319
      287 0.000038   0.005229
       52 0.000038  -0.005202
      874 0.000038  -0.005176
      221 0.000037  -0.005172
      224 0.000037  -0.005137
      216 0.000037   0.005087
     1025 0.000037   0.005081
      530 0.000037   0.005069
      284 0.000036  -0.004934
      191 0.000035  -0.004880
      405 0.000035  -0.004846
      333 0.000035   0.004825
      535 0.000035   0.004825
      894 0.000034  -0.004760
      933 0.000034   0.004722
      518 0.000034   0.004714
      696 0.000034  -0.004674
       46 0.000034  -0.004635
      950 0.000033  -0.004576
      675 0.000033   0.004549
      192 0.000033   0.004549
      432 0.000033   0.004521
      900 0.000033  -0.004507
      839 0.000033  -0.004501
      445 0.000032  -0.004484
      178 0.000032   0.004402
      399 0.000032   0.004385
      215 0.000032   0.004383
       47 0.000032   0.004368
      410 0.000031  -0.004343
       62 0.000031   0.004334
      240 0.000031   0.004306
      590 0.000031  -0.004295
      642 0.000031  -0.004277
     1032 0.000031   0.004274
       56 0.000030  -0.004186
      694 0.000030  -0.004124
     1017 0.000030   0.004114
      424 0.000030  -0.004109
       93 0.000030   0.004094
      491 0.000030   0.004091
      384 0.000029  -0.004058
      942 0.000029   0.004017
      360 0.000029   0.003978
      860 0.000029  -0.003939
      309 0.000028   0.003898
       50 0.000028   0.003887
      382 0.000028  -0.003885
       55 0.000028   0.003879
      646 0.000028   0.003865
      119 0.000028   0.003865
      323 0.000028  -0.003815
      608 0.000027  -0.003789
      288 0.000027  -0.003776
      664 0.000027  -0.003742
      238 0.000027  -0.003739
      532 0.000027   0.003730
      538 0.000027   0.003675
      325 0.000027  -0.003672
      401 0.000027  -0.003661
      814 0.000026   0.003657
      387 0.000026   0.003636
      475 0.000026  -0.003635
      488 0.000026   0.003635
      917 0.000026   0.003629
      278 0.000026  -0.003628
      779 0.000026   0.003605
      592 0.000026  -0.003585
      502 0.000026   0.003561
      505 0.000026   0.003539
      120 0.000026   0.003537
       19 0.000026   0.003528
       40 0.000026  -0.003526
      591 0.000025   0.003493
       42 0.000025  -0.003473
      342 0.000025   0.003450
      524 0.000025  -0.003449
      293 0.000025  -0.003443
       65 0.000025   0.003438
       58 0.000025   0.003429
      519 0.000025   0.003405
       57 0.000025   0.003391
      196 0.000025  -0.003388
      316 0.000024   0.003321
       77 0.000024  -0.003316
      880 0.000024   0.003313
      289 0.000024   0.003313
      142 0.000024   0.003299
      150 0.000024   0.003296
       21 0.000024   0.003287
       73 0.000024   0.003271
       67 0.000024  -0.003260
       61 0.000023  -0.003240
       44 0.000023   0.003233
      146 0.000023  -0.003230
       76 0.000023   0.003225
      489 0.000023   0.003198
      868 0.000023  -0.003164
       34 0.000023   0.003164
      279 0.000023   0.003148
       11 0.000023   0.003130
      195 0.000023  -0.003118
      177 0.000023  -0.003110
      242 0.000023  -0.003106
      938 0.000022   0.003099
      943 0.000022   0.003094
      197 0.000022   0.003091
       63 0.000022  -0.003076
      145 0.000022   0.003058
      152 0.000022  -0.003044
       49 0.000022  -0.003041
       17 0.000022  -0.003026
      713 0.000022   0.003023
      324 0.000022  -0.003005
      190 0.000022  -0.003000
       48 0.000022  -0.002998
       23 0.000022   0.002993
       35 0.000022   0.002985
      226 0.000022   0.002971
       59 0.000021   0.002963
      455 0.000021  -0.002948
       37 0.000021   0.002943
      104 0.000021  -0.002942
      201 0.000021   0.002893
      347 0.000021   0.002886
      136 0.000021   0.002881
       12 0.000021  -0.002876
       94 0.000021   0.002869
       82 0.000021  -0.002866
      536 0.000020  -0.002803
      714 0.000020  -0.002803
      338 0.000020  -0.002802
       72 0.000020   0.002797
      556 0.000020   0.002793
     1052 0.000020   0.002786
       13 0.000020  -0.002785
     1034 0.000020  -0.002784
      903 0.000020  -0.002744
      449 0.000020  -0.002733
       79 0.000020   0.002710
      693 0.000020  -0.002692
      884 0.000019  -0.002685
      627 0.000019   0.002684
      317 0.000019  -0.002672
       14 0.000019   0.002649
       24 0.000019  -0.002646
      458 0.000019   0.002613
       32 0.000019   0.002586
      792 0.000019   0.002584
      837 0.000019   0.002577
      512 0.000019  -0.002573
      420 0.000019   0.002562
      229 0.000018  -0.002532
       54 0.000018   0.002518
       26 0.000018   0.002508
       15 0.000018   0.002507
      437 0.000018   0.002504
      144 0.000018   0.002487
       28 0.000018  -0.002485
      103 0.000018   0.002450
      636 0.000018  -0.002435
      139 0.000018   0.002430
      673 0.000018   0.002425
       30 0.000017   0.002407
      265 0.000017   0.002375
      463 0.000017  -0.002375
       75 0.000017  -0.002374
      157 0.000017  -0.002370
      159 0.000017   0.002361
      188 0.000017  -0.002359
      336 0.000017   0.002357
       83 0.000017  -0.002347
      653 0.000017   0.002307
      155 0.000017   0.002303
      619 0.000017   0.002298
      396 0.000017  -0.002297
      571 0.000017  -0.002287
      681 0.000017   0.002281
       98 0.000017  -0.002279
      712 0.000016  -0.002261
      147 0.000016  -0.002261
      695 0.000016   0.002235
      534 0.000016  -0.002230
      949 0.000016   0.002217
       74 0.000016   0.002214
      181 0.000016   0.002207
      156 0.000016   0.002182
      833 0.000016   0.002175
      344 0.000016   0.002172
      685 0.000016  -0.002162
      121 0.000016   0.002162
      610 0.000016  -0.002157
      404 0.000016  -0.002156
       99 0.000015   0.002125
      304 0.000015  -0.002124
       84 0.000015  -0.002105
      225 0.000015   0.002095
      625 0.000015  -0.002091
      172 0.000015  -0.002075
      883 0.000015   0.002056
      450 0.000015  -0.002049
      727 0.000015  -0.002038
      764 0.000015   0.002035
       87 0.000015   0.002034
      462 0.000015   0.002028
      105 0.000015   0.002012
      376 0.000015  -0.002002
      526 0.000014   0.001993
      755 0.000014  -0.001992
      375 0.000014  -0.001990
      479 0.000014   0.001989
      483 0.000014  -0.001980
      117 0.000014  -0.001966
      334 0.000014   0.001958
      248 0.000014   0.001957
      959 0.000014   0.001953
       60 0.000014   0.001953
      345 0.000014  -0.001944
      352 0.000014  -0.001936
      856 0.000014   0.001931
      568 0.000014  -0.001910
       95 0.000014   0.001909
      760 0.000014   0.001894
      337 0.000014  -0.001889
      649 0.000014  -0.001875
      514 0.000014   0.001870
      811 0.000013   0.001860
       96 0.000013  -0.001860
      101 0.000013   0.001858
       92 0.000013  -0.001856
      724 0.000013  -0.001853
      966 0.000013   0.001844
      732 0.000013   0.001837
      563 0.000013  -0.001821
      510 0.000013  -0.001799
      543 0.000013  -0.001794
      332 0.000013  -0.001793
     1047 0.000013   0.001788
      876 0.000013   0.001778
      110 0.000013   0.001769
       64 0.000013   0.001757
      671 0.000013   0.001751
      339 0.000013  -0.001745
      180 0.000012  -0.001714
      478 0.000012   0.001712
       81 0.000012   0.001691
      984 0.000012   0.001687
      661 0.000012   0.001674
      219 0.000012   0.001668
      907 0.000012   0.001651
      810 0.000012   0.001651
       85 0.000012  -0.001651
      202 0.000012   0.001650
      816 0.000012   0.001643
      875 0.000012   0.001643
      395 0.000012   0.001635
      559 0.000012  -0.001628
      426 0.000012   0.001619
      116 0.000012  -0.001614
      964 0.000012   0.001599
      887 0.000012  -0.001596
      473 0.000011  -0.001583
      118 0.000011  -0.001583
      418 0.000011  -0.001581
      796 0.000011   0.001570
      129 0.000011   0.001557
       90 0.000011   0.001551
      633 0.000011   0.001550
     1074 0.000011   0.001532
      305 0.000011   0.001490
      385 0.000011  -0.001485
      158 0.000011   0.001468
      328 0.000011  -0.001455
      927 0.000011  -0.001454
      112 0.000010  -0.001446
      647 0.000010  -0.001443
      902 0.000010  -0.001434
      151 0.000010  -0.001425
      849 0.000010  -0.001422
      125 0.000010  -0.001407
      454 0.000010  -0.001392
      656 0.000010   0.001390
      551 0.000010   0.001389
        5 0.000010   0.001388
euclid. distance of OLC and linear combination of EV * x_coef: 0.011827859977461955

Generate samples based on objective loadcase 994
nr_to_generate: 25

Parameter variation distribution settings
distribution: uniform
low: 0.7
high: 1.3

Total process runtime: 0:00:01.351158
