Date and Time:2023-05-12 14:17:21.540907

Initial Settings:
similarity_model: <function cosine_similarity at 0x000001D005A6E5E0>
similarity_threshold: 1e-05
nr_eigv_to_select: None
distribution: uniform
deviation: 0.3
nr_to_generate: 25
recompute: False

Selected eigenvectors and similarity score w.r.t objective loadcase:
objective_loadcase_nr: 521
similarity_model: cosine_similarity
similarity_threshold: 1e-05
nr_eigv_to_select: None
nr_eigv_selected: 491
approximation parameter model: lstsq
similarity score and approx. param. value
:  eigv_idx    score      value
        3 0.558222  51.502327
        1 0.537362  49.577817
        2 0.503423 -46.446537
        0 0.378879  34.955938
        6 0.043817   4.042632
       39 0.022897   2.112521
        4 0.011329   1.045197
      639 0.003600   0.332101
      186 0.002142  -0.197632
      593 0.002107  -0.194383
      612 0.002048  -0.188958
      218 0.002033  -0.187571
      586 0.001932   0.178279
      710 0.001554  -0.143372
      716 0.001465   0.135161
      187 0.001442  -0.133004
       68 0.001398  -0.129013
      663 0.001295  -0.119449
      618 0.001267   0.116912
      595 0.001231   0.113581
      668 0.001203   0.110957
      626 0.000983   0.090692
      143 0.000983   0.090675
      194 0.000961   0.088698
      686 0.000929  -0.085734
      388 0.000914  -0.084314
      659 0.000895  -0.082542
      617 0.000837   0.077180
      599 0.000806   0.074343
      688 0.000799  -0.073716
      582 0.000753  -0.069448
      562 0.000753  -0.069433
      635 0.000742   0.068426
      749 0.000737  -0.067960
      670 0.000714   0.065830
      182 0.000704  -0.064923
      621 0.000694  -0.064054
      183 0.000682   0.062890
      578 0.000654   0.060358
      733 0.000607   0.055988
      579 0.000604   0.055692
      341 0.000591   0.054572
      698 0.000567  -0.052309
      700 0.000567   0.052304
      602 0.000563  -0.051931
      184 0.000562  -0.051888
      683 0.000553   0.051066
      704 0.000540  -0.049805
      718 0.000533  -0.049214
      606 0.000519  -0.047882
      567 0.000512  -0.047271
      253 0.000512  -0.047239
      666 0.000503  -0.046410
      708 0.000484   0.044656
      577 0.000479  -0.044207
      735 0.000458  -0.042242
      153 0.000457   0.042187
      174 0.000447   0.041215
      220 0.000435  -0.040179
      575 0.000433   0.039976
      267 0.000432  -0.039894
      641 0.000415  -0.038259
      620 0.000413  -0.038115
      709 0.000393  -0.036267
      699 0.000390  -0.035988
      583 0.000364  -0.033538
      228 0.000352  -0.032469
      210 0.000342  -0.031553
      848 0.000342  -0.031518
      696 0.000340  -0.031398
       69 0.000340   0.031396
      707 0.000340  -0.031392
      601 0.000340   0.031340
      258 0.000332  -0.030586
      412 0.000331  -0.030552
      807 0.000325   0.029954
      419 0.000320  -0.029551
      362 0.000320  -0.029529
      753 0.000319  -0.029469
      631 0.000312  -0.028779
      756 0.000311  -0.028720
      137 0.000306  -0.028216
      403 0.000300   0.027717
      179 0.000296   0.027282
      587 0.000290   0.026802
      757 0.000289  -0.026633
       71 0.000285   0.026251
      243 0.000274   0.025295
      273 0.000266  -0.024513
      383 0.000264   0.024371
      171 0.000257  -0.023670
      741 0.000253   0.023316
      570 0.000252  -0.023274
      853 0.000248  -0.022900
      793 0.000244  -0.022532
      604 0.000243  -0.022398
       70 0.000240   0.022165
      576 0.000232  -0.021361
      204 0.000229   0.021167
      361 0.000227   0.020981
      377 0.000227  -0.020932
      739 0.000222  -0.020440
      269 0.000221  -0.020404
      580 0.000210  -0.019348
      132 0.000209   0.019326
      400 0.000208  -0.019170
      230 0.000206  -0.019004
      227 0.000205   0.018931
      564 0.000203  -0.018770
      628 0.000201   0.018539
      299 0.000201   0.018514
      658 0.000194   0.017913
      787 0.000193   0.017790
      301 0.000193  -0.017784
      549 0.000191  -0.017639
      427 0.000191  -0.017628
      800 0.000191  -0.017590
      750 0.000189   0.017447
      743 0.000189  -0.017421
      373 0.000183  -0.016852
      199 0.000182  -0.016793
      665 0.000179  -0.016493
      828 0.000176  -0.016250
      941 0.000176  -0.016229
      175 0.000176  -0.016217
      815 0.000175  -0.016124
      247 0.000174   0.016061
      726 0.000174  -0.016059
      235 0.000170  -0.015694
      820 0.000168  -0.015466
      573 0.000167   0.015427
      255 0.000166  -0.015322
      239 0.000164   0.015144
      574 0.000164  -0.015111
      855 0.000163  -0.015074
      263 0.000163  -0.015073
      392 0.000162   0.014966
      784 0.000161  -0.014834
      277 0.000160   0.014798
      667 0.000160   0.014776
      857 0.000158  -0.014580
      687 0.000155   0.014345
      312 0.000154  -0.014249
      818 0.000154  -0.014229
      711 0.000153   0.014117
      271 0.000151   0.013908
      795 0.000150   0.013827
      557 0.000146  -0.013516
      355 0.000146   0.013482
      742 0.000144  -0.013260
      161 0.000139   0.012867
      380 0.000138   0.012708
      234 0.000136   0.012573
      398 0.000136  -0.012573
      553 0.000136  -0.012570
      566 0.000136   0.012565
      808 0.000136   0.012531
      369 0.000135   0.012487
      605 0.000134  -0.012328
      254 0.000132   0.012153
      591 0.000131   0.012055
      790 0.000129   0.011941
      778 0.000128  -0.011854
      824 0.000126   0.011662
      294 0.000125  -0.011522
      423 0.000125  -0.011507
      431 0.000124  -0.011463
      275 0.000121  -0.011119
      236 0.000120   0.011028
      859 0.000119   0.010973
      908 0.000118  -0.010853
      690 0.000118   0.010852
      645 0.000117   0.010828
      257 0.000117  -0.010757
      354 0.000116   0.010720
      736 0.000115  -0.010641
      295 0.000115  -0.010633
      847 0.000115   0.010619
      697 0.000115   0.010604
      367 0.000114   0.010540
      616 0.000113  -0.010402
      223 0.000112   0.010299
      217 0.000111  -0.010221
      638 0.000111  -0.010199
      241 0.000110   0.010195
      337 0.000110  -0.010194
      799 0.000110  -0.010128
      974 0.000110   0.010121
      353 0.000109  -0.010040
      436 0.000108   0.009994
      148 0.000108   0.009931
      829 0.000106   0.009777
      629 0.000104  -0.009617
      585 0.000104  -0.009599
      251 0.000103  -0.009520
      840 0.000100  -0.009246
      684 0.000100  -0.009240
      581 0.000100  -0.009236
      600 0.000100  -0.009204
      763 0.000098   0.008999
      332 0.000097  -0.008985
      569 0.000097   0.008948
      292 0.000096  -0.008874
      744 0.000096  -0.008814
      882 0.000094   0.008718
      611 0.000092  -0.008523
      266 0.000092  -0.008482
      281 0.000092   0.008458
      584 0.000090  -0.008328
      844 0.000090  -0.008320
      279 0.000088  -0.008100
      728 0.000087  -0.008070
      107 0.000087  -0.008063
      290 0.000087   0.008038
      298 0.000087  -0.008024
      734 0.000086  -0.007979
      206 0.000085   0.007825
      723 0.000084  -0.007778
      561 0.000084   0.007710
      594 0.000083  -0.007644
      640 0.000083  -0.007612
      770 0.000082   0.007577
     1095 0.000081  -0.007468
      356 0.000080  -0.007411
      390 0.000080   0.007365
      775 0.000079   0.007293
      329 0.000079  -0.007258
      937 0.000077  -0.007126
      261 0.000077  -0.007094
       88 0.000077  -0.007089
      308 0.000076  -0.007049
      262 0.000076  -0.006980
      572 0.000076  -0.006972
      302 0.000075  -0.006941
      843 0.000074  -0.006837
      978 0.000073   0.006720
      782 0.000073  -0.006707
      948 0.000072   0.006622
      560 0.000072  -0.006618
      552 0.000071  -0.006583
      701 0.000070  -0.006492
     1005 0.000069   0.006404
      632 0.000069   0.006363
      291 0.000068   0.006268
      386 0.000067   0.006206
      955 0.000066   0.006104
      428 0.000066   0.006072
       91 0.000066  -0.006060
      913 0.000066  -0.006052
      832 0.000065   0.006026
      325 0.000065  -0.005984
      654 0.000064   0.005938
      614 0.000064   0.005936
      748 0.000064  -0.005927
      826 0.000062  -0.005756
      545 0.000062  -0.005746
      425 0.000062   0.005704
       93 0.000062  -0.005685
      319 0.000062   0.005682
      414 0.000061   0.005673
      232 0.000061  -0.005658
      773 0.000061   0.005604
      268 0.000061  -0.005602
      722 0.000061  -0.005594
      342 0.000060   0.005578
      864 0.000060   0.005575
      539 0.000060   0.005574
      922 0.000059  -0.005457
      198 0.000059   0.005442
      860 0.000058  -0.005383
      343 0.000058  -0.005373
      740 0.000058  -0.005360
      801 0.000057  -0.005260
      879 0.000057  -0.005237
      104 0.000057   0.005230
      222 0.000056  -0.005145
      798 0.000056   0.005140
      627 0.000055   0.005118
      895 0.000055   0.005098
      943 0.000054   0.005009
      792 0.000053   0.004906
      321 0.000053  -0.004888
      528 0.000052   0.004805
      765 0.000052   0.004792
      831 0.000052   0.004767
      823 0.000052   0.004760
      597 0.000052  -0.004753
      374 0.000051   0.004702
      789 0.000051   0.004685
      821 0.000051  -0.004678
      407 0.000050  -0.004647
      323 0.000050  -0.004616
      589 0.000050  -0.004574
      803 0.000049   0.004489
      201 0.000048  -0.004430
      870 0.000048  -0.004428
      322 0.000048  -0.004422
      891 0.000047  -0.004378
      694 0.000047   0.004346
      313 0.000047  -0.004318
      769 0.000047   0.004291
      397 0.000046  -0.004289
      249 0.000046  -0.004213
      289 0.000046   0.004207
      535 0.000045   0.004141
      650 0.000045  -0.004107
      209 0.000044  -0.004061
      880 0.000042   0.003886
      776 0.000042  -0.003839
      802 0.000041   0.003791
      315 0.000041   0.003772
      863 0.000041  -0.003749
      364 0.000041  -0.003747
      169 0.000040  -0.003710
      874 0.000040  -0.003709
      297 0.000040  -0.003675
      894 0.000040  -0.003650
      881 0.000039  -0.003583
      542 0.000039   0.003573
      884 0.000039  -0.003567
      608 0.000038  -0.003516
      540 0.000038  -0.003483
      904 0.000037   0.003459
      409 0.000037  -0.003440
      285 0.000036   0.003363
      349 0.000036  -0.003345
      518 0.000036   0.003339
      366 0.000036   0.003337
      491 0.000036   0.003280
      928 0.000035  -0.003250
      588 0.000035  -0.003248
      987 0.000035   0.003213
      830 0.000034   0.003167
      448 0.000033   0.003082
      759 0.000033  -0.003076
      590 0.000033  -0.003054
      532 0.000033   0.003026
      942 0.000033   0.003021
      677 0.000032   0.002969
      933 0.000032   0.002935
      805 0.000032  -0.002927
      488 0.000032   0.002925
      359 0.000031   0.002867
      310 0.000031  -0.002834
     1001 0.000031  -0.002829
      410 0.000031  -0.002825
      445 0.000030  -0.002802
      950 0.000030  -0.002781
      226 0.000030   0.002776
      596 0.000030  -0.002726
      867 0.000029   0.002643
      475 0.000029  -0.002631
      225 0.000028   0.002626
      394 0.000028   0.002596
     1032 0.000028   0.002591
      842 0.000028  -0.002576
      524 0.000028  -0.002547
      530 0.000027   0.002508
      858 0.000027  -0.002487
      245 0.000027  -0.002475
      636 0.000026  -0.002420
      357 0.000026  -0.002418
      224 0.000026  -0.002389
     1025 0.000026   0.002385
      727 0.000025  -0.002351
      424 0.000025  -0.002349
      938 0.000025   0.002323
      935 0.000025  -0.002319
      350 0.000025   0.002314
      649 0.000024  -0.002234
      993 0.000024   0.002226
      283 0.000024   0.002218
     1034 0.000024  -0.002213
      216 0.000024   0.002176
      643 0.000024  -0.002168
      244 0.000023  -0.002142
      965 0.000023  -0.002114
      685 0.000023  -0.002108
      646 0.000023   0.002092
      526 0.000022   0.002071
     1017 0.000022   0.002002
      603 0.000021  -0.001964
      250 0.000021  -0.001957
      432 0.000021   0.001928
      856 0.000021   0.001923
      382 0.000020  -0.001855
      794 0.000020   0.001855
     1073 0.000020  -0.001835
      360 0.000020   0.001812
      193 0.000019  -0.001789
      957 0.000019   0.001789
      662 0.000019  -0.001777
      131 0.000019   0.001772
      502 0.000019   0.001770
      971 0.000019  -0.001769
      479 0.000019   0.001768
      455 0.000019  -0.001767
      519 0.000019   0.001751
      814 0.000019   0.001743
      900 0.000019  -0.001741
      384 0.000019  -0.001727
      514 0.000019   0.001723
      714 0.000018  -0.001692
      437 0.000018   0.001688
      811 0.000018   0.001686
      921 0.000018  -0.001684
      536 0.000018  -0.001682
      214 0.000018  -0.001680
      917 0.000018   0.001667
      964 0.000018   0.001663
      463 0.000018  -0.001661
      988 0.000018  -0.001656
      252 0.000017   0.001610
     1010 0.000017   0.001597
      512 0.000017  -0.001580
      278 0.000017   0.001557
      402 0.000017   0.001556
      610 0.000017  -0.001555
      215 0.000017   0.001550
      927 0.000017  -0.001549
      841 0.000017   0.001544
      324 0.000017  -0.001534
      489 0.000016   0.001521
      680 0.000016   0.001481
      284 0.000016   0.001474
      505 0.000016   0.001471
      949 0.000016   0.001447
     1052 0.000016   0.001444
      458 0.000015   0.001427
      598 0.000015   0.001425
      852 0.000015   0.001400
      934 0.000015  -0.001370
      907 0.000015   0.001363
      810 0.000015   0.001358
      335 0.000015   0.001355
      240 0.000015  -0.001355
      318 0.000015  -0.001346
      835 0.000015  -0.001342
      833 0.000014  -0.001312
      347 0.000014   0.001298
      791 0.000014   0.001298
      450 0.000014  -0.001298
      762 0.000014   0.001285
      413 0.000014  -0.001260
      732 0.000014   0.001251
      286 0.000014   0.001246
      809 0.000013   0.001239
      346 0.000013   0.001230
     1096 0.000013   0.001226
      839 0.000013  -0.001224
      221 0.000013  -0.001219
      713 0.000013   0.001211
      538 0.000013   0.001206
      259 0.000013  -0.001176
      110 0.000013  -0.001173
       80 0.000013   0.001158
      237 0.000012   0.001151
      387 0.000012   0.001149
      213 0.000012  -0.001138
      478 0.000012   0.001120
      816 0.000012   0.001112
      755 0.000012  -0.001109
      619 0.000012   0.001094
      977 0.000012   0.001093
      983 0.000012   0.001086
       66 0.000012  -0.001062
      483 0.000011  -0.001046
       98 0.000011  -0.001044
       78 0.000011  -0.001020
      112 0.000011   0.001014
      669 0.000011   0.001012
      883 0.000011   0.001007
      916 0.000011  -0.000993
      248 0.000011   0.000986
      123 0.000011  -0.000986
      462 0.000011   0.000978
      139 0.000011   0.000972
       99 0.000011   0.000972
      487 0.000010  -0.000965
      634 0.000010  -0.000959
      125 0.000010   0.000959
      136 0.000010   0.000951
      804 0.000010  -0.000950
      195 0.000010   0.000949
       81 0.000010  -0.000944
      966 0.000010   0.000936
      272 0.000010   0.000934
      675 0.000010   0.000929
     1061 0.000010  -0.000929
       95 0.000010   0.000927
     1047 0.000010   0.000924
euclid. distance of OLC and linear combination of EV * x_coef: 0.00792248406197529

Generate samples based on objective loadcase 521
nr_to_generate: 25

Parameter variation distribution settings
distribution: uniform
low: 0.7
high: 1.3

Total process runtime: 0:00:01.490777
