Date and Time:2023-05-12 14:27:30.415737

Initial Settings:
similarity_model: <function cosine_similarity at 0x000001D005A6E5E0>
similarity_threshold: 1e-05
nr_eigv_to_select: None
distribution: uniform
deviation: 0.3
nr_to_generate: 25
recompute: False

Selected eigenvectors and similarity score w.r.t objective loadcase:
objective_loadcase_nr: 976
similarity_model: cosine_similarity
similarity_threshold: 1e-05
nr_eigv_to_select: None
nr_eigv_selected: 631
approximation parameter model: lstsq
similarity score and approx. param. value
:  eigv_idx    score      value
        1 0.552948  53.854069
        3 0.541503  52.739301
        2 0.490800 -47.801154
        0 0.396096  38.577521
        6 0.052582   5.121174
       39 0.016977   1.653442
        4 0.010345   1.007510
      639 0.003582   0.348844
       68 0.003447  -0.335678
      186 0.002327  -0.226667
      612 0.001988  -0.193662
      593 0.001963  -0.191197
      586 0.001797   0.175046
      218 0.001679  -0.163484
      716 0.001606   0.156375
      710 0.001597  -0.155559
      187 0.001537  -0.149655
      618 0.001499   0.145946
      663 0.001400  -0.136312
      668 0.001390   0.135351
      595 0.001144   0.111421
      194 0.001055   0.102758
      659 0.001034  -0.100728
       71 0.000997  -0.097104
      686 0.000968  -0.094300
      617 0.000952   0.092679
      182 0.000951  -0.092587
      143 0.000905   0.088190
      388 0.000858  -0.083604
      626 0.000840   0.081779
      688 0.000835  -0.081354
      599 0.000771   0.075073
       69 0.000744  -0.072463
      700 0.000742   0.072297
      562 0.000740  -0.072037
      635 0.000734   0.071490
      582 0.000725  -0.070638
      579 0.000712   0.069355
      670 0.000711   0.069284
      749 0.000692  -0.067440
      183 0.000682   0.066416
      184 0.000676  -0.065805
      683 0.000652   0.063516
      621 0.000646  -0.062911
      578 0.000638   0.062137
      698 0.000623  -0.060659
      733 0.000611   0.059504
       70 0.000602   0.058669
      253 0.000581  -0.056549
      666 0.000560  -0.054526
      718 0.000545  -0.053105
      341 0.000542   0.052795
      704 0.000524  -0.051029
      602 0.000515  -0.050178
      708 0.000498   0.048467
      153 0.000484   0.047103
      735 0.000472  -0.045988
      228 0.000457  -0.044480
      174 0.000446   0.043403
      567 0.000439  -0.042772
      606 0.000430  -0.041877
      699 0.000420  -0.040926
      709 0.000410  -0.039886
      575 0.000405   0.039456
      210 0.000403  -0.039253
      641 0.000401  -0.039041
      577 0.000397  -0.038697
      179 0.000381   0.037104
      267 0.000369  -0.035979
      362 0.000365  -0.035594
      583 0.000364  -0.035495
      220 0.000358  -0.034836
      171 0.000353  -0.034355
      620 0.000349  -0.033962
      137 0.000344  -0.033485
      707 0.000338  -0.032918
      756 0.000324  -0.031591
      631 0.000324  -0.031562
      243 0.000315   0.030640
      601 0.000312   0.030362
      757 0.000300  -0.029218
      848 0.000298  -0.029054
      419 0.000298  -0.029049
      403 0.000293   0.028549
      412 0.000293  -0.028520
      604 0.000286  -0.027865
      576 0.000278  -0.027115
      807 0.000270   0.026258
      628 0.000268   0.026137
      587 0.000263   0.025595
      132 0.000259   0.025258
      696 0.000258  -0.025113
      787 0.000247   0.024052
      400 0.000245  -0.023908
      258 0.000243  -0.023709
      383 0.000242   0.023567
      753 0.000241  -0.023431
      658 0.000240   0.023366
      377 0.000234  -0.022797
      853 0.000232  -0.022638
      741 0.000228   0.022244
      361 0.000223   0.021683
      204 0.000223   0.021682
      580 0.000221  -0.021499
      815 0.000217  -0.021162
      573 0.000216   0.021025
      570 0.000211  -0.020565
      277 0.000208   0.020274
      739 0.000204  -0.019917
      199 0.000191  -0.018651
      273 0.000190  -0.018503
      564 0.000187  -0.018256
      271 0.000187   0.018190
      711 0.000186   0.018079
      175 0.000182  -0.017723
      750 0.000182   0.017715
      941 0.000182  -0.017696
      355 0.000177   0.017204
      301 0.000175  -0.017017
      427 0.000172  -0.016727
      857 0.000170  -0.016529
      269 0.000168  -0.016383
      566 0.000167   0.016240
      665 0.000166  -0.016200
      667 0.000166   0.016170
      254 0.000166   0.016135
      373 0.000165  -0.016080
      299 0.000164   0.015957
      161 0.000163   0.015829
      793 0.000162  -0.015784
      800 0.000161  -0.015687
      148 0.000161   0.015632
      574 0.000160  -0.015586
      549 0.000159  -0.015521
      640 0.000159  -0.015491
      828 0.000159  -0.015446
      820 0.000158  -0.015378
      726 0.000158  -0.015352
      367 0.000156   0.015221
      790 0.000155   0.015130
      557 0.000154  -0.015034
      687 0.000152   0.014817
      234 0.000150   0.014629
      235 0.000150  -0.014613
      743 0.000145  -0.014103
      236 0.000145   0.014082
      257 0.000144  -0.014073
       91 0.000144  -0.014041
      645 0.000144   0.014039
      217 0.000144  -0.014006
      247 0.000142   0.013866
      784 0.000142  -0.013844
      398 0.000142  -0.013809
      255 0.000141  -0.013709
      690 0.000140   0.013640
      266 0.000137  -0.013337
      859 0.000137   0.013328
      855 0.000136  -0.013265
      808 0.000136   0.013258
      295 0.000136  -0.013223
      847 0.000136   0.013210
      736 0.000132  -0.012871
      759 0.000132   0.012865
      249 0.000131  -0.012754
      605 0.000131  -0.012711
      380 0.000130   0.012641
      638 0.000129  -0.012527
      263 0.000129  -0.012524
      230 0.000128  -0.012482
      353 0.000127  -0.012332
      684 0.000127  -0.012331
      436 0.000126   0.012225
      294 0.000122  -0.011869
      818 0.000121  -0.011798
      798 0.000121   0.011742
      581 0.000119  -0.011611
      585 0.000119  -0.011547
      908 0.000118  -0.011449
      423 0.000116  -0.011302
      805 0.000115  -0.011235
      431 0.000114  -0.011148
      723 0.000113  -0.011049
      239 0.000113   0.011043
      392 0.000113   0.011030
      600 0.000113  -0.011027
      107 0.000113  -0.011008
      974 0.000112   0.010942
      795 0.000112   0.010936
      312 0.000112  -0.010923
      552 0.000111  -0.010818
      824 0.000111   0.010817
      697 0.000111   0.010769
      762 0.000110   0.010710
      594 0.000110  -0.010665
      138 0.000109   0.010571
      390 0.000108   0.010548
      281 0.000108   0.010512
      198 0.000108   0.010500
      829 0.000105   0.010196
      740 0.000104  -0.010152
      553 0.000103  -0.010070
      801 0.000102  -0.009946
      701 0.000101  -0.009880
      354 0.000101   0.009856
      261 0.000099  -0.009674
      275 0.000099  -0.009636
      629 0.000098  -0.009551
      734 0.000098  -0.009515
      799 0.000097  -0.009478
      742 0.000096  -0.009355
      840 0.000096  -0.009310
      882 0.000094   0.009130
      611 0.000093  -0.009061
      292 0.000093  -0.009027
      584 0.000092  -0.009005
      591 0.000092   0.008937
      241 0.000091   0.008891
      844 0.000091  -0.008881
      572 0.000090  -0.008759
      302 0.000087  -0.008449
      308 0.000087  -0.008440
      386 0.000086   0.008413
      227 0.000086   0.008406
      369 0.000085   0.008269
     1095 0.000084  -0.008160
      298 0.000083  -0.008056
      569 0.000082   0.008029
      789 0.000082   0.007990
      778 0.000080  -0.007836
      632 0.000078   0.007605
      313 0.000077  -0.007524
      428 0.000077   0.007521
      770 0.000077   0.007516
      803 0.000076   0.007427
      364 0.000075  -0.007308
      826 0.000074  -0.007235
      561 0.000074   0.007200
      262 0.000073  -0.007158
      616 0.000073  -0.007145
      414 0.000073   0.007127
      955 0.000072   0.007039
      654 0.000072   0.007028
      268 0.000071  -0.006943
      223 0.000071   0.006933
      744 0.000071  -0.006896
      728 0.000070  -0.006841
      560 0.000070  -0.006808
      843 0.000070  -0.006796
      356 0.000068  -0.006648
      937 0.000068  -0.006601
     1005 0.000068   0.006580
      374 0.000067   0.006508
      597 0.000066  -0.006457
      545 0.000066  -0.006443
      832 0.000066   0.006429
      978 0.000066   0.006410
      802 0.000065   0.006360
      913 0.000065  -0.006286
      222 0.000064  -0.006248
      291 0.000064   0.006195
      101 0.000064  -0.006190
      343 0.000063  -0.006171
      870 0.000063  -0.006149
       74 0.000063  -0.006131
      864 0.000061   0.005949
      922 0.000061  -0.005920
      425 0.000061   0.005896
      407 0.000060  -0.005817
      782 0.000060  -0.005809
      539 0.000059   0.005738
      863 0.000058  -0.005668
      332 0.000058  -0.005663
      125 0.000058   0.005641
      394 0.000057   0.005532
      193 0.000056  -0.005476
      879 0.000056  -0.005429
      289 0.000055   0.005317
      329 0.000055  -0.005315
       12 0.000054   0.005236
       81 0.000053  -0.005209
       66 0.000053   0.005203
      874 0.000053  -0.005191
      891 0.000053  -0.005144
      322 0.000052  -0.005097
       64 0.000052   0.005068
      852 0.000052  -0.005066
       11 0.000052  -0.005046
      948 0.000052   0.005041
      722 0.000052  -0.005034
      596 0.000051  -0.005002
      325 0.000051  -0.004993
      776 0.000051  -0.004979
      895 0.000051   0.004970
      319 0.000051   0.004946
      342 0.000051   0.004929
      589 0.000050  -0.004909
      643 0.000050  -0.004887
      397 0.000050  -0.004869
      823 0.000050   0.004865
      830 0.000049   0.004807
      360 0.000049   0.004787
      251 0.000049  -0.004773
      528 0.000049   0.004754
      858 0.000049  -0.004754
      880 0.000049   0.004725
      114 0.000048  -0.004715
      279 0.000048  -0.004637
      773 0.000047   0.004618
      884 0.000047  -0.004597
      139 0.000047  -0.004565
      131 0.000047  -0.004560
      765 0.000047   0.004544
      943 0.000046   0.004505
      110 0.000046   0.004490
      226 0.000046   0.004444
      542 0.000045   0.004426
      677 0.000045   0.004407
      614 0.000045   0.004339
      540 0.000044  -0.004326
      225 0.000044   0.004285
      867 0.000044   0.004266
      821 0.000044  -0.004251
      409 0.000043  -0.004210
      849 0.000043   0.004176
      357 0.000042  -0.004121
      180 0.000042  -0.004105
       58 0.000042  -0.004090
      169 0.000042  -0.004088
      894 0.000041  -0.004008
      323 0.000041  -0.003976
      285 0.000041   0.003974
      337 0.000040  -0.003944
      382 0.000040  -0.003927
      147 0.000040   0.003919
      860 0.000040  -0.003890
      359 0.000040   0.003848
      535 0.000039   0.003825
       89 0.000039   0.003784
      448 0.000038   0.003736
      987 0.000038   0.003716
      603 0.000038  -0.003697
      950 0.000038  -0.003661
      928 0.000038  -0.003654
      831 0.000037   0.003650
      284 0.000037   0.003620
      694 0.000037   0.003575
      133 0.000037  -0.003574
      685 0.000037  -0.003573
        7 0.000037   0.003569
        8 0.000036  -0.003554
      315 0.000036   0.003516
      188 0.000036  -0.003480
      259 0.000036   0.003469
      881 0.000036  -0.003459
      349 0.000035  -0.003423
      297 0.000035  -0.003369
      209 0.000035  -0.003366
      286 0.000034   0.003347
      942 0.000034   0.003316
       95 0.000034   0.003304
       62 0.000034   0.003289
      713 0.000034   0.003275
      518 0.000034   0.003266
      904 0.000033   0.003262
       80 0.000033   0.003253
       75 0.000033  -0.003252
      590 0.000033  -0.003247
      491 0.000033   0.003227
       56 0.000033   0.003223
      763 0.000033  -0.003192
      310 0.000033  -0.003182
     1001 0.000032  -0.003162
      814 0.000032   0.003161
       77 0.000032   0.003158
      224 0.000032  -0.003134
       78 0.000032   0.003130
      350 0.000032   0.003119
      151 0.000031  -0.003061
      933 0.000031   0.003054
      530 0.000031   0.003049
       99 0.000031  -0.003030
      791 0.000031   0.003023
      144 0.000031   0.003013
      488 0.000031   0.003001
      902 0.000031  -0.002995
      680 0.000031   0.002994
      410 0.000031  -0.002990
       87 0.000030   0.002967
      780 0.000030  -0.002928
       82 0.000030  -0.002919
      532 0.000030   0.002915
      669 0.000030   0.002905
      627 0.000030   0.002903
       50 0.000030   0.002896
      272 0.000030   0.002879
      727 0.000029  -0.002856
      993 0.000029   0.002822
      748 0.000029  -0.002819
     1025 0.000029   0.002813
      185 0.000029   0.002797
      366 0.000029   0.002792
      655 0.000029  -0.002786
       29 0.000028  -0.002770
      965 0.000028  -0.002757
      108 0.000028   0.002755
      264 0.000028   0.002753
      115 0.000028  -0.002752
     1032 0.000028   0.002725
      475 0.000028  -0.002719
      103 0.000028  -0.002718
      104 0.000028   0.002709
      287 0.000028   0.002700
       59 0.000028  -0.002683
      838 0.000027   0.002672
      432 0.000027   0.002646
      170 0.000027   0.002622
      445 0.000027  -0.002622
      321 0.000027  -0.002607
      290 0.000027   0.002607
      196 0.000027   0.002603
      130 0.000027  -0.002600
      650 0.000027  -0.002595
      524 0.000027  -0.002590
      413 0.000026   0.002568
      309 0.000026  -0.002555
      162 0.000026  -0.002551
       22 0.000026  -0.002535
      136 0.000026  -0.002534
      811 0.000026   0.002524
       96 0.000026   0.002505
      842 0.000026  -0.002500
      334 0.000026   0.002493
      118 0.000025  -0.002478
       51 0.000025  -0.002467
       60 0.000025  -0.002465
      810 0.000025   0.002461
      424 0.000025  -0.002455
       84 0.000025  -0.002429
       76 0.000025   0.002407
      568 0.000025   0.002389
      288 0.000024  -0.002374
      636 0.000024  -0.002373
     1017 0.000024   0.002371
      623 0.000024  -0.002364
      109 0.000024   0.002363
      123 0.000024  -0.002345
       52 0.000024  -0.002326
      899 0.000024  -0.002324
      202 0.000024  -0.002316
      625 0.000024  -0.002314
      779 0.000023   0.002286
      368 0.000023   0.002281
      876 0.000023  -0.002277
      127 0.000023   0.002265
       45 0.000023   0.002251
      304 0.000023   0.002241
      260 0.000023  -0.002205
       90 0.000023   0.002204
      662 0.000022  -0.002178
      875 0.000022  -0.002174
      232 0.000022  -0.002148
      216 0.000022   0.002137
      330 0.000022  -0.002126
      900 0.000022  -0.002097
      519 0.000021   0.002069
      502 0.000021   0.002061
      270 0.000021  -0.002056
      384 0.000021  -0.002056
      964 0.000021   0.002017
       86 0.000021   0.001998
      804 0.000020   0.001981
      691 0.000020   0.001974
      197 0.000020  -0.001974
      746 0.000020   0.001953
      274 0.000020  -0.001945
     1034 0.000020  -0.001939
      610 0.000020  -0.001935
      917 0.000020   0.001930
       43 0.000020  -0.001929
      637 0.000020  -0.001925
      331 0.000020  -0.001913
      671 0.000020   0.001909
      536 0.000019  -0.001897
      283 0.000019   0.001894
      714 0.000019  -0.001891
      455 0.000019  -0.001888
      215 0.000019   0.001883
      792 0.000019   0.001872
      538 0.000019   0.001872
      720 0.000019  -0.001858
      952 0.000019  -0.001850
      729 0.000019  -0.001840
      324 0.000019  -0.001839
      214 0.000019  -0.001830
      358 0.000019  -0.001821
       63 0.000018  -0.001797
      526 0.000018   0.001794
      489 0.000018   0.001776
      338 0.000018   0.001763
      988 0.000018  -0.001756
      145 0.000018   0.001754
      935 0.000018  -0.001749
      339 0.000018   0.001747
      142 0.000018   0.001747
      129 0.000018   0.001728
      231 0.000018  -0.001727
      479 0.000018   0.001727
      512 0.000018  -0.001726
      971 0.000018  -0.001712
      505 0.000018   0.001708
      648 0.000018  -0.001705
      248 0.000018   0.001704
      463 0.000017  -0.001701
      458 0.000017   0.001685
      856 0.000017   0.001671
       31 0.000017   0.001661
      957 0.000017   0.001656
       36 0.000017  -0.001647
      406 0.000017  -0.001645
      437 0.000017   0.001640
      140 0.000017   0.001639
      192 0.000017   0.001632
      189 0.000017  -0.001624
      206 0.000017   0.001621
      794 0.000017   0.001620
      936 0.000017   0.001619
      514 0.000017   0.001616
     1052 0.000016   0.001600
      747 0.000016   0.001598
      717 0.000016  -0.001582
      385 0.000016   0.001566
      420 0.000016   0.001551
      921 0.000016  -0.001543
      949 0.000016   0.001533
      178 0.000016   0.001532
       27 0.000016   0.001530
      116 0.000016  -0.001518
      371 0.000016  -0.001511
      399 0.000015  -0.001500
      927 0.000015  -0.001500
       47 0.000015   0.001497
      105 0.000015   0.001489
      452 0.000015  -0.001475
       57 0.000015  -0.001451
      755 0.000015   0.001442
       19 0.000015   0.001441
      165 0.000015   0.001426
      113 0.000015  -0.001421
      775 0.000015   0.001413
       10 0.000014   0.001400
      152 0.000014  -0.001399
      328 0.000014  -0.001391
      907 0.000014   0.001386
      156 0.000014  -0.001381
      120 0.000014  -0.001379
     1004 0.000014   0.001373
      207 0.000014   0.001369
      376 0.000014  -0.001369
      738 0.000014  -0.001361
      146 0.000014   0.001352
      163 0.000014  -0.001330
       20 0.000014   0.001326
      483 0.000014  -0.001318
      934 0.000014  -0.001317
      656 0.000013   0.001311
      450 0.000013  -0.001306
      732 0.000013   0.001296
       21 0.000013   0.001288
      705 0.000013   0.001280
      317 0.000013   0.001279
      379 0.000013  -0.001276
      370 0.000013  -0.001267
      534 0.000013  -0.001251
       38 0.000013   0.001245
     1036 0.000013   0.001242
       44 0.000013  -0.001238
      619 0.000013   0.001238
        5 0.000013  -0.001237
      117 0.000013  -0.001229
      316 0.000013  -0.001227
      256 0.000013   0.001220
      613 0.000012  -0.001217
     1010 0.000012   0.001210
      609 0.000012   0.001208
      314 0.000012   0.001203
      395 0.000012   0.001203
      396 0.000012  -0.001199
      238 0.000012  -0.001198
       83 0.000012   0.001196
       65 0.000012   0.001189
      282 0.000012  -0.001188
        9 0.000012   0.001187
      333 0.000012  -0.001165
      644 0.000012   0.001164
      365 0.000012  -0.001162
      166 0.000012   0.001160
      649 0.000012  -0.001142
       34 0.000012   0.001141
       16 0.000012  -0.001134
      966 0.000012   0.001134
      816 0.000012   0.001133
      276 0.000012  -0.001129
      883 0.000012   0.001129
       97 0.000012  -0.001123
      141 0.000012  -0.001121
      868 0.000011  -0.001107
      634 0.000011  -0.001107
      347 0.000011   0.001102
      149 0.000011  -0.001099
      462 0.000011   0.001094
       25 0.000011   0.001092
     1047 0.000011   0.001087
      345 0.000011   0.001085
      752 0.000011   0.001072
      340 0.000011  -0.001058
      135 0.000011   0.001056
      213 0.000011  -0.001051
      592 0.000011  -0.001044
     1096 0.000011   0.001037
      960 0.000011  -0.001036
      363 0.000011   0.001034
      473 0.000011  -0.001033
      348 0.000011  -0.001031
      951 0.000010   0.001016
      405 0.000010   0.001010
      487 0.000010  -0.001008
      244 0.000010  -0.001003
      961 0.000010  -0.000981
      250 0.000010  -0.000980
      478 0.000010   0.000977
       17 0.000010  -0.000974
euclid. distance of OLC and linear combination of EV * x_coef: 0.009526401198449651

Generate samples based on objective loadcase 976
nr_to_generate: 25

Parameter variation distribution settings
distribution: uniform
low: 0.7
high: 1.3

Total process runtime: 0:00:01.400029
