Date and Time:2023-05-12 14:27:45.333793

Initial Settings:
similarity_model: <function cosine_similarity at 0x000001D005A6E5E0>
similarity_threshold: 1e-05
nr_eigv_to_select: None
distribution: uniform
deviation: 0.3
nr_to_generate: 25
recompute: False

Selected eigenvectors and similarity score w.r.t objective loadcase:
objective_loadcase_nr: 987
similarity_model: cosine_similarity
similarity_threshold: 1e-05
nr_eigv_to_select: None
nr_eigv_selected: 491
approximation parameter model: lstsq
similarity score and approx. param. value
:  eigv_idx    score      value
        3 0.575430  46.001894
        1 0.525424  42.004259
        2 0.507178 -40.545554
        0 0.365510  29.220162
        6 0.033122   2.647917
       39 0.025936   2.073401
        4 0.012074   0.965211
      639 0.003304   0.264135
      218 0.002328  -0.186118
      186 0.002081  -0.166338
      593 0.002012  -0.160812
      612 0.001906  -0.152389
      586 0.001879   0.150208
      710 0.001654  -0.132217
      187 0.001366  -0.109204
      716 0.001328   0.106148
      595 0.001222   0.097706
      618 0.001113   0.089009
      663 0.001100  -0.087959
      668 0.001094   0.087487
      626 0.001022   0.081735
       68 0.001003  -0.080150
      686 0.000961  -0.076858
      194 0.000928   0.074190
      388 0.000877  -0.070071
      688 0.000814  -0.065110
      659 0.000810  -0.064763
      749 0.000804  -0.064251
      143 0.000774   0.061893
      617 0.000774   0.061845
      599 0.000744   0.059505
      562 0.000699  -0.055851
      621 0.000689  -0.055044
      582 0.000686  -0.054876
      670 0.000679   0.054288
      183 0.000679   0.054266
      635 0.000675   0.053991
      704 0.000644  -0.051504
      578 0.000629   0.050261
      341 0.000577   0.046132
      733 0.000569   0.045524
      718 0.000563  -0.044984
       69 0.000557   0.044551
      567 0.000539  -0.043098
      577 0.000532  -0.042553
      579 0.000532   0.042540
      606 0.000530  -0.042401
      602 0.000522  -0.041760
      253 0.000517  -0.041348
      708 0.000509   0.040672
       71 0.000505   0.040409
      698 0.000501  -0.040040
      735 0.000481  -0.038462
      666 0.000472  -0.037746
      267 0.000454  -0.036290
      153 0.000451   0.036064
      220 0.000437  -0.034970
      696 0.000431  -0.034483
      174 0.000431   0.034448
      709 0.000422  -0.033699
      620 0.000421  -0.033647
      258 0.000419  -0.033485
      700 0.000413   0.033009
      575 0.000409   0.032731
      683 0.000386   0.030843
      641 0.000381  -0.030433
      707 0.000372  -0.029731
      210 0.000365  -0.029211
      753 0.000364  -0.029138
      601 0.000363   0.029054
      230 0.000353  -0.028228
      848 0.000353  -0.028212
      699 0.000348  -0.027825
      583 0.000343  -0.027440
      412 0.000335  -0.026765
      227 0.000330   0.026405
      756 0.000319  -0.025488
      807 0.000311   0.024881
      419 0.000309  -0.024707
      273 0.000307  -0.024565
      383 0.000287   0.022943
      362 0.000286  -0.022893
      793 0.000286  -0.022887
      403 0.000285   0.022764
      587 0.000284   0.022690
      204 0.000280   0.022372
      182 0.000277  -0.022149
      269 0.000277  -0.022110
      853 0.000276  -0.022037
      184 0.000270  -0.021604
      631 0.000269  -0.021544
      757 0.000266  -0.021264
      570 0.000260  -0.020815
      235 0.000254  -0.020330
      243 0.000238   0.019055
      239 0.000238   0.018995
      726 0.000236  -0.018834
      741 0.000235   0.018773
      299 0.000233   0.018615
      263 0.000232  -0.018550
      739 0.000227  -0.018172
      206 0.000223   0.017803
      199 0.000222  -0.017738
      763 0.000209   0.016709
      377 0.000208  -0.016601
      750 0.000207   0.016550
      818 0.000198  -0.015850
      549 0.000196  -0.015667
      759 0.000194  -0.015513
      369 0.000193   0.015406
      301 0.000192  -0.015345
      580 0.000190  -0.015181
      564 0.000190  -0.015178
      576 0.000189  -0.015137
      427 0.000189  -0.015130
       70 0.000189   0.015115
      137 0.000186  -0.014855
      604 0.000184  -0.014673
      743 0.000183  -0.014642
      400 0.000182  -0.014513
      223 0.000181   0.014485
      247 0.000181   0.014478
      787 0.000181   0.014456
      800 0.000180  -0.014380
      857 0.000180  -0.014365
      312 0.000179  -0.014335
      658 0.000176   0.014043
      392 0.000174   0.013938
      361 0.000172   0.013730
      175 0.000171  -0.013640
      373 0.000168  -0.013424
      665 0.000168  -0.013405
      824 0.000167   0.013329
      742 0.000166  -0.013281
      337 0.000166  -0.013267
      228 0.000166  -0.013244
      591 0.000164   0.013122
      795 0.000164   0.013119
      132 0.000163   0.013039
      855 0.000162  -0.012973
      356 0.000160  -0.012785
      784 0.000159  -0.012721
      574 0.000157  -0.012530
      828 0.000157  -0.012514
      553 0.000156  -0.012485
      711 0.000155   0.012363
      628 0.000154   0.012318
      778 0.000152  -0.012185
      275 0.000151  -0.012083
      941 0.000148  -0.011871
      820 0.000148  -0.011845
      585 0.000147  -0.011767
      290 0.000146   0.011659
      667 0.000145   0.011587
      605 0.000143  -0.011460
      332 0.000142  -0.011340
      859 0.000141   0.011277
      829 0.000141   0.011241
      687 0.000137   0.010977
      380 0.000135   0.010789
      295 0.000131  -0.010470
      179 0.000131   0.010433
      398 0.000130  -0.010381
      790 0.000130   0.010357
      616 0.000128  -0.010245
      775 0.000127   0.010126
      257 0.000126  -0.010059
      279 0.000125  -0.009967
      354 0.000123   0.009823
      255 0.000122  -0.009775
      171 0.000121  -0.009689
      241 0.000120   0.009632
      423 0.000120  -0.009611
      557 0.000120  -0.009606
      431 0.000120  -0.009605
      217 0.000120  -0.009560
      815 0.000119  -0.009501
      697 0.000117   0.009376
      736 0.000117  -0.009372
      808 0.000116   0.009257
      770 0.000116   0.009237
      277 0.000114   0.009115
      201 0.000112  -0.008974
      298 0.000110  -0.008802
      629 0.000110  -0.008776
      353 0.000107  -0.008581
      271 0.000106   0.008459
      638 0.000106  -0.008456
      728 0.000106  -0.008452
      251 0.000105  -0.008419
      908 0.000104  -0.008290
      690 0.000103   0.008213
      569 0.000102   0.008130
      600 0.000101  -0.008057
      799 0.000100  -0.008018
      566 0.000099   0.007910
      573 0.000098   0.007841
      329 0.000097  -0.007734
      436 0.000096   0.007672
       88 0.000092  -0.007370
      744 0.000092  -0.007341
      581 0.000092  -0.007328
      974 0.000092   0.007323
      294 0.000091  -0.007296
      645 0.000091   0.007274
      561 0.000090   0.007213
      684 0.000090  -0.007201
      864 0.000090   0.007185
      782 0.000089  -0.007139
      769 0.000089   0.007136
      840 0.000088  -0.007049
      321 0.000087  -0.006992
      847 0.000087   0.006980
      234 0.000087   0.006949
       93 0.000086  -0.006902
      611 0.000085  -0.006834
      773 0.000085   0.006813
      261 0.000084  -0.006723
      292 0.000084  -0.006699
      844 0.000083  -0.006598
      594 0.000082  -0.006594
      943 0.000082   0.006549
      948 0.000082   0.006530
      262 0.000082  -0.006526
      614 0.000081   0.006481
      266 0.000081  -0.006474
      937 0.000081  -0.006453
      572 0.000080  -0.006431
      734 0.000080  -0.006380
      281 0.000080   0.006360
      268 0.000080  -0.006356
      107 0.000077  -0.006162
      762 0.000076  -0.006065
      325 0.000074  -0.005946
      843 0.000074  -0.005937
      291 0.000072   0.005783
      584 0.000072  -0.005741
      978 0.000072   0.005730
      792 0.000071   0.005710
      860 0.000071  -0.005684
      596 0.000070  -0.005602
      343 0.000070  -0.005599
      319 0.000070   0.005592
      560 0.000070  -0.005568
      632 0.000069   0.005552
      748 0.000069  -0.005502
      302 0.000068  -0.005465
      722 0.000068  -0.005457
      355 0.000068   0.005448
      884 0.000068  -0.005433
      654 0.000068   0.005429
      826 0.000068  -0.005405
      198 0.000068  -0.005401
      882 0.000067   0.005342
      694 0.000067   0.005341
     1095 0.000066  -0.005305
      723 0.000066  -0.005277
      138 0.000065  -0.005235
      627 0.000065   0.005235
      367 0.000064   0.005106
      289 0.000064   0.005083
      880 0.000063   0.005061
      308 0.000063  -0.005051
      283 0.000062   0.004981
     1005 0.000062   0.004965
      425 0.000062   0.004926
      364 0.000061   0.004887
      765 0.000060   0.004829
      801 0.000060  -0.004786
      823 0.000060   0.004776
      913 0.000060  -0.004763
      545 0.000059  -0.004737
      589 0.000059  -0.004699
      870 0.000058  -0.004644
      104 0.000058   0.004618
      428 0.000058   0.004615
      539 0.000058   0.004605
      285 0.000057   0.004580
      895 0.000056   0.004450
      650 0.000056  -0.004447
      322 0.000054  -0.004353
      386 0.000054   0.004308
      590 0.000054  -0.004301
      161 0.000054   0.004297
      414 0.000053   0.004271
      831 0.000053   0.004256
      315 0.000052   0.004150
      608 0.000051  -0.004107
      528 0.000050   0.004017
      852 0.000050   0.004016
      922 0.000049  -0.003902
      342 0.000049   0.003901
      413 0.000048  -0.003851
      323 0.000048  -0.003802
      701 0.000047  -0.003759
      821 0.000047  -0.003745
      955 0.000047   0.003743
      535 0.000045   0.003601
      552 0.000045  -0.003599
      832 0.000045   0.003582
      244 0.000044  -0.003513
      894 0.000044  -0.003489
      649 0.000044  -0.003485
      935 0.000043  -0.003448
      874 0.000043  -0.003426
       91 0.000042  -0.003396
      780 0.000042   0.003383
      225 0.000042  -0.003331
      226 0.000041  -0.003285
      390 0.000040   0.003205
      359 0.000040  -0.003190
      394 0.000039   0.003086
      957 0.000038   0.003044
      842 0.000038  -0.003017
      374 0.000038   0.003011
      879 0.000038  -0.003006
      407 0.000037  -0.002995
      841 0.000037   0.002995
      881 0.000037  -0.002993
      278 0.000037   0.002979
      169 0.000037  -0.002932
      942 0.000036   0.002870
      597 0.000035  -0.002797
      518 0.000035   0.002781
      286 0.000034   0.002752
      835 0.000034  -0.002734
      491 0.000034   0.002729
      950 0.000034  -0.002712
      833 0.000034  -0.002703
      346 0.000034   0.002684
      406 0.000033   0.002625
      540 0.000033  -0.002602
      904 0.000032   0.002574
      849 0.000032  -0.002574
      131 0.000032   0.002568
      988 0.000032  -0.002534
      409 0.000032  -0.002528
      236 0.000032   0.002525
      830 0.000031   0.002515
      532 0.000031   0.002510
      297 0.000031  -0.002495
      646 0.000031   0.002485
      971 0.000031  -0.002467
      938 0.000031   0.002442
      357 0.000030   0.002431
      488 0.000030   0.002422
     1073 0.000030  -0.002418
      318 0.000030  -0.002410
      448 0.000030   0.002393
      542 0.000030   0.002386
      360 0.000030  -0.002372
      310 0.000030  -0.002368
      964 0.000030   0.002359
      445 0.000029  -0.002344
      804 0.000029  -0.002339
      755 0.000029  -0.002303
     1096 0.000029   0.002296
      933 0.000029   0.002295
      636 0.000029  -0.002292
      640 0.000028  -0.002278
      921 0.000028  -0.002263
      789 0.000028   0.002262
      313 0.000028  -0.002261
      568 0.000028  -0.002249
      410 0.000028  -0.002232
      803 0.000028   0.002205
      677 0.000027   0.002187
      148 0.000027   0.002177
      776 0.000027  -0.002168
      928 0.000027  -0.002168
      794 0.000027   0.002159
      193 0.000027   0.002119
      475 0.000026  -0.002098
      524 0.000026  -0.002091
      598 0.000026   0.002063
      284 0.000026   0.002052
      424 0.000025  -0.002015
      987 0.000025   0.001992
      838 0.000025  -0.001984
      366 0.000025   0.001975
     1034 0.000025  -0.001959
     1032 0.000024   0.001957
      240 0.000024   0.001925
      402 0.000024   0.001905
      530 0.000024   0.001903
      609 0.000024  -0.001892
      779 0.000023  -0.001869
      983 0.000023   0.001869
      802 0.000023   0.001860
      526 0.000023   0.001856
      977 0.000023   0.001845
      232 0.000023  -0.001828
      237 0.000023  -0.001805
     1001 0.000022  -0.001797
      254 0.000022   0.001760
      249 0.000022   0.001750
      927 0.000022  -0.001745
      320 0.000022  -0.001732
     1010 0.000022   0.001723
       98 0.000021  -0.001712
      702 0.000021  -0.001669
      856 0.000021   0.001667
      875 0.000021   0.001666
      334 0.000021  -0.001658
      259 0.000021  -0.001644
      397 0.000020  -0.001624
      891 0.000020  -0.001598
      934 0.000019  -0.001543
     1009 0.000019  -0.001505
      625 0.000019   0.001498
      479 0.000019   0.001489
      514 0.000019   0.001480
      256 0.000018  -0.001473
      296 0.000018   0.001461
      876 0.000018   0.001446
     1025 0.000018   0.001439
      727 0.000018  -0.001430
       45 0.000018  -0.001423
      502 0.000018   0.001405
      437 0.000018   0.001400
      592 0.000018   0.001400
      662 0.000017  -0.001398
      746 0.000017  -0.001397
      519 0.000017   0.001379
      809 0.000017   0.001376
      714 0.000017  -0.001376
      959 0.000017  -0.001362
      455 0.000017  -0.001361
      536 0.000017  -0.001360
      916 0.000017  -0.001357
      248 0.000017  -0.001343
      463 0.000017  -0.001329
      432 0.000017   0.001328
      899 0.000016   0.001313
      324 0.000016  -0.001292
     1017 0.000016   0.001274
      868 0.000016   0.001256
      949 0.000016   0.001254
      350 0.000016  -0.001253
      729 0.000016   0.001251
      675 0.000016   0.001248
      512 0.000015  -0.001228
      811 0.000015   0.001220
      623 0.000015   0.001207
      656 0.000015  -0.001199
      489 0.000015   0.001188
      382 0.000015   0.001164
      907 0.000014   0.001158
      505 0.000014   0.001155
      685 0.000014  -0.001153
     1003 0.000014  -0.001146
      458 0.000014   0.001140
      252 0.000014   0.001130
     1016 0.000014  -0.001127
      747 0.000014  -0.001125
      732 0.000014   0.001125
       51 0.000014   0.001120
      335 0.000014   0.001094
      902 0.000014   0.001083
      270 0.000013   0.001079
      642 0.000013  -0.001054
      655 0.000013   0.001052
      705 0.000013  -0.001046
      245 0.000013  -0.001034
      450 0.000013  -0.001030
       38 0.000013  -0.001018
      837 0.000013   0.001011
      858 0.000013  -0.001010
      917 0.000013   0.001004
      936 0.000013  -0.001003
      993 0.000013   0.001002
      693 0.000013  -0.000999
      798 0.000012  -0.000983
      405 0.000012  -0.000982
     1020 0.000012  -0.000982
       43 0.000012   0.000966
     1052 0.000012   0.000963
      180 0.000012   0.000950
      691 0.000012  -0.000944
      478 0.000012   0.000937
     1040 0.000011  -0.000913
      984 0.000011  -0.000904
      898 0.000011   0.000897
      816 0.000011   0.000858
       50 0.000011  -0.000849
      839 0.000011  -0.000847
      363 0.000010   0.000832
      483 0.000010  -0.000826
      703 0.000010   0.000825
      272 0.000010  -0.000817
      903 0.000010   0.000805
euclid. distance of OLC and linear combination of EV * x_coef: 0.007815122323341812

Generate samples based on objective loadcase 987
nr_to_generate: 25

Parameter variation distribution settings
distribution: uniform
low: 0.7
high: 1.3

Total process runtime: 0:00:01.290419
