Date and Time:2023-05-12 14:19:45.145897

Initial Settings:
similarity_model: <function cosine_similarity at 0x000001D005A6E5E0>
similarity_threshold: 1e-05
nr_eigv_to_select: None
distribution: uniform
deviation: 0.3
nr_to_generate: 25
recompute: False

Selected eigenvectors and similarity score w.r.t objective loadcase:
objective_loadcase_nr: 630
similarity_model: cosine_similarity
similarity_threshold: 1e-05
nr_eigv_to_select: None
nr_eigv_selected: 451
approximation parameter model: lstsq
similarity score and approx. param. value
:  eigv_idx    score      value
        3 0.582996  35.968285
        2 0.516361 -31.857155
        1 0.515413  31.798674
        0 0.354801  21.889669
        6 0.029841   1.841086
       39 0.028836   1.779060
        4 0.012649   0.780364
      639 0.003493   0.215498
      218 0.002569  -0.158524
      593 0.002151  -0.132680
      586 0.002013   0.124190
      612 0.002007  -0.123820
      186 0.001930  -0.119082
      710 0.001560  -0.096235
      595 0.001311   0.080859
      187 0.001271  -0.078399
      716 0.001223   0.075427
      663 0.001141  -0.070372
      626 0.001121   0.069185
      618 0.001035   0.063882
      668 0.001013   0.062525
      388 0.000930  -0.057390
       68 0.000914  -0.056395
      686 0.000902  -0.055674
      194 0.000856   0.052801
      599 0.000791   0.048804
      749 0.000771  -0.047562
      688 0.000765  -0.047217
      659 0.000749  -0.046203
      621 0.000747  -0.046092
      143 0.000741   0.045710
      562 0.000740  -0.045678
      582 0.000736  -0.045426
      617 0.000727   0.044825
      635 0.000723   0.044627
      670 0.000713   0.043979
      704 0.000670  -0.041338
      578 0.000645   0.039800
      341 0.000621   0.038319
      183 0.000608   0.037518
      733 0.000598   0.036900
      718 0.000591  -0.036433
      567 0.000585  -0.036063
      606 0.000576  -0.035555
      577 0.000567  -0.034979
      602 0.000556  -0.034315
       69 0.000555   0.034263
      698 0.000507  -0.031268
      267 0.000505  -0.031147
      579 0.000490   0.030253
       71 0.000489   0.030150
      253 0.000476  -0.029389
      708 0.000475   0.029333
      220 0.000469  -0.028927
      696 0.000467  -0.028798
      258 0.000458  -0.028272
      735 0.000457  -0.028221
      575 0.000456   0.028121
      620 0.000451  -0.027842
      153 0.000432   0.026626
      666 0.000428  -0.026399
      753 0.000418  -0.025774
      174 0.000404   0.024895
      641 0.000397  -0.024505
      709 0.000396  -0.024440
      707 0.000396  -0.024420
      601 0.000394   0.024320
      683 0.000387   0.023891
      230 0.000384  -0.023702
      848 0.000373  -0.023021
      227 0.000362   0.022348
      700 0.000361   0.022270
      412 0.000358  -0.022086
      583 0.000355  -0.021913
      699 0.000350  -0.021567
      273 0.000339  -0.020927
      793 0.000329  -0.020317
      419 0.000328  -0.020232
      807 0.000326   0.020132
      210 0.000326  -0.020121
      587 0.000309   0.019047
      403 0.000307   0.018920
      383 0.000301   0.018581
      756 0.000301  -0.018558
      269 0.000298  -0.018397
      631 0.000298  -0.018370
      182 0.000293  -0.018090
      759 0.000289  -0.017834
      763 0.000289   0.017825
      235 0.000287  -0.017697
      362 0.000270  -0.016672
      853 0.000268  -0.016560
      570 0.000268  -0.016506
      239 0.000267   0.016472
      263 0.000264  -0.016295
      299 0.000258   0.015918
      184 0.000255  -0.015708
      757 0.000248  -0.015303
      726 0.000230  -0.014220
      243 0.000228   0.014050
      741 0.000223   0.013781
      204 0.000223   0.013748
      206 0.000222   0.013706
      361 0.000222   0.013682
      377 0.000219  -0.013536
      743 0.000218  -0.013467
      739 0.000215  -0.013252
      301 0.000206  -0.012715
      427 0.000201  -0.012394
      549 0.000200  -0.012360
      750 0.000200   0.012354
      742 0.000197  -0.012142
      818 0.000196  -0.012103
      855 0.000195  -0.012030
      247 0.000194   0.011984
      312 0.000194  -0.011948
      564 0.000194  -0.011947
      800 0.000190  -0.011712
      373 0.000190  -0.011705
      604 0.000187  -0.011544
      137 0.000187  -0.011517
      392 0.000186   0.011454
      199 0.000186  -0.011450
      795 0.000184   0.011364
      580 0.000184  -0.011334
      223 0.000183   0.011280
      369 0.000180   0.011132
      591 0.000179   0.011062
      337 0.000175  -0.010797
      576 0.000173  -0.010656
      857 0.000172  -0.010640
       70 0.000172   0.010598
      553 0.000172  -0.010589
      824 0.000171   0.010543
      400 0.000168  -0.010394
      778 0.000168  -0.010367
      658 0.000167   0.010327
      784 0.000167  -0.010280
      290 0.000166   0.010267
      828 0.000162  -0.010000
      775 0.000161   0.009948
      665 0.000161  -0.009935
      275 0.000161  -0.009923
      175 0.000160  -0.009854
      332 0.000159  -0.009833
      820 0.000158  -0.009722
      787 0.000156   0.009645
      132 0.000156   0.009642
      574 0.000156  -0.009627
      228 0.000154  -0.009525
      667 0.000153   0.009445
      941 0.000151  -0.009318
      711 0.000149   0.009162
      616 0.000148  -0.009145
      585 0.000143  -0.008844
      829 0.000143   0.008827
      179 0.000140   0.008651
      736 0.000135  -0.008323
      605 0.000135  -0.008314
      628 0.000134   0.008282
      859 0.000134   0.008264
      808 0.000134   0.008243
      687 0.000131   0.008084
      279 0.000131  -0.008062
      423 0.000127  -0.007862
      431 0.000127  -0.007828
      557 0.000126  -0.007803
      298 0.000124  -0.007642
      354 0.000124   0.007624
      255 0.000122  -0.007554
      171 0.000122  -0.007513
      398 0.000121  -0.007484
      329 0.000121  -0.007469
      790 0.000119   0.007332
      257 0.000118  -0.007263
      380 0.000117   0.007231
      697 0.000117   0.007204
      201 0.000117  -0.007201
      769 0.000115   0.007081
      217 0.000114  -0.007011
      770 0.000113   0.006984
      744 0.000111  -0.006828
      241 0.000110   0.006774
       88 0.000109  -0.006752
      277 0.000109   0.006746
      294 0.000109  -0.006740
      799 0.000109  -0.006739
      295 0.000108  -0.006693
      356 0.000107  -0.006626
      815 0.000107  -0.006599
      908 0.000106  -0.006569
      762 0.000105  -0.006501
      645 0.000105   0.006492
      569 0.000104   0.006412
      355 0.000104   0.006402
      566 0.000101   0.006238
      690 0.000100   0.006148
      728 0.000099  -0.006093
      638 0.000098  -0.006057
      271 0.000098   0.006035
      321 0.000097  -0.006015
      353 0.000096  -0.005907
      600 0.000095  -0.005853
       93 0.000094  -0.005802
      948 0.000092   0.005687
      251 0.000092  -0.005656
      974 0.000092   0.005651
      611 0.000091  -0.005613
      684 0.000090  -0.005567
      840 0.000090  -0.005543
      864 0.000089   0.005521
      436 0.000089   0.005512
      782 0.000089  -0.005507
      937 0.000088  -0.005423
      573 0.000088   0.005419
      629 0.000087  -0.005341
      581 0.000086  -0.005290
      325 0.000086  -0.005280
      860 0.000084  -0.005160
      844 0.000084  -0.005158
      292 0.000083  -0.005138
      266 0.000083  -0.005135
      943 0.000083   0.005105
      261 0.000080  -0.004931
      285 0.000080   0.004927
      234 0.000079   0.004872
      594 0.000079  -0.004868
      734 0.000078  -0.004816
      773 0.000077   0.004746
      978 0.000077   0.004732
      367 0.000075   0.004621
      847 0.000075   0.004608
      104 0.000074   0.004551
      572 0.000073  -0.004534
      694 0.000073   0.004531
      281 0.000073   0.004499
      792 0.000073   0.004489
      654 0.000072   0.004436
      843 0.000072  -0.004424
      560 0.000071  -0.004375
      262 0.000071  -0.004357
      584 0.000070  -0.004348
      561 0.000069   0.004274
      319 0.000069   0.004251
      723 0.000068  -0.004177
      342 0.000067   0.004155
      138 0.000067  -0.004152
      884 0.000067  -0.004117
      268 0.000067  -0.004110
      283 0.000066   0.004075
     1095 0.000066  -0.004064
      291 0.000065   0.004012
      289 0.000065   0.004004
      107 0.000065  -0.003988
      722 0.000065  -0.003984
      823 0.000065   0.003983
      882 0.000064   0.003978
      302 0.000064  -0.003937
     1005 0.000064   0.003926
      614 0.000063   0.003862
      539 0.000062   0.003825
      913 0.000062  -0.003816
      826 0.000061  -0.003789
      780 0.000061   0.003786
      880 0.000060   0.003696
      632 0.000060   0.003678
      895 0.000060   0.003672
      627 0.000059   0.003669
      425 0.000057   0.003513
      748 0.000056  -0.003449
      323 0.000056  -0.003429
      831 0.000056   0.003425
      590 0.000055  -0.003422
      545 0.000055  -0.003415
      413 0.000055  -0.003389
      765 0.000055   0.003381
      589 0.000054  -0.003361
      870 0.000054  -0.003321
      428 0.000054   0.003311
      528 0.000053   0.003288
      343 0.000053  -0.003249
      315 0.000053   0.003247
      701 0.000052  -0.003228
      596 0.000051  -0.003159
      318 0.000051  -0.003145
      552 0.000051  -0.003125
      390 0.000051   0.003116
      414 0.000050   0.003065
      922 0.000049  -0.003020
      322 0.000049  -0.003019
      308 0.000049  -0.003018
      821 0.000049  -0.003012
      535 0.000048   0.002973
      386 0.000048   0.002959
      650 0.000048  -0.002957
      244 0.000046  -0.002852
      935 0.000046  -0.002808
      161 0.000045   0.002773
      955 0.000045   0.002764
      842 0.000041  -0.002556
      881 0.000040  -0.002472
      193 0.000040   0.002441
      198 0.000040  -0.002438
      894 0.000040  -0.002437
      957 0.000039   0.002398
      841 0.000038   0.002374
      874 0.000038  -0.002347
      830 0.000038   0.002325
      798 0.000038  -0.002316
      169 0.000038  -0.002315
      789 0.000037   0.002312
      374 0.000037   0.002272
      491 0.000037   0.002260
      518 0.000037   0.002257
     1073 0.000036  -0.002229
      833 0.000036  -0.002221
      942 0.000035   0.002139
      879 0.000035  -0.002131
      278 0.000034   0.002091
      832 0.000034   0.002071
      532 0.000033   0.002063
      313 0.000033  -0.002047
      852 0.000033   0.002045
      284 0.000033   0.002031
      131 0.000033   0.002027
      488 0.000033   0.002027
      838 0.000033  -0.002025
      649 0.000032  -0.001994
      407 0.000032  -0.001976
      988 0.000032  -0.001947
      971 0.000032  -0.001947
      835 0.000031  -0.001911
      394 0.000031   0.001904
       91 0.000030  -0.001872
      950 0.000030  -0.001869
      540 0.000030  -0.001860
      801 0.000030  -0.001855
      608 0.000030  -0.001847
      445 0.000030  -0.001841
      933 0.000030   0.001834
     1096 0.000030   0.001830
      410 0.000029  -0.001810
      636 0.000029  -0.001799
      921 0.000029  -0.001793
      409 0.000029  -0.001782
      597 0.000029  -0.001780
      964 0.000028   0.001735
      448 0.000028   0.001725
      475 0.000028  -0.001723
      524 0.000028  -0.001714
      366 0.000027   0.001681
      297 0.000027  -0.001675
      310 0.000027  -0.001664
      794 0.000027   0.001660
      542 0.000027   0.001645
      928 0.000027  -0.001635
      286 0.000026   0.001628
      677 0.000026   0.001622
     1034 0.000026  -0.001590
     1032 0.000025   0.001546
      727 0.000025  -0.001544
      526 0.000025   0.001541
      856 0.000025   0.001526
      977 0.000025   0.001518
     1010 0.000025   0.001516
      904 0.000024   0.001511
      983 0.000024   0.001497
      987 0.000024   0.001452
      424 0.000023  -0.001442
      811 0.000023   0.001426
      868 0.000023   0.001417
      643 0.000023  -0.001415
      346 0.000022   0.001377
      530 0.000022   0.001369
      959 0.000022  -0.001351
      927 0.000022  -0.001346
      236 0.000022   0.001331
      938 0.000022   0.001331
     1001 0.000021  -0.001311
      809 0.000021   0.001293
      779 0.000021  -0.001273
      479 0.000020   0.001235
      776 0.000020  -0.001234
      514 0.000020   0.001231
      685 0.000020  -0.001215
     1009 0.000020  -0.001212
      646 0.000020   0.001205
      934 0.000019  -0.001191
      333 0.000019  -0.001150
      397 0.000019  -0.001142
      592 0.000018   0.001122
      437 0.000018   0.001120
      610 0.000018  -0.001120
      148 0.000018   0.001116
      536 0.000018  -0.001096
      916 0.000018  -0.001090
      455 0.000018  -0.001088
      463 0.000018  -0.001084
      810 0.000018   0.001084
      764 0.000017  -0.001054
     1025 0.000017   0.001024
      324 0.000017  -0.001023
      907 0.000016   0.001004
      502 0.000016   0.000998
      519 0.000016   0.000994
      512 0.000016  -0.000990
      714 0.000016  -0.000972
      249 0.000015   0.000956
      432 0.000015   0.000955
      245 0.000015  -0.000953
      740 0.000015   0.000944
      334 0.000015  -0.000925
      232 0.000015  -0.000923
      984 0.000015  -0.000921
     1003 0.000015  -0.000916
     1017 0.000015   0.000912
      949 0.000015   0.000907
      804 0.000015  -0.000900
      903 0.000014   0.000892
      732 0.000014   0.000890
     1016 0.000014  -0.000889
      662 0.000014  -0.000886
      791 0.000014   0.000878
      755 0.000014  -0.000878
       98 0.000014  -0.000861
      254 0.000014   0.000844
      489 0.000014   0.000834
      458 0.000014   0.000833
      450 0.000013  -0.000823
      891 0.000013  -0.000810
      505 0.000013   0.000783
      898 0.000012   0.000754
      478 0.000012   0.000733
      803 0.000012   0.000729
     1040 0.000012  -0.000728
     1020 0.000012  -0.000727
     1052 0.000012   0.000716
      917 0.000012   0.000712
      702 0.000011  -0.000704
      640 0.000011  -0.000696
      816 0.000011   0.000681
      487 0.000011  -0.000672
     1061 0.000011  -0.000671
      814 0.000011   0.000666
     1015 0.000011  -0.000653
      634 0.000010  -0.000643
      760 0.000010  -0.000640
      461 0.000010   0.000639
      384 0.000010  -0.000634
      222 0.000010   0.000628
      426 0.000010   0.000627
euclid. distance of OLC and linear combination of EV * x_coef: 0.004359519849234242

Generate samples based on objective loadcase 630
nr_to_generate: 25

Parameter variation distribution settings
distribution: uniform
low: 0.7
high: 1.3

Total process runtime: 0:00:01.331305
