Date and Time:2023-05-12 14:20:16.567741

Initial Settings:
similarity_model: <function cosine_similarity at 0x000001D005A6E5E0>
similarity_threshold: 1e-05
nr_eigv_to_select: None
distribution: uniform
deviation: 0.3
nr_to_generate: 25
recompute: False

Selected eigenvectors and similarity score w.r.t objective loadcase:
objective_loadcase_nr: 654
similarity_model: cosine_similarity
similarity_threshold: 1e-05
nr_eigv_to_select: None
nr_eigv_selected: 490
approximation parameter model: lstsq
similarity score and approx. param. value
:  eigv_idx    score      value
        3 0.566461  35.206332
        1 0.533424  33.153040
        2 0.502245 -31.215230
        0 0.374292  23.262809
        6 0.038711   2.405950
       39 0.023115   1.436660
        4 0.011592   0.720429
      639 0.003352   0.208357
      186 0.002130  -0.132394
      218 0.002068  -0.128513
      593 0.002006  -0.124696
      612 0.001900  -0.118080
      586 0.001852   0.115098
      710 0.001655  -0.102889
       68 0.001552  -0.096467
      716 0.001416   0.088030
      187 0.001414  -0.087911
      618 0.001222   0.075933
      595 0.001194   0.074236
      668 0.001194   0.074215
      663 0.001176  -0.073107
      143 0.000998   0.062004
      626 0.000992   0.061658
      686 0.000991  -0.061587
      194 0.000945   0.058750
      659 0.000886  -0.055054
      388 0.000870  -0.054065
      688 0.000837  -0.052032
      617 0.000833   0.051783
      749 0.000759  -0.047146
      599 0.000755   0.046924
      582 0.000711  -0.044165
      562 0.000708  -0.044009
      670 0.000702   0.043625
      635 0.000696   0.043281
      621 0.000689  -0.042807
      183 0.000657   0.040840
      704 0.000632  -0.039273
      578 0.000604   0.037524
      733 0.000585   0.036345
      341 0.000574   0.035697
      579 0.000573   0.035641
      718 0.000568  -0.035332
      698 0.000552  -0.034333
      182 0.000540  -0.033560
      567 0.000510  -0.031682
      708 0.000507   0.031529
      602 0.000507  -0.031509
      606 0.000507  -0.031498
      700 0.000501   0.031115
      253 0.000495  -0.030774
      666 0.000491  -0.030528
      153 0.000481   0.029903
      577 0.000478  -0.029716
      735 0.000468  -0.029093
      683 0.000456   0.028352
      174 0.000449   0.027900
      575 0.000428   0.026582
      709 0.000420  -0.026133
      220 0.000416  -0.025885
      267 0.000415  -0.025785
      184 0.000410  -0.025487
      696 0.000408  -0.025352
      620 0.000397  -0.024648
      707 0.000388  -0.024097
       69 0.000386   0.023992
      699 0.000380  -0.023610
      641 0.000380  -0.023599
      258 0.000355  -0.022068
      601 0.000352   0.021896
      210 0.000339  -0.021088
      583 0.000337  -0.020928
       71 0.000333   0.020713
      753 0.000333  -0.020707
      848 0.000325  -0.020170
      137 0.000320  -0.019859
      412 0.000319  -0.019857
      756 0.000318  -0.019767
      362 0.000309  -0.019199
      419 0.000304  -0.018888
      807 0.000299   0.018609
      228 0.000298  -0.018530
      243 0.000294   0.018279
      403 0.000288   0.017923
      631 0.000286  -0.017797
      587 0.000279   0.017346
      757 0.000273  -0.016967
       70 0.000272   0.016933
      273 0.000269  -0.016693
      383 0.000263   0.016315
      230 0.000262  -0.016302
      793 0.000258  -0.016048
      853 0.000257  -0.015979
      227 0.000247   0.015339
      570 0.000234  -0.014530
      361 0.000233   0.014487
      741 0.000233   0.014456
      179 0.000229   0.014255
      269 0.000227  -0.014095
      739 0.000217  -0.013471
      204 0.000215   0.013366
      132 0.000215   0.013365
      576 0.000215  -0.013365
      377 0.000215  -0.013342
      604 0.000214  -0.013315
      726 0.000214  -0.013282
      299 0.000207   0.012853
      580 0.000204  -0.012656
      658 0.000201   0.012514
      787 0.000199   0.012370
      400 0.000199  -0.012338
      239 0.000198   0.012298
      171 0.000195  -0.012122
      750 0.000194   0.012040
      263 0.000193  -0.011966
      235 0.000188  -0.011692
      199 0.000188  -0.011655
      301 0.000187  -0.011644
      564 0.000185  -0.011503
      427 0.000181  -0.011272
      373 0.000181  -0.011243
      175 0.000178  -0.011063
      800 0.000177  -0.010971
      628 0.000176   0.010961
      857 0.000176  -0.010935
      247 0.000174   0.010814
      743 0.000172  -0.010665
      549 0.000169  -0.010482
      574 0.000167  -0.010350
      855 0.000166  -0.010311
      711 0.000165   0.010272
      667 0.000164   0.010219
      784 0.000160  -0.009931
      818 0.000160  -0.009924
      941 0.000158  -0.009837
      828 0.000157  -0.009782
      277 0.000156   0.009702
      665 0.000156  -0.009699
      820 0.000154  -0.009572
      312 0.000154  -0.009571
      392 0.000154   0.009565
      271 0.000151   0.009371
      815 0.000151  -0.009365
      795 0.000150   0.009296
      255 0.000148  -0.009184
      553 0.000147  -0.009133
      742 0.000147  -0.009130
      824 0.000144   0.008978
      790 0.000144   0.008955
      591 0.000144   0.008924
      557 0.000143  -0.008911
      605 0.000143  -0.008901
      355 0.000142   0.008842
      566 0.000141   0.008763
      616 0.000140  -0.008675
      808 0.000138   0.008592
      763 0.000138   0.008550
      859 0.000137   0.008545
      398 0.000133  -0.008258
      778 0.000132  -0.008197
      234 0.000131   0.008119
      736 0.000129  -0.008008
      257 0.000128  -0.007948
      223 0.000127   0.007910
      690 0.000127   0.007893
      573 0.000126   0.007822
      829 0.000125   0.007764
      687 0.000125   0.007744
      369 0.000124   0.007716
      585 0.000124  -0.007704
      380 0.000122   0.007596
      294 0.000121  -0.007548
      697 0.000120   0.007439
      275 0.000119  -0.007409
      423 0.000118  -0.007334
      645 0.000118   0.007317
      431 0.000117  -0.007247
      367 0.000116   0.007194
      206 0.000116   0.007193
      217 0.000114  -0.007115
      241 0.000113   0.007015
      337 0.000113  -0.007008
      638 0.000113  -0.006995
      251 0.000112  -0.006978
      332 0.000112  -0.006944
      847 0.000109   0.006777
      353 0.000108  -0.006717
      908 0.000106  -0.006597
      354 0.000105   0.006524
      569 0.000105   0.006504
      799 0.000105  -0.006499
      436 0.000104   0.006438
      295 0.000103  -0.006408
      770 0.000103   0.006406
      290 0.000102   0.006323
      684 0.000101  -0.006276
      279 0.000101  -0.006264
      600 0.000101  -0.006250
      298 0.000100  -0.006213
      254 0.000100   0.006207
      759 0.000098  -0.006083
      775 0.000097   0.006025
      974 0.000096   0.005982
      581 0.000095  -0.005902
      734 0.000094  -0.005851
      292 0.000094  -0.005844
      723 0.000092  -0.005704
      728 0.000090  -0.005600
      329 0.000090  -0.005582
      840 0.000090  -0.005570
      629 0.000090  -0.005565
      161 0.000088   0.005476
       88 0.000088  -0.005451
      611 0.000087  -0.005410
      281 0.000087   0.005393
      266 0.000087  -0.005387
      236 0.000085   0.005285
      594 0.000085  -0.005282
      844 0.000085  -0.005265
      744 0.000083  -0.005167
      584 0.000081  -0.005036
      262 0.000081  -0.005010
      261 0.000080  -0.004944
      882 0.000079   0.004886
      107 0.000079  -0.004885
      390 0.000078   0.004862
      782 0.000078  -0.004830
      560 0.000078  -0.004826
      552 0.000078  -0.004823
      864 0.000076   0.004735
      632 0.000075   0.004679
      701 0.000075  -0.004636
      572 0.000074  -0.004623
      342 0.000073   0.004533
      302 0.000072  -0.004496
      843 0.000072  -0.004474
      268 0.000072  -0.004445
       93 0.000071  -0.004438
      937 0.000071  -0.004421
     1095 0.000070  -0.004370
      943 0.000070   0.004353
      356 0.000069  -0.004289
      801 0.000069  -0.004281
      308 0.000068  -0.004200
      978 0.000067   0.004182
      104 0.000067   0.004178
      948 0.000067   0.004161
      291 0.000067   0.004145
      773 0.000066   0.004102
      694 0.000066   0.004097
      148 0.000065   0.004040
      325 0.000064  -0.003982
      826 0.000064  -0.003962
      722 0.000063  -0.003936
      654 0.000063   0.003919
      321 0.000063  -0.003916
      428 0.000063   0.003911
      870 0.000062  -0.003875
     1005 0.000062   0.003843
      201 0.000061  -0.003820
      386 0.000061   0.003795
      364 0.000060  -0.003737
      884 0.000060  -0.003727
      880 0.000060   0.003724
      913 0.000059  -0.003681
      414 0.000059   0.003671
      545 0.000059  -0.003669
      823 0.000059   0.003660
      589 0.000059  -0.003639
       91 0.000058  -0.003606
      425 0.000058   0.003606
      769 0.000058   0.003601
      832 0.000058   0.003589
      539 0.000057   0.003573
      860 0.000057  -0.003570
      319 0.000057   0.003556
      789 0.000057   0.003545
      765 0.000056   0.003477
      561 0.000056   0.003470
      955 0.000056   0.003455
      313 0.000053  -0.003277
      922 0.000053  -0.003273
      805 0.000053  -0.003264
      323 0.000052  -0.003255
      285 0.000052   0.003230
      895 0.000052   0.003210
      874 0.000051  -0.003156
      831 0.000051   0.003143
      627 0.000050   0.003115
      322 0.000050  -0.003097
      289 0.000050   0.003090
      528 0.000049   0.003074
      596 0.000049  -0.003044
      374 0.000049   0.003036
      894 0.000049  -0.003024
      640 0.000049  -0.003016
      614 0.000048   0.002983
      232 0.000047  -0.002923
      792 0.000046   0.002876
      169 0.000046  -0.002869
      597 0.000045  -0.002826
      879 0.000045  -0.002824
      590 0.000045  -0.002789
      821 0.000045  -0.002769
      535 0.000043   0.002702
      343 0.000043  -0.002685
      283 0.000043   0.002670
      740 0.000043  -0.002665
      226 0.000043   0.002658
      225 0.000042   0.002616
      407 0.000041  -0.002578
      222 0.000041  -0.002534
      748 0.000040  -0.002507
      650 0.000040  -0.002506
      904 0.000040   0.002484
      950 0.000039  -0.002419
      849 0.000039   0.002412
      394 0.000039   0.002411
      942 0.000038   0.002372
      359 0.000038   0.002370
      315 0.000037   0.002292
      540 0.000036  -0.002244
      891 0.000036  -0.002241
      198 0.000036   0.002237
      881 0.000035  -0.002188
      803 0.000035   0.002169
      542 0.000034   0.002129
      318 0.000034  -0.002128
      491 0.000034   0.002126
      409 0.000034  -0.002115
      518 0.000034   0.002111
      366 0.000034   0.002091
      357 0.000033  -0.002040
      643 0.000033  -0.002024
      842 0.000032  -0.002009
      448 0.000032   0.001992
      935 0.000032  -0.001974
      532 0.000031   0.001955
      727 0.000031  -0.001945
      488 0.000031   0.001941
      278 0.000031   0.001935
      928 0.000031  -0.001925
      964 0.000030   0.001890
      957 0.000030   0.001872
      685 0.000030  -0.001871
      297 0.000030  -0.001870
      636 0.000030  -0.001863
      830 0.000030   0.001853
      802 0.000030   0.001843
      310 0.000029  -0.001828
      863 0.000029  -0.001828
      988 0.000029  -0.001825
      987 0.000029   0.001803
      245 0.000029  -0.001786
      933 0.000029   0.001777
      410 0.000029  -0.001776
      406 0.000028  -0.001758
      776 0.000028  -0.001742
      249 0.000028  -0.001730
      794 0.000028   0.001712
      680 0.000027   0.001709
      475 0.000027  -0.001691
      397 0.000027  -0.001687
      971 0.000027  -0.001679
      445 0.000027  -0.001664
      360 0.000027   0.001661
      858 0.000027  -0.001656
      524 0.000027  -0.001647
      382 0.000026  -0.001634
      286 0.000026   0.001631
      530 0.000026   0.001607
      568 0.000026   0.001588
     1001 0.000025  -0.001571
      791 0.000025   0.001550
     1032 0.000025   0.001545
     1096 0.000025   0.001542
      780 0.000024   0.001510
      811 0.000024   0.001508
      248 0.000024   0.001488
      424 0.000024  -0.001484
      837 0.000024  -0.001481
      798 0.000024   0.001464
      284 0.000024   0.001464
      867 0.000023   0.001434
      244 0.000023  -0.001412
      921 0.000023  -0.001402
      384 0.000023  -0.001401
      526 0.000022   0.001375
      131 0.000022   0.001370
     1073 0.000022  -0.001367
     1034 0.000022  -0.001365
      677 0.000022   0.001353
      833 0.000022  -0.001347
      610 0.000022  -0.001343
      669 0.000021   0.001332
      810 0.000021   0.001321
      814 0.000021   0.001317
     1025 0.000021   0.001317
      349 0.000021  -0.001298
      649 0.000021  -0.001283
      856 0.000021   0.001282
      852 0.000021  -0.001277
      413 0.000021  -0.001277
      350 0.000020   0.001253
      432 0.000020   0.001247
      224 0.000020  -0.001236
      927 0.000020  -0.001220
      479 0.000019   0.001179
      841 0.000019   0.001179
      240 0.000019  -0.001155
      713 0.000019   0.001153
      514 0.000018   0.001149
      519 0.000018   0.001130
      983 0.000018   0.001123
     1017 0.000018   0.001122
      993 0.000018   0.001121
      502 0.000018   0.001118
      714 0.000018  -0.001102
      646 0.000018   0.001096
      209 0.000018  -0.001093
      455 0.000017  -0.001087
     1010 0.000017   0.001084
      536 0.000017  -0.001079
      934 0.000017  -0.001078
      977 0.000017   0.001060
      902 0.000017  -0.001050
      463 0.000017  -0.001050
      238 0.000017  -0.001038
      437 0.000017   0.001034
      899 0.000016  -0.001022
      965 0.000016  -0.001012
      512 0.000016  -0.000996
      949 0.000016   0.000992
      839 0.000016   0.000977
      662 0.000016  -0.000974
      917 0.000015   0.000961
      489 0.000015   0.000954
      333 0.000015  -0.000946
      458 0.000015   0.000940
     1009 0.000015  -0.000939
      900 0.000015  -0.000924
      237 0.000014   0.000890
      505 0.000014   0.000879
      875 0.000014  -0.000877
      250 0.000014  -0.000876
      681 0.000014  -0.000876
      256 0.000014   0.000857
      876 0.000013  -0.000833
      691 0.000013   0.000821
      966 0.000013   0.000817
      188 0.000013  -0.000816
     1052 0.000013   0.000812
      402 0.000013  -0.000811
      623 0.000013  -0.000811
      916 0.000013  -0.000809
      732 0.000013   0.000809
      655 0.000013  -0.000803
      450 0.000013  -0.000791
      938 0.000013   0.000790
     1020 0.000013  -0.000777
     1016 0.000012  -0.000764
     1003 0.000012  -0.000755
      138 0.000012  -0.000750
      609 0.000012   0.000749
      898 0.000012   0.000748
      907 0.000012   0.000740
      399 0.000012  -0.000739
      835 0.000012  -0.000738
      265 0.000012   0.000733
      809 0.000012   0.000724
      483 0.000012  -0.000719
      387 0.000011   0.000713
      619 0.000011   0.000703
      952 0.000011  -0.000703
      838 0.000011  -0.000699
      538 0.000011   0.000698
      816 0.000011   0.000696
      328 0.000011  -0.000696
      324 0.000011  -0.000687
      752 0.000011   0.000676
      452 0.000011  -0.000654
      634 0.000011  -0.000653
      487 0.000010  -0.000649
      316 0.000010  -0.000640
      229 0.000010  -0.000637
      720 0.000010  -0.000631
      347 0.000010   0.000629
      608 0.000010  -0.000624
       53 0.000010  -0.000624
      478 0.000010   0.000624
euclid. distance of OLC and linear combination of EV * x_coef: 0.0055382644007882665

Generate samples based on objective loadcase 654
nr_to_generate: 25

Parameter variation distribution settings
distribution: uniform
low: 0.7
high: 1.3

Total process runtime: 0:00:01.299255
