Date and Time:2023-05-12 14:24:30.560801

Initial Settings:
similarity_model: <function cosine_similarity at 0x000001D005A6E5E0>
similarity_threshold: 1e-05
nr_eigv_to_select: None
distribution: uniform
deviation: 0.3
nr_to_generate: 25
recompute: False

Selected eigenvectors and similarity score w.r.t objective loadcase:
objective_loadcase_nr: 842
similarity_model: cosine_similarity
similarity_threshold: 1e-05
nr_eigv_to_select: None
nr_eigv_selected: 497
approximation parameter model: lstsq
similarity score and approx. param. value
:  eigv_idx    score      value
        3 0.586577  38.308579
        1 0.514731  33.616404
        2 0.513803 -33.555787
        0 0.353880  23.111452
       39 0.028048   1.831759
        6 0.027176   1.774836
        4 0.012700   0.829401
      639 0.003321   0.216858
      218 0.002507  -0.163739
      593 0.002054  -0.134122
      186 0.001923  -0.125573
      586 0.001922   0.125552
      612 0.001913  -0.124908
      710 0.001597  -0.104267
       68 0.001283  -0.083780
      187 0.001264  -0.082544
      595 0.001253   0.081844
      716 0.001178   0.076945
      663 0.001080  -0.070501
      626 0.001069   0.069826
      618 0.001035   0.067608
      668 0.001012   0.066111
      686 0.000912  -0.059533
      388 0.000886  -0.057867
      194 0.000845   0.055164
      749 0.000845  -0.055159
      143 0.000843   0.055061
      688 0.000778  -0.050838
      599 0.000752   0.049105
      659 0.000737  -0.048163
      621 0.000716  -0.046790
      617 0.000715   0.046672
      582 0.000710  -0.046376
      562 0.000708  -0.046214
      635 0.000696   0.045425
      670 0.000672   0.043906
      704 0.000636  -0.041532
      578 0.000598   0.039050
      341 0.000596   0.038915
      183 0.000584   0.038153
      733 0.000565   0.036905
      718 0.000564  -0.036861
      567 0.000558  -0.036440
      606 0.000549  -0.035825
      577 0.000530  -0.034587
      602 0.000521  -0.034020
      735 0.000493  -0.032177
      267 0.000492  -0.032151
      579 0.000488   0.031879
      708 0.000481   0.031389
      698 0.000477  -0.031152
      253 0.000475  -0.031022
      153 0.000453   0.029570
      575 0.000451   0.029451
       69 0.000450   0.029397
      696 0.000444  -0.029013
      220 0.000444  -0.028994
      258 0.000440  -0.028741
      620 0.000419  -0.027363
      666 0.000414  -0.027069
      174 0.000408   0.026678
      709 0.000406  -0.026501
      753 0.000401  -0.026187
      707 0.000387  -0.025291
      601 0.000385   0.025121
      230 0.000377  -0.024647
      641 0.000373  -0.024329
       71 0.000369   0.024095
      683 0.000364   0.023769
      227 0.000351   0.022941
      848 0.000344  -0.022442
      412 0.000338  -0.022049
      700 0.000336   0.021952
      583 0.000334  -0.021795
      273 0.000329  -0.021513
      699 0.000326  -0.021296
      756 0.000325  -0.021211
      793 0.000312  -0.020377
      419 0.000311  -0.020299
      210 0.000310  -0.020249
      403 0.000299   0.019528
      807 0.000296   0.019340
      587 0.000296   0.019335
      631 0.000294  -0.019232
      759 0.000292  -0.019052
      763 0.000288   0.018790
      853 0.000287  -0.018730
      269 0.000286  -0.018666
      235 0.000282  -0.018393
      383 0.000280   0.018263
      362 0.000273  -0.017816
      263 0.000273  -0.017814
      239 0.000273   0.017808
      182 0.000263  -0.017195
      243 0.000263   0.017164
      757 0.000261  -0.017074
      299 0.000250   0.016324
      137 0.000248  -0.016168
      726 0.000247  -0.016120
      741 0.000246   0.016058
      361 0.000246   0.016058
      570 0.000245  -0.015977
       70 0.000237   0.015506
      739 0.000233  -0.015193
      750 0.000224   0.014628
      743 0.000211  -0.013776
      377 0.000210  -0.013744
      206 0.000204   0.013299
      184 0.000198  -0.012933
      301 0.000197  -0.012886
      818 0.000195  -0.012761
      855 0.000194  -0.012699
      742 0.000191  -0.012502
      857 0.000191  -0.012482
      373 0.000190  -0.012429
      787 0.000190   0.012389
      427 0.000189  -0.012319
      204 0.000187   0.012210
      312 0.000185  -0.012105
      132 0.000185   0.012081
      247 0.000185   0.012070
      824 0.000181   0.011829
      604 0.000181  -0.011791
      576 0.000180  -0.011767
      564 0.000180  -0.011724
      228 0.000177  -0.011551
      580 0.000176  -0.011487
      800 0.000175  -0.011416
      549 0.000174  -0.011394
      658 0.000173   0.011313
      795 0.000173   0.011309
      400 0.000171  -0.011172
      591 0.000171   0.011165
      392 0.000171   0.011142
      223 0.000169   0.011044
      199 0.000168  -0.010986
      553 0.000168  -0.010941
      290 0.000166   0.010851
      175 0.000163  -0.010619
      337 0.000157  -0.010240
      784 0.000155  -0.010154
      775 0.000155   0.010095
      711 0.000154   0.010088
      332 0.000154  -0.010068
      778 0.000154  -0.010063
      829 0.000153   0.010018
      667 0.000150   0.009811
      859 0.000150   0.009805
      275 0.000150  -0.009794
      574 0.000150  -0.009776
      820 0.000148  -0.009698
      828 0.000148  -0.009659
      369 0.000143   0.009357
      628 0.000140   0.009157
      736 0.000140  -0.009145
      941 0.000140  -0.009127
      616 0.000140  -0.009123
      665 0.000137  -0.008969
      770 0.000137   0.008935
      808 0.000136   0.008856
      605 0.000135  -0.008839
      790 0.000135   0.008813
      585 0.000133  -0.008699
      329 0.000131  -0.008529
      355 0.000130   0.008516
      179 0.000128   0.008337
      557 0.000128  -0.008336
      277 0.000126   0.008202
      298 0.000124  -0.008101
      279 0.000123  -0.008045
      566 0.000122   0.007983
      423 0.000121  -0.007876
      431 0.000119  -0.007785
      257 0.000118  -0.007710
      217 0.000114  -0.007455
      294 0.000114  -0.007444
      645 0.000114   0.007437
      354 0.000113   0.007375
      398 0.000111  -0.007270
      769 0.000111   0.007258
       88 0.000111  -0.007243
      201 0.000110  -0.007216
      255 0.000109  -0.007112
      241 0.000109   0.007109
      687 0.000108   0.007083
      690 0.000107   0.006967
      271 0.000107   0.006959
      380 0.000106   0.006934
      744 0.000106  -0.006929
      171 0.000106  -0.006895
      697 0.000105   0.006867
      799 0.000104  -0.006807
      864 0.000101   0.006577
      815 0.000100  -0.006501
      367 0.000099   0.006438
      569 0.000098   0.006417
      908 0.000098  -0.006404
      638 0.000097  -0.006354
      684 0.000097  -0.006326
      728 0.000096  -0.006278
      600 0.000095  -0.006201
      943 0.000094   0.006149
      762 0.000094  -0.006145
      251 0.000094  -0.006142
      321 0.000094  -0.006116
      285 0.000092   0.006016
      295 0.000091  -0.005949
      292 0.000091  -0.005921
      782 0.000091  -0.005912
      436 0.000089   0.005796
       93 0.000089  -0.005783
      266 0.000088  -0.005762
      353 0.000088  -0.005751
      611 0.000088  -0.005747
      948 0.000087   0.005699
      234 0.000087   0.005665
      773 0.000087   0.005657
      325 0.000087  -0.005652
      734 0.000086  -0.005636
      974 0.000084   0.005461
      884 0.000083  -0.005402
      937 0.000082  -0.005365
      840 0.000082  -0.005343
      104 0.000081   0.005308
      573 0.000081   0.005299
      847 0.000081   0.005293
      860 0.000080  -0.005257
      581 0.000080  -0.005230
      261 0.000080  -0.005196
      723 0.000080  -0.005194
      594 0.000078  -0.005115
      844 0.000078  -0.005111
      281 0.000075   0.004915
      342 0.000075   0.004876
      843 0.000074  -0.004852
      880 0.000073   0.004785
      694 0.000073   0.004768
      978 0.000072   0.004702
      823 0.000071   0.004665
      560 0.000070  -0.004598
      552 0.000070  -0.004540
      701 0.000068  -0.004429
      629 0.000067  -0.004376
      654 0.000067   0.004366
      283 0.000066   0.004306
      390 0.000066   0.004288
      589 0.000066  -0.004280
      870 0.000065  -0.004268
      318 0.000064  -0.004207
      302 0.000063  -0.004145
      356 0.000063  -0.004144
      826 0.000063  -0.004133
      107 0.000062  -0.004040
      584 0.000062  -0.004037
      780 0.000061   0.003988
      262 0.000061  -0.003962
      268 0.000061  -0.003956
      291 0.000060   0.003949
     1095 0.000060  -0.003928
      572 0.000060  -0.003916
      539 0.000060   0.003894
      319 0.000059   0.003876
      138 0.000059  -0.003867
      792 0.000059   0.003847
     1005 0.000059   0.003821
      913 0.000057  -0.003735
      801 0.000057  -0.003728
      632 0.000056   0.003684
      289 0.000056   0.003680
      882 0.000056   0.003659
      323 0.000055  -0.003619
      722 0.000055  -0.003602
      895 0.000055   0.003602
      765 0.000055   0.003597
      428 0.000054   0.003533
      386 0.000053   0.003489
      590 0.000053  -0.003480
      545 0.000053  -0.003469
      789 0.000052   0.003410
      364 0.000052  -0.003400
      414 0.000051   0.003334
      425 0.000051   0.003317
      528 0.000051   0.003307
      935 0.000050  -0.003266
      831 0.000050   0.003235
      894 0.000049  -0.003205
      874 0.000049  -0.003194
      308 0.000048  -0.003162
      315 0.000048   0.003110
      193 0.000047   0.003076
      627 0.000046   0.003008
      535 0.000046   0.002984
      957 0.000046   0.002979
      322 0.000045  -0.002929
      922 0.000045  -0.002925
      413 0.000045  -0.002920
      821 0.000044  -0.002898
      343 0.000044  -0.002850
      169 0.000044  -0.002850
      830 0.000043   0.002837
      313 0.000043  -0.002820
      596 0.000043  -0.002811
      278 0.000041   0.002688
      561 0.000041   0.002675
      643 0.000041  -0.002648
      842 0.000040  -0.002635
      614 0.000040   0.002634
      955 0.000040   0.002629
      833 0.000040  -0.002624
      244 0.000040  -0.002623
      841 0.000040   0.002591
      942 0.000039   0.002558
      988 0.000039  -0.002554
      798 0.000038  -0.002513
      964 0.000038   0.002495
      284 0.000037   0.002433
     1096 0.000037   0.002430
      374 0.000037   0.002424
      881 0.000037  -0.002418
      971 0.000037  -0.002385
      491 0.000035   0.002307
      650 0.000035  -0.002304
      838 0.000035  -0.002303
      950 0.000035  -0.002302
     1073 0.000035  -0.002287
      849 0.000035   0.002270
       91 0.000034  -0.002247
      518 0.000034   0.002246
      805 0.000034  -0.002225
      748 0.000033  -0.002173
      488 0.000032   0.002110
      532 0.000032   0.002087
      727 0.000032  -0.002087
      407 0.000032  -0.002085
      921 0.000031  -0.002057
      333 0.000031  -0.002032
      226 0.000031   0.002018
      225 0.000031   0.002014
      394 0.000031   0.002007
      359 0.000031   0.002002
      406 0.000030  -0.001986
      811 0.000030   0.001959
      904 0.000030   0.001940
      610 0.000030  -0.001935
      540 0.000030  -0.001930
      366 0.000029   0.001905
      409 0.000029  -0.001877
      685 0.000028  -0.001850
      983 0.000028   0.001847
      357 0.000028  -0.001844
      879 0.000028  -0.001837
      410 0.000028  -0.001831
      597 0.000028  -0.001817
      835 0.000028  -0.001804
      977 0.000028   0.001803
      933 0.000027   0.001794
      794 0.000027   0.001793
      448 0.000027   0.001787
      475 0.000027  -0.001782
      524 0.000027  -0.001751
      636 0.000027  -0.001751
      161 0.000027   0.001742
      445 0.000027  -0.001735
      310 0.000027  -0.001733
      810 0.000026   0.001703
      791 0.000026   0.001702
      832 0.000026   0.001689
      131 0.000026   0.001679
      297 0.000025  -0.001623
      542 0.000024   0.001586
      856 0.000024   0.001578
      928 0.000024  -0.001574
      927 0.000024  -0.001558
      286 0.000024   0.001555
      526 0.000024   0.001542
     1010 0.000024   0.001539
      382 0.000024  -0.001539
     1034 0.000024  -0.001538
     1032 0.000023   0.001517
      868 0.000023   0.001512
      360 0.000023   0.001488
     1009 0.000023  -0.001482
      677 0.000023   0.001480
      264 0.000022   0.001448
      959 0.000022  -0.001438
      530 0.000022   0.001408
      568 0.000021   0.001384
      592 0.000021   0.001377
      934 0.000021  -0.001377
      669 0.000021   0.001376
      424 0.000021  -0.001367
      987 0.000021   0.001362
      320 0.000021   0.001360
      764 0.000021  -0.001357
      209 0.000021   0.001353
      479 0.000020   0.001294
      898 0.000019   0.001269
      514 0.000019   0.001262
      237 0.000019   0.001260
      240 0.000019  -0.001253
       45 0.000019   0.001248
      649 0.000019  -0.001235
      384 0.000019  -0.001230
      916 0.000019  -0.001226
     1001 0.000019  -0.001224
      655 0.000019  -0.001217
      609 0.000018   0.001181
      680 0.000018   0.001180
      198 0.000018  -0.001155
      259 0.000018   0.001154
     1016 0.000017  -0.001139
      536 0.000017  -0.001136
     1003 0.000017  -0.001134
      809 0.000017   0.001130
      713 0.000017   0.001119
      876 0.000017  -0.001118
      839 0.000017   0.001115
      432 0.000017   0.001109
      402 0.000017  -0.001108
      740 0.000017   0.001102
      463 0.000017  -0.001102
      437 0.000017   0.001093
      455 0.000017  -0.001089
      899 0.000017  -0.001084
      837 0.000017  -0.001083
      875 0.000017  -0.001081
      397 0.000016  -0.001063
      623 0.000016  -0.001059
       51 0.000016  -0.001043
      625 0.000016  -0.001024
      776 0.000016  -0.001021
      640 0.000016  -0.001019
      188 0.000016  -0.001019
      512 0.000016  -0.001014
      519 0.000016   0.001013
      316 0.000015  -0.001009
      324 0.000015  -0.001007
     1020 0.000015  -0.001003
      256 0.000015   0.001000
      502 0.000015   0.000993
      903 0.000015   0.000992
      714 0.000015  -0.000987
       38 0.000015   0.000982
      902 0.000015  -0.000975
     1025 0.000015   0.000957
      984 0.000014  -0.000940
      814 0.000014   0.000933
      296 0.000014  -0.000922
     1040 0.000014  -0.000916
      236 0.000014   0.000899
      248 0.000014   0.000897
      691 0.000014   0.000896
      245 0.000013  -0.000878
      458 0.000013   0.000864
      732 0.000013   0.000862
     1017 0.000013   0.000855
      399 0.000013  -0.000855
      335 0.000013  -0.000850
      907 0.000013   0.000847
      252 0.000013  -0.000846
      489 0.000013   0.000836
       43 0.000013  -0.000826
      949 0.000013   0.000824
      350 0.000013   0.000820
      270 0.000013  -0.000819
      450 0.000012  -0.000812
      238 0.000012  -0.000795
      642 0.000012   0.000792
       58 0.000012  -0.000786
      760 0.000012  -0.000778
      671 0.000012   0.000776
      662 0.000012  -0.000775
      222 0.000012   0.000766
       50 0.000012   0.000764
      779 0.000011  -0.000748
      648 0.000011  -0.000743
      505 0.000011   0.000742
      952 0.000011  -0.000739
       36 0.000011  -0.000737
      249 0.000011   0.000733
      637 0.000011  -0.000733
      936 0.000011   0.000715
      487 0.000011  -0.000709
      224 0.000011  -0.000702
      634 0.000011  -0.000701
       95 0.000011   0.000694
     1061 0.000011  -0.000692
      603 0.000011   0.000688
     1052 0.000010   0.000676
       29 0.000010  -0.000674
      461 0.000010   0.000673
      816 0.000010   0.000670
      478 0.000010   0.000667
      917 0.000010   0.000660
      803 0.000010   0.000659
      863 0.000010   0.000657
     1015 0.000010  -0.000656
euclid. distance of OLC and linear combination of EV * x_coef: 0.006168872804874011

Generate samples based on objective loadcase 842
nr_to_generate: 25

Parameter variation distribution settings
distribution: uniform
low: 0.7
high: 1.3

Total process runtime: 0:00:01.278967
