Date and Time:2023-05-12 14:11:08.656626

Initial Settings:
similarity_model: <function cosine_similarity at 0x000001D005A6E5E0>
similarity_threshold: 1e-05
nr_eigv_to_select: None
distribution: uniform
deviation: 0.3
nr_to_generate: 25
recompute: False

Selected eigenvectors and similarity score w.r.t objective loadcase:
objective_loadcase_nr: 241
similarity_model: cosine_similarity
similarity_threshold: 1e-05
nr_eigv_to_select: None
nr_eigv_selected: 496
approximation parameter model: lstsq
similarity score and approx. param. value
:  eigv_idx    score      value
        3 0.587884  40.543487
        1 0.515889  35.578337
        2 0.510505 -35.207069
        0 0.354980  24.481223
       39 0.026858   1.852262
        6 0.026061   1.797294
        4 0.012643   0.871936
      639 0.003175   0.218934
      218 0.002405  -0.165891
      593 0.001964  -0.135429
      186 0.001945  -0.134139
      586 0.001839   0.126826
      612 0.001833  -0.126409
      710 0.001638  -0.112983
       68 0.001563  -0.107760
      187 0.001282  -0.088419
      595 0.001200   0.082742
      716 0.001168   0.080571
      618 0.001049   0.072359
      663 0.001033  -0.071257
      668 0.001028   0.070892
      626 0.001018   0.070238
      143 0.000957   0.065973
      686 0.000933  -0.064349
      749 0.000894  -0.061679
      194 0.000855   0.058949
      388 0.000849  -0.058529
      688 0.000799  -0.055091
      659 0.000744  -0.051335
      599 0.000718   0.049525
      617 0.000715   0.049296
      621 0.000684  -0.047183
      582 0.000680  -0.046862
      562 0.000679  -0.046859
      635 0.000666   0.045948
      670 0.000644   0.044440
      704 0.000619  -0.042721
      183 0.000594   0.040947
      578 0.000572   0.039461
      341 0.000570   0.039305
      718 0.000546  -0.037674
      733 0.000542   0.037387
      567 0.000534  -0.036804
      606 0.000524  -0.036119
      735 0.000519  -0.035773
      577 0.000505  -0.034798
      602 0.000498  -0.034313
      708 0.000496   0.034196
      579 0.000495   0.034135
      253 0.000487  -0.033559
      267 0.000477  -0.032896
      153 0.000467   0.032179
      698 0.000462  -0.031863
      575 0.000433   0.029865
      696 0.000429  -0.029574
      220 0.000425  -0.029294
      709 0.000419  -0.028897
      666 0.000419  -0.028887
      174 0.000419   0.028876
      258 0.000415  -0.028629
       69 0.000409   0.028226
      620 0.000398  -0.027440
      753 0.000380  -0.026223
      230 0.000378  -0.026088
      707 0.000377  -0.026016
      601 0.000369   0.025478
      641 0.000355  -0.024505
      683 0.000346   0.023869
      756 0.000341  -0.023520
      227 0.000337   0.023226
       71 0.000331   0.022857
      700 0.000330   0.022743
      848 0.000327  -0.022556
      412 0.000323  -0.022261
      583 0.000320  -0.022096
      273 0.000314  -0.021653
      699 0.000313  -0.021600
      210 0.000310  -0.021364
      137 0.000302  -0.020803
      243 0.000298   0.020585
      853 0.000298  -0.020562
      419 0.000298  -0.020523
      793 0.000293  -0.020209
      403 0.000289   0.019961
       70 0.000285   0.019673
      631 0.000285  -0.019633
      587 0.000282   0.019474
      269 0.000281  -0.019374
      235 0.000278  -0.019185
      807 0.000278   0.019181
      362 0.000276  -0.019020
      383 0.000272   0.018760
      757 0.000272  -0.018726
      759 0.000271  -0.018722
      763 0.000269   0.018536
      263 0.000266  -0.018350
      239 0.000266   0.018345
      741 0.000261   0.017977
      726 0.000258  -0.017789
      739 0.000246  -0.016931
      299 0.000240   0.016536
      750 0.000240   0.016528
      182 0.000235  -0.016186
      570 0.000233  -0.016035
      361 0.000230   0.015884
      787 0.000215   0.014849
      132 0.000209   0.014431
      206 0.000206   0.014240
      857 0.000203  -0.013975
      377 0.000203  -0.013971
      743 0.000198  -0.013626
      818 0.000196  -0.013485
      204 0.000194   0.013355
      228 0.000192  -0.013211
      301 0.000189  -0.013032
      576 0.000187  -0.012879
      824 0.000185   0.012752
      855 0.000182  -0.012543
      742 0.000180  -0.012447
      427 0.000180  -0.012445
      373 0.000177  -0.012200
      658 0.000177   0.012180
      312 0.000175  -0.012070
      247 0.000174   0.012023
      400 0.000174  -0.012016
      184 0.000174  -0.012015
      199 0.000173  -0.011954
      604 0.000172  -0.011875
      564 0.000171  -0.011815
      580 0.000170  -0.011712
      549 0.000167  -0.011520
      175 0.000166  -0.011473
      223 0.000165   0.011404
      800 0.000165  -0.011348
      591 0.000164   0.011316
      795 0.000163   0.011254
      859 0.000161   0.011084
      392 0.000159   0.010985
      553 0.000159  -0.010983
      290 0.000158   0.010907
      829 0.000156   0.010761
      711 0.000155   0.010676
      770 0.000151   0.010446
      332 0.000150  -0.010355
      784 0.000147  -0.010142
      337 0.000147  -0.010131
      628 0.000147   0.010121
      790 0.000146   0.010085
      275 0.000146  -0.010066
      667 0.000146   0.010040
      778 0.000145  -0.009996
      775 0.000144   0.009931
      277 0.000142   0.009811
      574 0.000142  -0.009788
      820 0.000141  -0.009711
      369 0.000140   0.009625
      828 0.000139  -0.009567
      605 0.000138  -0.009535
      736 0.000136  -0.009386
      941 0.000133  -0.009171
      616 0.000131  -0.009032
      808 0.000130   0.008957
      585 0.000130  -0.008956
      665 0.000129  -0.008903
      566 0.000126   0.008670
      355 0.000124   0.008557
      329 0.000122  -0.008431
      298 0.000122  -0.008405
      557 0.000120  -0.008307
      217 0.000119  -0.008196
      179 0.000118   0.008137
      241 0.000117   0.008045
      423 0.000115  -0.007963
      279 0.000114  -0.007888
      431 0.000114  -0.007871
      257 0.000113  -0.007799
      645 0.000112   0.007721
      354 0.000109   0.007535
      201 0.000109  -0.007525
      690 0.000108   0.007422
      864 0.000107   0.007373
      271 0.000107   0.007365
       88 0.000107  -0.007364
      398 0.000107  -0.007354
      294 0.000106  -0.007316
      380 0.000105   0.007239
      769 0.000104   0.007168
      687 0.000103   0.007093
      684 0.000101  -0.006940
      943 0.000100   0.006912
      367 0.000100   0.006874
      744 0.000099  -0.006844
      799 0.000099  -0.006806
      697 0.000099   0.006794
      638 0.000098  -0.006758
      815 0.000098  -0.006748
      773 0.000098   0.006748
      255 0.000097  -0.006702
      728 0.000097  -0.006688
      600 0.000096  -0.006644
      171 0.000095  -0.006561
      285 0.000095   0.006545
      266 0.000093  -0.006447
      908 0.000093  -0.006416
      251 0.000093  -0.006405
      884 0.000092  -0.006351
      295 0.000092  -0.006338
      569 0.000091   0.006253
      782 0.000091  -0.006242
      734 0.000090  -0.006177
      321 0.000089  -0.006170
      436 0.000089   0.006169
      353 0.000088  -0.006064
      292 0.000088  -0.006054
      234 0.000087   0.006026
      847 0.000087   0.005976
      762 0.000086  -0.005965
      611 0.000085  -0.005869
      801 0.000084  -0.005821
      325 0.000084  -0.005801
      723 0.000084  -0.005763
       93 0.000083  -0.005720
      948 0.000082   0.005659
      880 0.000082   0.005645
      573 0.000080   0.005503
      974 0.000080   0.005501
      594 0.000079  -0.005455
      581 0.000079  -0.005437
      261 0.000078  -0.005400
      937 0.000078  -0.005369
      281 0.000078   0.005358
      840 0.000077  -0.005317
      843 0.000077  -0.005290
      104 0.000076   0.005259
      860 0.000075  -0.005192
      844 0.000075  -0.005186
      589 0.000074  -0.005132
      870 0.000073  -0.005019
      823 0.000073   0.005004
      552 0.000072  -0.004995
      356 0.000072  -0.004976
      107 0.000070  -0.004835
      701 0.000070  -0.004814
      342 0.000069   0.004784
      694 0.000068   0.004713
      978 0.000068   0.004705
      826 0.000066  -0.004570
      560 0.000066  -0.004552
      654 0.000065   0.004510
      629 0.000065  -0.004451
      390 0.000064   0.004425
      283 0.000064   0.004416
      302 0.000064  -0.004411
      318 0.000062  -0.004264
      289 0.000060   0.004128
      291 0.000059   0.004102
      138 0.000058  -0.004019
      319 0.000058   0.004006
      386 0.000058   0.003978
     1095 0.000057  -0.003957
      765 0.000057   0.003954
      539 0.000057   0.003933
      780 0.000057   0.003920
      262 0.000057  -0.003917
      308 0.000057  -0.003913
      268 0.000056  -0.003882
      874 0.000056  -0.003861
      572 0.000056  -0.003858
      894 0.000056  -0.003855
     1005 0.000056   0.003850
      722 0.000056  -0.003836
      632 0.000056   0.003834
      584 0.000055  -0.003797
      428 0.000055   0.003787
      913 0.000054  -0.003744
      792 0.000054   0.003696
      789 0.000053   0.003669
      545 0.000053  -0.003656
      590 0.000053  -0.003621
      895 0.000052   0.003615
      414 0.000052   0.003600
      882 0.000052   0.003596
      323 0.000052  -0.003568
      935 0.000052  -0.003552
      805 0.000051  -0.003519
      193 0.000050   0.003457
      957 0.000050   0.003434
      425 0.000049   0.003410
      315 0.000049   0.003383
      343 0.000049  -0.003380
      313 0.000049  -0.003363
      528 0.000048   0.003342
      169 0.000048  -0.003278
      830 0.000047   0.003241
      278 0.000046   0.003144
      831 0.000045   0.003101
      364 0.000045  -0.003085
       91 0.000045  -0.003071
      964 0.000044   0.003055
      535 0.000044   0.003013
      988 0.000043  -0.002987
      322 0.000043  -0.002971
      643 0.000043  -0.002961
      627 0.000043   0.002939
      922 0.000043  -0.002933
      833 0.000042  -0.002895
      413 0.000042  -0.002894
      841 0.000042   0.002887
      821 0.000042  -0.002886
      244 0.000042  -0.002881
      596 0.000042  -0.002870
      942 0.000041   0.002851
     1096 0.000041   0.002845
      950 0.000039  -0.002706
      561 0.000039   0.002706
      842 0.000039  -0.002688
      374 0.000039   0.002672
      971 0.000039  -0.002663
      955 0.000038   0.002606
      904 0.000037   0.002584
      849 0.000037   0.002551
      394 0.000036   0.002449
      881 0.000035  -0.002387
      614 0.000035   0.002384
      798 0.000034  -0.002375
      406 0.000034  -0.002341
      491 0.000034   0.002336
      284 0.000034   0.002335
      727 0.000034  -0.002331
      407 0.000034  -0.002311
     1073 0.000033  -0.002274
      518 0.000033   0.002265
      921 0.000033  -0.002248
      838 0.000032  -0.002206
      488 0.000031   0.002139
      685 0.000031  -0.002123
      650 0.000031  -0.002116
      532 0.000031   0.002106
      983 0.000030   0.002096
      748 0.000030  -0.002072
      540 0.000030  -0.002058
      286 0.000030   0.002052
      811 0.000030   0.002051
      610 0.000029  -0.002026
      409 0.000029  -0.002019
      835 0.000029  -0.002002
      977 0.000029   0.001992
      597 0.000028  -0.001944
      794 0.000028   0.001937
      225 0.000028   0.001933
      259 0.000028   0.001910
      448 0.000027   0.001884
      310 0.000027  -0.001866
      791 0.000027   0.001861
      410 0.000027  -0.001855
      264 0.000027   0.001850
      226 0.000026   0.001822
      810 0.000026   0.001813
      333 0.000026  -0.001807
      568 0.000026   0.001805
      475 0.000026  -0.001804
      933 0.000026   0.001798
      879 0.000026  -0.001787
      297 0.000026  -0.001786
      524 0.000026  -0.001772
      445 0.000025  -0.001751
      131 0.000025   0.001734
      927 0.000025  -0.001711
      382 0.000024  -0.001678
      636 0.000024  -0.001675
      357 0.000024  -0.001671
     1009 0.000024  -0.001662
      592 0.000024   0.001660
      366 0.000024   0.001626
      832 0.000024   0.001623
      359 0.000024   0.001621
      542 0.000023   0.001607
      161 0.000023   0.001592
      928 0.000023  -0.001579
      669 0.000023   0.001579
      856 0.000023   0.001569
      526 0.000022   0.001551
     1034 0.000022  -0.001550
      655 0.000022  -0.001545
      898 0.000022   0.001533
     1010 0.000022   0.001533
     1032 0.000022   0.001521
      934 0.000022  -0.001515
      677 0.000022   0.001505
      876 0.000022  -0.001496
      530 0.000022   0.001484
      198 0.000021  -0.001482
      609 0.000021   0.001473
      868 0.000021   0.001470
      959 0.000021  -0.001461
      875 0.000021  -0.001460
      713 0.000021   0.001438
      270 0.000021  -0.001423
      424 0.000020  -0.001409
      623 0.000020  -0.001396
      764 0.000020  -0.001395
      360 0.000020   0.001394
      640 0.000020  -0.001393
      987 0.000020   0.001385
      209 0.000020   0.001362
      320 0.000020   0.001345
      316 0.000019  -0.001338
      256 0.000019   0.001335
      916 0.000019  -0.001317
     1016 0.000019  -0.001316
      479 0.000019   0.001307
     1003 0.000018  -0.001273
      514 0.000018   0.001272
      272 0.000018   0.001261
      402 0.000018  -0.001261
      680 0.000018   0.001260
       45 0.000018   0.001258
      384 0.000018  -0.001257
      625 0.000018  -0.001250
     1001 0.000018  -0.001227
      432 0.000018   0.001218
     1020 0.000018  -0.001215
      649 0.000018  -0.001207
      536 0.000017  -0.001159
      328 0.000017  -0.001153
      463 0.000016  -0.001116
      437 0.000016   0.001104
      455 0.000016  -0.001103
      839 0.000016   0.001099
      598 0.000016  -0.001085
      837 0.000015  -0.001067
      519 0.000015   0.001064
      691 0.000015   0.001056
     1040 0.000015  -0.001046
      502 0.000015   0.001045
      512 0.000015  -0.001026
       38 0.000015   0.001026
      809 0.000015   0.001023
      260 0.000015  -0.001022
      714 0.000015  -0.001021
      399 0.000015  -0.001018
      814 0.000015   0.001016
      637 0.000015  -0.001016
      238 0.000015  -0.001010
      324 0.000015  -0.001009
      397 0.000015  -0.001007
      903 0.000015   0.001004
      254 0.000014  -0.000995
       58 0.000014  -0.000991
      335 0.000014  -0.000989
      776 0.000014  -0.000980
      648 0.000014  -0.000973
       50 0.000014   0.000973
       52 0.000014  -0.000967
      252 0.000014  -0.000966
     1025 0.000014   0.000965
       51 0.000014  -0.000962
      188 0.000014  -0.000960
      803 0.000014   0.000953
      642 0.000014   0.000949
      740 0.000014   0.000939
      984 0.000013  -0.000930
      671 0.000013   0.000912
      458 0.000013   0.000906
      802 0.000013   0.000899
      334 0.000013   0.000898
      899 0.000013  -0.000895
      489 0.000013   0.000879
     1017 0.000013   0.000874
      236 0.000013   0.000871
      732 0.000013   0.000868
      949 0.000013   0.000868
      287 0.000013   0.000863
      296 0.000012  -0.000859
      720 0.000012  -0.000839
      966 0.000012   0.000836
       87 0.000012  -0.000829
      282 0.000012  -0.000828
      450 0.000012  -0.000822
      248 0.000012   0.000817
      902 0.000012  -0.000805
      760 0.000012  -0.000801
      603 0.000011   0.000791
      936 0.000011   0.000786
      505 0.000011   0.000782
      994 0.000011  -0.000781
      405 0.000011   0.000776
      216 0.000011  -0.000742
       36 0.000011  -0.000739
      237 0.000011   0.000734
      487 0.000010  -0.000720
       43 0.000010  -0.000714
      634 0.000010  -0.000712
      452 0.000010  -0.000699
     1061 0.000010  -0.000693
       31 0.000010   0.000692
euclid. distance of OLC and linear combination of EV * x_coef: 0.006800572089724496

Generate samples based on objective loadcase 241
nr_to_generate: 25

Parameter variation distribution settings
distribution: uniform
low: 0.7
high: 1.3

Total process runtime: 0:00:01.279305
