Date and Time:2023-05-12 14:06:35.563985

Initial Settings:
similarity_model: <function cosine_similarity at 0x000001D005A6E5E0>
similarity_threshold: 1e-05
nr_eigv_to_select: None
distribution: uniform
deviation: 0.3
nr_to_generate: 25
recompute: False

Selected eigenvectors and similarity score w.r.t objective loadcase:
objective_loadcase_nr: 35
similarity_model: cosine_similarity
similarity_threshold: 1e-05
nr_eigv_to_select: None
nr_eigv_selected: 460
approximation parameter model: lstsq
similarity score and approx. param. value
:  eigv_idx    score      value
        1 0.566327  89.919671
        3 0.518217  82.280890
        2 0.486268 -77.208138
        0 0.411636  65.358350
        6 0.066747  10.597947
       39 0.012241   1.943523
        4 0.009417   1.495200
       68 0.005756  -0.913971
      639 0.004105   0.651805
       71 0.002613  -0.414951
      186 0.002487  -0.394842
      612 0.002210  -0.350888
       69 0.002174  -0.345241
      593 0.002065  -0.327867
      586 0.001874   0.297529
      618 0.001775   0.281768
      663 0.001736  -0.275698
      716 0.001733   0.275154
      187 0.001659  -0.263371
      668 0.001551   0.246276
      710 0.001423  -0.225921
      182 0.001347  -0.213889
      218 0.001338  -0.212408
      659 0.001179  -0.187124
      194 0.001167   0.185279
      595 0.001158   0.183842
      617 0.001062   0.168633
      184 0.000990  -0.157216
      700 0.000983   0.156079
       70 0.000949   0.150635
      388 0.000904  -0.143476
      686 0.000892  -0.141645
      683 0.000889   0.141192
      579 0.000850   0.134916
      599 0.000843   0.133776
      635 0.000839   0.133237
      562 0.000798  -0.126780
      582 0.000784  -0.124546
      143 0.000784   0.124523
      670 0.000784   0.124503
      688 0.000783  -0.124249
      626 0.000769   0.122102
      183 0.000737   0.116957
      578 0.000734   0.116583
      698 0.000719  -0.114184
      228 0.000696  -0.110536
      733 0.000684   0.108596
      621 0.000646  -0.102577
      666 0.000630  -0.100085
      602 0.000573  -0.091032
      253 0.000570  -0.090547
      718 0.000559  -0.088762
      749 0.000553  -0.087727
      179 0.000546   0.086617
      341 0.000544   0.086378
      171 0.000509  -0.080827
      699 0.000494  -0.078470
      641 0.000463  -0.073531
      708 0.000462   0.073427
      704 0.000459  -0.072941
      210 0.000445  -0.070727
      174 0.000444   0.070458
      735 0.000429  -0.068133
      153 0.000419   0.066478
      362 0.000418  -0.066429
      583 0.000418  -0.066427
      567 0.000410  -0.065020
      606 0.000392  -0.062212
      575 0.000382   0.060657
      220 0.000378  -0.059961
      620 0.000374  -0.059414
      604 0.000373  -0.059220
      577 0.000367  -0.058206
      709 0.000361  -0.057390
      631 0.000359  -0.056931
      137 0.000357  -0.056759
      628 0.000357   0.056724
      576 0.000351  -0.055771
      254 0.000325   0.051607
      243 0.000316   0.050239
      848 0.000315  -0.049992
      419 0.000313  -0.049710
      759 0.000311   0.049307
      204 0.000308   0.048895
      707 0.000304  -0.048222
      573 0.000302   0.047961
      403 0.000302   0.047896
      757 0.000299  -0.047531
      267 0.000297  -0.047084
      756 0.000294  -0.046684
      236 0.000294   0.046663
      412 0.000293  -0.046515
      400 0.000291  -0.046139
      148 0.000288   0.045736
      807 0.000285   0.045304
      601 0.000285   0.045298
      161 0.000284   0.045166
      815 0.000281  -0.044657
      271 0.000281   0.044585
      587 0.000269   0.042669
      640 0.000268  -0.042537
       91 0.000260  -0.041271
      787 0.000255   0.040566
      132 0.000252   0.039993
      199 0.000252  -0.039955
      277 0.000250   0.039701
      377 0.000247  -0.039215
      383 0.000246   0.039095
      658 0.000242   0.038418
      580 0.000238  -0.037781
      665 0.000230  -0.036476
      138 0.000228   0.036236
      234 0.000225   0.035705
      570 0.000222  -0.035243
      941 0.000220  -0.034969
      564 0.000220  -0.034905
      687 0.000207   0.032925
      798 0.000202   0.032019
      258 0.000202  -0.031998
      249 0.000191  -0.030322
      741 0.000191   0.030296
      853 0.000191  -0.030277
      753 0.000190  -0.030232
      361 0.000188   0.029811
      566 0.000187   0.029757
      667 0.000185   0.029356
      557 0.000181  -0.028730
      828 0.000177  -0.028106
      427 0.000177  -0.028073
      257 0.000176  -0.028000
      255 0.000175  -0.027845
      549 0.000175  -0.027743
      175 0.000174  -0.027680
      301 0.000172  -0.027263
      739 0.000170  -0.027037
      763 0.000170  -0.026966
      380 0.000169   0.026895
      800 0.000168  -0.026669
      398 0.000167  -0.026507
      355 0.000166   0.026284
      367 0.000165   0.026125
      762 0.000162   0.025643
      353 0.000160  -0.025455
      295 0.000159  -0.025301
      107 0.000157  -0.024991
      574 0.000157  -0.024986
      820 0.000157  -0.024967
      222 0.000157  -0.024884
      711 0.000155   0.024663
      690 0.000153   0.024318
      217 0.000152  -0.024192
      847 0.000151   0.023979
      373 0.000151  -0.023929
      436 0.000148   0.023480
      790 0.000147   0.023269
      645 0.000146   0.023236
      629 0.000146  -0.023172
      740 0.000145  -0.022997
      857 0.000145  -0.022945
      743 0.000144  -0.022908
      908 0.000143  -0.022692
      784 0.000142  -0.022502
      696 0.000141  -0.022321
      247 0.000140   0.022189
      974 0.000136   0.021633
      750 0.000136   0.021572
      581 0.000135  -0.021416
      697 0.000130   0.020625
      294 0.000130  -0.020618
      281 0.000129   0.020407
      308 0.000127  -0.020220
      299 0.000127   0.020201
      803 0.000127   0.020172
      585 0.000126  -0.020005
      801 0.000124  -0.019751
      262 0.000124  -0.019747
      356 0.000123  -0.019537
      266 0.000123  -0.019473
      600 0.000123  -0.019471
      423 0.000122  -0.019368
      273 0.000122  -0.019340
      431 0.000120  -0.019120
      198 0.000120   0.019068
      882 0.000120   0.019035
      193 0.000120  -0.019025
      808 0.000119   0.018935
      859 0.000118   0.018752
      638 0.000118  -0.018736
      684 0.000116  -0.018367
      605 0.000116  -0.018352
      261 0.000115  -0.018332
      561 0.000115   0.018292
      572 0.000114  -0.018060
      552 0.000114  -0.018057
      840 0.000114  -0.018041
      594 0.000112  -0.017725
      392 0.000108   0.017204
      736 0.000108  -0.017194
      802 0.000108   0.017161
      241 0.000107   0.016994
      584 0.000107  -0.016965
      390 0.000107   0.016924
      844 0.000106  -0.016802
      832 0.000106   0.016792
      354 0.000105   0.016611
      805 0.000104  -0.016591
      855 0.000103  -0.016377
      209 0.000103  -0.016295
      386 0.000102   0.016162
      611 0.000101  -0.016110
      302 0.000101  -0.016102
     1095 0.000101  -0.015980
      723 0.000100  -0.015805
      597 0.000096  -0.015321
      369 0.000096   0.015302
      795 0.000096   0.015284
      799 0.000095  -0.015071
      955 0.000094   0.014954
      632 0.000093   0.014736
      292 0.000092  -0.014677
      793 0.000092  -0.014551
      818 0.000091  -0.014522
      428 0.000091   0.014445
      701 0.000089  -0.014107
      553 0.000088  -0.014017
      343 0.000088  -0.014007
      374 0.000087   0.013875
      312 0.000087  -0.013853
       88 0.000086   0.013680
      863 0.000086  -0.013663
      414 0.000086   0.013646
      734 0.000085  -0.013477
      780 0.000085  -0.013439
      776 0.000084  -0.013384
      829 0.000083   0.013217
      232 0.000083  -0.013212
      603 0.000083  -0.013134
      826 0.000082  -0.012956
      269 0.000081  -0.012843
       93 0.000081   0.012819
      748 0.000079  -0.012621
      742 0.000079  -0.012580
      726 0.000079  -0.012524
     1005 0.000078   0.012435
      291 0.000078   0.012361
      913 0.000077  -0.012294
      227 0.000076  -0.012109
      407 0.000076  -0.012087
      313 0.000076  -0.012074
      879 0.000076  -0.012016
      268 0.000075  -0.011963
      922 0.000075  -0.011963
      545 0.000075  -0.011833
      394 0.000074   0.011799
      230 0.000073   0.011556
      891 0.000073  -0.011549
      560 0.000071  -0.011316
      131 0.000071  -0.011244
      744 0.000070  -0.011120
      614 0.000070   0.011059
      937 0.000069  -0.010982
      569 0.000069   0.010935
      978 0.000069   0.010928
      275 0.000069  -0.010927
      425 0.000069   0.010905
      397 0.000068  -0.010864
      728 0.000068  -0.010853
      654 0.000068   0.010719
      722 0.000067  -0.010715
      539 0.000066   0.010408
      824 0.000064   0.010145
      858 0.000063  -0.009999
      789 0.000063   0.009980
      596 0.000063  -0.009951
      843 0.000062  -0.009848
      297 0.000061  -0.009674
      895 0.000060   0.009541
      413 0.000058   0.009246
      778 0.000058  -0.009221
      867 0.000058   0.009154
      542 0.000056   0.008911
      322 0.000054  -0.008645
      540 0.000053  -0.008441
      409 0.000052  -0.008258
      528 0.000052   0.008203
      319 0.000051   0.008142
      224 0.000051  -0.008109
      987 0.000050   0.007965
      769 0.000050  -0.007939
      318 0.000049   0.007784
      928 0.000048  -0.007604
      870 0.000047  -0.007534
      831 0.000047   0.007410
      765 0.000046   0.007360
      677 0.000046   0.007245
      821 0.000045  -0.007204
      448 0.000045   0.007158
      323 0.000045  -0.007135
      608 0.000045  -0.007133
      349 0.000045  -0.007073
      775 0.000044  -0.007007
      881 0.000043  -0.006803
      591 0.000043   0.006798
      289 0.000042   0.006677
      965 0.000042  -0.006647
      838 0.000042   0.006627
      993 0.000042   0.006596
     1001 0.000041  -0.006562
      782 0.000041  -0.006534
      263 0.000039  -0.006263
      874 0.000039  -0.006237
      948 0.000039   0.006174
      535 0.000039   0.006158
      251 0.000039  -0.006150
      589 0.000038  -0.006071
     1025 0.000038   0.005999
      530 0.000038   0.005968
      235 0.000038  -0.005961
      592 0.000037  -0.005915
      933 0.000037   0.005871
      310 0.000037  -0.005840
      864 0.000037   0.005804
      627 0.000036   0.005788
      285 0.000036  -0.005719
      518 0.000036   0.005686
      950 0.000035  -0.005581
      245 0.000035  -0.005499
      773 0.000035   0.005494
      410 0.000035  -0.005484
      298 0.000034  -0.005402
      491 0.000034   0.005343
      290 0.000033  -0.005243
      636 0.000033  -0.005233
      432 0.000033   0.005201
      325 0.000033  -0.005165
     1032 0.000032   0.005074
     1017 0.000032   0.005040
      814 0.000031   0.004975
      488 0.000031   0.004971
      169 0.000031  -0.004962
      823 0.000031   0.004933
      900 0.000031  -0.004877
      532 0.000031   0.004859
      445 0.000030  -0.004843
      475 0.000030  -0.004815
      366 0.000030   0.004792
      860 0.000030  -0.004728
      643 0.000029  -0.004656
      904 0.000029   0.004604
      342 0.000029   0.004533
      424 0.000028  -0.004495
      524 0.000028  -0.004447
      538 0.000028   0.004426
      650 0.000027  -0.004324
      680 0.000027   0.004322
      779 0.000027   0.004295
      917 0.000026   0.004197
      278 0.000026  -0.004163
      662 0.000026  -0.004142
      830 0.000026   0.004092
      938 0.000026   0.004092
      201 0.000025   0.003983
      519 0.000025   0.003977
      502 0.000025   0.003956
      315 0.000025   0.003945
      942 0.000025   0.003937
      364 0.000025  -0.003902
      206 0.000025  -0.003894
      770 0.000024   0.003779
      334 0.000023   0.003692
      842 0.000023  -0.003671
      894 0.000023  -0.003616
      505 0.000023   0.003579
      455 0.000023  -0.003578
      489 0.000023   0.003577
      536 0.000022  -0.003571
      880 0.000022   0.003566
     1034 0.000022  -0.003565
      868 0.000022  -0.003450
      714 0.000021  -0.003375
      713 0.000021   0.003370
      420 0.000021   0.003349
      104 0.000021  -0.003347
      949 0.000021   0.003323
     1052 0.000021   0.003321
      727 0.000021  -0.003290
      839 0.000021  -0.003277
      685 0.000021  -0.003276
      512 0.000020  -0.003233
      792 0.000020   0.003204
      590 0.000020  -0.003180
      359 0.000020   0.003151
      852 0.000020  -0.003145
      458 0.000019   0.003078
      616 0.000019  -0.003030
      884 0.000019  -0.003017
      244 0.000019   0.002988
      463 0.000019  -0.002982
      437 0.000018   0.002907
      479 0.000018   0.002893
      239 0.000017  -0.002733
      402 0.000017   0.002732
      337 0.000017  -0.002707
      350 0.000017   0.002691
      526 0.000017   0.002668
      335 0.000017   0.002647
      259 0.000016   0.002602
      286 0.000016   0.002590
      543 0.000016  -0.002584
      382 0.000016  -0.002561
      534 0.000016  -0.002525
      223 0.000016   0.002516
      324 0.000016  -0.002508
      732 0.000016   0.002503
      514 0.000016   0.002502
      483 0.000015  -0.002436
      357 0.000015  -0.002435
      619 0.000015   0.002399
      450 0.000015  -0.002399
      903 0.000015  -0.002358
      384 0.000015  -0.002353
      329 0.000015  -0.002348
      462 0.000014   0.002277
      214 0.000014  -0.002239
      320 0.000014  -0.002235
     1047 0.000014   0.002224
      260 0.000014  -0.002221
      984 0.000014   0.002210
      907 0.000014   0.002186
      283 0.000014  -0.002157
      226 0.000013   0.002128
      452 0.000013  -0.002122
      760 0.000013   0.002121
      264 0.000013   0.002113
      764 0.000013   0.002103
      856 0.000013   0.002059
      959 0.000013   0.002043
      675 0.000013   0.002022
      816 0.000013   0.001991
      225 0.000013   0.001987
      213 0.000012  -0.001957
      634 0.000012  -0.001932
       98 0.000012   0.001914
      406 0.000012   0.001898
      883 0.000012   0.001866
      473 0.000012  -0.001852
      510 0.000012  -0.001835
     1074 0.000011   0.001806
      598 0.000011   0.001790
      669 0.000011   0.001772
      216 0.000011   0.001761
      305 0.000011   0.001732
      250 0.000011  -0.001715
      316 0.000011   0.001703
      478 0.000011   0.001693
      796 0.000011   0.001690
      418 0.000010  -0.001649
      755 0.000010  -0.001641
      487 0.000010  -0.001622
      296 0.000010   0.001601
euclid. distance of OLC and linear combination of EV * x_coef: 0.014218440219768222

Generate samples based on objective loadcase 35
nr_to_generate: 25

Parameter variation distribution settings
distribution: uniform
low: 0.7
high: 1.3

Total process runtime: 0:00:01.240707
