Date and Time:2023-05-12 14:13:02.514882

Initial Settings:
similarity_model: <function cosine_similarity at 0x000001D005A6E5E0>
similarity_threshold: 1e-05
nr_eigv_to_select: None
distribution: uniform
deviation: 0.3
nr_to_generate: 25
recompute: False

Selected eigenvectors and similarity score w.r.t objective loadcase:
objective_loadcase_nr: 326
similarity_model: cosine_similarity
similarity_threshold: 1e-05
nr_eigv_to_select: None
nr_eigv_selected: 569
approximation parameter model: lstsq
similarity score and approx. param. value
:  eigv_idx    score      value
        3 0.586339  28.877277
        1 0.517645  25.494085
        2 0.509176 -25.076982
        0 0.356868  17.575781
        6 0.026641   1.312051
       39 0.026497   1.304979
        4 0.012543   0.617756
      639 0.003142   0.154760
      218 0.002355  -0.115991
      186 0.002034  -0.100175
      593 0.001912  -0.094176
      612 0.001858  -0.091487
      586 0.001817   0.089488
      710 0.001664  -0.081960
       68 0.001391  -0.068507
      187 0.001352  -0.066609
      716 0.001197   0.058939
      595 0.001190   0.058596
      618 0.001046   0.051514
      668 0.001029   0.050696
      663 0.001020  -0.050232
      626 0.000961   0.047337
      686 0.000942  -0.046395
      143 0.000940   0.046319
      749 0.000928  -0.045695
      194 0.000900   0.044308
      388 0.000840  -0.041385
      688 0.000807  -0.039763
      659 0.000750  -0.036926
      183 0.000710   0.034977
      617 0.000706   0.034788
      599 0.000697   0.034325
      562 0.000676  -0.033298
      621 0.000645  -0.031772
      635 0.000642   0.031614
      582 0.000635  -0.031291
      670 0.000622   0.030638
      578 0.000618   0.030457
      704 0.000603  -0.029689
      341 0.000554   0.027294
      735 0.000534  -0.026290
      577 0.000532  -0.026214
      567 0.000532  -0.026183
      733 0.000531   0.026158
      253 0.000526  -0.025900
      602 0.000526  -0.025891
      718 0.000524  -0.025791
      579 0.000516   0.025411
      606 0.000514  -0.025307
      708 0.000509   0.025056
       69 0.000480   0.023659
      666 0.000459  -0.022609
      220 0.000453  -0.022303
      698 0.000447  -0.022033
      153 0.000444   0.021843
      174 0.000435   0.021402
      258 0.000434  -0.021353
       71 0.000432   0.021261
      709 0.000425  -0.020921
      267 0.000413  -0.020349
      620 0.000405  -0.019970
      696 0.000401  -0.019739
      230 0.000397  -0.019552
      575 0.000396   0.019522
      227 0.000386   0.018988
      641 0.000371  -0.018248
      210 0.000358  -0.017637
      753 0.000355  -0.017477
      601 0.000350   0.017244
      683 0.000345   0.016982
      583 0.000344  -0.016960
      700 0.000343   0.016872
      756 0.000341  -0.016812
      848 0.000336  -0.016553
      707 0.000334  -0.016432
      412 0.000325  -0.016006
      699 0.000310  -0.015249
      273 0.000307  -0.015111
      853 0.000305  -0.015015
      204 0.000303   0.014898
      269 0.000301  -0.014824
      419 0.000297  -0.014635
      243 0.000286   0.014110
      757 0.000286  -0.014066
      807 0.000285   0.014023
      403 0.000282   0.013897
      383 0.000280   0.013802
      741 0.000277   0.013651
      362 0.000276  -0.013579
      793 0.000274  -0.013513
      587 0.000269   0.013259
      239 0.000268   0.013202
      206 0.000266   0.013094
      726 0.000259  -0.012740
      137 0.000252  -0.012401
      263 0.000250  -0.012299
       70 0.000248   0.012213
      739 0.000248  -0.012204
      750 0.000245   0.012088
      631 0.000240  -0.011837
      570 0.000239  -0.011750
      763 0.000233   0.011486
      787 0.000230   0.011312
      199 0.000228  -0.011250
      759 0.000224  -0.011029
      223 0.000218   0.010726
      299 0.000215   0.010600
      235 0.000214  -0.010523
      857 0.000203  -0.009990
      818 0.000201  -0.009907
      377 0.000201  -0.009906
      549 0.000195  -0.009613
      312 0.000189  -0.009295
      369 0.000187   0.009221
      301 0.000185  -0.009111
      743 0.000184  -0.009086
      184 0.000184  -0.009078
      427 0.000183  -0.009021
      247 0.000182   0.008970
      824 0.000182   0.008943
      132 0.000179   0.008814
      400 0.000176  -0.008648
      251 0.000174  -0.008574
      576 0.000174  -0.008566
      175 0.000172  -0.008481
      665 0.000171  -0.008411
      564 0.000170  -0.008384
      591 0.000169   0.008332
      392 0.000164   0.008075
      373 0.000163  -0.008044
      742 0.000163  -0.008034
      356 0.000163  -0.008020
      800 0.000162  -0.007982
      859 0.000162   0.007957
      361 0.000160   0.007885
      628 0.000159   0.007827
      658 0.000159   0.007827
      580 0.000158  -0.007787
      795 0.000158   0.007766
      279 0.000157  -0.007728
      337 0.000156  -0.007678
      829 0.000155   0.007652
      770 0.000154   0.007584
      290 0.000152   0.007462
      711 0.000151   0.007443
      604 0.000151  -0.007429
      855 0.000150  -0.007400
      553 0.000148  -0.007294
      585 0.000147  -0.007226
      275 0.000144  -0.007117
      784 0.000143  -0.007037
      790 0.000142   0.007014
      605 0.000142  -0.006982
      667 0.000141   0.006956
      828 0.000141  -0.006926
      778 0.000140  -0.006918
      201 0.000135  -0.006633
      255 0.000135  -0.006633
      941 0.000134  -0.006621
      687 0.000132   0.006490
      295 0.000129  -0.006332
      775 0.000128   0.006325
      241 0.000127   0.006249
      298 0.000125  -0.006169
      820 0.000125  -0.006163
      574 0.000124  -0.006103
      380 0.000123   0.006080
      228 0.000122  -0.005989
      277 0.000122   0.005986
      354 0.000121   0.005962
      773 0.000121   0.005942
      629 0.000120  -0.005898
      257 0.000119  -0.005856
      801 0.000118  -0.005806
      332 0.000116  -0.005735
      431 0.000116  -0.005728
      423 0.000116  -0.005703
      697 0.000113   0.005547
      268 0.000112  -0.005496
      398 0.000111  -0.005482
      198 0.000109  -0.005354
      271 0.000108   0.005339
      600 0.000107  -0.005286
      864 0.000107   0.005278
      728 0.000105  -0.005179
      736 0.000102  -0.005031
      815 0.000101  -0.004971
      234 0.000100   0.004946
      614 0.000098   0.004820
      217 0.000098  -0.004820
      943 0.000098   0.004811
      353 0.000097  -0.004792
      581 0.000097  -0.004774
      769 0.000097   0.004771
      808 0.000097   0.004763
      638 0.000096  -0.004750
      182 0.000096  -0.004745
      557 0.000096  -0.004738
      308 0.000096  -0.004726
      908 0.000095  -0.004693
      262 0.000095  -0.004671
      138 0.000094  -0.004642
       93 0.000094  -0.004623
      744 0.000094  -0.004606
      762 0.000093  -0.004602
      594 0.000091  -0.004501
      782 0.000091  -0.004492
      436 0.000091   0.004485
      847 0.000091   0.004479
      690 0.000091   0.004477
      884 0.000091  -0.004476
      249 0.000091   0.004466
      107 0.000089  -0.004369
      292 0.000089  -0.004360
       88 0.000088  -0.004344
      799 0.000088  -0.004344
      572 0.000087  -0.004299
      283 0.000087   0.004287
      561 0.000086   0.004236
      611 0.000085  -0.004197
      974 0.000084   0.004122
      319 0.000084   0.004118
      573 0.000083   0.004086
      321 0.000083  -0.004082
      343 0.000082  -0.004057
      880 0.000082   0.004042
      566 0.000082   0.004025
      627 0.000081   0.004014
      948 0.000081   0.003998
      281 0.000080   0.003926
      840 0.000080  -0.003920
      608 0.000079  -0.003882
      734 0.000079  -0.003875
      843 0.000079  -0.003866
      937 0.000078  -0.003848
      569 0.000078   0.003823
      616 0.000077  -0.003813
      294 0.000077  -0.003800
      844 0.000077  -0.003797
      632 0.000076   0.003760
      645 0.000076   0.003756
      329 0.000076  -0.003745
      694 0.000075   0.003705
      364 0.000075   0.003704
      589 0.000075  -0.003675
      722 0.000072  -0.003566
      278 0.000072   0.003546
      259 0.000071  -0.003493
      792 0.000071   0.003489
      870 0.000071  -0.003480
      860 0.000070  -0.003467
      650 0.000070  -0.003450
      826 0.000070  -0.003440
      171 0.000070  -0.003438
      748 0.000069  -0.003408
      978 0.000068   0.003351
      367 0.000067   0.003309
      684 0.000067  -0.003295
      179 0.000067   0.003281
      325 0.000066  -0.003270
      291 0.000066   0.003261
      261 0.000066  -0.003248
      823 0.000065   0.003215
      596 0.000065  -0.003214
      302 0.000064  -0.003143
      232 0.000064  -0.003131
      286 0.000063   0.003078
      765 0.000062   0.003075
      225 0.000062  -0.003052
      226 0.000062  -0.003042
      252 0.000062   0.003032
      315 0.000061   0.003025
     1095 0.000060  -0.002967
      289 0.000060   0.002957
      386 0.000059   0.002925
      590 0.000059  -0.002911
      355 0.000059   0.002895
      654 0.000059   0.002892
      852 0.000058   0.002859
     1005 0.000058   0.002857
      406 0.000057   0.002819
      425 0.000056   0.002780
      545 0.000056  -0.002772
      894 0.000056  -0.002761
      539 0.000056   0.002738
      913 0.000056  -0.002737
      428 0.000056   0.002733
      413 0.000055  -0.002721
      882 0.000055   0.002720
      874 0.000055  -0.002716
      250 0.000054  -0.002679
      560 0.000054  -0.002678
       91 0.000054  -0.002672
      359 0.000053  -0.002626
      723 0.000053  -0.002626
      895 0.000053   0.002600
      414 0.000052   0.002564
      568 0.000052  -0.002563
      131 0.000052   0.002545
      646 0.000051   0.002502
      935 0.000050  -0.002473
      649 0.000050  -0.002447
      266 0.000049  -0.002436
      320 0.000049  -0.002400
      841 0.000049   0.002391
      322 0.000049  -0.002389
      528 0.000048   0.002385
      264 0.000048  -0.002378
      285 0.000048   0.002377
      402 0.000048   0.002362
      831 0.000048   0.002352
      957 0.000047   0.002331
      193 0.000047   0.002328
      104 0.000047   0.002327
      552 0.000047  -0.002309
      609 0.000046  -0.002264
      272 0.000046  -0.002255
      780 0.000045   0.002235
      161 0.000045   0.002224
      240 0.000045   0.002196
      237 0.000045  -0.002195
      244 0.000045  -0.002192
      584 0.000044  -0.002172
      535 0.000044   0.002154
      922 0.000044  -0.002146
      833 0.000043  -0.002129
      260 0.000043   0.002116
      964 0.000043   0.002114
      342 0.000043   0.002098
      904 0.000043   0.002097
      849 0.000042  -0.002052
      625 0.000042   0.002049
      598 0.000041   0.002037
      390 0.000041   0.002033
      821 0.000041  -0.002026
      988 0.000041  -0.002017
      955 0.000041   0.002011
      274 0.000040   0.001976
      592 0.000040   0.001947
      942 0.000039   0.001943
      832 0.000039   0.001916
      394 0.000039   0.001915
     1096 0.000038   0.001896
      842 0.000038  -0.001886
      950 0.000038  -0.001875
      640 0.000037  -0.001839
      323 0.000037  -0.001832
      755 0.000037  -0.001813
      357 0.000037   0.001812
      407 0.000037  -0.001808
      971 0.000036  -0.001780
      804 0.000036  -0.001774
      881 0.000036  -0.001758
      701 0.000035  -0.001710
      335 0.000035   0.001709
      835 0.000034  -0.001696
      169 0.000034  -0.001691
      518 0.000033   0.001639
      491 0.000033   0.001630
      803 0.000032   0.001596
      636 0.000032  -0.001582
      254 0.000032  -0.001575
      921 0.000032  -0.001566
      293 0.000032  -0.001564
      830 0.000031   0.001531
       98 0.000031  -0.001524
      334 0.000031   0.001511
     1073 0.000031  -0.001507
      409 0.000031  -0.001504
      540 0.000030  -0.001490
      310 0.000030  -0.001489
      802 0.000030   0.001478
      532 0.000030   0.001454
      879 0.000030  -0.001454
      488 0.000029   0.001445
      938 0.000029   0.001436
      983 0.000029   0.001415
      642 0.000029  -0.001410
      445 0.000028  -0.001402
      875 0.000028   0.001398
      374 0.000028   0.001397
      623 0.000028   0.001392
      270 0.000028   0.001389
      448 0.000028   0.001380
      655 0.000028   0.001362
      214 0.000027  -0.001346
      776 0.000027  -0.001336
      977 0.000027   0.001324
      933 0.000027   0.001319
      410 0.000027  -0.001312
      805 0.000027  -0.001310
      333 0.000026   0.001292
       66 0.000026  -0.001290
      236 0.000026   0.001281
      395 0.000026   0.001267
      794 0.000025   0.001248
      779 0.000025  -0.001239
      656 0.000025  -0.001234
      524 0.000025  -0.001231
      475 0.000025  -0.001214
      346 0.000025   0.001210
      288 0.000024   0.001199
      542 0.000024   0.001198
      927 0.000024  -0.001191
     1034 0.000024  -0.001183
      928 0.000024  -0.001167
      876 0.000023   0.001157
      424 0.000023  -0.001156
      216 0.000023   0.001140
      296 0.000023   0.001134
      809 0.000023   0.001130
       95 0.000023  -0.001117
      838 0.000023  -0.001114
     1009 0.000022  -0.001105
     1032 0.000022   0.001104
      987 0.000022   0.001087
      360 0.000022  -0.001086
      526 0.000022   0.001076
      530 0.000022   0.001073
      256 0.000022  -0.001063
       73 0.000022  -0.001061
      934 0.000021  -0.001054
      366 0.000021   0.001049
      336 0.000021  -0.001040
       92 0.000021   0.001037
     1010 0.000021   0.001036
      297 0.000021  -0.001034
      222 0.000021  -0.001033
       60 0.000021   0.001014
       94 0.000020  -0.000999
      344 0.000020   0.000992
       63 0.000020  -0.000992
      571 0.000020  -0.000991
      213 0.000020  -0.000990
      597 0.000020  -0.000985
     1001 0.000020  -0.000976
       58 0.000020   0.000973
      868 0.000020   0.000972
      396 0.000020  -0.000971
      328 0.000020  -0.000962
      959 0.000019  -0.000956
      898 0.000019   0.000951
      856 0.000019   0.000940
      677 0.000019   0.000931
      103 0.000019   0.000922
      916 0.000018  -0.000908
      610 0.000018   0.000907
      385 0.000018   0.000903
     1016 0.000018  -0.000897
      287 0.000018  -0.000883
      685 0.000018  -0.000882
      317 0.000018  -0.000877
      514 0.000018   0.000873
      352 0.000018   0.000867
      798 0.000018  -0.000866
      375 0.000018  -0.000865
       97 0.000017   0.000860
      479 0.000017   0.000857
      644 0.000017  -0.000854
      746 0.000017  -0.000847
      681 0.000017  -0.000844
     1020 0.000017  -0.000842
      643 0.000017   0.000841
      437 0.000017   0.000839
      110 0.000017  -0.000836
       54 0.000017  -0.000835
     1003 0.000017  -0.000834
      603 0.000017   0.000826
      120 0.000017   0.000821
      536 0.000017  -0.000819
      556 0.000017  -0.000816
      432 0.000017   0.000815
      397 0.000016  -0.000811
      637 0.000016   0.000809
      112 0.000016   0.000807
      502 0.000016   0.000807
      789 0.000016   0.000805
       51 0.000016   0.000800
      664 0.000016  -0.000796
      837 0.000016   0.000796
      316 0.000016  -0.000792
      714 0.000016  -0.000792
      702 0.000016  -0.000789
      455 0.000016  -0.000787
      318 0.000016  -0.000786
       45 0.000016  -0.000785
      671 0.000016  -0.000785
      463 0.000016  -0.000779
      729 0.000016   0.000778
     1025 0.000016   0.000774
      519 0.000016   0.000773
      376 0.000016  -0.000765
      811 0.000016   0.000765
      899 0.000015   0.000763
      348 0.000015  -0.000758
      676 0.000015  -0.000754
      839 0.000015  -0.000752
      662 0.000015  -0.000734
      133 0.000015   0.000727
       52 0.000015   0.000722
      192 0.000015  -0.000722
      180 0.000015   0.000719
      747 0.000014  -0.000710
      512 0.000014  -0.000705
     1040 0.000014  -0.000702
      732 0.000014   0.000693
      387 0.000014  -0.000691
      558 0.000014   0.000688
     1017 0.000014   0.000682
      903 0.000014   0.000682
      309 0.000014   0.000670
       78 0.000014  -0.000668
      215 0.000014   0.000668
      458 0.000013   0.000661
      902 0.000013   0.000660
      949 0.000013   0.000659
      384 0.000013   0.000659
      489 0.000013   0.000657
      675 0.000013   0.000656
      966 0.000013   0.000651
      202 0.000013   0.000650
      339 0.000013   0.000647
      505 0.000013   0.000646
      345 0.000013  -0.000637
      727 0.000013  -0.000635
       87 0.000013   0.000631
      426 0.000013   0.000630
       86 0.000013   0.000628
      705 0.000013  -0.000628
      338 0.000013   0.000621
      358 0.000012  -0.000615
      554 0.000012   0.000615
      313 0.000012  -0.000614
      691 0.000012  -0.000606
      450 0.000012  -0.000602
      984 0.000012  -0.000601
      101 0.000012   0.000600
       59 0.000012   0.000600
      936 0.000012  -0.000599
      128 0.000012  -0.000598
       79 0.000012   0.000593
       53 0.000012  -0.000590
      764 0.000012  -0.000587
       61 0.000012  -0.000585
      347 0.000012  -0.000583
      478 0.000012   0.000579
      740 0.000012   0.000579
      994 0.000012  -0.000576
      379 0.000012  -0.000574
      181 0.000012  -0.000573
      350 0.000012  -0.000569
      693 0.000011  -0.000564
       55 0.000011  -0.000557
      767 0.000011  -0.000555
      165 0.000011  -0.000555
      229 0.000011   0.000553
      245 0.000011  -0.000553
      127 0.000011  -0.000552
      105 0.000011   0.000549
       77 0.000011  -0.000549
      695 0.000011  -0.000539
     1052 0.000011   0.000535
      135 0.000011  -0.000529
      324 0.000010  -0.000513
      145 0.000010  -0.000512
       38 0.000010  -0.000510
     1087 0.000010   0.000509
      224 0.000010   0.000509
      917 0.000010   0.000504
euclid. distance of OLC and linear combination of EV * x_coef: 0.005161099545185541

Generate samples based on objective loadcase 326
nr_to_generate: 25

Parameter variation distribution settings
distribution: uniform
low: 0.7
high: 1.3

Total process runtime: 0:00:01.341941
