Date and Time:2023-05-12 14:27:07.671821

Initial Settings:
similarity_model: <function cosine_similarity at 0x000001D005A6E5E0>
similarity_threshold: 1e-05
nr_eigv_to_select: None
distribution: uniform
deviation: 0.3
nr_to_generate: 25
recompute: False

Selected eigenvectors and similarity score w.r.t objective loadcase:
objective_loadcase_nr: 959
similarity_model: cosine_similarity
similarity_threshold: 1e-05
nr_eigv_to_select: None
nr_eigv_selected: 460
approximation parameter model: lstsq
similarity score and approx. param. value
:  eigv_idx    score      value
        3 0.597152  38.998331
        2 0.516255 -33.715131
        1 0.506457  33.075299
        0 0.344804  22.518142
       39 0.028076   1.833555
        6 0.021731   1.419215
        4 0.013180   0.860759
      639 0.003228   0.210844
      218 0.002464  -0.160947
       68 0.002049  -0.133847
      593 0.002005  -0.130957
      586 0.001886   0.123171
      612 0.001856  -0.121201
      186 0.001749  -0.114246
      710 0.001574  -0.102811
      595 0.001232   0.080449
      143 0.001199   0.078318
      187 0.001153  -0.075316
      626 0.001066   0.069592
      663 0.001039  -0.067854
      716 0.001039   0.067824
      618 0.000979   0.063954
      668 0.000968   0.063213
      686 0.000906  -0.059158
      749 0.000902  -0.058926
      388 0.000868  -0.056660
      688 0.000775  -0.050631
      194 0.000761   0.049698
      599 0.000731   0.047725
      621 0.000708  -0.046255
      659 0.000703  -0.045905
      562 0.000689  -0.044976
      617 0.000686   0.044794
      582 0.000685  -0.044755
      635 0.000671   0.043808
      670 0.000664   0.043378
      704 0.000647  -0.042223
      578 0.000595   0.038835
      341 0.000585   0.038228
      183 0.000564   0.036813
      718 0.000563  -0.036787
      733 0.000558   0.036421
      567 0.000555  -0.036221
      606 0.000543  -0.035432
      577 0.000533  -0.034839
      735 0.000516  -0.033668
      602 0.000510  -0.033284
      267 0.000480  -0.031371
      708 0.000471   0.030767
      698 0.000464  -0.030303
      579 0.000463   0.030268
      220 0.000460  -0.030067
      696 0.000456  -0.029764
      153 0.000445   0.029029
      137 0.000437  -0.028553
      258 0.000437  -0.028526
      575 0.000435   0.028413
      620 0.000419  -0.027376
      253 0.000419  -0.027350
      753 0.000414  -0.027035
      666 0.000405  -0.026454
      709 0.000401  -0.026194
      174 0.000392   0.025610
      707 0.000385  -0.025160
      601 0.000380   0.024838
       70 0.000376   0.024576
      641 0.000367  -0.023948
      230 0.000355  -0.023160
      759 0.000345  -0.022541
      243 0.000342   0.022356
      848 0.000342  -0.022311
      683 0.000335   0.021886
      412 0.000334  -0.021827
      227 0.000333   0.021757
      756 0.000333  -0.021725
      583 0.000332  -0.021661
      273 0.000325  -0.021240
      763 0.000323   0.021064
      699 0.000320  -0.020912
       69 0.000314   0.020490
      793 0.000311  -0.020293
      419 0.000305  -0.019904
      182 0.000303  -0.019801
      853 0.000296  -0.019357
      403 0.000292   0.019095
      587 0.000288   0.018823
      383 0.000282   0.018421
      269 0.000282  -0.018420
      807 0.000281   0.018346
      700 0.000278   0.018146
      631 0.000274  -0.017916
      228 0.000264  -0.017238
      741 0.000263   0.017187
      132 0.000262   0.017139
      239 0.000262   0.017126
      263 0.000262  -0.017096
      757 0.000262  -0.017092
      235 0.000261  -0.017021
      210 0.000261  -0.017015
      362 0.000259  -0.016941
      726 0.000255  -0.016671
      299 0.000247   0.016120
      570 0.000245  -0.016021
      184 0.000245  -0.015992
      739 0.000243  -0.015857
      750 0.000239   0.015601
      361 0.000226   0.014736
      743 0.000223  -0.014574
      787 0.000220   0.014342
      206 0.000207   0.013499
      742 0.000205  -0.013392
       71 0.000205   0.013365
      857 0.000203  -0.013255
      377 0.000202  -0.013165
      301 0.000194  -0.012665
      818 0.000194  -0.012647
      427 0.000186  -0.012157
      204 0.000186   0.012134
      312 0.000185  -0.012092
      824 0.000185   0.012053
      247 0.000183   0.011980
      855 0.000182  -0.011876
      373 0.000181  -0.011848
      576 0.000179  -0.011679
      564 0.000176  -0.011517
      549 0.000176  -0.011493
      795 0.000175   0.011415
      223 0.000173   0.011312
      392 0.000171   0.011194
      591 0.000171   0.011173
      604 0.000169  -0.011056
      553 0.000168  -0.010999
      775 0.000168   0.010944
      337 0.000165  -0.010775
      800 0.000164  -0.010734
      400 0.000164  -0.010708
      290 0.000163   0.010657
      859 0.000163   0.010630
      199 0.000163  -0.010620
      658 0.000162   0.010568
      829 0.000159   0.010402
      770 0.000159   0.010393
      369 0.000159   0.010392
      778 0.000159  -0.010356
      332 0.000157  -0.010245
      175 0.000156  -0.010213
      277 0.000153   0.009994
      667 0.000150   0.009768
      580 0.000149  -0.009717
      790 0.000146   0.009525
      784 0.000146  -0.009507
      275 0.000144  -0.009397
      665 0.000144  -0.009392
      711 0.000144   0.009377
      585 0.000142  -0.009306
      179 0.000139   0.009098
      736 0.000135  -0.008801
      828 0.000133  -0.008694
      241 0.000133   0.008684
      605 0.000132  -0.008646
      628 0.000132   0.008623
      820 0.000132  -0.008611
      941 0.000127  -0.008290
      616 0.000127  -0.008271
      271 0.000127   0.008265
      279 0.000126  -0.008248
      574 0.000124  -0.008099
      808 0.000123   0.008042
      171 0.000122  -0.007975
      762 0.000122  -0.007953
      298 0.000122  -0.007936
      769 0.000119   0.007775
      329 0.000118  -0.007729
      423 0.000118  -0.007724
      557 0.000118  -0.007723
      234 0.000118   0.007680
      431 0.000117  -0.007645
      255 0.000117  -0.007634
      566 0.000116   0.007561
      251 0.000115  -0.007506
      354 0.000110   0.007184
      864 0.000110   0.007172
      773 0.000110   0.007162
      697 0.000109   0.007144
      744 0.000109  -0.007110
      687 0.000109   0.007105
      201 0.000109  -0.007105
      355 0.000107   0.007000
      294 0.000107  -0.006973
      380 0.000106   0.006945
      943 0.000106   0.006892
      801 0.000103  -0.006699
      645 0.000102   0.006670
      884 0.000101  -0.006589
      690 0.000100   0.006556
      398 0.000099  -0.006485
       88 0.000098  -0.006376
      799 0.000097  -0.006303
      728 0.000096  -0.006283
      321 0.000095  -0.006202
      638 0.000095  -0.006187
      257 0.000094  -0.006123
      880 0.000090   0.005908
      908 0.000090  -0.005875
      600 0.000089  -0.005787
      782 0.000087  -0.005675
      353 0.000087  -0.005659
      367 0.000086   0.005637
      815 0.000086  -0.005604
      734 0.000086  -0.005596
      217 0.000086  -0.005595
       93 0.000085  -0.005544
      611 0.000085  -0.005537
      356 0.000084  -0.005512
      684 0.000084  -0.005479
      436 0.000084   0.005472
      589 0.000084  -0.005469
      325 0.000083  -0.005440
      107 0.000082  -0.005333
      948 0.000081   0.005276
      847 0.000080   0.005215
      285 0.000079   0.005184
      292 0.000079  -0.005180
      694 0.000079   0.005149
      295 0.000079  -0.005135
      569 0.000078   0.005121
      870 0.000077  -0.005040
      843 0.000077  -0.005017
      629 0.000076  -0.004958
      937 0.000076  -0.004951
      308 0.000075  -0.004917
      974 0.000075   0.004904
      860 0.000075  -0.004900
      281 0.000074   0.004813
      844 0.000074  -0.004800
      342 0.000073   0.004796
      840 0.000073  -0.004775
      104 0.000072   0.004678
      573 0.000071   0.004648
      594 0.000071  -0.004631
       91 0.000071  -0.004627
      823 0.000070   0.004586
      723 0.000070  -0.004575
      581 0.000069  -0.004523
      262 0.000068  -0.004416
      283 0.000067   0.004345
      978 0.000066   0.004332
      826 0.000065  -0.004267
      654 0.000065   0.004260
      319 0.000065   0.004236
      780 0.000064   0.004212
      894 0.000064  -0.004153
      792 0.000063   0.004140
      552 0.000063  -0.004134
      874 0.000062  -0.004038
      765 0.000062   0.004019
      722 0.000061  -0.003990
      266 0.000061  -0.003984
      302 0.000059  -0.003885
      632 0.000059   0.003855
      539 0.000059   0.003844
      289 0.000058   0.003796
      560 0.000057  -0.003751
      701 0.000057  -0.003735
      278 0.000057   0.003732
      261 0.000057  -0.003699
      386 0.000056   0.003674
      627 0.000056   0.003648
      590 0.000056  -0.003639
      614 0.000056   0.003638
      291 0.000055   0.003592
      798 0.000055  -0.003565
      957 0.000054   0.003527
      323 0.000054  -0.003522
     1005 0.000053   0.003481
      964 0.000053   0.003455
      913 0.000053  -0.003446
     1095 0.000053  -0.003446
      318 0.000053  -0.003436
      390 0.000052   0.003391
      935 0.000052  -0.003385
      138 0.000052  -0.003378
      413 0.000052  -0.003377
      428 0.000052   0.003367
      895 0.000051   0.003362
      315 0.000050   0.003283
      545 0.000050  -0.003258
      343 0.000050  -0.003253
      169 0.000050  -0.003244
      988 0.000050  -0.003244
      528 0.000050   0.003241
      572 0.000049  -0.003227
      596 0.000049  -0.003207
      414 0.000049   0.003206
      831 0.000049   0.003193
      882 0.000048   0.003161
     1096 0.000048   0.003124
      805 0.000047  -0.003094
      425 0.000047   0.003069
      904 0.000046   0.003013
      841 0.000046   0.002999
      268 0.000045  -0.002971
      535 0.000045   0.002951
      833 0.000045  -0.002934
      650 0.000045  -0.002912
      236 0.000044   0.002887
      950 0.000044  -0.002878
      942 0.000043   0.002837
      313 0.000043  -0.002823
      842 0.000041  -0.002704
      971 0.000041  -0.002694
      922 0.000041  -0.002654
      789 0.000040   0.002638
      561 0.000040   0.002632
      222 0.000040  -0.002610
      584 0.000040  -0.002591
      161 0.000039   0.002568
      821 0.000039  -0.002561
      838 0.000038  -0.002505
      322 0.000038  -0.002490
      748 0.000038  -0.002450
      244 0.000037  -0.002448
     1073 0.000035  -0.002276
      881 0.000035  -0.002261
      491 0.000035   0.002254
      830 0.000034   0.002234
      407 0.000034  -0.002233
      955 0.000034   0.002224
      198 0.000034  -0.002221
      518 0.000034   0.002201
      727 0.000034  -0.002194
      394 0.000033   0.002171
      983 0.000033   0.002170
      921 0.000033  -0.002128
      193 0.000033   0.002125
      832 0.000032   0.002095
      488 0.000031   0.002053
      374 0.000031   0.002040
      532 0.000031   0.002037
      977 0.000030   0.001970
      286 0.000029   0.001926
      597 0.000029  -0.001899
      297 0.000029  -0.001890
      636 0.000029  -0.001874
      540 0.000029  -0.001873
      409 0.000028  -0.001839
      740 0.000028   0.001828
      794 0.000028   0.001809
      410 0.000027  -0.001783
      649 0.000027  -0.001781
      592 0.000027   0.001746
      310 0.000026  -0.001726
      475 0.000026  -0.001725
      898 0.000026   0.001719
      445 0.000026  -0.001718
     1009 0.000026  -0.001715
      643 0.000026  -0.001707
      524 0.000026  -0.001695
      811 0.000026   0.001686
      448 0.000025   0.001664
      933 0.000025   0.001654
      927 0.000025  -0.001649
      835 0.000025  -0.001625
      685 0.000024  -0.001578
      366 0.000024   0.001562
      849 0.000023   0.001535
      526 0.000023   0.001531
      879 0.000023  -0.001530
      334 0.000023   0.001525
      868 0.000023   0.001515
      959 0.000023  -0.001505
      856 0.000023   0.001480
     1010 0.000023   0.001472
     1034 0.000022  -0.001458
      934 0.000022  -0.001456
      328 0.000022  -0.001454
     1016 0.000022  -0.001415
      928 0.000022  -0.001413
      131 0.000022   0.001410
      810 0.000021   0.001390
      839 0.000021   0.001384
     1020 0.000021  -0.001373
      232 0.000021  -0.001352
     1032 0.000021   0.001349
     1003 0.000020  -0.001313
      530 0.000020   0.001311
      646 0.000020   0.001310
      809 0.000020   0.001306
      791 0.000020   0.001304
      837 0.000020  -0.001291
      479 0.000019   0.001265
      424 0.000019  -0.001262
      148 0.000019   0.001240
      514 0.000019   0.001234
      542 0.000019   0.001232
      916 0.000019  -0.001224
      764 0.000019  -0.001214
      364 0.000019  -0.001212
      677 0.000018   0.001202
      249 0.000018   0.001186
      987 0.000018   0.001159
     1040 0.000017  -0.001110
      608 0.000017  -0.001094
      779 0.000017  -0.001079
      437 0.000016   0.001077
      432 0.000016   0.001076
      536 0.000016  -0.001073
      966 0.000016   0.001070
      463 0.000016  -0.001068
      406 0.000016  -0.001065
      903 0.000016   0.001063
      316 0.000016  -0.001062
      455 0.000016  -0.001050
      680 0.000016   0.001026
     1001 0.000015  -0.001005
      610 0.000015  -0.001004
      669 0.000015   0.000982
      512 0.000015  -0.000970
      994 0.000015  -0.000968
      902 0.000015  -0.000956
      519 0.000015   0.000948
      502 0.000014   0.000938
      984 0.000014  -0.000918
      713 0.000014   0.000902
      384 0.000014  -0.000900
      803 0.000014   0.000894
      714 0.000014  -0.000883
      732 0.000013   0.000848
      949 0.000013   0.000818
      802 0.000012   0.000814
      899 0.000012  -0.000801
      458 0.000012   0.000800
      938 0.000012   0.000796
      760 0.000012  -0.000794
      245 0.000012  -0.000790
      450 0.000012  -0.000789
      489 0.000012   0.000786
      681 0.000012  -0.000775
     1025 0.000012   0.000771
      382 0.000011  -0.000738
      814 0.000011   0.000731
     1017 0.000011   0.000728
      397 0.000011  -0.000720
      505 0.000011   0.000717
      772 0.000011  -0.000706
      662 0.000011  -0.000701
      324 0.000011  -0.000692
      863 0.000011   0.000689
      487 0.000011  -0.000687
      248 0.000011   0.000686
      226 0.000010   0.000682
      357 0.000010  -0.000674
      952 0.000010  -0.000673
      188 0.000010  -0.000668
      478 0.000010   0.000665
      238 0.000010  -0.000663
      254 0.000010   0.000659
      225 0.000010   0.000655
      359 0.000010   0.000654
      603 0.000010   0.000653
euclid. distance of OLC and linear combination of EV * x_coef: 0.005222318397992199

Generate samples based on objective loadcase 959
nr_to_generate: 25

Parameter variation distribution settings
distribution: uniform
low: 0.7
high: 1.3

Total process runtime: 0:00:01.271712
