Date and Time:2023-05-12 14:06:55.160984

Initial Settings:
similarity_model: <function cosine_similarity at 0x000001D005A6E5E0>
similarity_threshold: 1e-05
nr_eigv_to_select: None
distribution: uniform
deviation: 0.3
nr_to_generate: 25
recompute: False

Selected eigenvectors and similarity score w.r.t objective loadcase:
objective_loadcase_nr: 50
similarity_model: cosine_similarity
similarity_threshold: 1e-05
nr_eigv_to_select: None
nr_eigv_selected: 536
approximation parameter model: lstsq
similarity score and approx. param. value
:  eigv_idx    score      value
        1 0.552493  47.513551
        3 0.542734  46.674237
        2 0.490563 -42.187612
        0 0.395536  34.015433
        6 0.050947   4.381358
       39 0.017538   1.508271
        4 0.010381   0.892744
      639 0.003534   0.303901
       68 0.003050  -0.262281
      186 0.002178  -0.187276
      612 0.001992  -0.171305
      593 0.001939  -0.166719
      586 0.001780   0.153073
      218 0.001732  -0.148942
      716 0.001547   0.133016
      710 0.001533  -0.131824
      187 0.001484  -0.127665
      618 0.001441   0.123899
      663 0.001361  -0.117081
      668 0.001313   0.112956
      595 0.001102   0.094769
      194 0.000992   0.085283
      182 0.000990  -0.085175
      659 0.000970  -0.083387
      143 0.000950   0.081729
      617 0.000925   0.079567
      686 0.000905  -0.077814
      388 0.000845  -0.072665
       71 0.000837  -0.072013
      749 0.000819  -0.070440
      626 0.000816   0.070137
      688 0.000805  -0.069208
      184 0.000784  -0.067462
      599 0.000757   0.065115
      635 0.000746   0.064163
      562 0.000720  -0.061917
      582 0.000718  -0.061715
      579 0.000699   0.060104
      183 0.000698   0.060037
      700 0.000691   0.059385
      683 0.000669   0.057525
      670 0.000654   0.056263
      578 0.000648   0.055761
       69 0.000638  -0.054848
      621 0.000623  -0.053546
      733 0.000568   0.048843
      698 0.000550  -0.047338
      666 0.000537  -0.046162
      341 0.000534   0.045963
      602 0.000533  -0.045863
      253 0.000525  -0.045121
      735 0.000516  -0.044409
       70 0.000513   0.044093
      708 0.000491   0.042246
      153 0.000454   0.039033
      606 0.000450  -0.038707
      718 0.000438  -0.037632
      567 0.000426  -0.036610
      179 0.000420   0.036133
      174 0.000411   0.035359
      220 0.000408  -0.035115
      641 0.000399  -0.034356
      577 0.000396  -0.034048
      171 0.000392  -0.033714
      228 0.000390  -0.033567
      709 0.000388  -0.033362
      210 0.000376  -0.032311
      575 0.000371   0.031871
      699 0.000369  -0.031720
      362 0.000366  -0.031477
      137 0.000366  -0.031433
      583 0.000362  -0.031159
      704 0.000359  -0.030886
      756 0.000344  -0.029625
      620 0.000343  -0.029469
      267 0.000338  -0.029081
      631 0.000331  -0.028464
      757 0.000323  -0.027815
      243 0.000308   0.026525
      848 0.000304  -0.026102
      258 0.000302  -0.025948
      807 0.000300   0.025815
      419 0.000298  -0.025619
      412 0.000296  -0.025493
      741 0.000295   0.025353
      576 0.000288  -0.024806
      601 0.000288   0.024736
      604 0.000282  -0.024230
      853 0.000272  -0.023397
      403 0.000270   0.023250
      628 0.000266   0.022870
      587 0.000264   0.022744
      739 0.000250  -0.021468
      400 0.000243  -0.020856
      707 0.000239  -0.020572
      132 0.000238   0.020477
      753 0.000238  -0.020432
      361 0.000236   0.020299
      383 0.000231   0.019824
      787 0.000227   0.019479
      377 0.000225  -0.019359
      750 0.000214   0.018416
      580 0.000213  -0.018327
      573 0.000211   0.018144
      658 0.000210   0.018030
      570 0.000208  -0.017848
      204 0.000207   0.017782
      254 0.000206   0.017683
      271 0.000202   0.017386
      277 0.000199   0.017140
      564 0.000198  -0.017035
      815 0.000196  -0.016847
      549 0.000195  -0.016789
      161 0.000185   0.015886
      941 0.000185  -0.015876
      696 0.000183  -0.015755
      148 0.000183   0.015710
      273 0.000182  -0.015694
      793 0.000180  -0.015517
      373 0.000180  -0.015492
      355 0.000180   0.015482
      800 0.000180  -0.015455
      828 0.000177  -0.015197
      427 0.000176  -0.015154
      199 0.000176  -0.015152
      299 0.000173   0.014866
      301 0.000173  -0.014837
      665 0.000172  -0.014784
      820 0.000170  -0.014617
      857 0.000164  -0.014081
      687 0.000164   0.014080
      743 0.000162  -0.013912
      175 0.000162  -0.013912
      367 0.000159   0.013693
      566 0.000159   0.013682
      818 0.000155  -0.013306
      711 0.000154   0.013244
      574 0.000153  -0.013190
      257 0.000152  -0.013114
      398 0.000152  -0.013105
      726 0.000152  -0.013070
      269 0.000151  -0.013008
       91 0.000151  -0.012970
      640 0.000150  -0.012937
      234 0.000148   0.012747
      855 0.000146  -0.012580
      230 0.000146  -0.012565
      312 0.000146  -0.012557
      392 0.000146   0.012513
      784 0.000145  -0.012459
      605 0.000143  -0.012298
      247 0.000143   0.012274
      236 0.000142   0.012217
      380 0.000140   0.012005
      667 0.000139   0.011983
      255 0.000139  -0.011928
      557 0.000138  -0.011885
      235 0.000138  -0.011857
      262 0.000137  -0.011760
      249 0.000136  -0.011700
      295 0.000136  -0.011669
      790 0.000136   0.011659
      690 0.000132   0.011380
      847 0.000131   0.011237
      294 0.000130  -0.011213
      353 0.000130  -0.011179
      808 0.000130   0.011147
      198 0.000125   0.010783
      227 0.000125   0.010716
      436 0.000124   0.010669
      908 0.000122  -0.010487
      824 0.000122   0.010458
      859 0.000121   0.010444
      684 0.000121  -0.010427
      795 0.000120   0.010283
      431 0.000117  -0.010078
      423 0.000116  -0.010016
      275 0.000116  -0.009976
      138 0.000115   0.009925
      798 0.000115   0.009916
      645 0.000115   0.009877
      974 0.000114   0.009834
      107 0.000114  -0.009777
      600 0.000113  -0.009750
      261 0.000113  -0.009681
      239 0.000110   0.009456
      266 0.000109  -0.009400
      759 0.000108   0.009261
      581 0.000108  -0.009258
      217 0.000108  -0.009254
      281 0.000108   0.009249
      561 0.000107   0.009233
      742 0.000107  -0.009167
      829 0.000105   0.008995
      572 0.000105  -0.008990
      799 0.000104  -0.008955
      241 0.000104   0.008938
      882 0.000104   0.008930
      840 0.000104  -0.008909
      390 0.000102   0.008748
      585 0.000101  -0.008719
      778 0.000100  -0.008606
      736 0.000098  -0.008452
      723 0.000098  -0.008431
      364 0.000098  -0.008417
      697 0.000097   0.008324
      263 0.000097  -0.008320
      629 0.000096  -0.008269
      553 0.000096  -0.008240
      611 0.000095  -0.008175
      638 0.000095  -0.008174
      734 0.000094  -0.008093
      308 0.000092  -0.007936
      584 0.000090  -0.007766
      591 0.000090   0.007757
      770 0.000089   0.007613
      302 0.000086  -0.007420
     1095 0.000086  -0.007384
      354 0.000086   0.007378
      844 0.000086  -0.007356
      359 0.000085   0.007310
      740 0.000085  -0.007290
      843 0.000085  -0.007288
      594 0.000084  -0.007253
      223 0.000083   0.007099
      728 0.000081  -0.006930
      614 0.000081   0.006929
      744 0.000080  -0.006842
      937 0.000078  -0.006674
      955 0.000078   0.006667
      369 0.000077   0.006619
      762 0.000076   0.006577
      428 0.000076   0.006553
      801 0.000076  -0.006553
      782 0.000076  -0.006552
      552 0.000076  -0.006508
      386 0.000074   0.006328
      407 0.000073  -0.006255
      701 0.000073  -0.006251
      569 0.000072   0.006200
      414 0.000072   0.006169
      319 0.000072   0.006154
      292 0.000071  -0.006103
      297 0.000070  -0.006062
      337 0.000070  -0.006057
      222 0.000070  -0.006053
     1005 0.000070   0.006025
      545 0.000070  -0.006017
      773 0.000070   0.006016
      978 0.000069   0.005950
      349 0.000068  -0.005833
      913 0.000068  -0.005832
      268 0.000068  -0.005818
      425 0.000067   0.005758
      397 0.000066  -0.005704
      332 0.000066  -0.005692
      832 0.000066   0.005647
      632 0.000065   0.005568
      343 0.000064  -0.005534
      879 0.000064  -0.005519
      597 0.000064  -0.005514
      803 0.000063   0.005448
      948 0.000062   0.005365
      826 0.000062  -0.005363
      922 0.000062  -0.005354
      323 0.000062  -0.005323
      350 0.000062   0.005319
      748 0.000062  -0.005316
      560 0.000062  -0.005310
      864 0.000061   0.005209
      654 0.000060   0.005189
      193 0.000059  -0.005061
      823 0.000059   0.005033
      342 0.000058   0.005002
      789 0.000058   0.005000
      539 0.000058   0.004976
      289 0.000058   0.004950
      357 0.000057  -0.004902
      891 0.000057  -0.004869
      335 0.000056   0.004798
      264 0.000055   0.004745
      603 0.000055  -0.004738
      895 0.000055   0.004735
      765 0.000054   0.004682
      802 0.000054   0.004623
      374 0.000053   0.004601
      226 0.000053   0.004572
      259 0.000052   0.004462
      805 0.000052  -0.004446
      863 0.000052  -0.004432
      722 0.000050  -0.004302
      616 0.000050  -0.004299
      315 0.000050   0.004293
      225 0.000050   0.004282
      366 0.000050   0.004260
      860 0.000049  -0.004229
      169 0.000049  -0.004196
      528 0.000049   0.004186
      608 0.000048  -0.004144
      831 0.000048   0.004141
      402 0.000047   0.004046
      589 0.000047  -0.004004
      409 0.000046  -0.003971
      943 0.000046   0.003970
      298 0.000046  -0.003950
      830 0.000046   0.003914
      216 0.000045   0.003907
      291 0.000045   0.003898
      251 0.000045  -0.003843
      821 0.000044  -0.003822
      542 0.000044   0.003780
      232 0.000044  -0.003755
      329 0.000044  -0.003743
      776 0.000043  -0.003735
      677 0.000043   0.003729
      320 0.000043  -0.003728
      540 0.000043  -0.003717
      870 0.000043  -0.003700
      209 0.000043  -0.003659
      406 0.000042   0.003593
      214 0.000041  -0.003569
      382 0.000041  -0.003522
      325 0.000040  -0.003476
      881 0.000040  -0.003421
      987 0.000039   0.003364
      535 0.000039   0.003361
      356 0.000038  -0.003302
      279 0.000038  -0.003297
      792 0.000038   0.003283
      360 0.000038   0.003242
      448 0.000038   0.003235
      928 0.000037  -0.003221
      874 0.000037  -0.003220
      322 0.000037  -0.003187
      880 0.000037   0.003182
      596 0.000037  -0.003171
      894 0.000037  -0.003151
      313 0.000037  -0.003140
      310 0.000036  -0.003091
      286 0.000036   0.003063
      276 0.000035  -0.003043
      884 0.000035  -0.003031
     1001 0.000035  -0.003024
      867 0.000035   0.003008
      347 0.000034   0.002962
      518 0.000034   0.002945
      330 0.000034   0.002935
      965 0.000033  -0.002857
      318 0.000033   0.002850
      650 0.000033  -0.002846
      933 0.000033   0.002843
      904 0.000033   0.002843
      491 0.000032   0.002762
      215 0.000032   0.002758
      260 0.000032  -0.002751
      445 0.000031  -0.002695
      775 0.000031   0.002661
      993 0.000031   0.002642
      296 0.000031   0.002639
      530 0.000030   0.002620
      636 0.000030  -0.002593
      405 0.000030  -0.002587
     1025 0.000030   0.002579
      410 0.000030  -0.002555
      283 0.000030   0.002546
      532 0.000029   0.002506
     1032 0.000029   0.002484
      213 0.000029  -0.002483
      858 0.000029  -0.002456
      384 0.000028  -0.002432
      942 0.000028   0.002408
      950 0.000028  -0.002400
      488 0.000028   0.002398
      424 0.000028  -0.002394
      727 0.000028  -0.002385
      662 0.000028  -0.002373
      625 0.000027  -0.002330
      290 0.000027   0.002316
      314 0.000027   0.002310
      613 0.000027  -0.002287
      475 0.000026  -0.002270
      326 0.000026  -0.002246
      224 0.000026  -0.002233
      590 0.000026  -0.002221
      284 0.000026   0.002219
      104 0.000026   0.002210
      588 0.000025  -0.002191
      293 0.000025  -0.002181
      524 0.000025  -0.002181
      432 0.000025   0.002177
      643 0.000025  -0.002138
      713 0.000025   0.002118
     1017 0.000024   0.002092
      248 0.000024   0.002085
      839 0.000024  -0.002068
      368 0.000024   0.002053
      333 0.000024   0.002043
      321 0.000023  -0.001999
      245 0.000023  -0.001976
      609 0.000023  -0.001968
      935 0.000023  -0.001968
      272 0.000023  -0.001950
      675 0.000023   0.001941
     1034 0.000022  -0.001909
      164 0.000022  -0.001880
      387 0.000022   0.001873
      502 0.000022   0.001855
      221 0.000021  -0.001843
      900 0.000021  -0.001840
      649 0.000021  -0.001830
      838 0.000021   0.001828
      285 0.000021   0.001824
      519 0.000021   0.001814
      131 0.000021  -0.001809
      309 0.000021  -0.001803
      811 0.000020   0.001761
      938 0.000020   0.001756
      685 0.000020  -0.001744
      627 0.000020   0.001736
      505 0.000020   0.001729
      274 0.000020   0.001718
      814 0.000020   0.001708
      917 0.000020   0.001680
      455 0.000019  -0.001676
      489 0.000019   0.001667
      401 0.000019  -0.001660
      714 0.000019  -0.001655
      526 0.000019   0.001640
      365 0.000019  -0.001623
      856 0.000018   0.001590
      304 0.000018   0.001578
      242 0.000018  -0.001572
      810 0.000018   0.001570
      538 0.000018   0.001559
      437 0.000018   0.001542
      536 0.000018  -0.001534
      712 0.000018  -0.001513
      371 0.000018  -0.001511
     1052 0.000017   0.001480
      463 0.000017  -0.001474
      842 0.000017  -0.001459
      724 0.000017  -0.001458
      233 0.000017  -0.001456
      229 0.000017  -0.001446
      623 0.000017  -0.001443
      512 0.000017  -0.001440
      835 0.000017  -0.001435
      458 0.000017   0.001432
      837 0.000017   0.001432
      921 0.000017  -0.001425
      780 0.000016  -0.001406
      479 0.000016   0.001405
      971 0.000016  -0.001401
      394 0.000016   0.001384
      514 0.000016   0.001365
      695 0.000015   0.001328
      907 0.000015   0.001317
      927 0.000015  -0.001315
      964 0.000015   0.001313
      852 0.000015   0.001300
      610 0.000015   0.001255
      791 0.000014   0.001239
      238 0.000014  -0.001219
      450 0.000014  -0.001216
      449 0.000014  -0.001208
      763 0.000014  -0.001200
      250 0.000014  -0.001200
      165 0.000014  -0.001198
      240 0.000014  -0.001198
      988 0.000014  -0.001195
      554 0.000014   0.001177
      934 0.000014  -0.001170
      966 0.000014   0.001163
     1010 0.000014   0.001162
      192 0.000013   0.001160
      336 0.000013  -0.001157
      949 0.000013   0.001155
      779 0.000013   0.001152
      351 0.000013   0.001138
      338 0.000013   0.001134
      681 0.000013   0.001119
      794 0.000013   0.001113
      478 0.000013   0.001103
      598 0.000013   0.001090
      178 0.000013   0.001079
      404 0.000013  -0.001076
       40 0.000012  -0.001075
       66 0.000012  -0.001071
      732 0.000012   0.001067
      265 0.000012  -0.001065
      396 0.000012  -0.001063
      462 0.000012   0.001059
      841 0.000012   0.001057
      673 0.000012   0.001056
      693 0.000012  -0.001052
      483 0.000012  -0.001038
      534 0.000012  -0.001035
      170 0.000012  -0.001017
      399 0.000012   0.001015
      352 0.000012  -0.001012
      619 0.000012   0.001011
      555 0.000012  -0.001007
      191 0.000012  -0.000998
       42 0.000012  -0.000996
      188 0.000012  -0.000991
      705 0.000011   0.000985
     1073 0.000011  -0.000980
      307 0.000011   0.000971
      755 0.000011  -0.000967
      510 0.000011  -0.000965
     1047 0.000011   0.000964
      119 0.000011  -0.000963
      646 0.000011   0.000958
      634 0.000011  -0.000953
       43 0.000011  -0.000945
      664 0.000011  -0.000945
       93 0.000011   0.000940
       60 0.000011  -0.000934
       63 0.000011   0.000932
      671 0.000011   0.000932
      197 0.000011   0.000931
      957 0.000011   0.000921
      195 0.000011  -0.000914
      418 0.000011  -0.000912
      327 0.000011   0.000912
      196 0.000011  -0.000909
      680 0.000011   0.000909
      162 0.000011  -0.000906
      752 0.000011   0.000905
      363 0.000010  -0.000899
      287 0.000010   0.000896
      473 0.000010  -0.000890
      883 0.000010   0.000887
       64 0.000010  -0.000883
      348 0.000010   0.000880
      172 0.000010  -0.000860
euclid. distance of OLC and linear combination of EV * x_coef: 0.008156086681883343

Generate samples based on objective loadcase 50
nr_to_generate: 25

Parameter variation distribution settings
distribution: uniform
low: 0.7
high: 1.3

Total process runtime: 0:00:01.333652
