Date and Time:2023-05-12 14:21:58.486118

Initial Settings:
similarity_model: <function cosine_similarity at 0x000001D005A6E5E0>
similarity_threshold: 1e-05
nr_eigv_to_select: None
distribution: uniform
deviation: 0.3
nr_to_generate: 25
recompute: False

Selected eigenvectors and similarity score w.r.t objective loadcase:
objective_loadcase_nr: 729
similarity_model: cosine_similarity
similarity_threshold: 1e-05
nr_eigv_to_select: None
nr_eigv_selected: 562
approximation parameter model: lstsq
similarity score and approx. param. value
:  eigv_idx    score      value
        3 0.550582  50.062537
        1 0.544473  49.507115
        2 0.497934 -45.275429
        0 0.386720  35.163122
        6 0.047847   4.350610
       39 0.020875   1.898087
        4 0.010887   0.989952
      639 0.003562   0.323849
      186 0.002336  -0.212378
      593 0.002066  -0.187831
      612 0.002009  -0.182639
      218 0.001925  -0.175017
      586 0.001880   0.170910
       68 0.001665  -0.151363
      710 0.001628  -0.148048
      716 0.001576   0.143337
      187 0.001518  -0.138032
      618 0.001354   0.123149
      663 0.001312  -0.119336
      668 0.001297   0.117919
      595 0.001206   0.109631
      194 0.001056   0.096052
      686 0.000984  -0.089446
      659 0.000964  -0.087627
      626 0.000949   0.086252
      388 0.000900  -0.081832
      617 0.000890   0.080950
      143 0.000860   0.078155
      688 0.000836  -0.075972
      599 0.000792   0.072047
      582 0.000758  -0.068898
      562 0.000742  -0.067430
      635 0.000736   0.066953
      670 0.000726   0.066050
      182 0.000705  -0.064096
      621 0.000687  -0.062469
      183 0.000678   0.061652
      749 0.000678  -0.061606
      578 0.000645   0.058616
      700 0.000637   0.057895
      579 0.000628   0.057120
      733 0.000614   0.055818
      698 0.000603  -0.054828
      704 0.000592  -0.053819
      341 0.000576   0.052330
      718 0.000569  -0.051709
      683 0.000564   0.051290
      253 0.000559  -0.050854
      666 0.000520  -0.047288
      153 0.000509   0.046239
      708 0.000508   0.046157
      602 0.000492  -0.044718
      606 0.000491  -0.044649
      184 0.000486  -0.044219
      567 0.000486  -0.044193
      174 0.000470   0.042732
      577 0.000451  -0.040980
      735 0.000448  -0.040699
      575 0.000417   0.037959
      709 0.000416  -0.037863
      267 0.000415  -0.037702
      699 0.000414  -0.037684
      210 0.000401  -0.036501
      641 0.000395  -0.035921
      620 0.000385  -0.035001
      707 0.000378  -0.034344
      220 0.000362  -0.032949
      601 0.000357   0.032444
      583 0.000355  -0.032241
      696 0.000351  -0.031885
      362 0.000329  -0.029938
      848 0.000324  -0.029488
      631 0.000320  -0.029052
      756 0.000319  -0.029042
      228 0.000315  -0.028612
      412 0.000315  -0.028601
      419 0.000312  -0.028390
      258 0.000310  -0.028224
      807 0.000306   0.027861
      403 0.000298   0.027109
       70 0.000296   0.026923
      753 0.000288  -0.026173
      179 0.000287   0.026058
      587 0.000281   0.025546
      757 0.000280  -0.025421
      243 0.000274   0.024878
      383 0.000272   0.024771
      137 0.000270  -0.024528
      604 0.000270  -0.024522
      204 0.000266   0.024227
      576 0.000256  -0.023258
      570 0.000254  -0.023134
      230 0.000247  -0.022472
      171 0.000247  -0.022465
      273 0.000245  -0.022252
      235 0.000237  -0.021563
      199 0.000236  -0.021442
      853 0.000231  -0.020986
      377 0.000231  -0.020974
      580 0.000222  -0.020178
      658 0.000221   0.020085
      400 0.000219  -0.019874
      739 0.000218  -0.019833
      793 0.000217  -0.019736
      628 0.000217   0.019703
      132 0.000215   0.019553
      741 0.000213   0.019411
      564 0.000208  -0.018913
       69 0.000205   0.018618
      787 0.000203   0.018478
      269 0.000199  -0.018053
      299 0.000197   0.017935
      361 0.000194   0.017655
      815 0.000194  -0.017650
      227 0.000194   0.017627
      301 0.000188  -0.017088
      175 0.000186  -0.016942
      573 0.000183   0.016623
      800 0.000182  -0.016570
      427 0.000182  -0.016532
      941 0.000180  -0.016372
      557 0.000178  -0.016210
      726 0.000176  -0.016035
      574 0.000176  -0.016021
      750 0.000173   0.015728
      263 0.000173  -0.015721
      239 0.000172   0.015620
      828 0.000171  -0.015557
      820 0.000170  -0.015451
      711 0.000168   0.015279
      217 0.000167  -0.015187
      784 0.000165  -0.014998
      373 0.000164  -0.014928
      667 0.000164   0.014928
      566 0.000163   0.014866
      247 0.000163   0.014838
      857 0.000160  -0.014547
      277 0.000159   0.014491
      665 0.000159  -0.014454
      549 0.000158  -0.014376
      271 0.000156   0.014199
      585 0.000154  -0.013967
      257 0.000153  -0.013943
      743 0.000153  -0.013910
      855 0.000151  -0.013688
      369 0.000147   0.013341
      605 0.000146  -0.013231
      790 0.000144   0.013051
      553 0.000143  -0.013005
      818 0.000143  -0.012997
      392 0.000142   0.012954
      380 0.000142   0.012877
      687 0.000141   0.012837
      398 0.000140  -0.012719
      690 0.000138   0.012577
      736 0.000138  -0.012571
      808 0.000138   0.012553
      795 0.000135   0.012277
      645 0.000135   0.012253
      312 0.000133  -0.012083
      266 0.000131  -0.011918
      356 0.000129  -0.011751
      275 0.000129  -0.011724
      254 0.000128   0.011660
      742 0.000126  -0.011467
      859 0.000126   0.011412
      847 0.000125   0.011389
      295 0.000125  -0.011332
      355 0.000125   0.011325
      684 0.000123  -0.011224
      353 0.000123  -0.011187
      423 0.000121  -0.011025
      591 0.000120   0.010873
      255 0.000120  -0.010873
      638 0.000119  -0.010860
      294 0.000119  -0.010847
      354 0.000119   0.010829
      431 0.000119  -0.010823
      241 0.000119   0.010778
      908 0.000118  -0.010763
      616 0.000118  -0.010752
      697 0.000117   0.010678
       71 0.000115   0.010430
      824 0.000114   0.010383
      436 0.000113   0.010258
      206 0.000113   0.010241
      974 0.000112   0.010219
      778 0.000112  -0.010183
      261 0.000112  -0.010166
      234 0.000109   0.009940
      799 0.000107  -0.009770
      332 0.000107  -0.009703
      367 0.000106   0.009657
      569 0.000105   0.009511
      223 0.000104   0.009487
      829 0.000101   0.009200
      723 0.000101  -0.009158
      161 0.000100   0.009109
      600 0.000099  -0.008986
      584 0.000098  -0.008945
      840 0.000098  -0.008898
      640 0.000098  -0.008885
      292 0.000097  -0.008805
      337 0.000097  -0.008779
      281 0.000096   0.008749
      882 0.000094   0.008590
      844 0.000093  -0.008450
      148 0.000093   0.008438
      611 0.000092  -0.008320
      329 0.000091  -0.008310
      734 0.000091  -0.008300
      629 0.000090  -0.008181
      581 0.000090  -0.008146
      701 0.000087  -0.007909
      552 0.000087  -0.007899
      249 0.000085  -0.007699
      107 0.000085  -0.007691
      728 0.000084  -0.007617
      594 0.000084  -0.007593
     1095 0.000083  -0.007585
      740 0.000083  -0.007557
      560 0.000080  -0.007318
      291 0.000080   0.007283
      302 0.000080  -0.007258
      596 0.000079  -0.007201
      290 0.000079   0.007153
      298 0.000077  -0.006958
      798 0.000076   0.006898
       91 0.000076  -0.006881
      832 0.000075   0.006807
      937 0.000074  -0.006727
      386 0.000074   0.006708
      744 0.000074  -0.006699
      262 0.000073  -0.006671
      770 0.000073   0.006643
      279 0.000073  -0.006624
      654 0.000072   0.006578
      632 0.000072   0.006568
      236 0.000072   0.006566
      801 0.000071  -0.006418
      978 0.000071   0.006412
      782 0.000070  -0.006396
      313 0.000070  -0.006361
      955 0.000069   0.006304
     1005 0.000069   0.006300
      428 0.000069   0.006263
      826 0.000068  -0.006162
       88 0.000067  -0.006118
      843 0.000067  -0.006076
      325 0.000066  -0.006011
      913 0.000066  -0.005973
      390 0.000065   0.005924
      414 0.000065   0.005908
      805 0.000065  -0.005888
      597 0.000065  -0.005881
      572 0.000064  -0.005779
      561 0.000063   0.005739
      948 0.000063   0.005722
      789 0.000063   0.005712
      545 0.000062  -0.005622
      268 0.000062  -0.005607
      394 0.000061   0.005592
      104 0.000060   0.005489
      922 0.000060  -0.005486
      722 0.000060  -0.005434
      539 0.000059   0.005407
      343 0.000059  -0.005401
      425 0.000059   0.005377
      864 0.000058   0.005315
      374 0.000058   0.005300
      308 0.000058  -0.005267
      322 0.000058  -0.005256
      803 0.000058   0.005251
      879 0.000057  -0.005158
      251 0.000055  -0.005037
      870 0.000055  -0.005004
      895 0.000054   0.004877
      289 0.000053   0.004827
      765 0.000053   0.004824
      333 0.000052  -0.004738
      323 0.000052  -0.004732
      821 0.000052  -0.004701
      831 0.000052   0.004697
      321 0.000051  -0.004674
      775 0.000051   0.004666
      748 0.000051  -0.004653
      528 0.000051   0.004645
      863 0.000051  -0.004602
      891 0.000051  -0.004598
      169 0.000051  -0.004597
      643 0.000050  -0.004534
      589 0.000049  -0.004432
      802 0.000049   0.004430
      773 0.000048   0.004390
      943 0.000048   0.004387
      342 0.000048   0.004364
      407 0.000048  -0.004362
      776 0.000048  -0.004359
      762 0.000048   0.004353
      860 0.000048  -0.004328
      285 0.000047   0.004232
      201 0.000046  -0.004184
      874 0.000046  -0.004177
      406 0.000046  -0.004174
      590 0.000046  -0.004169
      259 0.000044   0.004039
      297 0.000044  -0.004034
       93 0.000044  -0.004026
      880 0.000044   0.004023
      823 0.000044   0.003980
      535 0.000043   0.003906
      542 0.000042   0.003854
      759 0.000042   0.003828
      694 0.000041   0.003742
      250 0.000041   0.003698
      319 0.000040   0.003681
      252 0.000040  -0.003658
      884 0.000040  -0.003637
      540 0.000040  -0.003600
      894 0.000039  -0.003557
      614 0.000039   0.003552
      858 0.000039  -0.003528
      792 0.000039   0.003506
      318 0.000038  -0.003491
      284 0.000038   0.003481
      264 0.000038   0.003477
      402 0.000038  -0.003455
      409 0.000037  -0.003410
      987 0.000037   0.003349
      881 0.000037  -0.003330
      867 0.000036   0.003314
      397 0.000036  -0.003304
      928 0.000036  -0.003303
      209 0.000035  -0.003207
      518 0.000035   0.003202
      491 0.000035   0.003189
      193 0.000035  -0.003183
      448 0.000035   0.003151
      610 0.000034  -0.003108
      320 0.000034   0.003108
      627 0.000034   0.003072
      904 0.000034   0.003068
      677 0.000034   0.003067
      216 0.000033  -0.003008
      950 0.000033  -0.002978
      532 0.000033   0.002974
     1001 0.000033  -0.002965
      488 0.000032   0.002953
      942 0.000032   0.002918
      138 0.000032   0.002900
       66 0.000032   0.002894
      849 0.000032   0.002890
      933 0.000032   0.002880
      112 0.000031  -0.002860
      214 0.000031   0.002829
      260 0.000031  -0.002826
      335 0.000031  -0.002813
      410 0.000031  -0.002805
      310 0.000030  -0.002761
      842 0.000030  -0.002726
      475 0.000030  -0.002703
      588 0.000030   0.002693
      272 0.000029   0.002644
     1032 0.000029   0.002616
      123 0.000029   0.002609
      530 0.000028   0.002576
      524 0.000028  -0.002570
     1025 0.000028   0.002523
      445 0.000027  -0.002490
      763 0.000027   0.002483
      315 0.000027   0.002471
      685 0.000027  -0.002457
      727 0.000027  -0.002450
      993 0.000027   0.002424
      636 0.000027  -0.002411
      244 0.000026  -0.002405
      965 0.000026  -0.002393
      103 0.000026  -0.002379
      198 0.000026   0.002345
      568 0.000025   0.002311
      603 0.000025  -0.002292
      274 0.000025  -0.002282
      650 0.000025  -0.002265
      814 0.000025   0.002260
      655 0.000025  -0.002253
      769 0.000025   0.002241
      830 0.000025   0.002235
      609 0.000024   0.002203
      424 0.000024  -0.002189
      852 0.000024  -0.002174
      794 0.000024   0.002157
     1017 0.000024   0.002146
      680 0.000023   0.002127
      432 0.000023   0.002090
       78 0.000023   0.002087
      625 0.000023  -0.002049
       58 0.000023  -0.002048
      224 0.000022  -0.002037
      215 0.000022  -0.002033
      213 0.000022   0.002009
     1034 0.000022  -0.002008
       95 0.000022   0.002006
      144 0.000022  -0.002003
      526 0.000022   0.001984
       60 0.000022  -0.001983
      366 0.000022   0.001982
      283 0.000022   0.001973
      120 0.000022  -0.001957
      713 0.000022   0.001956
      128 0.000021   0.001944
      791 0.000021   0.001944
      384 0.000021  -0.001934
      146 0.000021  -0.001922
       94 0.000021   0.001905
      598 0.000021  -0.001889
      479 0.000021   0.001888
      935 0.000021  -0.001886
      900 0.000021  -0.001879
      136 0.000021   0.001872
      669 0.000020   0.001860
      142 0.000020  -0.001835
       64 0.000020   0.001824
      623 0.000020  -0.001821
       59 0.000020  -0.001798
      519 0.000020   0.001794
      536 0.000019  -0.001770
      714 0.000019  -0.001766
      455 0.000019  -0.001756
      502 0.000019   0.001751
      917 0.000019   0.001743
      245 0.000019  -0.001738
      837 0.000019  -0.001737
      514 0.000019   0.001716
       77 0.000019   0.001715
      856 0.000019   0.001702
      270 0.000019  -0.001695
       86 0.000019  -0.001686
       73 0.000018   0.001678
      396 0.000018   0.001668
      434 0.000018   0.001663
      463 0.000018  -0.001649
      512 0.000018  -0.001649
      662 0.000018  -0.001641
       79 0.000018  -0.001614
      188 0.000018  -0.001608
      395 0.000018  -0.001604
      110 0.000017   0.001590
      556 0.000017   0.001574
      387 0.000017   0.001568
      971 0.000017  -0.001568
      437 0.000017   0.001566
       52 0.000017  -0.001563
      489 0.000017   0.001558
      105 0.000017  -0.001557
      114 0.000017   0.001553
      293 0.000017   0.001553
      324 0.000017  -0.001552
      334 0.000017  -0.001529
      964 0.000017   0.001518
      957 0.000017   0.001516
      921 0.000017  -0.001513
      288 0.000017  -0.001509
      222 0.000017  -0.001503
      988 0.000016  -0.001479
       76 0.000016   0.001476
     1052 0.000016   0.001470
      130 0.000016   0.001468
      949 0.000016   0.001460
      505 0.000016   0.001453
      152 0.000016   0.001450
      458 0.000016   0.001447
      352 0.000016  -0.001441
      344 0.000016  -0.001440
      811 0.000016   0.001438
      181 0.000016   0.001438
      927 0.000016  -0.001429
      907 0.000016   0.001416
      385 0.000015  -0.001408
      368 0.000015  -0.001407
      147 0.000015  -0.001402
      151 0.000015   0.001396
      592 0.000015  -0.001394
     1010 0.000015   0.001379
      642 0.000015   0.001374
      336 0.000015   0.001372
      346 0.000015   0.001367
     1073 0.000015  -0.001360
      538 0.000015   0.001354
      902 0.000015  -0.001347
      242 0.000015   0.001342
      608 0.000015   0.001331
      810 0.000015   0.001323
      732 0.000015   0.001322
      720 0.000014  -0.001310
      286 0.000014   0.001309
       53 0.000014   0.001288
       75 0.000014  -0.001281
      649 0.000014  -0.001273
      365 0.000014   0.001271
      934 0.000014  -0.001267
      619 0.000014   0.001253
      118 0.000014  -0.001251
      287 0.000014   0.001247
      450 0.000014  -0.001247
      350 0.000014  -0.001245
      875 0.000014  -0.001242
       12 0.000014   0.001239
      648 0.000014  -0.001232
      637 0.000013  -0.001225
      375 0.000013   0.001225
      938 0.000013   0.001221
      401 0.000013  -0.001220
      376 0.000013   0.001220
      256 0.000013   0.001207
       92 0.000013  -0.001198
       87 0.000013  -0.001195
      548 0.000013  -0.001183
      671 0.000013   0.001183
       83 0.000013   0.001182
       11 0.000013  -0.001177
      899 0.000013  -0.001165
       50 0.000013   0.001156
      816 0.000013   0.001143
      691 0.000013   0.001142
      145 0.000012   0.001129
      644 0.000012   0.001118
      483 0.000012  -0.001117
      571 0.000012   0.001102
      876 0.000012  -0.001097
      309 0.000012  -0.001096
      358 0.000012   0.001092
      413 0.000012   0.001078
      835 0.000012  -0.001066
        5 0.000012   0.001057
      565 0.000012  -0.001048
      634 0.000011  -0.001042
       55 0.000011   0.001038
      883 0.000011   0.001037
      195 0.000011  -0.001026
      452 0.000011  -0.001024
      345 0.000011   0.001018
      317 0.000011   0.001018
      237 0.000011   0.001007
      129 0.000011  -0.001004
       51 0.000011  -0.000994
     1047 0.000011   0.000990
      363 0.000011   0.000988
       38 0.000011   0.000980
      462 0.000011   0.000971
      534 0.000011  -0.000969
      487 0.000011  -0.000969
      221 0.000011   0.000969
      966 0.000011   0.000968
      839 0.000011   0.000961
      192 0.000010   0.000952
      232 0.000010   0.000948
      461 0.000010   0.000934
      296 0.000010  -0.000928
      473 0.000010  -0.000922
     1004 0.000010   0.000919
      952 0.000010  -0.000917
      233 0.000010   0.000914
euclid. distance of OLC and linear combination of EV * x_coef: 0.008711974206875596

Generate samples based on objective loadcase 729
nr_to_generate: 25

Parameter variation distribution settings
distribution: uniform
low: 0.7
high: 1.3

Total process runtime: 0:00:01.301992
