Date and Time:2023-05-12 14:08:09.992258

Initial Settings:
similarity_model: <function cosine_similarity at 0x000001D005A6E5E0>
similarity_threshold: 1e-05
nr_eigv_to_select: None
distribution: uniform
deviation: 0.3
nr_to_generate: 25
recompute: False

Selected eigenvectors and similarity score w.r.t objective loadcase:
objective_loadcase_nr: 106
similarity_model: cosine_similarity
similarity_threshold: 1e-05
nr_eigv_to_select: None
nr_eigv_selected: 511
approximation parameter model: lstsq
similarity score and approx. param. value
:  eigv_idx    score      value
        3 0.579552  35.165802
        1 0.521251  31.628197
        2 0.510110 -30.952185
        0 0.360978  21.903256
        6 0.030915   1.875863
       39 0.026910   1.632859
        4 0.012320   0.747517
      639 0.003325   0.201783
      218 0.002386  -0.144792
      186 0.002067  -0.125434
      593 0.002023  -0.122756
      612 0.001934  -0.117367
      586 0.001904   0.115506
      710 0.001624  -0.098530
      187 0.001365  -0.082837
      716 0.001271   0.077140
      595 0.001242   0.075366
      663 0.001095  -0.066454
      618 0.001073   0.065100
      668 0.001052   0.063858
      626 0.001026   0.062277
       68 0.000939  -0.056979
      686 0.000932  -0.056526
      194 0.000919   0.055769
      388 0.000882  -0.053527
      749 0.000835  -0.050647
      143 0.000799   0.048506
      688 0.000794  -0.048182
      659 0.000773  -0.046911
      617 0.000746   0.045260
      599 0.000743   0.045055
      562 0.000709  -0.042991
      621 0.000694  -0.042102
      183 0.000688   0.041719
      582 0.000685  -0.041593
      635 0.000682   0.041355
      670 0.000666   0.040434
      578 0.000635   0.038546
      704 0.000620  -0.037644
       69 0.000593   0.035995
      341 0.000583   0.035353
      733 0.000563   0.034182
       71 0.000552   0.033524
      567 0.000550  -0.033387
      718 0.000549  -0.033336
      577 0.000542  -0.032891
      606 0.000536  -0.032513
      602 0.000528  -0.032046
      579 0.000519   0.031518
      253 0.000513  -0.031148
      708 0.000498   0.030238
      735 0.000491  -0.029782
      698 0.000484  -0.029339
      666 0.000455  -0.027579
      220 0.000454  -0.027556
      153 0.000450   0.027331
      267 0.000449  -0.027260
      174 0.000434   0.026325
      258 0.000428  -0.025995
      575 0.000422   0.025577
      696 0.000420  -0.025503
      620 0.000416  -0.025245
      709 0.000415  -0.025192
      641 0.000385  -0.023375
      230 0.000385  -0.023353
      683 0.000384   0.023305
      700 0.000383   0.023222
      601 0.000374   0.022684
      753 0.000372  -0.022596
      210 0.000364  -0.022108
      707 0.000361  -0.021924
      227 0.000356   0.021575
      583 0.000352  -0.021340
      848 0.000351  -0.021284
      412 0.000337  -0.020470
      699 0.000333  -0.020232
      756 0.000327  -0.019822
      419 0.000311  -0.018862
      273 0.000310  -0.018827
      807 0.000309   0.018759
      403 0.000297   0.018016
      793 0.000293  -0.017761
      383 0.000290   0.017571
      269 0.000289  -0.017556
      587 0.000286   0.017360
      204 0.000284   0.017227
      853 0.000283  -0.017175
      362 0.000280  -0.017008
      757 0.000269  -0.016331
      631 0.000267  -0.016209
      239 0.000263   0.015928
      243 0.000255   0.015458
      570 0.000253  -0.015358
      741 0.000247   0.015007
      263 0.000246  -0.014926
      206 0.000243   0.014762
      726 0.000240  -0.014550
      739 0.000235  -0.014268
      235 0.000233  -0.014158
      299 0.000230   0.013981
      184 0.000230  -0.013966
      763 0.000230   0.013932
      199 0.000223  -0.013520
      759 0.000220  -0.013351
      750 0.000218   0.013253
      377 0.000213  -0.012905
      182 0.000202  -0.012281
      818 0.000198  -0.012024
      223 0.000198   0.012024
      743 0.000194  -0.011782
      301 0.000194  -0.011758
      549 0.000192  -0.011662
      427 0.000190  -0.011533
      787 0.000189   0.011440
      137 0.000188  -0.011433
      312 0.000186  -0.011265
      247 0.000185   0.011210
      361 0.000184   0.011156
      857 0.000183  -0.011120
      564 0.000183  -0.011093
      369 0.000181   0.010995
      800 0.000179  -0.010869
      580 0.000179  -0.010834
      576 0.000178  -0.010805
      604 0.000178  -0.010786
      400 0.000177  -0.010766
      742 0.000174  -0.010587
      373 0.000174  -0.010559
       70 0.000173   0.010505
      658 0.000172   0.010457
      855 0.000171  -0.010393
      824 0.000171   0.010385
      175 0.000171  -0.010351
      591 0.000170   0.010311
      392 0.000169   0.010244
      795 0.000166   0.010097
      665 0.000164  -0.009963
      784 0.000159  -0.009639
      132 0.000158   0.009605
      337 0.000158  -0.009603
      553 0.000158  -0.009600
      828 0.000156  -0.009487
      585 0.000155  -0.009387
      711 0.000153   0.009301
      628 0.000153   0.009290
      778 0.000152  -0.009224
      667 0.000152   0.009203
      941 0.000149  -0.009019
      290 0.000149   0.009013
      820 0.000147  -0.008943
      275 0.000147  -0.008912
      574 0.000146  -0.008879
      356 0.000146  -0.008833
      829 0.000145   0.008781
      859 0.000143   0.008661
      605 0.000142  -0.008594
      255 0.000139  -0.008416
      279 0.000139  -0.008407
      228 0.000136  -0.008255
      251 0.000134  -0.008129
      332 0.000134  -0.008108
      775 0.000132   0.008014
      790 0.000131   0.007971
      687 0.000129   0.007854
      354 0.000126   0.007628
      770 0.000125   0.007577
      295 0.000125  -0.007569
      201 0.000123  -0.007438
      736 0.000122  -0.007409
      380 0.000122   0.007395
      423 0.000121  -0.007337
      298 0.000121  -0.007331
      431 0.000121  -0.007318
      257 0.000120  -0.007270
      398 0.000119  -0.007210
      808 0.000118   0.007135
      277 0.000116   0.007062
      557 0.000115  -0.007008
      217 0.000114  -0.006929
      697 0.000112   0.006824
      815 0.000112  -0.006809
      271 0.000109   0.006628
      616 0.000109  -0.006598
      241 0.000107   0.006513
      179 0.000105   0.006395
      638 0.000105  -0.006362
      908 0.000105  -0.006342
      629 0.000104  -0.006307
      600 0.000104  -0.006281
      799 0.000101  -0.006124
      728 0.000100  -0.006055
      690 0.000100   0.006043
      353 0.000099  -0.005990
       88 0.000099  -0.005985
      171 0.000097  -0.005892
      645 0.000097   0.005882
      769 0.000097   0.005880
      744 0.000097  -0.005873
      569 0.000096   0.005811
      581 0.000095  -0.005761
      268 0.000095  -0.005755
      294 0.000095  -0.005753
       93 0.000094  -0.005712
      566 0.000094   0.005710
      573 0.000094   0.005701
      329 0.000094  -0.005690
      864 0.000093   0.005664
      436 0.000093   0.005644
      974 0.000092   0.005563
      782 0.000091  -0.005538
      773 0.000089   0.005389
      234 0.000088   0.005369
      611 0.000088  -0.005365
      840 0.000088  -0.005332
      847 0.000087   0.005281
      594 0.000086  -0.005223
      292 0.000086  -0.005220
      321 0.000086  -0.005207
      614 0.000085   0.005173
      948 0.000084   0.005122
      762 0.000084  -0.005098
      572 0.000083  -0.005062
      943 0.000083   0.005062
      937 0.000083  -0.005050
      844 0.000082  -0.004979
      734 0.000082  -0.004966
      138 0.000082  -0.004963
      684 0.000081  -0.004928
      262 0.000080  -0.004883
      561 0.000080   0.004837
      355 0.000079   0.004809
      198 0.000079  -0.004798
      281 0.000078   0.004757
      319 0.000076   0.004590
      860 0.000075  -0.004535
      107 0.000074  -0.004511
      843 0.000074  -0.004507
      261 0.000074  -0.004499
      325 0.000074  -0.004481
      632 0.000074   0.004479
      694 0.000074   0.004468
      283 0.000074   0.004462
      367 0.000073   0.004448
      978 0.000073   0.004406
      308 0.000072  -0.004399
      596 0.000072  -0.004390
      627 0.000072   0.004350
      884 0.000071  -0.004310
      343 0.000070  -0.004248
      266 0.000069  -0.004211
      723 0.000069  -0.004174
      792 0.000068   0.004149
      560 0.000067  -0.004075
      722 0.000067  -0.004042
     1095 0.000066  -0.004021
      302 0.000066  -0.004004
      882 0.000066   0.003999
      291 0.000065   0.003973
      801 0.000065  -0.003959
      654 0.000065   0.003953
      880 0.000065   0.003931
      826 0.000065  -0.003923
      584 0.000063  -0.003824
      823 0.000062   0.003788
     1005 0.000062   0.003779
      289 0.000062   0.003753
      104 0.000061   0.003693
      650 0.000060  -0.003670
      913 0.000060  -0.003661
      748 0.000060  -0.003652
      589 0.000060  -0.003640
      590 0.000059  -0.003571
      765 0.000059   0.003568
      539 0.000058   0.003539
      425 0.000058   0.003512
      870 0.000058  -0.003505
      285 0.000057   0.003483
      545 0.000057  -0.003465
      895 0.000057   0.003459
      315 0.000057   0.003433
      428 0.000056   0.003413
      386 0.000055   0.003320
      831 0.000054   0.003278
      552 0.000053  -0.003203
      414 0.000052   0.003181
      322 0.000051  -0.003080
      701 0.000051  -0.003072
      528 0.000051   0.003066
      342 0.000050   0.003044
      608 0.000049  -0.002972
      413 0.000049  -0.002967
      922 0.000049  -0.002951
      390 0.000048   0.002909
      955 0.000047   0.002855
      278 0.000047   0.002853
      780 0.000047   0.002823
      821 0.000047  -0.002822
      535 0.000046   0.002763
      364 0.000045   0.002757
      286 0.000045   0.002736
      323 0.000045  -0.002730
      161 0.000045   0.002714
      935 0.000044  -0.002696
      249 0.000044   0.002689
      894 0.000044  -0.002684
      232 0.000043  -0.002631
      852 0.000043   0.002614
      244 0.000043  -0.002600
      874 0.000043  -0.002591
      131 0.000042   0.002569
      226 0.000041  -0.002508
      832 0.000041   0.002487
      225 0.000041  -0.002465
      394 0.000040   0.002436
      649 0.000039  -0.002362
      881 0.000039  -0.002355
      842 0.000039  -0.002339
      957 0.000038   0.002317
      252 0.000038   0.002289
      193 0.000038   0.002286
      841 0.000037   0.002264
      169 0.000037  -0.002256
      879 0.000036  -0.002214
       91 0.000036  -0.002196
      646 0.000036   0.002181
      374 0.000035   0.002148
      833 0.000035  -0.002137
      259 0.000035  -0.002137
      942 0.000035   0.002132
      491 0.000035   0.002115
      518 0.000035   0.002101
      359 0.000034  -0.002054
      835 0.000034  -0.002038
      950 0.000033  -0.001993
      988 0.000032  -0.001967
      250 0.000032  -0.001932
      407 0.000032  -0.001931
      532 0.000032   0.001914
      789 0.000031   0.001900
      488 0.000031   0.001897
     1073 0.000031  -0.001896
      540 0.000031  -0.001890
      971 0.000031  -0.001887
      964 0.000031   0.001883
      830 0.000031   0.001880
      904 0.000031   0.001879
      640 0.000031  -0.001877
      237 0.000031  -0.001874
      240 0.000031   0.001872
      636 0.000031  -0.001852
      409 0.000030  -0.001810
     1096 0.000030   0.001809
      838 0.000029  -0.001781
      310 0.000029  -0.001778
      933 0.000029   0.001761
      448 0.000029   0.001757
      445 0.000029  -0.001739
      921 0.000029  -0.001731
      410 0.000028  -0.001706
      542 0.000028   0.001700
      318 0.000028  -0.001696
      597 0.000028  -0.001671
      236 0.000027   0.001662
      609 0.000027  -0.001628
      928 0.000027  -0.001622
      776 0.000027  -0.001622
      938 0.000027   0.001615
      475 0.000027  -0.001609
      592 0.000026   0.001607
      524 0.000026  -0.001604
      320 0.000026  -0.001596
      794 0.000026   0.001588
      406 0.000026   0.001576
      568 0.000026  -0.001560
      346 0.000025   0.001540
      297 0.000025  -0.001507
      987 0.000025   0.001506
     1034 0.000025  -0.001496
     1032 0.000025   0.001493
       98 0.000024  -0.001467
      803 0.000024   0.001448
      424 0.000024  -0.001444
      755 0.000024  -0.001442
      804 0.000024  -0.001439
      983 0.000024   0.001433
      313 0.000023  -0.001419
      366 0.000023   0.001416
      526 0.000023   0.001414
      977 0.000023   0.001407
      264 0.000023  -0.001395
      530 0.000023   0.001391
      677 0.000023   0.001385
     1001 0.000023  -0.001367
      625 0.000023   0.001367
      357 0.000022   0.001362
     1010 0.000022   0.001332
      927 0.000022  -0.001326
      727 0.000022  -0.001315
      856 0.000022   0.001312
      802 0.000021   0.001287
      402 0.000021   0.001265
      598 0.000021   0.001254
      685 0.000021  -0.001253
      779 0.000020  -0.001233
      849 0.000020  -0.001184
      147 0.000019  -0.001179
      934 0.000019  -0.001174
      260 0.000019   0.001156
     1009 0.000019  -0.001154
      360 0.000019  -0.001150
      868 0.000019   0.001148
      479 0.000019   0.001147
      139 0.000019   0.001144
      809 0.000019   0.001139
      514 0.000019   0.001139
      284 0.000019   0.001126
      397 0.000018  -0.001107
      811 0.000018   0.001100
      136 0.000018   0.001083
     1025 0.000018   0.001083
      959 0.000018  -0.001083
      875 0.000018   0.001080
      272 0.000018  -0.001068
      437 0.000017   0.001060
      891 0.000017  -0.001059
      798 0.000017  -0.001057
      130 0.000017   0.001056
      536 0.000017  -0.001052
      123 0.000017   0.001051
      180 0.000017   0.001039
      916 0.000017  -0.001034
      455 0.000017  -0.001025
      144 0.000017  -0.001021
      463 0.000017  -0.001018
      502 0.000017   0.001010
      432 0.000017   0.001008
      519 0.000017   0.001008
      714 0.000017  -0.001002
      125 0.000016  -0.000996
      296 0.000016   0.000992
      293 0.000016  -0.000988
      876 0.000016   0.000979
      274 0.000016   0.000974
     1017 0.000016   0.000951
      335 0.000015   0.000940
      512 0.000015  -0.000928
      642 0.000015  -0.000926
      114 0.000015   0.000923
      185 0.000015  -0.000907
      662 0.000015  -0.000899
      324 0.000015  -0.000899
      148 0.000015   0.000898
     1016 0.000015  -0.000880
       64 0.000014   0.000877
     1003 0.000014  -0.000870
      732 0.000014   0.000869
      949 0.000014   0.000866
      680 0.000014   0.000863
      681 0.000014  -0.000853
      458 0.000014   0.000846
      489 0.000014   0.000840
      656 0.000014  -0.000839
      222 0.000014  -0.000830
      146 0.000014  -0.000825
      170 0.000014  -0.000821
      898 0.000013   0.000816
      588 0.000013   0.000815
      151 0.000013   0.000806
      907 0.000013   0.000806
      810 0.000013   0.000792
     1020 0.000013  -0.000782
      505 0.000013   0.000781
      764 0.000013  -0.000780
      702 0.000013  -0.000779
      450 0.000013  -0.000774
      128 0.000013   0.000768
      993 0.000012   0.000748
      112 0.000012  -0.000746
      917 0.000012   0.000734
      623 0.000012   0.000733
      214 0.000012  -0.000732
      142 0.000012  -0.000732
      231 0.000012   0.000727
     1052 0.000012   0.000726
      903 0.000012   0.000724
      984 0.000012  -0.000716
      603 0.000012   0.000715
     1040 0.000012  -0.000711
      129 0.000012  -0.000710
      478 0.000011   0.000698
      350 0.000011  -0.000694
      655 0.000011   0.000691
      202 0.000011   0.000676
       57 0.000011  -0.000674
       63 0.000011  -0.000671
      108 0.000011  -0.000655
      805 0.000011  -0.000654
       56 0.000011   0.000651
      328 0.000011  -0.000647
      816 0.000011   0.000640
       74 0.000010  -0.000636
      426 0.000010   0.000632
      316 0.000010  -0.000630
      487 0.000010  -0.000630
       97 0.000010   0.000628
      245 0.000010  -0.000619
      483 0.000010  -0.000619
       54 0.000010  -0.000617
      165 0.000010  -0.000615
     1061 0.000010  -0.000611
      746 0.000010  -0.000608
euclid. distance of OLC and linear combination of EV * x_coef: 0.005715360109608868

Generate samples based on objective loadcase 106
nr_to_generate: 25

Parameter variation distribution settings
distribution: uniform
low: 0.7
high: 1.3

Total process runtime: 0:00:01.304113
