Date and Time:2023-05-12 14:25:46.789737

Initial Settings:
similarity_model: <function cosine_similarity at 0x000001D005A6E5E0>
similarity_threshold: 1e-05
nr_eigv_to_select: None
distribution: uniform
deviation: 0.3
nr_to_generate: 25
recompute: False

Selected eigenvectors and similarity score w.r.t objective loadcase:
objective_loadcase_nr: 899
similarity_model: cosine_similarity
similarity_threshold: 1e-05
nr_eigv_to_select: None
nr_eigv_selected: 650
approximation parameter model: lstsq
similarity score and approx. param. value
:  eigv_idx    score      value
        3 0.563027  37.795482
        1 0.540237  36.265651
        2 0.493413 -33.122395
        0 0.381533  25.611969
        6 0.038398   2.577656
       39 0.021344   1.432822
        4 0.011197   0.751643
      639 0.003074   0.206338
      186 0.002409  -0.161683
      593 0.001851  -0.124236
      612 0.001786  -0.119900
      218 0.001715  -0.115152
      710 0.001684  -0.113051
      586 0.001654   0.111031
      187 0.001617  -0.108526
      716 0.001432   0.096102
      618 0.001260   0.084594
      143 0.001257   0.084368
      668 0.001171   0.078620
      663 0.001078  -0.072388
      595 0.001070   0.071850
       71 0.001057   0.070945
      194 0.001043   0.070021
       69 0.000991   0.066523
      749 0.000968  -0.064949
      686 0.000959  -0.064382
      659 0.000850  -0.057073
      688 0.000841  -0.056476
      626 0.000825   0.055353
      388 0.000790  -0.053061
      617 0.000756   0.050760
      183 0.000744   0.049912
      582 0.000710  -0.047656
      599 0.000698   0.046867
      562 0.000663  -0.044489
      635 0.000646   0.043339
      579 0.000597   0.040086
      670 0.000581   0.039034
       68 0.000571  -0.038331
      621 0.000566  -0.038027
      735 0.000545  -0.036560
      153 0.000541   0.036338
      602 0.000533  -0.035765
      174 0.000532   0.035736
      578 0.000528   0.035469
      708 0.000521   0.034999
      341 0.000518   0.034740
      666 0.000504  -0.033823
      733 0.000496   0.033265
      700 0.000483   0.032404
      683 0.000466   0.031310
      606 0.000464  -0.031169
      698 0.000450  -0.030214
      567 0.000441  -0.029625
      228 0.000434  -0.029166
      709 0.000429  -0.028822
      253 0.000428  -0.028698
      718 0.000414  -0.027778
      704 0.000395  -0.026524
      575 0.000394   0.026430
      577 0.000393  -0.026349
      620 0.000387  -0.025972
      756 0.000366  -0.024559
      641 0.000360  -0.024150
      182 0.000359  -0.024127
      137 0.000356  -0.023920
      267 0.000355  -0.023828
      757 0.000348  -0.023364
      220 0.000347  -0.023307
      741 0.000346   0.023214
      243 0.000339   0.022747
      362 0.000324  -0.021752
      853 0.000315  -0.021156
      210 0.000310  -0.020817
      699 0.000308  -0.020650
      258 0.000290  -0.019474
      707 0.000284  -0.019061
      412 0.000281  -0.018868
      419 0.000277  -0.018623
      583 0.000276  -0.018538
      807 0.000275   0.018484
      739 0.000274  -0.018378
      696 0.000271  -0.018178
      184 0.000268  -0.017970
      787 0.000265   0.017771
      753 0.000262  -0.017589
      848 0.000262  -0.017557
      601 0.000259   0.017362
      587 0.000258   0.017343
      750 0.000255   0.017104
      576 0.000251  -0.016821
      361 0.000249   0.016710
      631 0.000249  -0.016682
      277 0.000241   0.016210
      403 0.000237   0.015906
      273 0.000225  -0.015113
      269 0.000222  -0.014896
      726 0.000219  -0.014708
      204 0.000219   0.014673
      383 0.000216   0.014502
      255 0.000215  -0.014427
      400 0.000211  -0.014189
      580 0.000210  -0.014078
      604 0.000209  -0.014001
      857 0.000207  -0.013927
      628 0.000206   0.013828
      175 0.000206  -0.013825
      299 0.000204   0.013703
      234 0.000204   0.013680
      658 0.000204   0.013666
      377 0.000201  -0.013512
      251 0.000199  -0.013326
      132 0.000193   0.012931
      793 0.000190  -0.012757
      236 0.000189   0.012682
      373 0.000185  -0.012442
      570 0.000182  -0.012234
      227 0.000179   0.012034
      254 0.000178   0.011927
      818 0.000176  -0.011833
      743 0.000175  -0.011728
      355 0.000172   0.011529
      566 0.000171   0.011453
      301 0.000170  -0.011415
      247 0.000169   0.011325
      800 0.000168  -0.011298
      574 0.000167  -0.011228
      427 0.000162  -0.010882
      241 0.000162   0.010874
      271 0.000161   0.010804
      790 0.000160   0.010729
      828 0.000157  -0.010523
      824 0.000156   0.010479
      941 0.000155  -0.010424
      557 0.000155  -0.010423
      367 0.000154   0.010331
      564 0.000153  -0.010304
      859 0.000152   0.010209
      815 0.000149  -0.010011
      392 0.000148   0.009922
      549 0.000148  -0.009908
      199 0.000147  -0.009841
      398 0.000144  -0.009654
      847 0.000144   0.009652
      665 0.000144  -0.009652
      312 0.000143  -0.009619
      263 0.000142  -0.009544
      820 0.000142  -0.009542
      179 0.000142   0.009500
      855 0.000141  -0.009476
      711 0.000140   0.009427
      784 0.000134  -0.009023
      770 0.000130   0.008748
      667 0.000130   0.008715
      829 0.000130   0.008703
      573 0.000129   0.008672
      605 0.000129  -0.008669
      230 0.000127  -0.008549
      616 0.000126  -0.008430
      380 0.000125   0.008364
      684 0.000124  -0.008339
      294 0.000124  -0.008329
      171 0.000124  -0.008304
      808 0.000123   0.008269
      795 0.000122   0.008213
      742 0.000121  -0.008104
      588 0.000120  -0.008087
      690 0.000120   0.008064
      364 0.000120  -0.008022
      629 0.000118  -0.007909
       70 0.000117   0.007824
      553 0.000116  -0.007813
      687 0.000115   0.007728
      801 0.000110  -0.007409
      423 0.000108  -0.007262
      436 0.000108   0.007233
      431 0.000107  -0.007207
      217 0.000106  -0.007082
      908 0.000103  -0.006928
      734 0.000103  -0.006906
      161 0.000099   0.006659
      840 0.000099  -0.006658
      235 0.000099  -0.006654
      799 0.000099  -0.006637
      728 0.000099  -0.006626
      223 0.000098   0.006594
      291 0.000098   0.006564
       93 0.000097  -0.006485
      257 0.000097  -0.006484
      353 0.000096  -0.006427
      638 0.000095  -0.006378
      591 0.000095   0.006366
      778 0.000095  -0.006352
      281 0.000094   0.006336
      974 0.000094   0.006315
      723 0.000094  -0.006315
      552 0.000094  -0.006280
      354 0.000093   0.006236
      773 0.000093   0.006233
      390 0.000093   0.006223
      600 0.000093  -0.006211
      569 0.000092   0.006192
      594 0.000092  -0.006180
      268 0.000091  -0.006093
      701 0.000091  -0.006084
      131 0.000090   0.006043
       88 0.000089  -0.006001
      245 0.000089  -0.005994
      744 0.000089  -0.005977
      864 0.000088   0.005913
      239 0.000087   0.005829
      584 0.000086  -0.005766
      844 0.000085  -0.005702
      645 0.000085   0.005702
      632 0.000084   0.005628
      337 0.000084  -0.005608
      882 0.000083   0.005575
      610 0.000083  -0.005551
      782 0.000082  -0.005524
      322 0.000082  -0.005515
      763 0.000082   0.005496
      313 0.000082  -0.005490
      359 0.000081   0.005457
      736 0.000081  -0.005454
      589 0.000080  -0.005374
      107 0.000080  -0.005359
      285 0.000080   0.005348
      640 0.000079  -0.005270
      232 0.000078  -0.005244
      262 0.000078  -0.005205
      329 0.000077  -0.005190
      289 0.000077   0.005179
      198 0.000077   0.005140
      611 0.000076  -0.005122
      226 0.000076   0.005085
      292 0.000076  -0.005070
      302 0.000075  -0.005047
      407 0.000075  -0.005041
      697 0.000075   0.005036
      650 0.000075  -0.005001
      789 0.000074   0.004988
      298 0.000074  -0.004981
      259 0.000073  -0.004932
      572 0.000073  -0.004910
      943 0.000072   0.004840
      843 0.000072  -0.004834
      138 0.000072  -0.004825
     1095 0.000071  -0.004763
      225 0.000071   0.004742
      284 0.000071   0.004742
      290 0.000070   0.004670
      309 0.000069  -0.004629
      823 0.000069   0.004626
      332 0.000068  -0.004587
      260 0.000068   0.004573
      360 0.000068   0.004570
      295 0.000068  -0.004554
      369 0.000068   0.004535
      386 0.000067   0.004517
      318 0.000067  -0.004502
      428 0.000067   0.004473
      321 0.000066  -0.004446
      342 0.000065   0.004394
      323 0.000064  -0.004311
      414 0.000064   0.004270
      937 0.000063  -0.004260
      870 0.000063  -0.004252
      357 0.000063  -0.004250
      560 0.000063  -0.004240
      884 0.000063  -0.004235
      978 0.000062   0.004192
      880 0.000061   0.004126
      240 0.000060  -0.004060
      104 0.000060   0.004045
     1005 0.000060   0.004045
      805 0.000060  -0.004025
      545 0.000060  -0.004014
      955 0.000060   0.003999
      826 0.000060  -0.003995
      283 0.000059   0.003960
       74 0.000059  -0.003941
       60 0.000058   0.003919
      948 0.000058   0.003913
      654 0.000058   0.003908
      775 0.000057   0.003833
       59 0.000057   0.003815
      832 0.000057   0.003798
      913 0.000056  -0.003788
      368 0.000056   0.003742
      627 0.000056   0.003733
      904 0.000056   0.003727
      158 0.000055  -0.003717
      894 0.000055  -0.003697
      425 0.000055   0.003674
      765 0.000054   0.003614
      860 0.000054  -0.003612
      922 0.000054  -0.003593
      123 0.000053  -0.003589
      831 0.000053   0.003567
      320 0.000053   0.003558
      366 0.000053   0.003531
      222 0.000053  -0.003530
      221 0.000053  -0.003525
      596 0.000052   0.003519
      279 0.000052  -0.003492
      200 0.000052   0.003482
      874 0.000052  -0.003482
      539 0.000052   0.003459
      722 0.000051  -0.003451
      609 0.000051   0.003450
      343 0.000051  -0.003444
      136 0.000051   0.003443
      152 0.000051  -0.003407
      338 0.000051  -0.003406
      287 0.000051   0.003398
       73 0.000051  -0.003391
      349 0.000051  -0.003390
      568 0.000050   0.003389
      879 0.000050  -0.003364
      288 0.000050  -0.003351
      282 0.000050  -0.003341
      646 0.000050   0.003326
      798 0.000049   0.003321
      351 0.000049   0.003317
      636 0.000049  -0.003312
       81 0.000049  -0.003302
      266 0.000049  -0.003301
      748 0.000049  -0.003292
      677 0.000049   0.003284
      201 0.000049  -0.003275
      649 0.000049  -0.003268
      895 0.000049   0.003256
      384 0.000048  -0.003212
      803 0.000047   0.003178
      101 0.000047   0.003164
      195 0.000046   0.003110
      581 0.000046  -0.003101
      286 0.000046   0.003101
      197 0.000046  -0.003098
       99 0.000046   0.003096
      740 0.000046  -0.003093
      528 0.000045   0.003053
      209 0.000045  -0.003042
      334 0.000045   0.003009
      112 0.000045   0.003003
      776 0.000045  -0.002998
      821 0.000044  -0.002983
      224 0.000044  -0.002971
      830 0.000044   0.002925
      237 0.000043   0.002915
      261 0.000043  -0.002903
      296 0.000043  -0.002883
      409 0.000042  -0.002848
      613 0.000042   0.002835
      891 0.000042  -0.002831
      192 0.000042  -0.002830
      125 0.000042   0.002822
      554 0.000042   0.002820
      317 0.000042  -0.002811
      802 0.000042   0.002810
      950 0.000041  -0.002784
      264 0.000041  -0.002766
      274 0.000041   0.002761
      942 0.000041   0.002741
      144 0.000041  -0.002736
      304 0.000041   0.002732
      314 0.000041   0.002728
      160 0.000040   0.002716
      397 0.000040  -0.002711
      535 0.000040   0.002710
      395 0.000040  -0.002708
      565 0.000040  -0.002674
       80 0.000039   0.002627
      150 0.000039   0.002621
      348 0.000039   0.002609
      762 0.000039   0.002595
       63 0.000038  -0.002555
       98 0.000038  -0.002528
      365 0.000038  -0.002520
      347 0.000037   0.002514
      297 0.000037  -0.002508
      374 0.000037   0.002504
      792 0.000037   0.002504
      371 0.000037  -0.002475
       91 0.000037  -0.002462
      178 0.000037   0.002460
      110 0.000037  -0.002458
      396 0.000036   0.002446
      769 0.000036   0.002439
      196 0.000036   0.002414
      964 0.000036   0.002406
      265 0.000036   0.002401
      387 0.000035   0.002378
      727 0.000035  -0.002370
      881 0.000035  -0.002366
      542 0.000035   0.002366
      540 0.000035  -0.002337
      159 0.000035  -0.002324
      154 0.000035  -0.002323
      308 0.000035  -0.002321
      233 0.000035  -0.002319
      339 0.000034  -0.002305
      134 0.000034  -0.002283
      350 0.000034   0.002264
      336 0.000033   0.002243
       75 0.000033  -0.002232
      145 0.000033  -0.002232
      142 0.000033  -0.002225
      293 0.000033   0.002204
      518 0.000033   0.002203
      206 0.000033   0.002192
      842 0.000033  -0.002190
      448 0.000032   0.002165
      662 0.000032  -0.002160
      928 0.000032  -0.002151
      608 0.000032  -0.002150
      193 0.000032   0.002141
      406 0.000032  -0.002134
      592 0.000031  -0.002094
      491 0.000031   0.002083
      685 0.000031  -0.002071
      935 0.000031  -0.002060
      385 0.000031  -0.002059
      988 0.000030  -0.002037
      987 0.000030   0.002036
      272 0.000030  -0.002035
      559 0.000030   0.002029
      863 0.000030  -0.002008
      532 0.000030   0.001982
      109 0.000030  -0.001982
      597 0.000029  -0.001960
      603 0.000029  -0.001958
      248 0.000029   0.001940
      242 0.000029  -0.001934
       66 0.000029  -0.001933
      488 0.000029   0.001933
      555 0.000029  -0.001932
      957 0.000029   0.001924
      310 0.000029  -0.001922
      191 0.000028   0.001886
      229 0.000028  -0.001874
       94 0.000028   0.001874
      971 0.000028  -0.001873
       57 0.000028   0.001868
       86 0.000028  -0.001854
      938 0.000027   0.001843
       77 0.000027   0.001834
      319 0.000027   0.001828
      858 0.000027  -0.001815
      181 0.000027   0.001813
      694 0.000027   0.001802
     1001 0.000027  -0.001800
      664 0.000027  -0.001798
      933 0.000027   0.001796
      410 0.000027  -0.001793
      139 0.000026   0.001748
      276 0.000026   0.001735
      558 0.000026  -0.001735
      445 0.000026  -0.001734
      530 0.000026   0.001731
       96 0.000026  -0.001726
     1096 0.000026   0.001721
      724 0.000026  -0.001721
      133 0.000025  -0.001701
      146 0.000025   0.001696
      275 0.000025  -0.001680
      475 0.000025  -0.001678
      524 0.000025  -0.001676
       52 0.000025   0.001669
      352 0.000025   0.001668
      550 0.000025   0.001650
      370 0.000024  -0.001641
      358 0.000024  -0.001640
     1032 0.000024   0.001626
      315 0.000024  -0.001623
       83 0.000024   0.001622
      238 0.000024  -0.001619
      324 0.000024   0.001619
      177 0.000024  -0.001617
      118 0.000024   0.001616
      164 0.000024   0.001606
      344 0.000024   0.001590
       48 0.000024   0.001582
      114 0.000023  -0.001571
       89 0.000023  -0.001552
       50 0.000023  -0.001552
      432 0.000023   0.001536
      382 0.000023  -0.001534
     1025 0.000023   0.001527
      867 0.000023   0.001520
      424 0.000023  -0.001511
       67 0.000022  -0.001494
      653 0.000022   0.001493
      172 0.000022  -0.001477
      333 0.000022  -0.001475
      921 0.000022  -0.001461
      993 0.000022   0.001450
       97 0.000021   0.001438
      148 0.000021   0.001418
       90 0.000021   0.001416
      642 0.000021  -0.001411
      215 0.000021   0.001410
      169 0.000021  -0.001398
     1034 0.000021  -0.001394
      712 0.000021  -0.001388
      671 0.000021   0.001387
      669 0.000021   0.001378
      794 0.000020   0.001368
      216 0.000020   0.001361
      983 0.000020   0.001359
      814 0.000020   0.001353
      965 0.000020  -0.001353
      927 0.000020  -0.001348
      680 0.000020   0.001346
      426 0.000020   0.001344
       43 0.000020  -0.001342
      345 0.000020  -0.001339
       45 0.000020   0.001337
      340 0.000020   0.001316
      213 0.000019  -0.001304
      526 0.000019   0.001300
      111 0.000019  -0.001289
      598 0.000019   0.001266
      934 0.000019  -0.001263
      633 0.000019  -0.001260
      335 0.000019  -0.001255
      714 0.000019  -0.001254
      157 0.000019  -0.001243
     1017 0.000018   0.001239
      977 0.000018   0.001228
      105 0.000018  -0.001228
      327 0.000018   0.001221
      375 0.000018  -0.001219
      376 0.000018  -0.001219
      502 0.000018   0.001213
      325 0.000018  -0.001203
      405 0.000018   0.001199
      856 0.000018   0.001197
      713 0.000018   0.001196
      141 0.000018   0.001190
      378 0.000018   0.001190
      185 0.000018  -0.001189
      966 0.000018   0.001184
      791 0.000018   0.001184
      888 0.000018   0.001181
       53 0.000018  -0.001179
      900 0.000017  -0.001169
      162 0.000017   0.001164
      505 0.000017   0.001156
       33 0.000017   0.001156
      328 0.000017  -0.001150
      536 0.000017  -0.001143
       62 0.000017   0.001141
      811 0.000017   0.001139
       21 0.000017  -0.001136
      833 0.000017  -0.001134
      519 0.000017   0.001128
      479 0.000017   0.001128
      455 0.000017  -0.001126
       18 0.000017  -0.001122
      514 0.000017   0.001120
      326 0.000017  -0.001113
      838 0.000017   0.001111
      278 0.000017   0.001109
       95 0.000016   0.001107
      619 0.000016   0.001097
     1073 0.000016  -0.001093
      512 0.000016  -0.001079
      556 0.000016  -0.001076
      887 0.000016   0.001076
      695 0.000016   0.001073
      463 0.000016  -0.001069
       84 0.000016  -0.001063
      917 0.000016   0.001052
      691 0.000016   0.001049
       17 0.000016   0.001047
      437 0.000016   0.001042
      637 0.000015   0.001037
       46 0.000015   0.001035
       31 0.000015  -0.001033
       20 0.000015  -0.001032
      165 0.000015   0.001023
     1009 0.000015  -0.001021
      876 0.000015  -0.001021
       72 0.000015   0.001020
       22 0.000015   0.001017
       49 0.000015   0.001014
      489 0.000015   0.001014
      949 0.000015   0.001011
      675 0.000015   0.001007
      849 0.000015   0.001003
      458 0.000015   0.001000
      644 0.000015  -0.000988
      126 0.000015   0.000985
      875 0.000015  -0.000982
       58 0.000015   0.000976
     1010 0.000014   0.000964
      548 0.000014   0.000963
      547 0.000014   0.000959
      841 0.000014   0.000959
      394 0.000014   0.000957
        5 0.000014   0.000954
      561 0.000014   0.000939
      180 0.000014  -0.000938
      737 0.000014  -0.000936
     1052 0.000014   0.000928
       47 0.000014  -0.000926
       56 0.000014  -0.000925
       36 0.000014  -0.000923
       40 0.000014  -0.000912
       19 0.000014  -0.000911
     1016 0.000014  -0.000911
      810 0.000014   0.000909
     1020 0.000014  -0.000909
      356 0.000013  -0.000903
      434 0.000013  -0.000902
      647 0.000013  -0.000902
      151 0.000013  -0.000896
      120 0.000013   0.000895
      839 0.000013  -0.000885
      571 0.000013   0.000878
      916 0.000013  -0.000875
      379 0.000013  -0.000869
      625 0.000013   0.000868
      673 0.000013   0.000842
      108 0.000013  -0.000841
      729 0.000013  -0.000839
      363 0.000012  -0.000832
      816 0.000012   0.000831
      994 0.000012  -0.000828
      450 0.000012  -0.000824
      381 0.000012  -0.000811
     1003 0.000012  -0.000798
      899 0.000012   0.000795
      883 0.000012   0.000790
      170 0.000012   0.000783
      483 0.000012  -0.000774
      420 0.000011   0.000761
       42 0.000011  -0.000760
      306 0.000011  -0.000757
       65 0.000011   0.000747
      128 0.000011   0.000742
      452 0.000011  -0.000734
      898 0.000011   0.000723
      113 0.000011  -0.000722
       23 0.000011  -0.000706
      433 0.000010  -0.000700
       29 0.000010   0.000700
      190 0.000010   0.000695
       25 0.000010  -0.000685
euclid. distance of OLC and linear combination of EV * x_coef: 0.005801120649704386

Generate samples based on objective loadcase 899
nr_to_generate: 25

Parameter variation distribution settings
distribution: uniform
low: 0.7
high: 1.3

Total process runtime: 0:00:01.399255
