Date and Time:2023-05-12 14:25:32.120513

Initial Settings:
similarity_model: <function cosine_similarity at 0x000001D005A6E5E0>
similarity_threshold: 1e-05
nr_eigv_to_select: None
distribution: uniform
deviation: 0.3
nr_to_generate: 25
recompute: False

Selected eigenvectors and similarity score w.r.t objective loadcase:
objective_loadcase_nr: 888
similarity_model: cosine_similarity
similarity_threshold: 1e-05
nr_eigv_to_select: None
nr_eigv_selected: 471
approximation parameter model: lstsq
similarity score and approx. param. value
:  eigv_idx    score      value
        3 0.557715  58.546043
        1 0.537957  56.471885
        2 0.502813 -52.782746
        0 0.379529  39.840962
        6 0.044665   4.688745
       39 0.022247   2.335391
        4 0.011294   1.185587
      639 0.003599   0.377837
      186 0.002173  -0.228124
      593 0.002105  -0.220960
      612 0.002026  -0.212711
      218 0.001997  -0.209591
      586 0.001936   0.203279
       68 0.001722  -0.180721
      710 0.001590  -0.166908
      716 0.001493   0.156736
      187 0.001452  -0.152379
      663 0.001306  -0.137110
      618 0.001292   0.135629
      668 0.001245   0.130693
      595 0.001242   0.130346
      143 0.001010   0.106044
      626 0.001006   0.105578
      194 0.000973   0.102182
      686 0.000972  -0.102020
      659 0.000933  -0.097912
      388 0.000916  -0.096179
      617 0.000865   0.090820
      688 0.000822  -0.086242
      599 0.000806   0.084639
      582 0.000757  -0.079457
      562 0.000754  -0.079181
      670 0.000747   0.078466
      635 0.000746   0.078270
      182 0.000721  -0.075694
      621 0.000711  -0.074621
      183 0.000674   0.070805
      749 0.000674  -0.070772
      578 0.000650   0.068222
      733 0.000627   0.065853
      704 0.000627  -0.065851
      698 0.000606  -0.063643
      579 0.000605   0.063532
      341 0.000596   0.062551
      700 0.000588   0.061694
      718 0.000587  -0.061628
      184 0.000552  -0.057973
      683 0.000542   0.056944
      602 0.000542  -0.056903
      606 0.000518  -0.054372
      567 0.000518  -0.054349
      666 0.000515  -0.054109
      253 0.000502  -0.052726
      708 0.000491   0.051556
      577 0.000481  -0.050477
      153 0.000473   0.049663
      174 0.000451   0.047334
      735 0.000435  -0.045708
      575 0.000433   0.045490
      220 0.000419  -0.043987
      699 0.000418  -0.043916
      620 0.000414  -0.043507
      267 0.000412  -0.043299
      641 0.000409  -0.042891
      709 0.000402  -0.042191
      707 0.000388  -0.040751
      696 0.000387  -0.040635
      583 0.000361  -0.037931
      228 0.000351  -0.036802
      210 0.000350  -0.036786
      601 0.000350   0.036700
      848 0.000339  -0.035572
      137 0.000335  -0.035191
      258 0.000332  -0.034853
      412 0.000330  -0.034673
      753 0.000324  -0.033990
      362 0.000321  -0.033672
      419 0.000320  -0.033556
      807 0.000318   0.033338
      631 0.000310  -0.032546
      179 0.000299   0.031421
      403 0.000299   0.031406
      756 0.000297  -0.031192
       70 0.000295   0.030998
      243 0.000292   0.030684
      587 0.000290   0.030427
      757 0.000271  -0.028496
      383 0.000267   0.027999
      171 0.000259  -0.027213
      273 0.000258  -0.027051
       69 0.000256   0.026828
      570 0.000249  -0.026137
      793 0.000246  -0.025862
      604 0.000245  -0.025767
      361 0.000235   0.024693
      576 0.000234  -0.024615
      853 0.000232  -0.024327
      377 0.000229  -0.024014
      204 0.000223   0.023410
      132 0.000221   0.023221
      230 0.000221  -0.023167
      741 0.000216   0.022692
      580 0.000214  -0.022490
      269 0.000213  -0.022407
      227 0.000213   0.022379
      400 0.000209  -0.021900
      658 0.000204   0.021447
      739 0.000203  -0.021268
      299 0.000200   0.020990
      564 0.000198  -0.020813
      628 0.000196   0.020587
      301 0.000194  -0.020317
      787 0.000190   0.019948
      427 0.000189  -0.019884
      199 0.000189  -0.019820
       71 0.000187   0.019609
      800 0.000187  -0.019583
      373 0.000186  -0.019514
      815 0.000182  -0.019083
      549 0.000180  -0.018854
      665 0.000178  -0.018715
      175 0.000178  -0.018712
      247 0.000177   0.018536
      726 0.000176  -0.018519
      941 0.000176  -0.018503
      743 0.000175  -0.018375
      235 0.000173  -0.018195
      574 0.000172  -0.018059
      667 0.000171   0.018002
      828 0.000171  -0.017922
      239 0.000170   0.017853
      750 0.000168   0.017656
      820 0.000167  -0.017510
      784 0.000166  -0.017478
      277 0.000166   0.017467
      255 0.000165  -0.017299
      711 0.000165   0.017298
      263 0.000164  -0.017213
      271 0.000164   0.017190
      392 0.000160   0.016823
      855 0.000160  -0.016756
      573 0.000159   0.016654
      857 0.000157  -0.016528
      557 0.000155  -0.016228
      355 0.000153   0.016073
      312 0.000153  -0.016028
      795 0.000150   0.015695
      687 0.000149   0.015647
      254 0.000147   0.015428
      742 0.000142  -0.014923
      818 0.000142  -0.014921
      234 0.000142   0.014874
      398 0.000140  -0.014715
      553 0.000140  -0.014694
      808 0.000140   0.014653
      605 0.000140  -0.014645
      566 0.000139   0.014588
      591 0.000137   0.014352
      790 0.000136   0.014300
      380 0.000134   0.014042
      616 0.000132  -0.013885
      294 0.000130  -0.013654
      161 0.000129   0.013538
      257 0.000128  -0.013475
      736 0.000128  -0.013447
      697 0.000128   0.013387
      690 0.000127   0.013384
      369 0.000127   0.013353
      778 0.000125  -0.013128
      423 0.000124  -0.013042
      431 0.000123  -0.012906
      645 0.000123   0.012867
      859 0.000123   0.012861
      585 0.000121  -0.012690
      367 0.000121   0.012669
      275 0.000119  -0.012446
      824 0.000117   0.012285
      847 0.000117   0.012276
      908 0.000117  -0.012267
      236 0.000116   0.012204
      217 0.000116  -0.012191
      354 0.000114   0.011976
      241 0.000114   0.011934
      638 0.000112  -0.011774
      223 0.000112   0.011773
      353 0.000111  -0.011613
      295 0.000110  -0.011538
      436 0.000109   0.011486
      974 0.000109   0.011416
      799 0.000109  -0.011409
      569 0.000105   0.010993
      148 0.000105   0.010972
      251 0.000104  -0.010901
      829 0.000103   0.010782
      684 0.000102  -0.010756
      337 0.000102  -0.010733
      581 0.000099  -0.010422
      629 0.000099  -0.010418
      600 0.000098  -0.010282
      840 0.000097  -0.010224
      292 0.000095  -0.009970
      332 0.000094  -0.009834
      882 0.000092   0.009707
      266 0.000092  -0.009681
      611 0.000092  -0.009678
      723 0.000092  -0.009659
      584 0.000092  -0.009615
      844 0.000091  -0.009576
      281 0.000091   0.009505
      594 0.000090  -0.009493
      763 0.000089   0.009347
      279 0.000089  -0.009344
      298 0.000089  -0.009334
      734 0.000089  -0.009332
      728 0.000089  -0.009310
      107 0.000087  -0.009179
      744 0.000086  -0.009065
      262 0.000085  -0.008957
      261 0.000083  -0.008712
      572 0.000081  -0.008526
      390 0.000081   0.008502
      552 0.000081  -0.008475
      329 0.000080  -0.008435
     1095 0.000080  -0.008396
      290 0.000079   0.008338
      206 0.000079   0.008324
      775 0.000079   0.008248
      560 0.000077  -0.008041
      701 0.000076  -0.007963
      770 0.000076   0.007936
      302 0.000076  -0.007932
       88 0.000075  -0.007920
      632 0.000075   0.007875
      640 0.000074  -0.007779
      937 0.000074  -0.007728
       91 0.000073  -0.007694
      308 0.000073  -0.007637
      356 0.000072  -0.007601
      832 0.000072   0.007564
      978 0.000071   0.007416
      561 0.000070   0.007383
      782 0.000069  -0.007228
      843 0.000068  -0.007173
      268 0.000068  -0.007153
     1005 0.000068   0.007143
      740 0.000067  -0.007049
      291 0.000067   0.007017
      428 0.000066   0.006956
      955 0.000066   0.006941
      342 0.000066   0.006923
      654 0.000066   0.006905
      948 0.000066   0.006880
      386 0.000066   0.006880
      913 0.000065  -0.006803
      826 0.000064  -0.006758
      198 0.000063   0.006655
      801 0.000062  -0.006552
      414 0.000062   0.006490
      425 0.000061   0.006449
      545 0.000061  -0.006443
      722 0.000061  -0.006441
       93 0.000061  -0.006382
      539 0.000060   0.006350
      104 0.000060   0.006277
      694 0.000060   0.006263
      864 0.000060   0.006248
      325 0.000059  -0.006246
      922 0.000059  -0.006233
      748 0.000058  -0.006038
      319 0.000057   0.006015
      364 0.000056  -0.005853
      614 0.000055   0.005821
      879 0.000055  -0.005814
      232 0.000055  -0.005758
      798 0.000055   0.005744
      789 0.000055   0.005741
      249 0.000055  -0.005739
      870 0.000054  -0.005705
      321 0.000054  -0.005700
      597 0.000054  -0.005692
      895 0.000054   0.005678
      773 0.000054   0.005662
      322 0.000054  -0.005638
      374 0.000053   0.005545
      313 0.000053  -0.005528
      831 0.000052   0.005505
      860 0.000052  -0.005499
      805 0.000052  -0.005469
      528 0.000052   0.005465
      943 0.000052   0.005462
      765 0.000052   0.005437
      323 0.000051  -0.005339
      343 0.000051  -0.005334
      627 0.000051   0.005315
      222 0.000050  -0.005299
      803 0.000050   0.005222
      821 0.000050  -0.005199
      407 0.000049  -0.005173
      823 0.000049   0.005166
      891 0.000048  -0.005017
      589 0.000048  -0.005012
      792 0.000048   0.005011
      880 0.000046   0.004855
      289 0.000046   0.004826
      596 0.000046  -0.004820
      874 0.000046  -0.004781
      863 0.000045  -0.004770
      535 0.000045   0.004713
      169 0.000045  -0.004686
      201 0.000043  -0.004468
      769 0.000042   0.004441
      802 0.000042   0.004414
      884 0.000042  -0.004414
      776 0.000042  -0.004367
      894 0.000042  -0.004357
      226 0.000041   0.004347
      397 0.000041  -0.004311
      590 0.000040  -0.004246
      650 0.000040  -0.004239
      225 0.000040   0.004188
      542 0.000039   0.004121
      359 0.000039   0.004101
      540 0.000039  -0.004076
      904 0.000038   0.003986
      881 0.000037  -0.003907
      409 0.000037  -0.003889
      285 0.000037   0.003852
      366 0.000037   0.003845
      297 0.000036  -0.003811
      518 0.000036   0.003776
      209 0.000036  -0.003763
      491 0.000036   0.003741
      928 0.000036  -0.003735
      394 0.000035   0.003665
      950 0.000035  -0.003656
      987 0.000035   0.003634
      315 0.000034   0.003580
      448 0.000034   0.003569
      942 0.000034   0.003552
      858 0.000033  -0.003509
      532 0.000033   0.003454
      488 0.000032   0.003409
      245 0.000032  -0.003405
      867 0.000032   0.003380
      357 0.000032  -0.003351
      349 0.000032  -0.003341
      933 0.000031   0.003304
      643 0.000031  -0.003258
      842 0.000031  -0.003252
      410 0.000031  -0.003224
      636 0.000030  -0.003168
      310 0.000030  -0.003158
     1001 0.000030  -0.003154
      283 0.000030   0.003114
      445 0.000029  -0.003031
      677 0.000029   0.003027
      727 0.000029  -0.003027
      475 0.000029  -0.003010
      524 0.000028  -0.002929
      830 0.000028   0.002902
     1032 0.000028   0.002900
      530 0.000028   0.002899
      193 0.000027  -0.002880
      224 0.000026  -0.002738
      759 0.000026  -0.002733
      685 0.000026  -0.002727
     1025 0.000026   0.002694
      424 0.000025  -0.002656
      360 0.000025   0.002616
      762 0.000025   0.002598
      794 0.000024   0.002560
      382 0.000024  -0.002544
      993 0.000024   0.002510
      680 0.000023   0.002454
      965 0.000023  -0.002440
      350 0.000023   0.002430
     1034 0.000023  -0.002425
      526 0.000023   0.002368
      814 0.000022   0.002361
      610 0.000022  -0.002316
      935 0.000022  -0.002294
     1017 0.000022   0.002272
      849 0.000021   0.002244
      432 0.000021   0.002226
      318 0.000021  -0.002214
      240 0.000021  -0.002206
      608 0.000021  -0.002204
      649 0.000021  -0.002190
      384 0.000021  -0.002183
      964 0.000020   0.002151
      278 0.000020   0.002151
      791 0.000020   0.002111
      856 0.000020   0.002101
      988 0.000020  -0.002071
      244 0.000020  -0.002054
      479 0.000019   0.002039
      900 0.000019  -0.002036
      971 0.000019  -0.002033
      519 0.000019   0.002029
      502 0.000019   0.002022
      603 0.000019  -0.001995
      957 0.000019   0.001994
      455 0.000019  -0.001994
      514 0.000019   0.001987
      286 0.000019   0.001981
      714 0.000019  -0.001960
      536 0.000019  -0.001943
      917 0.000018   0.001937
      662 0.000018  -0.001931
     1073 0.000018  -0.001920
      938 0.000018   0.001919
      248 0.000018   0.001889
      463 0.000018  -0.001885
      437 0.000018   0.001873
      237 0.000018   0.001843
      669 0.000017   0.001832
      284 0.000017   0.001823
      512 0.000017  -0.001812
      138 0.000017   0.001788
      921 0.000017  -0.001786
      949 0.000017   0.001780
      811 0.000017   0.001775
      568 0.000017   0.001746
      646 0.000017   0.001736
      713 0.000016   0.001729
     1010 0.000016   0.001720
      489 0.000016   0.001709
      927 0.000016  -0.001708
      458 0.000016   0.001664
      505 0.000016   0.001659
      131 0.000016   0.001630
     1052 0.000015   0.001609
      810 0.000015   0.001544
      588 0.000014  -0.001497
      934 0.000014  -0.001493
      732 0.000014   0.001484
     1096 0.000014   0.001476
      347 0.000014   0.001459
      250 0.000014  -0.001443
      450 0.000014  -0.001441
      907 0.000014   0.001427
      538 0.000014   0.001419
      324 0.000013  -0.001351
      816 0.000012   0.001293
      333 0.000012  -0.001289
      483 0.000012  -0.001264
      619 0.000012   0.001256
      966 0.000012   0.001244
      188 0.000012  -0.001238
      841 0.000012   0.001219
      883 0.000012   0.001213
      852 0.000012  -0.001208
      478 0.000011   0.001180
      387 0.000011   0.001172
      681 0.000011  -0.001160
      634 0.000011  -0.001153
      406 0.000011  -0.001146
      452 0.000011  -0.001138
      229 0.000011  -0.001136
      487 0.000011  -0.001135
      833 0.000011  -0.001128
      983 0.000011   0.001125
      238 0.000011  -0.001111
      462 0.000011   0.001110
      837 0.000010  -0.001097
      977 0.000010   0.001085
      902 0.000010  -0.001076
      221 0.000010  -0.001069
      461 0.000010   0.001064
     1047 0.000010   0.001062
      473 0.000010  -0.001056
euclid. distance of OLC and linear combination of EV * x_coef: 0.00869114809659567

Generate samples based on objective loadcase 888
nr_to_generate: 25

Parameter variation distribution settings
distribution: uniform
low: 0.7
high: 1.3

Total process runtime: 0:00:01.299047
