Date and Time:2023-05-12 14:10:08.075407

Initial Settings:
similarity_model: <function cosine_similarity at 0x000001D005A6E5E0>
similarity_threshold: 1e-05
nr_eigv_to_select: None
distribution: uniform
deviation: 0.3
nr_to_generate: 25
recompute: False

Selected eigenvectors and similarity score w.r.t objective loadcase:
objective_loadcase_nr: 195
similarity_model: cosine_similarity
similarity_threshold: 1e-05
nr_eigv_to_select: None
nr_eigv_selected: 501
approximation parameter model: lstsq
similarity score and approx. param. value
:  eigv_idx    score      value
        1 0.549565  57.820940
        3 0.544736  57.312870
        2 0.494162 -51.991935
        0 0.392367  41.281819
        6 0.050509   5.314194
       39 0.018704   1.967903
        4 0.010564   1.111512
      639 0.003622   0.381029
       68 0.002840  -0.298769
      186 0.002233  -0.234905
      612 0.002033  -0.213922
      593 0.002008  -0.211314
      586 0.001833   0.192903
      218 0.001806  -0.190050
      716 0.001545   0.162559
      710 0.001534  -0.161382
      187 0.001445  -0.151992
      618 0.001437   0.151153
      663 0.001380  -0.145177
      668 0.001304   0.137200
      595 0.001174   0.123567
      194 0.001022   0.107484
      182 0.000978  -0.102930
      659 0.000968  -0.101808
      686 0.000910  -0.095717
      143 0.000887   0.093371
      617 0.000880   0.092624
      388 0.000872  -0.091743
      626 0.000860   0.090517
      688 0.000798  -0.083977
      599 0.000788   0.082893
      749 0.000763  -0.080319
      562 0.000743  -0.078184
      635 0.000743   0.078148
      582 0.000733  -0.077112
       71 0.000730  -0.076754
      579 0.000683   0.071873
      670 0.000682   0.071729
      700 0.000681   0.071681
      184 0.000671  -0.070583
      578 0.000659   0.069339
      683 0.000658   0.069231
      183 0.000636   0.066899
      621 0.000634  -0.066711
      733 0.000591   0.062205
      698 0.000561  -0.059056
      341 0.000547   0.057531
       69 0.000538  -0.056644
      253 0.000538  -0.056609
      666 0.000532  -0.055950
      602 0.000519  -0.054638
      735 0.000491  -0.051708
      718 0.000480  -0.050464
       70 0.000478   0.050291
      708 0.000468   0.049240
      567 0.000468  -0.049229
      174 0.000453   0.047707
      606 0.000453  -0.047696
      153 0.000434   0.045635
      577 0.000429  -0.045148
      704 0.000419  -0.044085
      228 0.000414  -0.043610
      575 0.000411   0.043190
      641 0.000408  -0.042963
      267 0.000396  -0.041665
      699 0.000395  -0.041586
      620 0.000393  -0.041375
      709 0.000389  -0.040928
      179 0.000385   0.040458
      210 0.000381  -0.040057
      220 0.000372  -0.039098
      583 0.000370  -0.038919
      362 0.000353  -0.037087
      756 0.000332  -0.034979
      171 0.000330  -0.034771
      137 0.000329  -0.034621
      601 0.000323   0.033974
      848 0.000317  -0.033346
      631 0.000312  -0.032828
      807 0.000309   0.032538
      403 0.000307   0.032253
      757 0.000306  -0.032200
      419 0.000303  -0.031838
      412 0.000298  -0.031385
      204 0.000292   0.030767
      604 0.000285  -0.030004
      707 0.000283  -0.029785
      587 0.000271   0.028558
      383 0.000271   0.028550
      258 0.000268  -0.028154
      243 0.000265   0.027883
      741 0.000264   0.027725
      576 0.000260  -0.027391
      753 0.000258  -0.027158
      628 0.000255   0.026801
      853 0.000252  -0.026507
      199 0.000247  -0.025975
      570 0.000245  -0.025742
      739 0.000242  -0.025464
      400 0.000235  -0.024701
      132 0.000225   0.023696
      273 0.000225  -0.023685
      377 0.000222  -0.023408
      696 0.000222  -0.023403
      580 0.000217  -0.022860
      787 0.000212   0.022308
      573 0.000210   0.022107
      658 0.000206   0.021650
      750 0.000199   0.020978
      793 0.000195  -0.020554
      271 0.000195   0.020477
      161 0.000194   0.020402
      815 0.000193  -0.020319
      564 0.000191  -0.020117
      254 0.000188   0.019793
      941 0.000187  -0.019720
      800 0.000185  -0.019433
      175 0.000182  -0.019173
      665 0.000181  -0.019071
      255 0.000181  -0.018993
      828 0.000180  -0.018897
      301 0.000178  -0.018705
      148 0.000177   0.018671
      277 0.000175   0.018388
      557 0.000174  -0.018354
      427 0.000174  -0.018270
      356 0.000168  -0.017692
      235 0.000168  -0.017659
      743 0.000164  -0.017235
      361 0.000163   0.017166
      299 0.000162   0.017096
      667 0.000162   0.017037
      820 0.000161  -0.016991
      574 0.000161  -0.016977
      217 0.000161  -0.016904
      247 0.000160   0.016872
      269 0.000159  -0.016745
      857 0.000159  -0.016723
      369 0.000159   0.016698
      855 0.000157  -0.016544
      784 0.000157  -0.016517
      711 0.000157   0.016499
      687 0.000157   0.016483
      726 0.000153  -0.016114
      380 0.000152   0.016002
      566 0.000152   0.015945
      818 0.000151  -0.015917
      234 0.000144   0.015121
      640 0.000143  -0.015035
      549 0.000143  -0.015018
      585 0.000141  -0.014872
      398 0.000137  -0.014417
      790 0.000136   0.014257
      690 0.000135   0.014256
      373 0.000135  -0.014237
      230 0.000134  -0.014115
      553 0.000134  -0.014099
      241 0.000132   0.013870
      605 0.000132  -0.013841
      236 0.000131   0.013779
      227 0.000131   0.013756
      808 0.000130   0.013658
      257 0.000128  -0.013467
      354 0.000127   0.013387
      353 0.000127  -0.013316
      645 0.000126   0.013281
      795 0.000126   0.013244
      847 0.000125   0.013163
      824 0.000125   0.013139
      908 0.000124  -0.013053
      629 0.000122  -0.012832
      263 0.000121  -0.012729
       91 0.000121  -0.012725
      294 0.000120  -0.012618
      859 0.000119   0.012557
      436 0.000119   0.012541
      239 0.000118   0.012448
      292 0.000118  -0.012430
      742 0.000118  -0.012399
      423 0.000118  -0.012378
      697 0.000117   0.012265
      736 0.000116  -0.012248
      974 0.000116   0.012196
      295 0.000115  -0.012119
      431 0.000115  -0.012107
      638 0.000114  -0.011944
      829 0.000112   0.011784
      251 0.000111  -0.011704
      392 0.000110   0.011617
      355 0.000109   0.011467
      581 0.000108  -0.011384
      281 0.000107   0.011260
      799 0.000106  -0.011101
      107 0.000105  -0.011027
      600 0.000104  -0.010994
      840 0.000104  -0.010970
      552 0.000103  -0.010825
      798 0.000103   0.010823
      291 0.000102   0.010777
      882 0.000102   0.010710
      594 0.000102  -0.010702
      138 0.000101   0.010601
      266 0.000099  -0.010435
      367 0.000098   0.010361
      569 0.000097   0.010222
      312 0.000096  -0.010135
      394 0.000095   0.010011
      778 0.000095  -0.009961
      684 0.000094  -0.009908
      584 0.000093  -0.009738
      844 0.000092  -0.009701
      616 0.000092  -0.009663
      591 0.000091   0.009586
      206 0.000091   0.009572
      611 0.000090  -0.009459
      386 0.000087   0.009200
      308 0.000087  -0.009117
     1095 0.000086  -0.009080
      832 0.000084   0.008833
      302 0.000084  -0.008826
      734 0.000084  -0.008804
      313 0.000083  -0.008723
      744 0.000083  -0.008717
      298 0.000083  -0.008700
      759 0.000083   0.008689
      740 0.000082  -0.008621
      701 0.000082  -0.008605
      770 0.000082   0.008577
      275 0.000080  -0.008463
      209 0.000080  -0.008429
      560 0.000080  -0.008365
      193 0.000079  -0.008319
      937 0.000079  -0.008311
      632 0.000079   0.008300
      279 0.000079  -0.008278
      782 0.000078  -0.008238
      728 0.000077  -0.008078
      955 0.000076   0.008007
      723 0.000076  -0.008003
      223 0.000075   0.007867
      374 0.000074   0.007824
      843 0.000074  -0.007756
      428 0.000073   0.007725
      261 0.000073  -0.007706
      343 0.000073  -0.007657
      801 0.000072  -0.007549
      572 0.000071  -0.007508
      978 0.000071   0.007498
     1005 0.000071   0.007484
      262 0.000070  -0.007365
      414 0.000070   0.007365
      329 0.000070  -0.007346
      913 0.000069  -0.007305
      773 0.000069   0.007300
      597 0.000069  -0.007231
      748 0.000067  -0.007064
      596 0.000067  -0.007053
      390 0.000066   0.006964
      337 0.000066  -0.006906
      322 0.000065  -0.006885
      948 0.000064   0.006772
      545 0.000064  -0.006702
      561 0.000064   0.006694
      922 0.000063  -0.006588
      879 0.000062  -0.006575
      803 0.000062   0.006535
      654 0.000061   0.006449
      826 0.000061  -0.006449
      325 0.000061  -0.006394
      539 0.000060   0.006363
      249 0.000060  -0.006327
      831 0.000059   0.006255
      290 0.000058   0.006152
      864 0.000058   0.006129
      776 0.000058  -0.006094
      425 0.000058   0.006088
      332 0.000057  -0.006035
      895 0.000057   0.005993
      762 0.000057   0.005966
      268 0.000057  -0.005960
      722 0.000056  -0.005841
      789 0.000055   0.005836
      821 0.000055  -0.005797
      802 0.000054   0.005655
      333 0.000054  -0.005638
      627 0.000053   0.005606
      891 0.000053  -0.005583
      765 0.000053   0.005528
      860 0.000052  -0.005485
      589 0.000051  -0.005368
      610 0.000050  -0.005266
      528 0.000050   0.005226
      863 0.000049  -0.005208
      320 0.000047   0.004904
      406 0.000046  -0.004848
      335 0.000044  -0.004673
      870 0.000044  -0.004647
      943 0.000044   0.004607
      542 0.000044   0.004590
      222 0.000043  -0.004557
      805 0.000043  -0.004524
      245 0.000043  -0.004503
      823 0.000043   0.004492
      540 0.000042  -0.004398
      407 0.000042  -0.004392
      881 0.000041  -0.004280
      535 0.000040   0.004236
      775 0.000040   0.004235
      232 0.000040  -0.004184
      987 0.000039   0.004110
      792 0.000039   0.004084
      402 0.000038  -0.004031
      318 0.000038  -0.004009
      409 0.000038  -0.004005
      928 0.000038  -0.003973
      214 0.000038   0.003949
      359 0.000037  -0.003939
      590 0.000037  -0.003888
      216 0.000037  -0.003859
      364 0.000037   0.003851
      874 0.000037  -0.003843
      448 0.000036   0.003830
      603 0.000036  -0.003785
      224 0.000036  -0.003784
      289 0.000036   0.003783
      323 0.000036  -0.003764
      321 0.000035  -0.003685
      880 0.000035   0.003672
      694 0.000035   0.003640
     1001 0.000035  -0.003639
      867 0.000035   0.003633
      884 0.000035  -0.003631
      491 0.000034   0.003625
      614 0.000034   0.003613
      643 0.000034  -0.003612
      518 0.000034   0.003590
      894 0.000034  -0.003525
      342 0.000033   0.003504
      933 0.000033   0.003494
      169 0.000033  -0.003481
      488 0.000033   0.003457
      104 0.000032   0.003412
      858 0.000032  -0.003379
      296 0.000032  -0.003356
      350 0.000032  -0.003331
      310 0.000032  -0.003318
      532 0.000031   0.003294
      965 0.000031  -0.003273
      410 0.000031  -0.003263
      904 0.000030   0.003195
      319 0.000030   0.003185
      636 0.000030  -0.003142
      213 0.000030   0.003139
      530 0.000030   0.003127
      475 0.000030  -0.003121
     1025 0.000030   0.003113
      993 0.000030   0.003105
     1032 0.000030   0.003105
      198 0.000029   0.003052
      680 0.000029   0.003028
      950 0.000028  -0.002954
      413 0.000028   0.002946
      942 0.000028   0.002941
      524 0.000028  -0.002916
      276 0.000028   0.002909
      397 0.000027  -0.002893
      650 0.000027  -0.002871
      201 0.000027  -0.002853
      215 0.000027  -0.002815
      609 0.000026   0.002780
      445 0.000026  -0.002708
      259 0.000026  -0.002707
      842 0.000026  -0.002691
      432 0.000026   0.002690
      334 0.000025   0.002669
      814 0.000025   0.002602
      677 0.000025   0.002587
     1017 0.000024   0.002525
      424 0.000024  -0.002490
      297 0.000024  -0.002480
       88 0.000023  -0.002417
      293 0.000023   0.002408
      264 0.000023  -0.002407
     1034 0.000023  -0.002391
      849 0.000023   0.002373
      685 0.000022  -0.002347
      244 0.000022  -0.002324
      250 0.000022   0.002314
      399 0.000022  -0.002298
      837 0.000022  -0.002293
      900 0.000021  -0.002262
      935 0.000021  -0.002242
      405 0.000021   0.002210
      357 0.000021   0.002202
      330 0.000021  -0.002197
      479 0.000021   0.002182
      519 0.000020   0.002131
      347 0.000020  -0.002108
      917 0.000020   0.002106
      526 0.000020   0.002098
      237 0.000020   0.002097
      592 0.000020  -0.002095
      856 0.000020   0.002067
      314 0.000020  -0.002065
      502 0.000020   0.002059
      536 0.000019  -0.002047
      714 0.000019  -0.002023
      455 0.000019  -0.001998
      613 0.000019   0.001959
      811 0.000019   0.001957
      328 0.000019  -0.001952
      769 0.000018   0.001945
      681 0.000018  -0.001931
      307 0.000018  -0.001930
      512 0.000018  -0.001929
       93 0.000018  -0.001925
      514 0.000018   0.001910
      324 0.000018  -0.001897
      164 0.000018   0.001896
      463 0.000018  -0.001887
      938 0.000018   0.001886
      538 0.000018   0.001870
      272 0.000018   0.001854
      131 0.000018  -0.001847
      360 0.000017  -0.001830
      489 0.000017   0.001824
     1052 0.000017   0.001810
      326 0.000017   0.001791
      458 0.000017   0.001779
      662 0.000017  -0.001772
      260 0.000017   0.001765
      437 0.000017   0.001762
      907 0.000016   0.001720
      780 0.000016  -0.001707
      921 0.000016  -0.001684
      346 0.000016   0.001675
      588 0.000016   0.001672
      420 0.000016   0.001669
      252 0.000015  -0.001617
      971 0.000015  -0.001610
      794 0.000015   0.001610
      505 0.000015   0.001609
      240 0.000015  -0.001568
      927 0.000015  -0.001563
      669 0.000015   0.001551
      830 0.000015   0.001549
      608 0.000015  -0.001547
      816 0.000015   0.001547
      452 0.000015  -0.001533
      949 0.000015   0.001531
     1010 0.000015   0.001527
      165 0.000014   0.001522
      732 0.000014   0.001518
      363 0.000014   0.001507
      226 0.000014  -0.001496
      810 0.000014   0.001496
      791 0.000014   0.001481
      274 0.000014  -0.001450
      875 0.000014  -0.001435
      315 0.000014   0.001429
      934 0.000013  -0.001419
      964 0.000013   0.001419
      284 0.000013   0.001413
      649 0.000013  -0.001410
      450 0.000013  -0.001408
      483 0.000013  -0.001406
      988 0.000013  -0.001405
      191 0.000013   0.001400
     1073 0.000013  -0.001397
      619 0.000013   0.001392
      724 0.000013   0.001369
      221 0.000013   0.001352
      225 0.000013  -0.001334
      712 0.000013   0.001329
      304 0.000013  -0.001328
      233 0.000012   0.001284
      248 0.000012  -0.001277
       66 0.000012  -0.001277
       87 0.000012  -0.001276
      876 0.000012  -0.001255
      729 0.000012   0.001247
      705 0.000012  -0.001243
      957 0.000012   0.001232
      809 0.000012   0.001215
      534 0.000012  -0.001214
      804 0.000011  -0.001185
      966 0.000011   0.001175
      487 0.000011  -0.001166
      634 0.000011  -0.001161
      309 0.000011   0.001158
     1047 0.000011   0.001156
      839 0.000011   0.001149
      265 0.000011   0.001143
      473 0.000011  -0.001135
      368 0.000011  -0.001123
      188 0.000011  -0.001121
      462 0.000011   0.001112
       86 0.000010  -0.001099
      461 0.000010   0.001094
      888 0.000010   0.001090
     1061 0.000010  -0.001057
euclid. distance of OLC and linear combination of EV * x_coef: 0.00987512484073041

Generate samples based on objective loadcase 195
nr_to_generate: 25

Parameter variation distribution settings
distribution: uniform
low: 0.7
high: 1.3

Total process runtime: 0:00:01.277173
