Date and Time:2023-05-12 14:10:20.927310

Initial Settings:
similarity_model: <function cosine_similarity at 0x000001D005A6E5E0>
similarity_threshold: 1e-05
nr_eigv_to_select: None
distribution: uniform
deviation: 0.3
nr_to_generate: 25
recompute: False

Selected eigenvectors and similarity score w.r.t objective loadcase:
objective_loadcase_nr: 205
similarity_model: cosine_similarity
similarity_threshold: 1e-05
nr_eigv_to_select: None
nr_eigv_selected: 515
approximation parameter model: lstsq
similarity score and approx. param. value
:  eigv_idx    score      value
        3 0.591107  29.286861
        1 0.514923  25.512279
        2 0.508716 -25.204752
        0 0.353796  17.529111
       39 0.026243   1.300207
        6 0.023846   1.181463
        4 0.012708   0.629606
      639 0.003041   0.150687
      218 0.002358  -0.116819
       68 0.001966  -0.097391
      593 0.001889  -0.093577
      186 0.001880  -0.093131
      586 0.001773   0.087827
      612 0.001755  -0.086939
      710 0.001668  -0.082634
      187 0.001238  -0.061345
      595 0.001159   0.057429
      716 0.001130   0.055974
      143 0.001058   0.052415
      618 0.001043   0.051652
      668 0.001029   0.050971
      626 0.000989   0.049010
      663 0.000985  -0.048810
      686 0.000950  -0.047069
      749 0.000937  -0.046433
      194 0.000821   0.040668
      388 0.000816  -0.040450
      688 0.000814  -0.040316
      659 0.000742  -0.036744
      617 0.000717   0.035511
      599 0.000687   0.034047
      621 0.000666  -0.033002
      562 0.000653  -0.032376
      582 0.000653  -0.032373
      635 0.000639   0.031638
      670 0.000623   0.030854
      704 0.000616  -0.030521
      183 0.000576   0.028536
      341 0.000552   0.027347
      578 0.000546   0.027037
      735 0.000540  -0.026750
      718 0.000537  -0.026624
      733 0.000523   0.025896
      567 0.000518  -0.025663
      606 0.000505  -0.024998
      708 0.000502   0.024878
      579 0.000492   0.024377
      577 0.000486  -0.024090
      602 0.000472  -0.023362
      253 0.000471  -0.023320
      153 0.000465   0.023025
      267 0.000464  -0.023005
      698 0.000447  -0.022164
      709 0.000428  -0.021212
      220 0.000427  -0.021155
      696 0.000426  -0.021113
      575 0.000423   0.020970
      666 0.000419  -0.020751
      174 0.000411   0.020352
      258 0.000409  -0.020284
      620 0.000378  -0.018746
      707 0.000377  -0.018659
      753 0.000374  -0.018506
      137 0.000364  -0.018031
      601 0.000363   0.017974
       70 0.000356   0.017660
      756 0.000354  -0.017526
      230 0.000354  -0.017521
      641 0.000341  -0.016916
      683 0.000321   0.015928
      243 0.000320   0.015854
      227 0.000313   0.015510
      848 0.000311  -0.015425
      412 0.000310  -0.015369
      700 0.000309   0.015315
      853 0.000309  -0.015298
      273 0.000308  -0.015266
      583 0.000308  -0.015264
      699 0.000302  -0.014967
      210 0.000289  -0.014318
      419 0.000285  -0.014145
      793 0.000284  -0.014078
      759 0.000284  -0.014071
      403 0.000282   0.013983
       69 0.000280   0.013889
      757 0.000277  -0.013701
      362 0.000276  -0.013652
      763 0.000275   0.013614
      269 0.000272  -0.013467
      587 0.000272   0.013467
      741 0.000271   0.013428
      726 0.000270  -0.013386
      631 0.000270  -0.013361
      263 0.000266  -0.013160
      239 0.000262   0.012971
      383 0.000261   0.012908
      807 0.000257   0.012734
      739 0.000254  -0.012571
      235 0.000254  -0.012570
      750 0.000252   0.012502
      182 0.000252  -0.012495
      132 0.000236   0.011682
      299 0.000236   0.011676
      361 0.000235   0.011666
      787 0.000235   0.011663
      228 0.000231  -0.011429
      570 0.000220  -0.010884
      857 0.000215  -0.010652
      206 0.000199   0.009837
      818 0.000196  -0.009703
      377 0.000193  -0.009580
      824 0.000193   0.009552
      743 0.000193  -0.009542
      576 0.000189  -0.009363
      301 0.000183  -0.009058
       71 0.000182   0.009012
      184 0.000182  -0.009007
      204 0.000181   0.008990
      658 0.000180   0.008895
      742 0.000179  -0.008853
      855 0.000177  -0.008790
      400 0.000175  -0.008659
      373 0.000174  -0.008630
      427 0.000173  -0.008554
      859 0.000173   0.008552
      312 0.000171  -0.008488
      247 0.000170   0.008427
      770 0.000168   0.008322
      199 0.000166  -0.008220
      604 0.000166  -0.008217
      829 0.000165   0.008173
      175 0.000164  -0.008119
      564 0.000162  -0.008020
      580 0.000161  -0.008001
      591 0.000160   0.007939
      223 0.000159   0.007872
      290 0.000159   0.007867
      711 0.000158   0.007811
      553 0.000157  -0.007785
      795 0.000157   0.007776
      790 0.000157   0.007770
      549 0.000154  -0.007622
      800 0.000153  -0.007588
      392 0.000152   0.007520
      332 0.000151  -0.007498
      277 0.000151   0.007469
      667 0.000147   0.007306
      628 0.000146   0.007251
      775 0.000142   0.007060
      337 0.000141  -0.007007
      784 0.000140  -0.006918
      605 0.000139  -0.006872
      778 0.000138  -0.006843
      736 0.000137  -0.006809
      574 0.000135  -0.006685
      275 0.000135  -0.006667
      566 0.000133   0.006569
      585 0.000131  -0.006514
      820 0.000130  -0.006460
      808 0.000129   0.006369
      369 0.000127   0.006287
      355 0.000127   0.006274
      828 0.000126  -0.006255
      616 0.000126  -0.006233
      179 0.000123   0.006079
      329 0.000122  -0.006041
      665 0.000122  -0.006032
      941 0.000122  -0.006021
      298 0.000121  -0.006013
      271 0.000117   0.005798
      557 0.000116  -0.005753
      864 0.000115   0.005711
      241 0.000114   0.005662
      279 0.000114  -0.005639
      645 0.000112   0.005553
      423 0.000111  -0.005484
      943 0.000110   0.005475
      690 0.000110   0.005450
      257 0.000109  -0.005410
      431 0.000109  -0.005398
      217 0.000109  -0.005389
      773 0.000106   0.005243
      884 0.000105  -0.005224
      367 0.000105   0.005207
      801 0.000105  -0.005199
      294 0.000104  -0.005176
      251 0.000104  -0.005169
      201 0.000104  -0.005163
      769 0.000104   0.005146
      234 0.000104   0.005135
      398 0.000101  -0.005021
      638 0.000101  -0.005007
      171 0.000101  -0.004983
      380 0.000100   0.004961
      354 0.000100   0.004952
       88 0.000099  -0.004926
      255 0.000099  -0.004926
      684 0.000098  -0.004869
      600 0.000096  -0.004762
      728 0.000096  -0.004758
      744 0.000096  -0.004732
      697 0.000095   0.004729
      734 0.000094  -0.004669
      880 0.000094   0.004651
      799 0.000094  -0.004645
      285 0.000093   0.004601
      687 0.000091   0.004525
      782 0.000091  -0.004521
      815 0.000090  -0.004468
      321 0.000089  -0.004420
      353 0.000089  -0.004412
      436 0.000089   0.004394
      723 0.000088  -0.004371
      847 0.000088   0.004353
      292 0.000088  -0.004353
      762 0.000086  -0.004265
      569 0.000086   0.004263
      295 0.000085  -0.004214
      908 0.000085  -0.004211
      325 0.000083  -0.004114
      589 0.000083  -0.004109
      870 0.000083  -0.004092
      266 0.000083  -0.004091
      611 0.000082  -0.004059
      552 0.000080  -0.003970
      843 0.000079  -0.003910
      594 0.000078  -0.003889
      281 0.000078   0.003887
      948 0.000077   0.003822
       93 0.000077  -0.003798
      823 0.000076   0.003767
      581 0.000076  -0.003761
      342 0.000076   0.003742
      104 0.000075   0.003702
      701 0.000075  -0.003694
      107 0.000074  -0.003684
      694 0.000073   0.003625
      860 0.000072  -0.003555
      974 0.000072   0.003551
      573 0.000072   0.003545
      937 0.000072  -0.003543
      261 0.000071  -0.003505
      844 0.000071  -0.003500
      805 0.000070  -0.003467
      840 0.000070  -0.003455
      390 0.000070   0.003454
      826 0.000069  -0.003407
      283 0.000065   0.003244
      874 0.000065  -0.003241
      560 0.000065  -0.003228
      894 0.000065  -0.003204
      978 0.000064   0.003148
      302 0.000063  -0.003143
      318 0.000063  -0.003118
      364 0.000062  -0.003086
      308 0.000062  -0.003048
      654 0.000062   0.003047
      629 0.000061  -0.003039
      356 0.000060  -0.002992
      632 0.000060   0.002967
      386 0.000059   0.002925
      765 0.000059   0.002913
       91 0.000059  -0.002899
      291 0.000058   0.002878
      789 0.000058   0.002863
      780 0.000058   0.002863
      319 0.000056   0.002798
      957 0.000056   0.002790
      289 0.000056   0.002787
      539 0.000055   0.002740
      935 0.000055  -0.002733
      262 0.000055  -0.002729
      268 0.000055  -0.002721
      428 0.000055   0.002717
      849 0.000054   0.002669
      722 0.000054  -0.002665
      964 0.000054   0.002657
      590 0.000053  -0.002645
      414 0.000053   0.002606
      545 0.000052  -0.002557
     1095 0.000051  -0.002533
     1005 0.000051   0.002523
      988 0.000051  -0.002521
      278 0.000051   0.002515
      313 0.000051  -0.002511
      323 0.000051  -0.002503
      572 0.000050  -0.002491
      913 0.000050  -0.002465
      169 0.000050  -0.002463
     1096 0.000049   0.002415
      315 0.000048   0.002392
      895 0.000048   0.002378
      406 0.000048  -0.002364
      830 0.000048   0.002362
      138 0.000048  -0.002356
      792 0.000047   0.002346
      528 0.000047   0.002306
      584 0.000047  -0.002306
      833 0.000046  -0.002297
      425 0.000046   0.002296
      942 0.000046   0.002281
      841 0.000045   0.002247
      950 0.000045  -0.002228
      596 0.000045  -0.002222
      193 0.000045   0.002214
      882 0.000044   0.002202
      627 0.000044   0.002199
      904 0.000043   0.002155
      971 0.000043  -0.002154
      643 0.000043  -0.002119
      343 0.000042  -0.002099
      535 0.000042   0.002082
      831 0.000042   0.002059
      322 0.000041  -0.002041
      413 0.000040  -0.001963
      798 0.000039  -0.001944
      374 0.000039   0.001938
      842 0.000039  -0.001916
      922 0.000039  -0.001914
      727 0.000037  -0.001857
      821 0.000037  -0.001829
      394 0.000036   0.001777
      685 0.000035  -0.001740
      921 0.000035  -0.001718
      983 0.000035   0.001716
      244 0.000034  -0.001688
      568 0.000034   0.001682
      838 0.000034  -0.001668
      614 0.000033   0.001646
      225 0.000033   0.001640
      811 0.000033   0.001638
      359 0.000033   0.001626
      491 0.000033   0.001624
     1073 0.000033  -0.001620
      955 0.000033   0.001616
      407 0.000033  -0.001614
      650 0.000032  -0.001595
      226 0.000032   0.001581
      977 0.000032   0.001579
      881 0.000032  -0.001578
      791 0.000031   0.001557
      518 0.000031   0.001552
      357 0.000031  -0.001541
      488 0.000030   0.001502
      382 0.000030  -0.001498
      286 0.000030   0.001486
      810 0.000030   0.001474
      540 0.000030  -0.001471
      532 0.000029   0.001456
      794 0.000029   0.001435
      409 0.000029  -0.001433
      284 0.000029   0.001415
      402 0.000029  -0.001413
      669 0.000028   0.001393
      592 0.000028   0.001386
      597 0.000028  -0.001376
      898 0.000028   0.001375
      561 0.000027   0.001358
     1009 0.000027  -0.001353
      839 0.000027   0.001345
      310 0.000027  -0.001343
      448 0.000027   0.001332
      256 0.000027   0.001330
      837 0.000027  -0.001326
      927 0.000027  -0.001324
      360 0.000026   0.001303
      410 0.000026  -0.001281
      680 0.000026   0.001275
      333 0.000025  -0.001260
      475 0.000025  -0.001258
      713 0.000025   0.001252
      636 0.000025  -0.001240
      899 0.000025  -0.001237
      297 0.000025  -0.001236
      248 0.000025   0.001230
      623 0.000025  -0.001227
      524 0.000025  -0.001226
      598 0.000025  -0.001225
      835 0.000025  -0.001225
      161 0.000025   0.001215
      236 0.000024   0.001195
      655 0.000024  -0.001189
      933 0.000024   0.001185
      222 0.000024  -0.001176
      902 0.000024  -0.001172
      610 0.000024  -0.001172
      934 0.000024  -0.001167
      445 0.000023  -0.001163
      366 0.000023   0.001146
      876 0.000023  -0.001126
      875 0.000023  -0.001124
      384 0.000023  -0.001116
      832 0.000022   0.001109
      852 0.000022  -0.001107
     1016 0.000022  -0.001102
      764 0.000022  -0.001087
      856 0.000022   0.001084
      609 0.000022   0.001081
      959 0.000022  -0.001073
      526 0.000022   0.001072
      316 0.000022  -0.001069
     1010 0.000022   0.001066
      328 0.000021  -0.001065
     1003 0.000021  -0.001049
      542 0.000021   0.001048
      530 0.000021   0.001047
     1020 0.000021  -0.001046
      868 0.000021   0.001045
     1034 0.000021  -0.001036
      928 0.000021  -0.001025
      238 0.000021  -0.001019
      691 0.000020   0.001009
      879 0.000020  -0.001008
      334 0.000020   0.001002
      916 0.000020  -0.000995
     1032 0.000020   0.000987
      320 0.000020   0.000979
      131 0.000019   0.000960
      424 0.000019  -0.000950
      270 0.000019  -0.000945
      209 0.000019   0.000924
      479 0.000019   0.000922
      748 0.000018  -0.000908
      399 0.000018  -0.000906
      432 0.000018   0.000905
       50 0.000018   0.000891
      514 0.000018   0.000885
      640 0.000018  -0.000884
       56 0.000018   0.000882
      198 0.000018  -0.000882
      259 0.000018   0.000880
      804 0.000018   0.000878
      677 0.000018   0.000877
      264 0.000018   0.000870
     1040 0.000017  -0.000866
      637 0.000017  -0.000865
      625 0.000017  -0.000857
       45 0.000017   0.000843
      265 0.000017   0.000840
      987 0.000017   0.000835
      814 0.000017   0.000828
      720 0.000016  -0.000817
      588 0.000016   0.000807
      536 0.000016  -0.000800
      729 0.000016  -0.000794
      746 0.000016   0.000790
      463 0.000016  -0.000771
      740 0.000016   0.000768
      216 0.000015  -0.000767
      649 0.000015  -0.000767
      405 0.000015   0.000762
      188 0.000015  -0.000761
      455 0.000015  -0.000754
      335 0.000015  -0.000750
      519 0.000015   0.000748
      437 0.000015   0.000748
      903 0.000015   0.000747
      717 0.000015  -0.000745
      936 0.000015   0.000734
      296 0.000015  -0.000734
      966 0.000015   0.000731
     1001 0.000015  -0.000730
      282 0.000015  -0.000725
      502 0.000015   0.000723
      714 0.000014  -0.000713
      512 0.000014  -0.000708
      254 0.000014  -0.000705
      994 0.000014  -0.000704
      214 0.000014   0.000697
      809 0.000014   0.000693
      671 0.000014   0.000692
       38 0.000014   0.000682
      648 0.000014  -0.000679
      324 0.000013  -0.000659
      984 0.000013  -0.000657
      803 0.000013   0.000655
      755 0.000013   0.000647
      738 0.000013  -0.000645
      458 0.000013   0.000642
       51 0.000013  -0.000633
      642 0.000013   0.000633
      747 0.000012   0.000616
      760 0.000012  -0.000614
      489 0.000012   0.000612
      613 0.000012  -0.000611
      693 0.000012   0.000608
      952 0.000012  -0.000607
      949 0.000012   0.000601
      215 0.000012  -0.000596
      603 0.000012   0.000594
      802 0.000012   0.000592
      732 0.000012   0.000590
       62 0.000012   0.000588
      249 0.000012   0.000575
     1025 0.000012   0.000574
      452 0.000011  -0.000568
      272 0.000011   0.000563
      450 0.000011  -0.000557
      397 0.000011  -0.000546
      858 0.000011  -0.000541
       43 0.000011  -0.000539
      776 0.000011  -0.000532
     1017 0.000011   0.000531
      656 0.000011   0.000527
      505 0.000011   0.000525
      705 0.000011   0.000525
      646 0.000011   0.000523
      768 0.000011  -0.000521
      863 0.000011   0.000521
       92 0.000010  -0.000516
      644 0.000010   0.000516
      487 0.000010  -0.000509
      350 0.000010   0.000502
      634 0.000010  -0.000499
       31 0.000010   0.000496
euclid. distance of OLC and linear combination of EV * x_coef: 0.0048735371063806186

Generate samples based on objective loadcase 205
nr_to_generate: 25

Parameter variation distribution settings
distribution: uniform
low: 0.7
high: 1.3

Total process runtime: 0:00:01.258500
