Date and Time:2023-05-12 14:07:16.546684

Initial Settings:
similarity_model: <function cosine_similarity at 0x000001D005A6E5E0>
similarity_threshold: 1e-05
nr_eigv_to_select: None
distribution: uniform
deviation: 0.3
nr_to_generate: 25
recompute: False

Selected eigenvectors and similarity score w.r.t objective loadcase:
objective_loadcase_nr: 66
similarity_model: cosine_similarity
similarity_threshold: 1e-05
nr_eigv_to_select: None
nr_eigv_selected: 457
approximation parameter model: lstsq
similarity score and approx. param. value
:  eigv_idx    score      value
        1 0.548007  58.801828
        3 0.542663  58.228430
        2 0.498956 -53.538638
        0 0.390908  41.944954
        6 0.053275   5.716487
       39 0.020132   2.160175
        4 0.010642   1.141866
      639 0.003820   0.409927
      186 0.002338  -0.250893
      593 0.002156  -0.231389
      612 0.002140  -0.229574
      586 0.001969   0.211264
       68 0.001944  -0.208645
      218 0.001829  -0.196205
      716 0.001630   0.174943
      187 0.001560  -0.167384
      710 0.001544  -0.165671
      663 0.001445  -0.155072
      618 0.001415   0.151832
      668 0.001333   0.143073
      595 0.001254   0.134508
      194 0.001069   0.114714
      659 0.001006  -0.107939
      626 0.000966   0.103618
      686 0.000956  -0.102585
      388 0.000943  -0.101196
      617 0.000928   0.099555
      143 0.000894   0.095969
      182 0.000859  -0.092218
      599 0.000836   0.089651
      688 0.000813  -0.087186
      562 0.000792  -0.084962
      635 0.000782   0.083873
      582 0.000777  -0.083321
      670 0.000772   0.082816
      183 0.000739   0.079246
      700 0.000714   0.076604
      578 0.000713   0.076457
      621 0.000709  -0.076049
      184 0.000680  -0.072961
      579 0.000669   0.071794
      733 0.000655   0.070294
      698 0.000652  -0.069971
      683 0.000649   0.069691
      749 0.000603  -0.064650
      341 0.000596   0.063940
      704 0.000586  -0.062860
      718 0.000580  -0.062228
      666 0.000554  -0.059497
      602 0.000553  -0.059311
      253 0.000540  -0.057940
      606 0.000502  -0.053869
      567 0.000502  -0.053825
      708 0.000491   0.052680
      577 0.000477  -0.051166
      153 0.000474   0.050892
      174 0.000464   0.049813
      699 0.000449  -0.048141
      641 0.000437  -0.046938
      575 0.000419   0.044951
      735 0.000414  -0.044400
      220 0.000414  -0.044385
      620 0.000412  -0.044237
      210 0.000403  -0.043193
      267 0.000400  -0.042936
      709 0.000394  -0.042302
      583 0.000394  -0.042300
      228 0.000392  -0.042089
      707 0.000360  -0.038603
      179 0.000357   0.038288
      601 0.000350   0.037588
      848 0.000346  -0.037135
      362 0.000343  -0.036823
      807 0.000332   0.035597
      412 0.000331  -0.035545
      419 0.000329  -0.035341
      631 0.000329  -0.035293
      696 0.000328  -0.035145
       70 0.000326   0.034961
      171 0.000316  -0.033883
      403 0.000308   0.033029
      204 0.000299   0.032045
      756 0.000292  -0.031345
      258 0.000290  -0.031156
      587 0.000289   0.030960
      243 0.000288   0.030901
      753 0.000285  -0.030585
      137 0.000284  -0.030468
      604 0.000283  -0.030408
      383 0.000280   0.030062
      757 0.000278  -0.029803
      570 0.000261  -0.027980
      576 0.000256  -0.027450
      377 0.000243  -0.026026
      199 0.000239  -0.025611
      628 0.000235   0.025164
      400 0.000228  -0.024423
      273 0.000226  -0.024295
      580 0.000225  -0.024196
      815 0.000219  -0.023455
      658 0.000216   0.023173
      564 0.000212  -0.022761
      793 0.000212  -0.022732
      132 0.000212   0.022700
      573 0.000210   0.022487
      853 0.000209  -0.022455
      741 0.000203   0.021828
      665 0.000201  -0.021586
      941 0.000200  -0.021422
      254 0.000197   0.021112
      739 0.000195  -0.020891
      301 0.000193  -0.020755
      427 0.000193  -0.020745
      361 0.000193   0.020743
      800 0.000192  -0.020652
      549 0.000190  -0.020375
      787 0.000189   0.020299
      828 0.000187  -0.020022
      175 0.000185  -0.019851
      269 0.000185  -0.019830
      230 0.000183  -0.019656
      299 0.000183   0.019585
      271 0.000182   0.019544
      667 0.000179   0.019212
      687 0.000176   0.018892
      255 0.000174  -0.018644
      820 0.000173  -0.018562
      277 0.000172   0.018461
      784 0.000171  -0.018328
      574 0.000170  -0.018289
      557 0.000169  -0.018088
      373 0.000167  -0.017956
      247 0.000167   0.017883
      743 0.000165  -0.017661
      711 0.000164   0.017624
      161 0.000161   0.017292
      369 0.000159   0.017023
      585 0.000154  -0.016569
      235 0.000151  -0.016254
      380 0.000151   0.016252
      398 0.000151  -0.016182
      392 0.000150   0.016057
      750 0.000149   0.016008
      236 0.000147   0.015796
      148 0.000146   0.015663
      855 0.000145  -0.015551
      227 0.000143   0.015367
      217 0.000142  -0.015232
      726 0.000141  -0.015150
      605 0.000141  -0.015128
      857 0.000141  -0.015093
      295 0.000140  -0.015075
      795 0.000139   0.014871
      234 0.000138   0.014828
      312 0.000137  -0.014715
      808 0.000137   0.014690
      356 0.000135  -0.014493
      566 0.000135   0.014441
      257 0.000133  -0.014287
      697 0.000132   0.014215
      353 0.000131  -0.014086
      239 0.000131   0.014082
      908 0.000131  -0.014075
      355 0.000131   0.014032
      690 0.000131   0.014027
      790 0.000131   0.014018
      847 0.000129   0.013879
      553 0.000129  -0.013794
      423 0.000128  -0.013762
      431 0.000127  -0.013662
      645 0.000126   0.013549
      294 0.000125  -0.013451
      736 0.000125  -0.013364
      974 0.000124   0.013339
      818 0.000124  -0.013255
      354 0.000122   0.013092
      742 0.000122  -0.013078
      640 0.000122  -0.013074
      263 0.000121  -0.012989
      275 0.000120  -0.012889
      638 0.000119  -0.012801
      436 0.000119   0.012792
      629 0.000119  -0.012724
      591 0.000115   0.012370
      581 0.000113  -0.012134
      778 0.000111  -0.011950
      882 0.000110   0.011853
      799 0.000110  -0.011759
      840 0.000110  -0.011751
      266 0.000108  -0.011558
      859 0.000108   0.011550
      600 0.000107  -0.011458
      798 0.000104   0.011151
      367 0.000104   0.011115
      684 0.000103  -0.011089
      584 0.000103  -0.011004
      616 0.000102  -0.010940
      249 0.000102  -0.010932
      107 0.000101  -0.010888
      241 0.000101   0.010882
      844 0.000101  -0.010814
      223 0.000100   0.010759
      281 0.000099   0.010657
      759 0.000099   0.010572
      740 0.000098  -0.010535
      611 0.000098  -0.010528
       71 0.000098  -0.010516
      561 0.000098   0.010480
      569 0.000097   0.010431
      572 0.000097  -0.010400
       91 0.000096  -0.010258
      824 0.000095   0.010141
      261 0.000093  -0.009958
     1095 0.000092  -0.009891
      723 0.000091  -0.009747
      594 0.000091  -0.009738
      262 0.000090  -0.009695
      292 0.000089  -0.009591
      832 0.000086   0.009278
      308 0.000086  -0.009275
      829 0.000085   0.009166
      734 0.000084  -0.009063
      337 0.000084  -0.008976
      206 0.000083   0.008936
      302 0.000083  -0.008855
      222 0.000082  -0.008767
      744 0.000081  -0.008672
      955 0.000080   0.008592
      728 0.000079  -0.008426
      552 0.000078  -0.008375
      632 0.000078   0.008367
      596 0.000077  -0.008313
      937 0.000076  -0.008202
     1005 0.000075   0.008089
      614 0.000075   0.008082
      748 0.000075  -0.008037
      386 0.000075   0.008033
      978 0.000074   0.007908
      654 0.000074   0.007905
      803 0.000074   0.007890
      251 0.000073  -0.007869
      332 0.000073  -0.007830
      560 0.000073  -0.007823
      298 0.000073  -0.007812
      343 0.000072  -0.007760
      428 0.000072   0.007742
      913 0.000072  -0.007732
      279 0.000072  -0.007728
      390 0.000071   0.007601
      701 0.000071  -0.007594
      291 0.000071   0.007570
      209 0.000070  -0.007546
      722 0.000070  -0.007499
      879 0.000068  -0.007323
      922 0.000068  -0.007276
      414 0.000067   0.007202
      425 0.000067   0.007158
      268 0.000067  -0.007156
      597 0.000066  -0.007081
      545 0.000066  -0.007069
      762 0.000066   0.007040
      826 0.000065  -0.007016
      843 0.000065  -0.007015
      863 0.000064  -0.006829
      891 0.000063  -0.006785
      374 0.000063   0.006778
      539 0.000063   0.006708
      801 0.000062  -0.006653
      782 0.000062  -0.006630
      802 0.000062   0.006606
      776 0.000062  -0.006603
      948 0.000061   0.006558
      319 0.000061   0.006539
      322 0.000061  -0.006500
      895 0.000058   0.006237
      193 0.000056  -0.006008
      313 0.000056  -0.005988
      407 0.000056  -0.005976
      627 0.000055   0.005897
      394 0.000055   0.005878
      329 0.000055  -0.005854
      528 0.000054   0.005762
      831 0.000053   0.005659
      821 0.000053  -0.005648
      289 0.000052   0.005549
      138 0.000050   0.005356
      232 0.000050  -0.005341
      325 0.000050  -0.005314
       88 0.000049  -0.005290
      397 0.000049  -0.005261
      765 0.000049   0.005223
      789 0.000048   0.005106
      323 0.000047  -0.005073
      860 0.000047  -0.005035
      290 0.000047   0.005031
      542 0.000047   0.005015
      169 0.000047  -0.005004
      792 0.000047   0.004992
      297 0.000046  -0.004987
      770 0.000046   0.004947
      805 0.000045  -0.004871
      535 0.000045   0.004828
      590 0.000045  -0.004792
      198 0.000044   0.004721
      650 0.000043  -0.004662
      694 0.000043   0.004621
      540 0.000043  -0.004572
      870 0.000043  -0.004571
      867 0.000042   0.004517
      987 0.000042   0.004503
      858 0.000042  -0.004501
      342 0.000042   0.004486
      864 0.000042   0.004476
      928 0.000041  -0.004450
      104 0.000041   0.004441
      881 0.000041  -0.004389
      409 0.000041  -0.004373
      321 0.000041  -0.004353
      773 0.000039   0.004184
       93 0.000039  -0.004167
      589 0.000039  -0.004155
      775 0.000038   0.004048
      518 0.000037   0.004021
      823 0.000037   0.004007
      448 0.000037   0.003977
     1001 0.000037  -0.003933
      491 0.000036   0.003889
      874 0.000036  -0.003873
      933 0.000035   0.003745
      608 0.000035  -0.003719
      677 0.000034   0.003624
      532 0.000034   0.003615
      965 0.000033  -0.003547
      488 0.000033   0.003538
      410 0.000033  -0.003512
      310 0.000032  -0.003469
      201 0.000032  -0.003469
      993 0.000032   0.003448
      315 0.000032   0.003421
      904 0.000032   0.003404
     1025 0.000032   0.003396
      445 0.000031  -0.003350
      603 0.000031  -0.003329
     1032 0.000031   0.003315
      530 0.000030   0.003271
      950 0.000030  -0.003241
      894 0.000030  -0.003211
      475 0.000030  -0.003208
      636 0.000029  -0.003131
      524 0.000029  -0.003104
      943 0.000029   0.003066
      942 0.000028   0.002979
      880 0.000028   0.002959
      424 0.000027  -0.002938
      649 0.000027  -0.002900
      842 0.000027  -0.002899
     1017 0.000027   0.002846
      900 0.000025  -0.002711
      643 0.000025  -0.002638
      366 0.000024   0.002593
      814 0.000024   0.002591
     1034 0.000024  -0.002577
      830 0.000024   0.002572
      938 0.000024   0.002551
      224 0.000024  -0.002531
      432 0.000023   0.002491
      780 0.000023  -0.002419
      349 0.000022  -0.002414
      917 0.000022   0.002411
      526 0.000022   0.002369
      685 0.000022  -0.002343
      680 0.000021   0.002298
      502 0.000021   0.002284
      286 0.000021   0.002258
      519 0.000021   0.002256
      727 0.000021  -0.002229
      455 0.000021  -0.002212
      714 0.000020  -0.002153
      536 0.000020  -0.002146
      884 0.000020  -0.002111
      479 0.000020   0.002109
      949 0.000019   0.002060
      244 0.000019  -0.002043
      437 0.000019   0.002034
      514 0.000019   0.002025
      463 0.000019  -0.002023
      512 0.000019  -0.002005
      245 0.000018  -0.001971
      794 0.000018   0.001971
      856 0.000018   0.001970
     1052 0.000018   0.001958
      505 0.000018   0.001953
      646 0.000018   0.001945
      489 0.000018   0.001942
      592 0.000018  -0.001913
      346 0.000018   0.001904
      240 0.000017   0.001866
      662 0.000017  -0.001862
      838 0.000017   0.001844
      538 0.000017   0.001823
      458 0.000017   0.001817
      907 0.000017   0.001801
      839 0.000017  -0.001783
      320 0.000016  -0.001768
      713 0.000016   0.001735
      237 0.000016  -0.001685
      732 0.000016   0.001668
      283 0.000015   0.001654
      402 0.000015   0.001638
      769 0.000015   0.001608
      252 0.000015   0.001588
      450 0.000015  -0.001587
      609 0.000015  -0.001582
     1010 0.000014   0.001535
      296 0.000014   0.001535
      406 0.000014   0.001529
      324 0.000014  -0.001507
      804 0.000014  -0.001502
      755 0.000014  -0.001475
      588 0.000014   0.001467
      816 0.000013   0.001440
       66 0.000013  -0.001397
      483 0.000013  -0.001390
      250 0.000012  -0.001340
      883 0.000012   0.001326
      619 0.000012   0.001319
     1073 0.000012  -0.001312
      225 0.000012  -0.001310
      226 0.000012  -0.001301
     1047 0.000012   0.001290
      927 0.000012  -0.001289
      811 0.000012   0.001284
      478 0.000012   0.001283
      462 0.000012   0.001281
      335 0.000011   0.001213
      260 0.000011  -0.001203
      634 0.000011  -0.001194
      534 0.000011  -0.001179
      868 0.000011  -0.001176
      487 0.000011  -0.001167
      101 0.000011  -0.001165
      364 0.000011   0.001161
      214 0.000011  -0.001159
      384 0.000011  -0.001158
      669 0.000011   0.001155
      473 0.000011  -0.001153
      598 0.000011   0.001136
      921 0.000011  -0.001130
      934 0.000010  -0.001125
      791 0.000010   0.001122
      418 0.000010  -0.001111
      510 0.000010  -0.001104
       98 0.000010  -0.001100
      809 0.000010   0.001099
      702 0.000010  -0.001092
      461 0.000010   0.001087
     1061 0.000010  -0.001086
euclid. distance of OLC and linear combination of EV * x_coef: 0.009188779493896848

Generate samples based on objective loadcase 66
nr_to_generate: 25

Parameter variation distribution settings
distribution: uniform
low: 0.7
high: 1.3

Total process runtime: 0:00:01.199625
