Date and Time:2023-05-12 14:13:09.028119

Initial Settings:
similarity_model: <function cosine_similarity at 0x000001D005A6E5E0>
similarity_threshold: 1e-05
nr_eigv_to_select: None
distribution: uniform
deviation: 0.3
nr_to_generate: 25
recompute: False

Selected eigenvectors and similarity score w.r.t objective loadcase:
objective_loadcase_nr: 331
similarity_model: cosine_similarity
similarity_threshold: 1e-05
nr_eigv_to_select: None
nr_eigv_selected: 470
approximation parameter model: lstsq
similarity score and approx. param. value
:  eigv_idx    score      value
        1 0.547123  45.601280
        3 0.544666  45.396529
        2 0.498708 -41.566012
        0 0.389857  32.493602
        6 0.052602   4.384258
       39 0.017477   1.456675
        4 0.010707   0.892397
       68 0.004986  -0.415536
      639 0.003929   0.327481
      186 0.002280  -0.190034
      612 0.002153  -0.179438
      593 0.002074  -0.172876
       71 0.002060  -0.171717
      586 0.001902   0.158557
      218 0.001724  -0.143707
       69 0.001672  -0.139347
      663 0.001559  -0.129953
      618 0.001539   0.128311
      187 0.001487  -0.123945
      716 0.001482   0.123557
      710 0.001426  -0.118867
      668 0.001352   0.112723
      595 0.001203   0.100280
      194 0.001058   0.088198
      182 0.001030  -0.085844
      659 0.001016  -0.084696
      617 0.000927   0.077283
      388 0.000902  -0.075205
      686 0.000858  -0.071523
      626 0.000857   0.071410
      143 0.000844   0.070358
       70 0.000834   0.069538
      599 0.000827   0.068899
      635 0.000803   0.066922
      562 0.000776  -0.064696
      700 0.000763   0.063626
      582 0.000762  -0.063486
      688 0.000755  -0.062952
      683 0.000745   0.062131
      670 0.000743   0.061906
      579 0.000738   0.061480
      184 0.000725  -0.060394
      578 0.000705   0.058735
      749 0.000680  -0.056639
      621 0.000665  -0.055396
      183 0.000658   0.054862
      733 0.000645   0.053728
      698 0.000627  -0.052252
      228 0.000598  -0.049836
      602 0.000564  -0.047049
      341 0.000557   0.046465
      666 0.000553  -0.046052
      718 0.000545  -0.045408
      253 0.000527  -0.043918
      704 0.000480  -0.040009
      735 0.000464  -0.038651
      567 0.000461  -0.038426
      708 0.000447   0.037222
      641 0.000442  -0.036863
      606 0.000440  -0.036708
      699 0.000437  -0.036409
      174 0.000434   0.036212
      577 0.000421  -0.035052
      179 0.000414   0.034466
      575 0.000405   0.033765
      583 0.000402  -0.033510
      153 0.000401   0.033389
      620 0.000400  -0.033355
      210 0.000398  -0.033209
      220 0.000394  -0.032830
      171 0.000378  -0.031515
      362 0.000371  -0.030880
      267 0.000370  -0.030815
      137 0.000367  -0.030605
      709 0.000364  -0.030321
      631 0.000335  -0.027933
      848 0.000329  -0.027415
      601 0.000323   0.026957
      604 0.000320  -0.026706
      243 0.000318   0.026517
      403 0.000316   0.026307
      419 0.000312  -0.026039
      707 0.000311  -0.025909
      204 0.000311   0.025893
      756 0.000308  -0.025705
      412 0.000305  -0.025397
      576 0.000303  -0.025241
      628 0.000299   0.024884
      807 0.000291   0.024243
      757 0.000288  -0.024042
      587 0.000279   0.023231
      383 0.000278   0.023150
      258 0.000273  -0.022725
      753 0.000262  -0.021871
      199 0.000261  -0.021764
      400 0.000254  -0.021201
      132 0.000250   0.020837
      787 0.000245   0.020388
      271 0.000243   0.020258
      573 0.000239   0.019961
      377 0.000235  -0.019603
      570 0.000235  -0.019570
      236 0.000234   0.019481
      254 0.000229   0.019089
      853 0.000227  -0.018879
      161 0.000225   0.018733
       91 0.000224  -0.018653
      741 0.000219   0.018235
      148 0.000219   0.018225
      277 0.000218   0.018203
      815 0.000216  -0.018033
      658 0.000212   0.017642
      696 0.000211  -0.017550
      665 0.000210  -0.017500
      564 0.000209  -0.017397
      580 0.000206  -0.017193
      640 0.000204  -0.016966
      739 0.000202  -0.016831
      941 0.000196  -0.016321
      273 0.000192  -0.015998
      234 0.000192   0.015969
      687 0.000181   0.015077
      301 0.000179  -0.014955
      667 0.000179   0.014941
      427 0.000179  -0.014887
      743 0.000175  -0.014622
      175 0.000175  -0.014614
      750 0.000175   0.014610
      800 0.000172  -0.014332
      557 0.000172  -0.014302
      828 0.000170  -0.014159
      566 0.000170   0.014134
      361 0.000168   0.014009
      356 0.000164  -0.013687
      299 0.000164   0.013676
      793 0.000161  -0.013410
      857 0.000160  -0.013346
      255 0.000160  -0.013331
      549 0.000159  -0.013234
      217 0.000157  -0.013088
      138 0.000157   0.013075
      380 0.000153   0.012786
      247 0.000153   0.012728
      257 0.000151  -0.012547
      820 0.000150  -0.012529
      369 0.000148   0.012310
      784 0.000146  -0.012189
      711 0.000145   0.012120
      790 0.000145   0.012074
      574 0.000142  -0.011822
      373 0.000142  -0.011821
      107 0.000140  -0.011703
      585 0.000139  -0.011596
      353 0.000138  -0.011540
      269 0.000138  -0.011535
      855 0.000137  -0.011405
      398 0.000137  -0.011403
      645 0.000135   0.011279
      690 0.000134   0.011149
      629 0.000133  -0.011061
      726 0.000131  -0.010879
      908 0.000130  -0.010868
      859 0.000129   0.010730
      818 0.000128  -0.010682
      436 0.000128   0.010669
      295 0.000128  -0.010643
      847 0.000126   0.010534
      697 0.000124   0.010344
      798 0.000124   0.010319
      742 0.000124  -0.010310
      553 0.000123  -0.010281
      795 0.000122   0.010136
      423 0.000121  -0.010123
      354 0.000121   0.010096
      801 0.000120  -0.010003
      974 0.000120   0.009999
      355 0.000120   0.009981
      808 0.000119   0.009932
      736 0.000119  -0.009931
      367 0.000119   0.009923
      294 0.000119  -0.009920
      431 0.000119  -0.009917
      241 0.000119   0.009889
      249 0.000118  -0.009823
      222 0.000117  -0.009764
      581 0.000117  -0.009757
      605 0.000117  -0.009729
      263 0.000116  -0.009688
      392 0.000115   0.009601
      600 0.000115  -0.009587
      281 0.000115   0.009580
      308 0.000113  -0.009385
      829 0.000112   0.009369
      638 0.000110  -0.009134
      552 0.000109  -0.009122
      312 0.000107  -0.008956
      594 0.000106  -0.008826
      824 0.000105   0.008771
      840 0.000105  -0.008750
      759 0.000102   0.008486
      882 0.000101   0.008446
      235 0.000099  -0.008280
      266 0.000099  -0.008246
      799 0.000097  -0.008097
      611 0.000097  -0.008088
      844 0.000096  -0.008031
      292 0.000094  -0.007797
      386 0.000094   0.007797
      684 0.000093  -0.007778
      291 0.000092   0.007695
      803 0.000092   0.007686
      206 0.000092   0.007681
      262 0.000092  -0.007663
      394 0.000091   0.007578
      302 0.000089  -0.007445
      832 0.000089   0.007405
      572 0.000088  -0.007318
     1095 0.000088  -0.007294
      744 0.000087  -0.007228
      778 0.000086  -0.007132
      343 0.000086  -0.007129
      632 0.000085   0.007118
      740 0.000084  -0.007042
      261 0.000084  -0.007008
      597 0.000084  -0.006963
      584 0.000083  -0.006941
      561 0.000083   0.006895
      193 0.000081  -0.006791
      209 0.000081  -0.006754
      734 0.000079  -0.006608
      428 0.000079   0.006602
      802 0.000079   0.006596
      701 0.000078  -0.006532
      723 0.000078  -0.006527
      374 0.000077   0.006412
      955 0.000077   0.006399
      805 0.000076  -0.006368
      275 0.000076  -0.006363
      232 0.000076  -0.006351
      414 0.000076   0.006303
      313 0.000074  -0.006188
      591 0.000074   0.006149
      748 0.000074  -0.006131
      937 0.000074  -0.006127
      390 0.000073   0.006071
      728 0.000073  -0.006043
     1005 0.000072   0.006025
      913 0.000072  -0.006014
      826 0.000071  -0.005932
      654 0.000070   0.005841
      978 0.000070   0.005838
      560 0.000070  -0.005832
      569 0.000070   0.005824
      770 0.000069   0.005753
      722 0.000067  -0.005615
      776 0.000067  -0.005598
      843 0.000067  -0.005543
      922 0.000066  -0.005523
      539 0.000066   0.005467
      545 0.000065  -0.005448
      773 0.000065   0.005439
      762 0.000064   0.005323
      268 0.000064  -0.005293
      879 0.000062  -0.005196
      251 0.000062  -0.005194
      337 0.000062  -0.005165
      298 0.000062  -0.005164
      596 0.000062  -0.005138
      895 0.000060   0.005032
      782 0.000059  -0.004929
      831 0.000059   0.004929
      614 0.000059   0.004908
      239 0.000058   0.004855
      864 0.000058   0.004835
      425 0.000058   0.004813
      603 0.000057  -0.004758
      279 0.000057  -0.004713
      589 0.000056  -0.004670
      325 0.000056  -0.004663
      948 0.000054   0.004506
      863 0.000054  -0.004504
      223 0.000054   0.004482
      407 0.000054  -0.004464
      329 0.000053  -0.004417
      789 0.000053   0.004400
      870 0.000052  -0.004331
      891 0.000052  -0.004319
      528 0.000051   0.004291
      627 0.000051   0.004287
      289 0.000051   0.004283
      322 0.000051  -0.004273
      332 0.000051  -0.004220
      131 0.000050  -0.004173
      765 0.000050   0.004167
      860 0.000048  -0.004017
       88 0.000048   0.003987
      821 0.000047  -0.003920
      297 0.000047  -0.003903
      540 0.000045  -0.003770
      319 0.000045   0.003711
      224 0.000044  -0.003694
      542 0.000044   0.003676
       93 0.000044   0.003661
      323 0.000044  -0.003654
      881 0.000043  -0.003568
      409 0.000043  -0.003554
      858 0.000042  -0.003486
      874 0.000042  -0.003474
      884 0.000041  -0.003440
      616 0.000041  -0.003439
      987 0.000041   0.003420
      535 0.000041   0.003403
      928 0.000041  -0.003393
      397 0.000040  -0.003350
      780 0.000040  -0.003334
      823 0.000040   0.003294
      227 0.000039   0.003258
      448 0.000039   0.003237
      880 0.000039   0.003232
      867 0.000038   0.003130
      364 0.000037   0.003075
      950 0.000037  -0.003070
      792 0.000036   0.002974
      904 0.000035   0.002944
      518 0.000035   0.002925
      943 0.000035   0.002921
      413 0.000035   0.002904
      608 0.000035  -0.002895
      491 0.000035   0.002895
      636 0.000034  -0.002870
      933 0.000034   0.002849
     1001 0.000034  -0.002836
      230 0.000034  -0.002806
      290 0.000034   0.002793
      894 0.000033  -0.002760
      410 0.000033  -0.002759
      310 0.000033  -0.002751
      488 0.000033   0.002746
      334 0.000033   0.002737
      530 0.000032   0.002685
      677 0.000031   0.002621
      532 0.000031   0.002607
      590 0.000031  -0.002544
      475 0.000030  -0.002541
      993 0.000030   0.002538
     1025 0.000030   0.002526
      643 0.000030  -0.002523
      842 0.000030  -0.002515
      650 0.000030  -0.002495
      342 0.000030   0.002482
      942 0.000030   0.002469
      359 0.000029  -0.002449
     1032 0.000029   0.002430
      432 0.000029   0.002398
      965 0.000029  -0.002383
      216 0.000028  -0.002366
      315 0.000028   0.002365
      524 0.000028  -0.002348
      680 0.000028   0.002328
      445 0.000028  -0.002309
      198 0.000027   0.002291
      201 0.000027  -0.002282
      169 0.000027  -0.002270
      226 0.000026  -0.002188
     1017 0.000026   0.002137
      694 0.000026   0.002132
      938 0.000025   0.002086
      592 0.000025  -0.002054
      333 0.000025  -0.002054
      814 0.000024   0.002041
      775 0.000024   0.002007
      225 0.000024  -0.002006
      424 0.000024  -0.001982
      214 0.000023   0.001955
     1034 0.000023  -0.001941
      610 0.000023  -0.001931
      321 0.000023  -0.001918
      900 0.000023  -0.001915
      406 0.000022  -0.001866
      538 0.000022   0.001823
      917 0.000022   0.001808
      536 0.000022  -0.001804
      519 0.000022   0.001801
      245 0.000021  -0.001791
      420 0.000021   0.001763
      360 0.000021  -0.001741
      502 0.000021   0.001741
      455 0.000021  -0.001722
      357 0.000021   0.001716
      685 0.000020  -0.001699
      479 0.000020   0.001689
      320 0.000020   0.001664
      350 0.000020  -0.001658
      512 0.000019  -0.001616
      964 0.000019   0.001614
      402 0.000019  -0.001610
      286 0.000019   0.001608
      328 0.000019  -0.001584
      489 0.000019   0.001578
      215 0.000019  -0.001575
      526 0.000019   0.001559
      463 0.000018  -0.001537
      949 0.000018   0.001535
      714 0.000018  -0.001532
     1052 0.000018   0.001468
      437 0.000017   0.001458
      505 0.000017   0.001458
      335 0.000017  -0.001443
      458 0.000017   0.001434
      514 0.000017   0.001434
      856 0.000017   0.001422
      276 0.000017   0.001419
      324 0.000017  -0.001384
      681 0.000016  -0.001371
      727 0.000016  -0.001355
      988 0.000016  -0.001316
      830 0.000016   0.001310
      662 0.000016  -0.001292
      732 0.000015   0.001290
      252 0.000015   0.001290
      837 0.000015  -0.001278
      213 0.000015   0.001263
      804 0.000014  -0.001191
      957 0.000014   0.001190
      452 0.000014  -0.001189
      264 0.000014  -0.001184
      649 0.000014  -0.001183
      221 0.000014   0.001182
      191 0.000014   0.001178
      534 0.000014  -0.001177
      450 0.000014  -0.001174
      888 0.000014   0.001158
      971 0.000014  -0.001150
      229 0.000014   0.001148
      483 0.000014  -0.001138
      347 0.000013  -0.001121
      233 0.000013   0.001118
     1010 0.000013   0.001097
      399 0.000013  -0.001096
      619 0.000013   0.001090
      192 0.000013  -0.001089
      296 0.000013  -0.001086
       66 0.000013  -0.001069
      816 0.000013   0.001044
      927 0.000012  -0.001026
      852 0.000012  -0.001005
      669 0.000012   0.000993
      366 0.000012   0.000987
      755 0.000012  -0.000980
      346 0.000012   0.000978
      634 0.000012  -0.000975
      462 0.000012   0.000969
     1047 0.000012   0.000965
      921 0.000012  -0.000963
      934 0.000011  -0.000941
      763 0.000011  -0.000939
      713 0.000011   0.000937
      887 0.000011   0.000936
      849 0.000011   0.000919
      487 0.000011  -0.000912
      811 0.000011   0.000899
      966 0.000011   0.000896
      935 0.000011  -0.000891
      178 0.000011  -0.000884
      473 0.000011  -0.000883
     1073 0.000011  -0.000882
      543 0.000011  -0.000882
      363 0.000010   0.000872
       86 0.000010   0.000839
      907 0.000010   0.000834
euclid. distance of OLC and linear combination of EV * x_coef: 0.007850571769235563

Generate samples based on objective loadcase 331
nr_to_generate: 25

Parameter variation distribution settings
distribution: uniform
low: 0.7
high: 1.3

Total process runtime: 0:00:01.268960
