Date and Time:2023-05-12 14:22:25.279370

Initial Settings:
similarity_model: <function cosine_similarity at 0x000001D005A6E5E0>
similarity_threshold: 1e-05
nr_eigv_to_select: None
distribution: uniform
deviation: 0.3
nr_to_generate: 25
recompute: False

Selected eigenvectors and similarity score w.r.t objective loadcase:
objective_loadcase_nr: 749
similarity_model: cosine_similarity
similarity_threshold: 1e-05
nr_eigv_to_select: None
nr_eigv_selected: 617
approximation parameter model: lstsq
similarity score and approx. param. value
:  eigv_idx    score      value
        1 0.562482  56.365845
        3 0.529211  53.031794
        2 0.483928 -48.494004
        0 0.406839  40.769031
        6 0.058849   5.897247
       39 0.013386   1.341441
        4 0.009714   0.973462
       68 0.004968  -0.497820
      639 0.003711   0.371868
      186 0.002673  -0.267846
       71 0.002107  -0.211148
      612 0.002032  -0.203623
      593 0.001885  -0.188932
      187 0.001751  -0.175447
      586 0.001720   0.172313
       69 0.001710  -0.171391
      618 0.001669   0.167243
      716 0.001667   0.167080
      710 0.001558  -0.156164
      663 0.001524  -0.152693
      668 0.001471   0.147457
      218 0.001387  -0.138999
      194 0.001237   0.123968
      659 0.001109  -0.111141
      595 0.001089   0.109097
      617 0.001016   0.101832
      686 0.000925  -0.092698
      700 0.000862   0.086422
       70 0.000846   0.084732
      182 0.000837  -0.083855
      388 0.000831  -0.083303
      688 0.000812  -0.081414
      183 0.000811   0.081262
      579 0.000806   0.080816
      683 0.000752   0.075403
      599 0.000745   0.074689
      635 0.000729   0.073075
      562 0.000724  -0.072583
      582 0.000711  -0.071237
      626 0.000706   0.070744
      749 0.000695  -0.069661
      670 0.000692   0.069380
      578 0.000691   0.069220
      143 0.000673   0.067488
      253 0.000645  -0.064668
      666 0.000636  -0.063753
      184 0.000633  -0.063444
      698 0.000622  -0.062340
      733 0.000605   0.060653
      621 0.000588  -0.058911
      602 0.000532  -0.053317
      228 0.000528  -0.052957
      718 0.000519  -0.052007
      210 0.000507  -0.050774
      341 0.000500   0.050093
      174 0.000499   0.049975
      735 0.000488  -0.048907
      708 0.000487   0.048826
      704 0.000452  -0.045278
      153 0.000450   0.045048
      699 0.000428  -0.042933
      641 0.000426  -0.042682
      362 0.000399  -0.039970
      204 0.000397   0.039788
      709 0.000397  -0.039769
      567 0.000386  -0.038681
      583 0.000385  -0.038595
      606 0.000366  -0.036634
      577 0.000358  -0.035909
      620 0.000347  -0.034747
      576 0.000346  -0.034647
      756 0.000341  -0.034196
      243 0.000336   0.033687
      179 0.000336   0.033639
      628 0.000336   0.033625
      575 0.000329   0.033003
      171 0.000325  -0.032599
      220 0.000317  -0.031717
      757 0.000309  -0.030923
      199 0.000305  -0.030552
      848 0.000299  -0.030006
      267 0.000299  -0.029955
      604 0.000298  -0.029853
      601 0.000291   0.029165
      419 0.000290  -0.029071
      787 0.000281   0.028109
      631 0.000280  -0.028096
      707 0.000280  -0.028084
      403 0.000278   0.027879
      400 0.000277  -0.027748
      412 0.000275  -0.027593
      573 0.000274   0.027421
      277 0.000262   0.026265
      807 0.000258   0.025896
      383 0.000255   0.025597
      759 0.000248   0.024804
      587 0.000246   0.024680
      640 0.000246  -0.024625
      658 0.000240   0.024040
      815 0.000238  -0.023840
      570 0.000237  -0.023778
      236 0.000235   0.023567
      137 0.000235  -0.023527
      853 0.000230  -0.023086
      271 0.000226   0.022696
       91 0.000226  -0.022621
      665 0.000226  -0.022601
      377 0.000221  -0.022173
      739 0.000217  -0.021735
      580 0.000217  -0.021732
      132 0.000215   0.021551
      741 0.000213   0.021341
      564 0.000213  -0.021340
      161 0.000208   0.020848
      356 0.000206  -0.020666
      254 0.000200   0.020031
      175 0.000199  -0.019931
      941 0.000197  -0.019775
      148 0.000197   0.019769
      258 0.000186  -0.018627
      234 0.000186   0.018605
      687 0.000183   0.018335
      217 0.000183  -0.018333
      750 0.000183   0.018313
      711 0.000182   0.018244
      753 0.000181  -0.018185
      667 0.000178   0.017870
      380 0.000177   0.017702
      629 0.000176  -0.017647
      549 0.000172  -0.017274
      857 0.000170  -0.017079
      353 0.000167  -0.016717
      566 0.000167   0.016695
      427 0.000166  -0.016615
      557 0.000164  -0.016454
      798 0.000164   0.016436
      255 0.000164  -0.016413
      301 0.000161  -0.016136
      790 0.000161   0.016094
      801 0.000159  -0.015954
      828 0.000157  -0.015773
      295 0.000156  -0.015675
      398 0.000156  -0.015662
      800 0.000154  -0.015467
      107 0.000154  -0.015436
      257 0.000149  -0.014958
      696 0.000148  -0.014873
      369 0.000148   0.014805
      269 0.000145  -0.014569
      585 0.000144  -0.014425
      600 0.000143  -0.014355
      299 0.000143   0.014296
      574 0.000140  -0.014031
      726 0.000140  -0.014016
      847 0.000140   0.014007
      436 0.000140   0.013997
      638 0.000139  -0.013900
      859 0.000138   0.013796
      763 0.000137  -0.013715
      784 0.000133  -0.013326
      273 0.000133  -0.013293
      690 0.000132   0.013268
      138 0.000132   0.013201
      908 0.000131  -0.013090
      308 0.000130  -0.013048
      561 0.000130   0.013012
      247 0.000130   0.012979
      605 0.000129  -0.012933
      820 0.000129  -0.012929
      281 0.000125   0.012508
      645 0.000125   0.012499
      974 0.000124   0.012381
      818 0.000123  -0.012371
      743 0.000121  -0.012139
      803 0.000120   0.012019
      594 0.000119  -0.011919
      367 0.000119   0.011882
      632 0.000117   0.011756
      697 0.000117   0.011688
      581 0.000115  -0.011547
      736 0.000114  -0.011473
      361 0.000114   0.011465
      423 0.000113  -0.011353
      829 0.000113   0.011347
      431 0.000113  -0.011305
      740 0.000112  -0.011267
      762 0.000111   0.011151
      241 0.000109   0.010924
      373 0.000108  -0.010782
      294 0.000105  -0.010522
      249 0.000105  -0.010494
      832 0.000105   0.010476
      386 0.000104   0.010471
      882 0.000104   0.010430
      268 0.000104  -0.010400
      266 0.000103  -0.010273
      840 0.000102  -0.010188
      824 0.000102   0.010178
      802 0.000102   0.010172
      354 0.000101   0.010151
      808 0.000101   0.010102
      855 0.000101  -0.010078
      684 0.000100  -0.010067
      394 0.000100   0.009977
      614 0.000099   0.009880
      206 0.000098   0.009831
      844 0.000098  -0.009815
      343 0.000098  -0.009802
      302 0.000097  -0.009740
      222 0.000097  -0.009717
      355 0.000097   0.009684
      392 0.000095   0.009553
      553 0.000094  -0.009403
      291 0.000094   0.009375
      611 0.000092  -0.009220
     1095 0.000090  -0.009022
      584 0.000090  -0.009000
      723 0.000089  -0.008964
      262 0.000089  -0.008964
      795 0.000089   0.008958
      232 0.000089  -0.008924
      805 0.000089  -0.008869
      572 0.000088  -0.008812
      701 0.000088  -0.008775
      313 0.000088  -0.008768
      596 0.000087  -0.008678
      552 0.000086  -0.008668
      374 0.000086   0.008655
      428 0.000086   0.008645
      793 0.000086  -0.008643
      251 0.000085  -0.008497
      799 0.000084  -0.008421
      728 0.000084  -0.008372
      826 0.000082  -0.008224
      955 0.000082   0.008211
      627 0.000082   0.008203
      414 0.000082   0.008197
      261 0.000081  -0.008074
      734 0.000080  -0.007973
      742 0.000079  -0.007880
      223 0.000078   0.007776
      364 0.000076   0.007633
      654 0.000076   0.007620
      748 0.000076  -0.007578
       88 0.000075   0.007522
      289 0.000074   0.007450
      776 0.000074  -0.007373
       81 0.000074  -0.007367
      545 0.000073  -0.007323
      597 0.000072  -0.007226
      608 0.000072  -0.007171
      913 0.000071  -0.007140
      407 0.000071  -0.007135
      780 0.000071  -0.007114
     1005 0.000071   0.007090
      209 0.000070  -0.006984
      263 0.000069  -0.006921
      778 0.000069  -0.006885
      922 0.000068  -0.006805
       74 0.000068  -0.006768
      425 0.000067   0.006733
      298 0.000067  -0.006718
      937 0.000067  -0.006692
      863 0.000067  -0.006669
      390 0.000066   0.006590
      292 0.000066  -0.006586
      770 0.000065   0.006560
      193 0.000065  -0.006508
      843 0.000065  -0.006488
      879 0.000065  -0.006467
      978 0.000064   0.006431
      312 0.000064  -0.006427
      225 0.000061  -0.006094
      123 0.000060   0.006062
      744 0.000060  -0.006056
       80 0.000060   0.006048
      539 0.000060   0.005985
      226 0.000060  -0.005978
      560 0.000060  -0.005973
      891 0.000059  -0.005912
      864 0.000059   0.005897
      650 0.000058  -0.005843
      569 0.000058   0.005834
      782 0.000058  -0.005815
      895 0.000058   0.005803
      773 0.000056   0.005637
      870 0.000056  -0.005620
      112 0.000055  -0.005558
      130 0.000055   0.005530
      589 0.000055  -0.005505
      252 0.000055   0.005476
      155 0.000055  -0.005463
      765 0.000054   0.005435
       87 0.000054   0.005428
      677 0.000054   0.005392
      319 0.000053   0.005356
      264 0.000053  -0.005311
      858 0.000053  -0.005264
       63 0.000052  -0.005260
      722 0.000052  -0.005213
      359 0.000052  -0.005198
      139 0.000051   0.005148
      542 0.000050   0.005044
      831 0.000050   0.005038
      145 0.000050  -0.005038
      625 0.000050   0.005014
      131 0.000050  -0.005002
      409 0.000049  -0.004929
      540 0.000049  -0.004883
      789 0.000049   0.004880
      150 0.000049   0.004868
      322 0.000048  -0.004821
      591 0.000048   0.004801
      528 0.000048   0.004784
      325 0.000048  -0.004783
       73 0.000048  -0.004780
      230 0.000047  -0.004729
      397 0.000047  -0.004716
      103 0.000047  -0.004711
      128 0.000046   0.004622
      286 0.000046   0.004589
      987 0.000045   0.004499
      318 0.000045   0.004482
      867 0.000045   0.004475
      874 0.000044  -0.004436
       90 0.000043   0.004348
      159 0.000043   0.004321
      235 0.000043  -0.004295
      413 0.000042   0.004250
      928 0.000042  -0.004232
      331 0.000042  -0.004226
      448 0.000042   0.004221
      881 0.000042  -0.004164
      309 0.000041  -0.004150
       64 0.000041   0.004126
      609 0.000041  -0.004121
      152 0.000041  -0.004117
      360 0.000041  -0.004116
      603 0.000041  -0.004108
      884 0.000041  -0.004108
      649 0.000041  -0.004066
      337 0.000041  -0.004065
      332 0.000040  -0.004053
       84 0.000040  -0.004022
      357 0.000040   0.003989
      948 0.000040   0.003974
      950 0.000040  -0.003965
      227 0.000039   0.003938
       93 0.000039   0.003925
      114 0.000039   0.003896
      775 0.000039  -0.003893
      154 0.000039  -0.003874
      323 0.000039  -0.003867
      880 0.000038   0.003854
     1001 0.000037  -0.003729
      636 0.000037  -0.003718
      315 0.000037   0.003710
      535 0.000037   0.003694
      993 0.000037   0.003672
      310 0.000036  -0.003631
      965 0.000036  -0.003600
      275 0.000036  -0.003591
      250 0.000036  -0.003589
      680 0.000036   0.003586
      860 0.000036  -0.003562
      530 0.000035   0.003521
      239 0.000035   0.003515
      823 0.000035   0.003498
      821 0.000035  -0.003477
       75 0.000035  -0.003462
      838 0.000034   0.003451
      181 0.000034  -0.003438
      125 0.000034  -0.003427
      201 0.000034  -0.003404
      933 0.000034   0.003396
      904 0.000034   0.003382
      518 0.000033   0.003335
     1025 0.000033   0.003323
      151 0.000033  -0.003271
      694 0.000033   0.003271
      304 0.000032   0.003248
      287 0.000032   0.003201
      288 0.000032  -0.003188
      568 0.000032  -0.003169
      410 0.000032  -0.003157
      104 0.000031  -0.003155
      894 0.000031  -0.003145
       60 0.000031   0.003119
      297 0.000031  -0.003115
      769 0.000031  -0.003114
      491 0.000031   0.003082
      330 0.000031  -0.003076
      642 0.000031  -0.003069
      814 0.000031   0.003067
      314 0.000031   0.003062
      224 0.000031  -0.003059
      432 0.000030   0.003051
       86 0.000030   0.002996
      445 0.000030  -0.002980
      158 0.000030   0.002979
      558 0.000029   0.002950
      259 0.000029  -0.002932
      382 0.000029   0.002924
      136 0.000029   0.002921
      376 0.000029   0.002900
      842 0.000029  -0.002897
      943 0.000029   0.002886
     1032 0.000029   0.002885
      685 0.000029  -0.002875
      240 0.000029   0.002871
      942 0.000028   0.002853
      424 0.000028  -0.002850
      590 0.000028  -0.002840
     1017 0.000028   0.002828
      532 0.000028   0.002823
      488 0.000028   0.002816
      792 0.000028   0.002806
      475 0.000028  -0.002804
      129 0.000028  -0.002798
      592 0.000028  -0.002766
      118 0.000027  -0.002753
      755 0.000027  -0.002740
       54 0.000027  -0.002715
      646 0.000027   0.002706
       95 0.000027   0.002693
      368 0.000027  -0.002665
      524 0.000026  -0.002634
       45 0.000026  -0.002631
      351 0.000026  -0.002627
      900 0.000026  -0.002604
      363 0.000026   0.002593
      345 0.000026   0.002592
      681 0.000026  -0.002591
      385 0.000026  -0.002567
       77 0.000025   0.002550
      329 0.000025  -0.002536
      804 0.000025  -0.002509
      938 0.000025   0.002504
      610 0.000025   0.002477
      365 0.000025   0.002468
      324 0.000024  -0.002445
      406 0.000024   0.002444
      144 0.000024  -0.002430
      110 0.000024   0.002423
      538 0.000024   0.002397
      502 0.000024   0.002387
      101 0.000024  -0.002387
      285 0.000024  -0.002382
       83 0.000024   0.002381
      133 0.000024   0.002377
      598 0.000024   0.002370
       62 0.000024   0.002356
      917 0.000023   0.002348
      519 0.000023   0.002343
       53 0.000023  -0.002333
      248 0.000023  -0.002289
      290 0.000022  -0.002248
       38 0.000022  -0.002241
      656 0.000022  -0.002241
      556 0.000022  -0.002232
      157 0.000022   0.002232
      505 0.000022   0.002219
      350 0.000022  -0.002216
      830 0.000022   0.002210
       56 0.000022   0.002209
      278 0.000022  -0.002206
      489 0.000022   0.002189
      146 0.000022   0.002176
      156 0.000022  -0.002163
      536 0.000022  -0.002155
      695 0.000021  -0.002115
      279 0.000021  -0.002106
      455 0.000021  -0.002082
      352 0.000021  -0.002074
      613 0.000021  -0.002073
       17 0.000021   0.002059
      714 0.000020  -0.002054
      111 0.000020   0.002052
        7 0.000020   0.002052
       55 0.000020  -0.002051
     1034 0.000020  -0.002035
      115 0.000020   0.002032
      623 0.000020   0.002031
      662 0.000020  -0.002028
        8 0.000020  -0.002026
       98 0.000020  -0.002006
       18 0.000020  -0.002004
       82 0.000020  -0.002002
      320 0.000020  -0.001994
      105 0.000020  -0.001986
      238 0.000020   0.001983
      336 0.000020   0.001960
       52 0.000020   0.001959
      375 0.000019   0.001939
      120 0.000019  -0.001915
      949 0.000019   0.001904
      512 0.000019  -0.001873
      644 0.000019  -0.001872
      402 0.000019   0.001872
       48 0.000019  -0.001855
     1052 0.000018   0.001826
      276 0.000018   0.001815
      387 0.000018   0.001814
      342 0.000018   0.001812
       51 0.000018   0.001811
      344 0.000018  -0.001811
      458 0.000018   0.001805
      420 0.000018   0.001798
      588 0.000018   0.001784
      169 0.000018  -0.001777
       29 0.000018   0.001755
      185 0.000017   0.001747
      664 0.000017  -0.001738
      479 0.000017   0.001737
       96 0.000017   0.001737
      463 0.000017  -0.001729
      437 0.000017   0.001723
      109 0.000017   0.001722
       20 0.000017  -0.001716
      106 0.000017   0.001714
       92 0.000017   0.001705
      358 0.000017   0.001700
      565 0.000017   0.001688
      100 0.000017  -0.001686
      165 0.000017  -0.001681
      317 0.000017   0.001680
      282 0.000017  -0.001679
      964 0.000017   0.001677
       97 0.000016   0.001633
       36 0.000016   0.001631
      534 0.000016  -0.001616
      339 0.000016   0.001610
       12 0.000016   0.001602
      796 0.000016   0.001568
      655 0.000016   0.001567
      237 0.000016  -0.001560
      732 0.000016   0.001560
      140 0.000015  -0.001549
      839 0.000015  -0.001534
      526 0.000015   0.001527
       57 0.000015  -0.001522
      178 0.000015  -0.001522
       15 0.000015  -0.001513
       31 0.000015  -0.001501
      191 0.000015   0.001494
      379 0.000015   0.001477
      514 0.000015   0.001473
      396 0.000015   0.001470
      242 0.000014   0.001451
      371 0.000014   0.001443
      307 0.000014  -0.001442
      713 0.000014   0.001442
      113 0.000014   0.001440
      450 0.000014  -0.001415
      483 0.000014  -0.001407
       11 0.000014  -0.001397
       89 0.000014   0.001394
       43 0.000014   0.001394
      462 0.000014   0.001389
      868 0.000014  -0.001388
      571 0.000014  -0.001381
        5 0.000014  -0.001375
      162 0.000014   0.001373
      559 0.000014   0.001358
      346 0.000014   0.001357
       24 0.000013  -0.001350
      102 0.000013   0.001339
      316 0.000013   0.001321
      256 0.000013  -0.001319
      168 0.000013  -0.001302
      180 0.000013   0.001298
       59 0.000013   0.001295
      729 0.000013   0.001295
      426 0.000013   0.001289
      449 0.000013  -0.001288
      177 0.000013   0.001287
      856 0.000013   0.001283
     1047 0.000013   0.001279
      229 0.000013   0.001272
      349 0.000013  -0.001267
      676 0.000013  -0.001258
      988 0.000013  -0.001255
      724 0.000012   0.001244
      984 0.000012   0.001240
       22 0.000012   0.001239
      816 0.000012   0.001231
      966 0.000012   0.001228
      543 0.000012  -0.001214
      233 0.000012   0.001207
      669 0.000012   0.001204
      192 0.000012  -0.001185
       27 0.000012  -0.001176
      555 0.000012   0.001164
      737 0.000012   0.001161
      619 0.000012   0.001156
       23 0.000011   0.001145
      510 0.000011  -0.001143
      712 0.000011   0.001140
       46 0.000011  -0.001139
      927 0.000011  -0.001137
      372 0.000011  -0.001130
      296 0.000011   0.001123
      473 0.000011  -0.001114
      849 0.000011  -0.001104
      195 0.000011   0.001103
      661 0.000011  -0.001092
      340 0.000011  -0.001091
      378 0.000011  -0.001072
      338 0.000010   0.001051
      971 0.000010  -0.001049
      328 0.000010  -0.001045
      418 0.000010  -0.001039
     1074 0.000010   0.001035
      907 0.000010   0.001030
      934 0.000010  -0.001026
      760 0.000010   0.001018
      994 0.000010  -0.001011
euclid. distance of OLC and linear combination of EV * x_coef: 0.009079176683418051

Generate samples based on objective loadcase 749
nr_to_generate: 25

Parameter variation distribution settings
distribution: uniform
low: 0.7
high: 1.3

Total process runtime: 0:00:01.381148
