Date and Time:2023-05-12 14:10:46.048797

Initial Settings:
similarity_model: <function cosine_similarity at 0x000001D005A6E5E0>
similarity_threshold: 1e-05
nr_eigv_to_select: None
distribution: uniform
deviation: 0.3
nr_to_generate: 25
recompute: False

Selected eigenvectors and similarity score w.r.t objective loadcase:
objective_loadcase_nr: 224
similarity_model: cosine_similarity
similarity_threshold: 1e-05
nr_eigv_to_select: None
nr_eigv_selected: 577
approximation parameter model: lstsq
similarity score and approx. param. value
:  eigv_idx    score      value
        3 0.565349  43.285878
        1 0.533597  40.854785
        2 0.503063 -38.516920
        0 0.374544  28.676866
        6 0.038666   2.960490
       39 0.024488   1.874901
        4 0.011575   0.886240
      639 0.003358   0.257099
      186 0.002300  -0.176063
      218 0.002222  -0.170105
      593 0.002039  -0.156104
      612 0.001925  -0.147412
      586 0.001868   0.142995
      710 0.001681  -0.128703
      187 0.001492  -0.114210
      716 0.001455   0.111379
      595 0.001211   0.092701
      618 0.001194   0.091455
      668 0.001169   0.089494
      663 0.001150  -0.088080
      194 0.001028   0.078671
      626 0.001001   0.076607
      686 0.000979  -0.074932
      388 0.000883  -0.067601
      659 0.000859  -0.065757
      688 0.000829  -0.063468
      617 0.000820   0.062776
      749 0.000765  -0.058565
      599 0.000759   0.058084
      582 0.000733  -0.056087
      562 0.000707  -0.054116
      635 0.000699   0.053515
      621 0.000695  -0.053240
       69 0.000688   0.052658
      143 0.000685   0.052412
      670 0.000684   0.052390
      183 0.000679   0.051961
       68 0.000666  -0.051002
       71 0.000648   0.049626
      704 0.000618  -0.047325
      578 0.000604   0.046249
      341 0.000579   0.044336
      733 0.000572   0.043786
      253 0.000569  -0.043569
      718 0.000559  -0.042784
      579 0.000554   0.042434
      698 0.000527  -0.040341
      708 0.000519   0.039715
      153 0.000515   0.039454
      606 0.000515  -0.039418
      567 0.000512  -0.039184
      602 0.000484  -0.037023
      700 0.000483   0.037002
      577 0.000479  -0.036699
      666 0.000470  -0.035975
      735 0.000469  -0.035936
      174 0.000467   0.035773
      267 0.000466  -0.035692
      683 0.000435   0.033300
      709 0.000430  -0.032930
      575 0.000423   0.032357
      696 0.000408  -0.031205
      210 0.000407  -0.031170
      707 0.000388  -0.029686
      620 0.000386  -0.029532
      601 0.000378   0.028973
      220 0.000376  -0.028808
      230 0.000375  -0.028698
      641 0.000374  -0.028636
      258 0.000368  -0.028151
      699 0.000360  -0.027587
      753 0.000332  -0.025454
      848 0.000331  -0.025322
      583 0.000329  -0.025189
      756 0.000327  -0.025019
      412 0.000323  -0.024727
      227 0.000317   0.024264
      182 0.000312  -0.023913
      807 0.000311   0.023784
      419 0.000308  -0.023611
      631 0.000304  -0.023241
      362 0.000302  -0.023133
      273 0.000293  -0.022405
      403 0.000287   0.022000
      235 0.000287  -0.021994
      587 0.000286   0.021907
      383 0.000275   0.021062
      757 0.000271  -0.020739
      793 0.000269  -0.020591
      853 0.000262  -0.020064
      570 0.000261  -0.020004
      269 0.000257  -0.019688
      204 0.000249   0.019095
      239 0.000247   0.018948
      243 0.000242   0.018533
      263 0.000235  -0.018014
      299 0.000232   0.017734
      739 0.000229  -0.017505
      741 0.000226   0.017313
      726 0.000226  -0.017268
      576 0.000225  -0.017257
      199 0.000219  -0.016741
      604 0.000218  -0.016726
      184 0.000218  -0.016682
      377 0.000214  -0.016401
      580 0.000211  -0.016192
      361 0.000211   0.016179
      658 0.000203   0.015517
      564 0.000203  -0.015510
      750 0.000198   0.015135
      400 0.000194  -0.014881
      301 0.000191  -0.014638
      175 0.000185  -0.014145
      800 0.000184  -0.014123
      427 0.000184  -0.014087
      206 0.000183   0.014017
      787 0.000182   0.013959
      574 0.000178  -0.013595
      818 0.000177  -0.013569
      855 0.000173  -0.013259
      857 0.000173  -0.013225
      628 0.000172   0.013179
      373 0.000172  -0.013149
      820 0.000170  -0.013005
      247 0.000169   0.012973
      784 0.000168  -0.012900
      549 0.000168  -0.012881
      828 0.000167  -0.012808
      711 0.000165   0.012654
      132 0.000164   0.012572
      941 0.000164  -0.012547
      392 0.000162   0.012431
      743 0.000162  -0.012405
      217 0.000160  -0.012227
      312 0.000159  -0.012169
      557 0.000158  -0.012108
      553 0.000158  -0.012101
      223 0.000156   0.011947
      667 0.000154   0.011760
      369 0.000152   0.011667
      795 0.000152   0.011633
      332 0.000151  -0.011565
      824 0.000151   0.011555
      566 0.000150   0.011456
      275 0.000150  -0.011455
      742 0.000148  -0.011296
      605 0.000147  -0.011284
      585 0.000147  -0.011271
      591 0.000145   0.011106
      815 0.000145  -0.011085
      137 0.000143  -0.010972
      257 0.000142  -0.010905
       70 0.000142   0.010874
      808 0.000142   0.010835
      228 0.000140  -0.010706
      790 0.000139   0.010635
      179 0.000139   0.010627
      337 0.000138  -0.010546
      665 0.000137  -0.010501
      763 0.000137   0.010492
      736 0.000137  -0.010488
      778 0.000136  -0.010406
      616 0.000136  -0.010380
      398 0.000135  -0.010309
      859 0.000133   0.010207
      380 0.000131   0.010028
      290 0.000131   0.010023
      573 0.000131   0.010002
      266 0.000130  -0.009964
      645 0.000127   0.009749
      277 0.000127   0.009690
      690 0.000125   0.009553
      829 0.000124   0.009519
      295 0.000121  -0.009260
      423 0.000120  -0.009165
      329 0.000119  -0.009136
      431 0.000118  -0.009046
      355 0.000118   0.009040
      171 0.000118  -0.009007
      687 0.000117   0.008970
      684 0.000117  -0.008960
      354 0.000116   0.008914
      638 0.000115  -0.008784
      569 0.000112   0.008603
      908 0.000111  -0.008522
      294 0.000111  -0.008476
      799 0.000110  -0.008390
       88 0.000109  -0.008339
      261 0.000109  -0.008314
      353 0.000108  -0.008302
      356 0.000108  -0.008250
      697 0.000106   0.008094
      847 0.000105   0.008025
      241 0.000105   0.008015
      600 0.000102  -0.007772
      974 0.000101   0.007769
      436 0.000101   0.007745
      271 0.000101   0.007722
      770 0.000101   0.007712
      759 0.000101  -0.007697
      775 0.000100   0.007628
      298 0.000099  -0.007561
      723 0.000098  -0.007515
      728 0.000096  -0.007315
      201 0.000095  -0.007273
      255 0.000094  -0.007220
      840 0.000094  -0.007194
      734 0.000094  -0.007177
      367 0.000093   0.007152
      292 0.000092  -0.007057
      279 0.000092  -0.007047
      584 0.000091  -0.006954
      611 0.000088  -0.006718
      844 0.000087  -0.006643
      782 0.000087  -0.006640
      281 0.000085   0.006518
      285 0.000083   0.006380
       93 0.000081  -0.006236
      701 0.000081  -0.006212
      560 0.000081  -0.006205
      104 0.000081   0.006191
      937 0.000081  -0.006174
      882 0.000080   0.006127
      321 0.000080  -0.006122
      325 0.000080  -0.006099
      744 0.000078  -0.006010
      864 0.000077   0.005933
      581 0.000077  -0.005911
      948 0.000076   0.005839
      594 0.000076  -0.005812
     1095 0.000075  -0.005737
      302 0.000073  -0.005588
      978 0.000073   0.005581
      291 0.000073   0.005555
      596 0.000072  -0.005514
      629 0.000072  -0.005480
      843 0.000071  -0.005415
      654 0.000068   0.005219
      552 0.000067  -0.005138
      943 0.000067   0.005119
      234 0.000066   0.005053
     1005 0.000066   0.005031
      268 0.000065  -0.004968
      860 0.000065  -0.004966
      769 0.000064   0.004903
      632 0.000064   0.004893
      913 0.000063  -0.004809
      826 0.000062  -0.004770
      428 0.000061   0.004708
      342 0.000061   0.004678
      289 0.000061   0.004668
      251 0.000061  -0.004662
      773 0.000061   0.004648
      789 0.000061   0.004640
      561 0.000060   0.004574
      545 0.000059  -0.004529
      284 0.000059   0.004525
      107 0.000059  -0.004498
      386 0.000059   0.004483
      313 0.000058  -0.004442
      823 0.000058   0.004441
      414 0.000058   0.004422
      425 0.000058   0.004418
      539 0.000058   0.004415
      722 0.000058  -0.004403
      390 0.000057   0.004401
      955 0.000057   0.004382
      895 0.000057   0.004329
      694 0.000056   0.004275
      323 0.000056  -0.004270
      318 0.000056  -0.004252
      322 0.000055  -0.004243
      765 0.000055   0.004235
      922 0.000054  -0.004151
      589 0.000054  -0.004144
      870 0.000053  -0.004089
      884 0.000053  -0.004063
      262 0.000053  -0.004045
      831 0.000052   0.003999
      880 0.000052   0.003979
      333 0.000052  -0.003954
      821 0.000051  -0.003875
      374 0.000051   0.003870
      528 0.000050   0.003855
      572 0.000050  -0.003818
      590 0.000050  -0.003795
      792 0.000049   0.003778
      138 0.000049  -0.003778
      343 0.000049  -0.003749
      319 0.000049   0.003735
      643 0.000049  -0.003718
      259 0.000047   0.003631
      879 0.000047  -0.003570
      169 0.000047  -0.003568
      640 0.000046  -0.003540
      597 0.000046  -0.003508
      535 0.000044   0.003376
      801 0.000044  -0.003344
      832 0.000044   0.003344
      394 0.000043   0.003291
      283 0.000042   0.003236
      244 0.000042  -0.003219
      407 0.000041  -0.003176
      406 0.000041  -0.003125
      614 0.000041   0.003107
      748 0.000040  -0.003094
      264 0.000040   0.003069
      874 0.000040  -0.003060
      272 0.000039   0.002997
      894 0.000039  -0.002979
      334 0.000039  -0.002971
      222 0.000038   0.002932
      315 0.000038   0.002915
      297 0.000038  -0.002903
      805 0.000038  -0.002902
      881 0.000038  -0.002893
      627 0.000037   0.002869
       66 0.000036   0.002759
      542 0.000035   0.002685
      518 0.000035   0.002660
      491 0.000035   0.002646
      830 0.000035   0.002645
      935 0.000034  -0.002632
      308 0.000034  -0.002617
      740 0.000034  -0.002610
      540 0.000034  -0.002598
      260 0.000034  -0.002592
      842 0.000034  -0.002577
      409 0.000033  -0.002559
      891 0.000033  -0.002548
      274 0.000033  -0.002532
      942 0.000033   0.002513
      402 0.000032  -0.002488
      532 0.000032   0.002476
      727 0.000032  -0.002460
      835 0.000032  -0.002451
      249 0.000032  -0.002412
      488 0.000031   0.002405
       60 0.000031  -0.002398
      950 0.000031  -0.002384
      448 0.000031   0.002382
      928 0.000031  -0.002379
      252 0.000030  -0.002333
      987 0.000030   0.002325
      193 0.000030   0.002323
      250 0.000030   0.002313
      933 0.000030   0.002312
      780 0.000030   0.002310
      849 0.000030   0.002302
      776 0.000030  -0.002292
      794 0.000029   0.002224
      310 0.000029  -0.002209
      410 0.000029  -0.002206
      568 0.000029   0.002204
      112 0.000029  -0.002186
      475 0.000028  -0.002169
     1001 0.000028  -0.002122
      685 0.000028  -0.002119
      610 0.000028  -0.002116
      904 0.000028   0.002110
      445 0.000027  -0.002104
      524 0.000027  -0.002101
      677 0.000027   0.002096
      957 0.000027   0.002093
      320 0.000027   0.002093
      103 0.000027  -0.002084
     1032 0.000027   0.002076
      838 0.000027  -0.002072
      650 0.000027  -0.002058
       59 0.000027  -0.002040
       73 0.000026   0.002009
      803 0.000026   0.002008
      397 0.000026  -0.001998
       58 0.000026  -0.001992
      384 0.000026  -0.001983
       94 0.000026   0.001971
      123 0.000026   0.001955
      366 0.000025   0.001949
      655 0.000025  -0.001933
      335 0.000025  -0.001932
      270 0.000025  -0.001930
      136 0.000025   0.001928
      530 0.000025   0.001915
      971 0.000025  -0.001894
      811 0.000025   0.001882
       95 0.000024   0.001872
     1073 0.000024  -0.001866
      128 0.000024   0.001865
      146 0.000024  -0.001843
      144 0.000024  -0.001822
      791 0.000024   0.001813
      921 0.000024  -0.001813
      288 0.000024  -0.001801
      142 0.000023  -0.001793
      254 0.000023   0.001791
      424 0.000023  -0.001789
      216 0.000023  -0.001789
      152 0.000023   0.001784
      588 0.000023   0.001784
      988 0.000023  -0.001768
      526 0.000023   0.001766
     1034 0.000023  -0.001752
      636 0.000023  -0.001752
      364 0.000023  -0.001740
     1025 0.000023   0.001729
      161 0.000022   0.001716
      625 0.000022  -0.001698
       52 0.000022  -0.001695
       78 0.000022   0.001691
      387 0.000022   0.001686
      214 0.000022   0.001685
      713 0.000022   0.001681
      802 0.000022   0.001674
      856 0.000022   0.001661
      556 0.000021   0.001643
      680 0.000021   0.001643
      623 0.000021  -0.001643
      151 0.000021   0.001635
      395 0.000021  -0.001631
      105 0.000021  -0.001629
      964 0.000021   0.001628
      810 0.000021   0.001623
      833 0.000021  -0.001605
      858 0.000021  -0.001603
      669 0.000021   0.001601
      198 0.000021  -0.001600
      287 0.000021   0.001600
      598 0.000021  -0.001590
      232 0.000021   0.001584
       86 0.000021  -0.001577
      434 0.000021   0.001577
      479 0.000020   0.001564
       79 0.000020  -0.001564
      120 0.000020  -0.001561
      396 0.000020   0.001554
      863 0.000020  -0.001552
      609 0.000020   0.001551
      814 0.000020   0.001528
       77 0.000020   0.001523
      344 0.000020  -0.001505
     1017 0.000020   0.001499
      317 0.000020   0.001494
      324 0.000019  -0.001492
     1010 0.000019   0.001485
      432 0.000019   0.001482
      927 0.000019  -0.001466
      336 0.000019   0.001463
      514 0.000019   0.001462
      385 0.000019  -0.001461
     1096 0.000019   0.001460
      993 0.000019   0.001456
      536 0.000018  -0.001413
       91 0.000018  -0.001413
      147 0.000018  -0.001410
      130 0.000018   0.001382
      455 0.000018  -0.001374
      714 0.000018  -0.001374
      519 0.000018   0.001366
      413 0.000018  -0.001359
       53 0.000018   0.001356
      293 0.000018   0.001353
      352 0.000018  -0.001349
      346 0.000018   0.001345
      502 0.000018   0.001344
      278 0.000017   0.001338
      181 0.000017   0.001336
      867 0.000017   0.001336
      798 0.000017   0.001332
      463 0.000017  -0.001329
      907 0.000017   0.001314
      934 0.000017  -0.001309
      965 0.000017  -0.001308
      437 0.000017   0.001294
      512 0.000017  -0.001285
       63 0.000017   0.001283
      977 0.000017   0.001281
      256 0.000017   0.001278
      837 0.000017  -0.001273
      608 0.000017   0.001268
      286 0.000017   0.001267
      841 0.000016   0.001260
      188 0.000016  -0.001249
      375 0.000016   0.001240
      376 0.000016   0.001235
      983 0.000016   0.001229
      637 0.000016  -0.001225
      209 0.000016   0.001221
      401 0.000016  -0.001220
      489 0.000016   0.001205
      215 0.000016  -0.001197
      642 0.000016   0.001190
       50 0.000016   0.001189
      213 0.000015   0.001169
      917 0.000015   0.001161
      548 0.000015  -0.001157
       92 0.000015  -0.001156
      242 0.000015   0.001155
      145 0.000015   0.001149
      938 0.000015   0.001148
      309 0.000015  -0.001144
       64 0.000015   0.001142
      662 0.000015  -0.001135
      720 0.000015  -0.001133
      114 0.000015   0.001118
      505 0.000015   0.001117
      458 0.000015   0.001114
      368 0.000015  -0.001114
       83 0.000014   0.001108
      839 0.000014   0.001104
      365 0.000014   0.001103
      949 0.000014   0.001100
      916 0.000014  -0.001089
      150 0.000014  -0.001088
       51 0.000014  -0.001086
      900 0.000014  -0.001073
      159 0.000014  -0.001072
     1052 0.000014   0.001068
      571 0.000014   0.001054
      225 0.000014   0.001049
       99 0.000014   0.001048
      345 0.000014   0.001046
       29 0.000014  -0.001045
      565 0.000014  -0.001043
        5 0.000014   0.001043
       87 0.000014  -0.001038
     1009 0.000014  -0.001038
       55 0.000013   0.001032
      732 0.000013   0.001024
      649 0.000013  -0.001023
      450 0.000013  -0.001007
      691 0.000013   0.001004
      648 0.000013  -0.000998
      644 0.000013   0.000991
       38 0.000013   0.000986
      619 0.000013   0.000984
      131 0.000013   0.000984
      671 0.000013   0.000984
       76 0.000013   0.000980
       12 0.000013   0.000974
       45 0.000013   0.000974
      110 0.000013   0.000970
      155 0.000013   0.000958
      129 0.000012  -0.000947
      118 0.000012  -0.000943
      139 0.000012   0.000941
      314 0.000012   0.000941
      358 0.000012   0.000941
       11 0.000012  -0.000939
      226 0.000012   0.000928
      902 0.000012  -0.000926
      899 0.000012  -0.000895
      762 0.000012  -0.000894
       36 0.000012  -0.000890
      816 0.000012   0.000889
      195 0.000012  -0.000886
      238 0.000012  -0.000884
      875 0.000011  -0.000877
      359 0.000011   0.000863
      656 0.000011   0.000853
      952 0.000011  -0.000850
      559 0.000011  -0.000844
       61 0.000011   0.000843
      156 0.000011   0.000837
      554 0.000011  -0.000836
      483 0.000011  -0.000832
      634 0.000011  -0.000826
      959 0.000011  -0.000823
      404 0.000011  -0.000815
      538 0.000011   0.000812
     1061 0.000010  -0.000795
     1003 0.000010  -0.000794
      487 0.000010  -0.000782
      357 0.000010  -0.000775
      876 0.000010  -0.000775
      192 0.000010   0.000773
      339 0.000010  -0.000769
       54 0.000010   0.000766
euclid. distance of OLC and linear combination of EV * x_coef: 0.007592459605663298

Generate samples based on objective loadcase 224
nr_to_generate: 25

Parameter variation distribution settings
distribution: uniform
low: 0.7
high: 1.3

Total process runtime: 0:00:01.358901
