Date and Time:2023-05-12 14:14:53.248800

Initial Settings:
similarity_model: <function cosine_similarity at 0x000001D005A6E5E0>
similarity_threshold: 1e-05
nr_eigv_to_select: None
distribution: uniform
deviation: 0.3
nr_to_generate: 25
recompute: False

Selected eigenvectors and similarity score w.r.t objective loadcase:
objective_loadcase_nr: 409
similarity_model: cosine_similarity
similarity_threshold: 1e-05
nr_eigv_to_select: None
nr_eigv_selected: 569
approximation parameter model: lstsq
similarity score and approx. param. value
:  eigv_idx    score      value
        3 0.578152  43.585551
        1 0.524092  39.510112
        2 0.506694 -38.198504
        0 0.363972  27.439027
        6 0.031550   2.378478
       39 0.025372   1.912775
        4 0.012157   0.916510
      639 0.003232   0.243678
      186 0.002246  -0.169330
      218 0.002231  -0.168220
      593 0.001986  -0.149720
      612 0.001876  -0.141418
      586 0.001824   0.137510
      710 0.001657  -0.124901
      187 0.001470  -0.110826
      716 0.001290   0.097267
      595 0.001162   0.087589
      618 0.001131   0.085289
      668 0.001086   0.081863
      663 0.001083  -0.081641
       68 0.000994  -0.074935
      194 0.000986   0.074302
      626 0.000966   0.072860
      143 0.000962   0.072527
      686 0.000940  -0.070829
      749 0.000899  -0.067776
      388 0.000854  -0.064406
      688 0.000810  -0.061054
      659 0.000787  -0.059333
      599 0.000761   0.057343
      617 0.000725   0.054683
      582 0.000696  -0.052488
      562 0.000695  -0.052406
       71 0.000689   0.051952
       69 0.000689   0.051921
      635 0.000683   0.051496
      621 0.000655  -0.049388
      183 0.000648   0.048833
      670 0.000639   0.048172
      578 0.000567   0.042751
      341 0.000565   0.042601
      704 0.000556  -0.041937
      153 0.000540   0.040735
      579 0.000535   0.040363
      733 0.000535   0.040336
      735 0.000517  -0.039013
      567 0.000513  -0.038650
      718 0.000512  -0.038584
      606 0.000511  -0.038547
      708 0.000501   0.037744
      602 0.000493  -0.037162
      253 0.000487  -0.036696
      577 0.000480  -0.036197
      174 0.000476   0.035864
      698 0.000469  -0.035384
      575 0.000445   0.033544
      666 0.000438  -0.033015
      258 0.000422  -0.031832
      709 0.000416  -0.031390
      267 0.000411  -0.031021
      683 0.000402   0.030281
      620 0.000398  -0.029975
      700 0.000397   0.029908
      696 0.000380  -0.028611
      227 0.000369   0.027810
      220 0.000360  -0.027132
      230 0.000360  -0.027102
      641 0.000355  -0.026778
      210 0.000347  -0.026150
      707 0.000346  -0.026076
      756 0.000344  -0.025955
      601 0.000335   0.025278
      753 0.000335  -0.025238
      699 0.000322  -0.024260
      583 0.000317  -0.023873
      848 0.000313  -0.023601
      412 0.000311  -0.023418
      631 0.000307  -0.023160
      273 0.000298  -0.022431
      419 0.000296  -0.022308
      243 0.000295   0.022230
      853 0.000294  -0.022186
      757 0.000293  -0.022092
      235 0.000292  -0.022024
      362 0.000292  -0.022016
      807 0.000290   0.021836
      403 0.000285   0.021463
      587 0.000280   0.021134
      741 0.000279   0.021018
      137 0.000275  -0.020738
      793 0.000262  -0.019714
      739 0.000253  -0.019067
      361 0.000244   0.018359
      726 0.000241  -0.018164
      750 0.000237   0.017832
      239 0.000233   0.017562
      383 0.000230   0.017370
      787 0.000228   0.017199
      263 0.000226  -0.017056
      377 0.000213  -0.016054
      570 0.000212  -0.016015
      132 0.000210   0.015835
      604 0.000209  -0.015752
      269 0.000207  -0.015582
      373 0.000202  -0.015262
      576 0.000196  -0.014740
      857 0.000195  -0.014710
      182 0.000195  -0.014690
      299 0.000195   0.014672
      580 0.000191  -0.014407
      400 0.000189  -0.014223
      175 0.000187  -0.014134
      312 0.000184  -0.013894
      301 0.000184  -0.013841
      228 0.000182  -0.013695
      818 0.000181  -0.013656
      199 0.000181  -0.013653
      247 0.000181   0.013611
      763 0.000179   0.013526
      743 0.000179  -0.013488
      204 0.000176   0.013286
       70 0.000176   0.013269
      427 0.000175  -0.013201
      658 0.000175   0.013195
      855 0.000174  -0.013121
      275 0.000173  -0.013070
      800 0.000172  -0.012979
      628 0.000171   0.012924
      241 0.000170   0.012831
      824 0.000167   0.012561
      564 0.000165  -0.012426
      392 0.000162   0.012231
      271 0.000159   0.011957
      574 0.000157  -0.011826
      257 0.000156  -0.011763
      290 0.000156   0.011732
      828 0.000156  -0.011724
      711 0.000154   0.011646
      742 0.000154  -0.011618
      941 0.000153  -0.011569
      820 0.000153  -0.011563
      759 0.000152  -0.011483
      206 0.000152   0.011447
      795 0.000151   0.011410
      859 0.000150   0.011331
      566 0.000150   0.011313
      790 0.000149   0.011212
      784 0.000148  -0.011194
      591 0.000147   0.011058
      549 0.000145  -0.010950
      553 0.000144  -0.010889
      557 0.000143  -0.010793
      292 0.000142  -0.010671
      355 0.000140   0.010579
      223 0.000139   0.010493
      829 0.000138   0.010397
      605 0.000136  -0.010221
      279 0.000135  -0.010186
      665 0.000134  -0.010101
      778 0.000133  -0.010052
      770 0.000133   0.010048
      217 0.000133  -0.010028
      808 0.000133   0.010023
      667 0.000128   0.009630
       88 0.000127  -0.009553
      337 0.000126  -0.009516
      616 0.000125  -0.009438
      380 0.000124   0.009382
      815 0.000124  -0.009355
      262 0.000122  -0.009163
      687 0.000121   0.009124
      367 0.000121   0.009088
      736 0.000119  -0.008957
      775 0.000118   0.008901
      369 0.000116   0.008740
      423 0.000115  -0.008644
      251 0.000114  -0.008624
      684 0.000114  -0.008578
      690 0.000113   0.008489
      431 0.000112  -0.008456
      277 0.000112   0.008414
      261 0.000111  -0.008349
      398 0.000110  -0.008329
      294 0.000109  -0.008196
      847 0.000109   0.008182
      354 0.000108   0.008163
      266 0.000107  -0.008031
      908 0.000105  -0.007931
      645 0.000105   0.007910
      234 0.000105   0.007899
      728 0.000105  -0.007899
      332 0.000104  -0.007813
      329 0.000103  -0.007791
      799 0.000101  -0.007624
      573 0.000101   0.007596
      552 0.000100  -0.007546
      179 0.000100   0.007506
      184 0.000099  -0.007486
      697 0.000098   0.007383
      773 0.000098   0.007366
      569 0.000097   0.007348
      436 0.000097   0.007302
      974 0.000094   0.007064
      864 0.000093   0.007026
      585 0.000093  -0.006984
      201 0.000091  -0.006881
      801 0.000090  -0.006784
      104 0.000090   0.006767
      295 0.000090  -0.006764
      353 0.000090  -0.006759
      744 0.000090  -0.006755
      255 0.000090  -0.006748
      840 0.000089  -0.006690
      638 0.000088  -0.006654
      734 0.000087  -0.006596
      390 0.000087   0.006568
      281 0.000086   0.006499
       93 0.000085  -0.006436
      611 0.000085  -0.006399
      782 0.000084  -0.006344
      581 0.000084  -0.006310
      844 0.000082  -0.006188
      364 0.000081  -0.006093
      943 0.000079   0.005984
      937 0.000078  -0.005901
      723 0.000076  -0.005744
      843 0.000075  -0.005627
      948 0.000074   0.005614
      291 0.000074   0.005591
      298 0.000074  -0.005587
      589 0.000074  -0.005586
      318 0.000074  -0.005557
      386 0.000074   0.005544
      600 0.000072  -0.005460
      226 0.000072   0.005457
      171 0.000072  -0.005450
      882 0.000072   0.005422
      884 0.000072  -0.005416
      584 0.000071  -0.005376
      225 0.000071   0.005341
      629 0.000070  -0.005290
      342 0.000070   0.005273
      769 0.000070   0.005254
      321 0.000070  -0.005249
      560 0.000070  -0.005241
      978 0.000069   0.005185
      860 0.000069  -0.005181
     1095 0.000068  -0.005151
      302 0.000068  -0.005106
      880 0.000067   0.005035
      278 0.000067   0.005032
      138 0.000067  -0.005024
      610 0.000066  -0.005008
      823 0.000066   0.004998
      701 0.000066  -0.004995
      654 0.000066   0.004978
      252 0.000065  -0.004932
      572 0.000064  -0.004850
      870 0.000062  -0.004697
      765 0.000061   0.004626
      597 0.000061  -0.004612
      107 0.000061  -0.004607
     1005 0.000061   0.004605
      325 0.000061  -0.004584
      594 0.000061  -0.004564
      240 0.000061  -0.004562
      308 0.000060  -0.004542
      285 0.000060   0.004535
      826 0.000060  -0.004527
      245 0.000060  -0.004510
      913 0.000060  -0.004510
      428 0.000060   0.004500
      322 0.000059  -0.004480
      222 0.000059   0.004449
      789 0.000058   0.004401
      297 0.000058  -0.004383
      805 0.000057  -0.004316
      414 0.000057   0.004294
      169 0.000057  -0.004266
      539 0.000057   0.004261
      895 0.000056   0.004191
      359 0.000055   0.004175
      237 0.000055   0.004123
      545 0.000055  -0.004111
      193 0.000053   0.004019
      955 0.000053   0.003984
      264 0.000051   0.003872
      792 0.000051   0.003871
      894 0.000050  -0.003802
      922 0.000050  -0.003802
      831 0.000050   0.003776
      425 0.000050   0.003740
      250 0.000049   0.003713
      528 0.000049   0.003682
      323 0.000049  -0.003680
      722 0.000049  -0.003680
      874 0.000049  -0.003670
      643 0.000048  -0.003651
      356 0.000048  -0.003648
      407 0.000047  -0.003575
      366 0.000047   0.003554
      343 0.000047  -0.003543
      609 0.000047   0.003507
      357 0.000045  -0.003405
      640 0.000045  -0.003396
      268 0.000044  -0.003330
      632 0.000044   0.003285
      821 0.000043  -0.003273
      406 0.000043  -0.003272
      535 0.000043   0.003252
      748 0.000043  -0.003251
      320 0.000042   0.003187
      694 0.000042   0.003187
      879 0.000041  -0.003087
      313 0.000041  -0.003086
      319 0.000041   0.003057
      254 0.000041   0.003055
      904 0.000041   0.003055
      568 0.000040   0.002997
      331 0.000040   0.002996
      397 0.000039  -0.002968
      935 0.000039  -0.002928
      830 0.000039   0.002920
      287 0.000039  -0.002909
      209 0.000038   0.002870
      334 0.000038   0.002869
      333 0.000038  -0.002830
      360 0.000037   0.002825
      950 0.000037  -0.002811
      881 0.000037  -0.002781
      382 0.000037  -0.002778
      625 0.000037  -0.002755
      832 0.000036   0.002751
      780 0.000036   0.002742
      942 0.000036   0.002720
      590 0.000036  -0.002710
      317 0.000035  -0.002645
      964 0.000035   0.002642
      491 0.000034   0.002598
      842 0.000034  -0.002593
      309 0.000034   0.002592
      288 0.000034   0.002582
      957 0.000034   0.002570
      409 0.000034  -0.002556
      849 0.000034   0.002537
      988 0.000033  -0.002512
      244 0.000033  -0.002512
      518 0.000033   0.002498
      488 0.000032   0.002430
      314 0.000032  -0.002377
      540 0.000031  -0.002361
      532 0.000031   0.002345
      588 0.000031  -0.002333
      296 0.000030  -0.002276
     1096 0.000030   0.002255
      762 0.000030  -0.002248
      971 0.000030  -0.002238
      448 0.000030   0.002227
      304 0.000029  -0.002204
      542 0.000029   0.002174
      933 0.000029   0.002160
      928 0.000029  -0.002157
      833 0.000029  -0.002151
      310 0.000028  -0.002142
      283 0.000028   0.002131
      811 0.000028   0.002122
      677 0.000028   0.002112
      835 0.000028  -0.002097
      410 0.000028  -0.002083
      987 0.000028   0.002081
      803 0.000027   0.002069
      475 0.000027  -0.002040
       95 0.000027   0.002024
      259 0.000027   0.002020
      524 0.000026  -0.001995
      402 0.000026  -0.001967
      921 0.000026  -0.001954
      794 0.000026   0.001942
     1073 0.000025  -0.001902
      891 0.000025  -0.001872
      841 0.000025   0.001872
      802 0.000025   0.001869
      131 0.000025   0.001862
     1032 0.000025   0.001861
      350 0.000024   0.001846
     1001 0.000024  -0.001840
      349 0.000024  -0.001836
      636 0.000024  -0.001815
      445 0.000024  -0.001791
      838 0.000024  -0.001791
      224 0.000024  -0.001784
       89 0.000023   0.001761
      685 0.000023  -0.001761
      727 0.000023  -0.001750
      530 0.000023   0.001718
      351 0.000023   0.001710
      376 0.000023  -0.001706
      613 0.000023   0.001699
     1034 0.000023  -0.001698
      526 0.000022   0.001692
      810 0.000022   0.001681
      876 0.000022  -0.001664
      856 0.000022   0.001662
      791 0.000022   0.001647
      328 0.000022  -0.001643
      875 0.000022  -0.001633
      399 0.000022  -0.001632
      655 0.000022  -0.001621
      983 0.000021   0.001618
      330 0.000021   0.001598
      368 0.000021   0.001592
      365 0.000021  -0.001586
      642 0.000021   0.001578
      316 0.000021  -0.001573
      927 0.000021  -0.001571
      345 0.000021  -0.001555
      214 0.000021   0.001553
      432 0.000020   0.001532
      242 0.000020  -0.001519
      977 0.000020   0.001507
      424 0.000020  -0.001505
     1025 0.000020   0.001504
      814 0.000020   0.001497
      148 0.000020  -0.001491
      374 0.000020   0.001490
      556 0.000020   0.001479
      379 0.000019  -0.001467
      649 0.000019  -0.001448
      479 0.000019   0.001445
     1010 0.000019   0.001434
      514 0.000019   0.001421
      188 0.000019  -0.001417
      934 0.000019  -0.001412
      627 0.000019   0.001402
      344 0.000018   0.001390
      536 0.000018  -0.001385
      272 0.000018  -0.001381
      565 0.000018  -0.001370
      623 0.000018  -0.001364
      776 0.000018  -0.001335
     1009 0.000018  -0.001334
       91 0.000017  -0.001307
      434 0.000017   0.001291
       45 0.000017   0.001276
       94 0.000017   0.001266
      385 0.000017   0.001266
     1017 0.000017   0.001263
      463 0.000017  -0.001258
      650 0.000017  -0.001257
      966 0.000017   0.001246
      455 0.000016  -0.001242
      596 0.000016  -0.001242
      714 0.000016  -0.001240
       92 0.000016  -0.001235
      519 0.000016   0.001226
      103 0.000016  -0.001226
      502 0.000016   0.001218
      993 0.000016   0.001212
      238 0.000016  -0.001212
      837 0.000016  -0.001206
      512 0.000016  -0.001201
      898 0.000016   0.001198
      437 0.000016   0.001197
      229 0.000016  -0.001170
      213 0.000015   0.001168
      315 0.000015   0.001165
      614 0.000015   0.001154
      695 0.000015   0.001145
      236 0.000015   0.001138
      858 0.000015  -0.001136
      336 0.000015  -0.001135
      413 0.000015  -0.001133
      231 0.000015  -0.001131
      916 0.000015  -0.001127
      965 0.000015  -0.001126
      384 0.000015  -0.001115
      662 0.000015  -0.001112
      216 0.000015  -0.001112
      452 0.000015  -0.001105
      938 0.000015   0.001101
     1016 0.000015  -0.001096
      335 0.000014  -0.001081
      681 0.000014   0.001076
      671 0.000014   0.001073
      458 0.000014   0.001070
     1020 0.000014  -0.001068
      180 0.000014  -0.001058
      619 0.000014   0.001054
      561 0.000014   0.001052
      198 0.000014   0.001045
      647 0.000014   0.001045
      112 0.000014  -0.001042
      101 0.000014  -0.001040
       80 0.000014   0.001039
      675 0.000014   0.001023
      571 0.000014   0.001021
      868 0.000013   0.001018
     1003 0.000013  -0.001012
      772 0.000013  -0.001011
      917 0.000013   0.001003
      164 0.000013   0.001002
       43 0.000013  -0.000999
      371 0.000013  -0.000997
      949 0.000013   0.000988
      339 0.000013  -0.000988
      558 0.000013  -0.000984
      839 0.000013   0.000973
       87 0.000013  -0.000969
      489 0.000013   0.000968
     1052 0.000013   0.000955
      394 0.000013   0.000946
      669 0.000013   0.000946
      653 0.000012  -0.000937
      307 0.000012   0.000929
      732 0.000012   0.000928
      289 0.000012   0.000927
      648 0.000012  -0.000926
      505 0.000012   0.000915
      450 0.000012  -0.000906
      123 0.000012   0.000905
      274 0.000012   0.000901
      375 0.000012  -0.000898
      202 0.000012  -0.000881
       97 0.000012  -0.000879
      809 0.000012   0.000877
      248 0.000012   0.000877
      548 0.000012  -0.000869
      644 0.000011   0.000867
      338 0.000011  -0.000866
      994 0.000011  -0.000866
      165 0.000011   0.000860
      352 0.000011   0.000857
      196 0.000011   0.000854
      185 0.000011   0.000853
       51 0.000011  -0.000852
      959 0.000011  -0.000846
       84 0.000011   0.000844
      128 0.000011   0.000843
      603 0.000011  -0.000838
       81 0.000011  -0.000835
     1040 0.000011  -0.000835
      120 0.000011  -0.000834
       18 0.000011  -0.000831
      900 0.000011  -0.000830
      952 0.000011  -0.000827
      816 0.000011   0.000823
      867 0.000011   0.000814
      740 0.000011  -0.000812
      752 0.000011   0.000808
      634 0.000011  -0.000807
       73 0.000011  -0.000803
      461 0.000011   0.000802
      487 0.000011  -0.000800
      358 0.000011  -0.000799
      483 0.000011  -0.000795
       12 0.000010   0.000791
      363 0.000010  -0.000790
      110 0.000010   0.000785
      774 0.000010   0.000782
      348 0.000010   0.000775
      178 0.000010   0.000775
       74 0.000010  -0.000772
      197 0.000010  -0.000771
      150 0.000010   0.000770
      340 0.000010   0.000768
      270 0.000010   0.000767
      293 0.000010   0.000759
      676 0.000010   0.000759
      534 0.000010  -0.000755
euclid. distance of OLC and linear combination of EV * x_coef: 0.007060361083407869

Generate samples based on objective loadcase 409
nr_to_generate: 25

Parameter variation distribution settings
distribution: uniform
low: 0.7
high: 1.3

Total process runtime: 0:00:01.343952
