Date and Time:2023-05-12 14:23:17.814802

Initial Settings:
similarity_model: <function cosine_similarity at 0x000001D005A6E5E0>
similarity_threshold: 1e-05
nr_eigv_to_select: None
distribution: uniform
deviation: 0.3
nr_to_generate: 25
recompute: False

Selected eigenvectors and similarity score w.r.t objective loadcase:
objective_loadcase_nr: 788
similarity_model: cosine_similarity
similarity_threshold: 1e-05
nr_eigv_to_select: None
nr_eigv_selected: 516
approximation parameter model: lstsq
similarity score and approx. param. value
:  eigv_idx    score      value
        3 0.561071  44.295484
        1 0.534540  42.200912
        2 0.505627 -39.918245
        0 0.375792  29.668081
        6 0.042042   3.319102
       39 0.024782   1.956465
        4 0.011502   0.908059
      639 0.003563   0.281324
      186 0.002288  -0.180595
      218 0.002195  -0.173284
      593 0.002129  -0.168107
      612 0.002040  -0.161093
      586 0.001961   0.154833
      710 0.001623  -0.128170
      187 0.001510  -0.119176
      716 0.001496   0.118081
      595 0.001265   0.099858
      663 0.001236  -0.097541
      618 0.001203   0.094947
      668 0.001176   0.092817
      626 0.001039   0.082036
      194 0.001033   0.081571
      686 0.000967  -0.076376
      388 0.000927  -0.073217
      659 0.000880  -0.069459
      617 0.000841   0.066385
      688 0.000815  -0.064310
      599 0.000805   0.063591
      183 0.000756   0.059687
       69 0.000754   0.059566
      562 0.000752  -0.059362
       71 0.000743   0.058641
      582 0.000739  -0.058332
      635 0.000728   0.057446
      670 0.000727   0.057404
      621 0.000721  -0.056893
      143 0.000715   0.056423
      749 0.000694  -0.054817
      578 0.000691   0.054573
      704 0.000644  -0.050825
      733 0.000610   0.048165
      341 0.000600   0.047387
      718 0.000577  -0.045555
      579 0.000573   0.045210
      698 0.000566  -0.044720
      253 0.000561  -0.044321
      567 0.000544  -0.042975
      606 0.000540  -0.042595
      577 0.000538  -0.042481
      602 0.000534  -0.042128
      700 0.000523   0.041317
      708 0.000512   0.040408
      666 0.000507  -0.040019
      683 0.000479   0.037842
       68 0.000479  -0.037828
      153 0.000472   0.037231
      174 0.000466   0.036789
      267 0.000440  -0.034719
      220 0.000437  -0.034497
      735 0.000435  -0.034339
      620 0.000424  -0.033455
      210 0.000422  -0.033310
      709 0.000417  -0.032958
      641 0.000414  -0.032718
      696 0.000414  -0.032706
      575 0.000411   0.032472
      699 0.000391  -0.030862
      707 0.000375  -0.029630
      182 0.000373  -0.029424
      601 0.000372   0.029395
      583 0.000372  -0.029343
      258 0.000368  -0.029053
      184 0.000366  -0.028881
      848 0.000365  -0.028852
      230 0.000361  -0.028512
      412 0.000346  -0.027305
      204 0.000343   0.027096
      753 0.000341  -0.026932
      807 0.000340   0.026843
      419 0.000327  -0.025790
      383 0.000313   0.024714
      403 0.000311   0.024526
      227 0.000304   0.024036
      362 0.000302  -0.023871
      756 0.000301  -0.023748
      587 0.000293   0.023120
      631 0.000284  -0.022444
      269 0.000282  -0.022263
      273 0.000281  -0.022200
      570 0.000281  -0.022157
      793 0.000278  -0.021962
      757 0.000263  -0.020771
      199 0.000260  -0.020522
      243 0.000243   0.019191
      853 0.000241  -0.019019
      239 0.000232   0.018305
      604 0.000229  -0.018088
      377 0.000228  -0.018023
      299 0.000220   0.017407
      206 0.000219   0.017269
      741 0.000213   0.016833
      564 0.000209  -0.016482
      580 0.000208  -0.016417
      576 0.000207  -0.016374
      235 0.000207  -0.016344
      739 0.000206  -0.016288
      263 0.000206  -0.016282
      549 0.000205  -0.016156
      726 0.000203  -0.016032
      301 0.000199  -0.015714
      369 0.000198   0.015671
      427 0.000198  -0.015624
      800 0.000197  -0.015555
      400 0.000193  -0.015262
      658 0.000193   0.015234
      223 0.000187   0.014798
      665 0.000186  -0.014722
      175 0.000186  -0.014678
      828 0.000181  -0.014303
      247 0.000181   0.014268
      784 0.000180  -0.014198
      941 0.000179  -0.014139
      356 0.000176  -0.013911
      750 0.000176   0.013897
      585 0.000175  -0.013832
      743 0.000173  -0.013654
      628 0.000172   0.013602
      667 0.000170   0.013452
      855 0.000170  -0.013390
      820 0.000169  -0.013364
      179 0.000168   0.013240
      818 0.000168  -0.013231
      361 0.000167   0.013170
      574 0.000167  -0.013158
      312 0.000166  -0.013078
      255 0.000164  -0.012915
      392 0.000163   0.012838
      711 0.000162   0.012766
      795 0.000161   0.012702
      787 0.000159   0.012558
      815 0.000158  -0.012480
      373 0.000157  -0.012420
      553 0.000155  -0.012202
      687 0.000153   0.012053
      171 0.000152  -0.012003
      591 0.000152   0.011977
      228 0.000151  -0.011902
      857 0.000150  -0.011874
      295 0.000149  -0.011759
      742 0.000147  -0.011589
      605 0.000144  -0.011398
      573 0.000142   0.011249
      778 0.000142  -0.011181
      217 0.000141  -0.011139
      132 0.000141   0.011101
      557 0.000137  -0.010799
      398 0.000136  -0.010752
      824 0.000136   0.010720
      808 0.000135   0.010659
      380 0.000134   0.010590
      275 0.000133  -0.010532
      137 0.000133  -0.010512
      277 0.000131   0.010366
      354 0.000131   0.010332
      337 0.000130  -0.010226
      423 0.000127  -0.010042
      431 0.000127  -0.010033
      697 0.000126   0.009957
      616 0.000126  -0.009913
      763 0.000124   0.009757
      736 0.000123  -0.009733
      257 0.000123  -0.009718
      790 0.000123   0.009710
      908 0.000122  -0.009628
      298 0.000120  -0.009483
      332 0.000119  -0.009422
      353 0.000118  -0.009304
      638 0.000117  -0.009240
      251 0.000116  -0.009160
      279 0.000116  -0.009148
      629 0.000115  -0.009077
      859 0.000114   0.008962
      561 0.000112   0.008835
      974 0.000112   0.008817
      829 0.000111   0.008798
      799 0.000111  -0.008731
      690 0.000109   0.008644
      645 0.000109   0.008578
      268 0.000109  -0.008571
      271 0.000108   0.008546
      569 0.000106   0.008342
      290 0.000105   0.008277
      201 0.000103  -0.008146
      436 0.000103   0.008101
      840 0.000102  -0.008062
      294 0.000100  -0.007925
      847 0.000100   0.007875
       70 0.000097   0.007668
      600 0.000096  -0.007599
      566 0.000095   0.007497
      775 0.000095   0.007480
      581 0.000095  -0.007475
      611 0.000094  -0.007400
      882 0.000093   0.007340
      844 0.000093  -0.007323
      614 0.000092   0.007255
      572 0.000091  -0.007220
       93 0.000091  -0.007203
       88 0.000091  -0.007196
      596 0.000091  -0.007170
      584 0.000091  -0.007164
      241 0.000090   0.007083
      266 0.000089  -0.007015
      728 0.000087  -0.006852
      684 0.000085  -0.006723
      937 0.000085  -0.006680
      632 0.000084   0.006664
      734 0.000084  -0.006643
      744 0.000084  -0.006627
      355 0.000084   0.006624
      782 0.000084  -0.006601
      281 0.000084   0.006601
      234 0.000083   0.006557
     1095 0.000082  -0.006481
      722 0.000080  -0.006328
      261 0.000080  -0.006297
      770 0.000079   0.006231
      723 0.000078  -0.006187
      948 0.000078   0.006158
      289 0.000078   0.006151
      161 0.000078   0.006149
      319 0.000077   0.006114
      627 0.000077   0.006098
      978 0.000077   0.006040
      329 0.000076  -0.006000
      594 0.000076  -0.005995
      292 0.000075  -0.005928
      107 0.000075  -0.005922
      343 0.000075  -0.005892
      364 0.000074   0.005875
      560 0.000074  -0.005844
      759 0.000073  -0.005748
      302 0.000073  -0.005734
      291 0.000072   0.005682
      694 0.000072   0.005656
      325 0.000071  -0.005643
     1005 0.000071   0.005629
      198 0.000070  -0.005563
      748 0.000070  -0.005547
      308 0.000070  -0.005545
      262 0.000070  -0.005493
      321 0.000069  -0.005437
      843 0.000069  -0.005409
      792 0.000068   0.005406
      654 0.000068   0.005402
      913 0.000068  -0.005399
      769 0.000066   0.005218
      367 0.000066   0.005217
      425 0.000066   0.005190
      283 0.000066   0.005183
      226 0.000066  -0.005181
      955 0.000065   0.005153
      860 0.000065  -0.005134
      832 0.000065   0.005107
      225 0.000064  -0.005087
      650 0.000064  -0.005019
      315 0.000063   0.004971
      864 0.000063   0.004945
      545 0.000062  -0.004912
      138 0.000062  -0.004858
      254 0.000062   0.004857
      428 0.000061   0.004852
      895 0.000061   0.004788
      394 0.000061   0.004786
      359 0.000060  -0.004774
      539 0.000060   0.004737
      922 0.000060  -0.004729
      826 0.000060  -0.004702
      831 0.000060   0.004699
      590 0.000059  -0.004646
      104 0.000058   0.004570
      773 0.000057   0.004516
      374 0.000057   0.004473
      414 0.000057   0.004470
      879 0.000056  -0.004451
      286 0.000056   0.004383
      386 0.000055   0.004357
      322 0.000054  -0.004275
      701 0.000054  -0.004266
      597 0.000054  -0.004266
      240 0.000053   0.004202
      528 0.000053   0.004173
      765 0.000052   0.004119
      236 0.000052   0.004085
      943 0.000051   0.004064
      640 0.000050  -0.003976
      821 0.000050  -0.003912
      237 0.000049  -0.003852
      148 0.000048   0.003793
      535 0.000047   0.003687
      823 0.000047   0.003686
      608 0.000046  -0.003616
      285 0.000046   0.003605
      776 0.000046  -0.003603
      589 0.000046  -0.003594
      552 0.000045  -0.003571
      244 0.000044  -0.003485
      252 0.000044   0.003476
      232 0.000043  -0.003420
      891 0.000043  -0.003387
      881 0.000042  -0.003308
      323 0.000042  -0.003285
      740 0.000041  -0.003265
      870 0.000041  -0.003230
      342 0.000041   0.003202
      131 0.000040   0.003153
      803 0.000039   0.003113
      852 0.000039   0.003063
      646 0.000038   0.003038
      649 0.000038  -0.003028
      390 0.000038   0.003014
      542 0.000038   0.002997
      880 0.000037   0.002943
      357 0.000037   0.002910
      169 0.000037  -0.002909
      518 0.000037   0.002896
      491 0.000036   0.002854
      801 0.000036  -0.002823
      540 0.000036  -0.002806
      284 0.000035   0.002755
      884 0.000035  -0.002753
      928 0.000035  -0.002748
      842 0.000034  -0.002722
      609 0.000034  -0.002715
      987 0.000034   0.002704
      413 0.000034  -0.002667
      250 0.000033  -0.002644
      532 0.000033   0.002637
       91 0.000033  -0.002633
      933 0.000033   0.002600
      320 0.000033  -0.002587
      407 0.000033  -0.002571
      568 0.000032  -0.002554
      789 0.000032   0.002549
      448 0.000032   0.002546
      488 0.000032   0.002541
      409 0.000032  -0.002527
      636 0.000032  -0.002507
      313 0.000032  -0.002493
      445 0.000031  -0.002476
      798 0.000031   0.002463
     1001 0.000031  -0.002449
      894 0.000031  -0.002433
      310 0.000031  -0.002426
      209 0.000031  -0.002410
      410 0.000030  -0.002398
      863 0.000030  -0.002371
      874 0.000030  -0.002367
      802 0.000030   0.002364
      588 0.000030   0.002355
      259 0.000030  -0.002338
       98 0.000030  -0.002333
     1032 0.000029   0.002278
      942 0.000029   0.002256
      475 0.000028  -0.002241
      406 0.000028   0.002232
      524 0.000028  -0.002209
      938 0.000028   0.002186
      950 0.000028  -0.002185
      264 0.000028  -0.002174
      625 0.000027   0.002162
      222 0.000027  -0.002143
      424 0.000027  -0.002122
      794 0.000027   0.002115
      360 0.000027  -0.002104
      935 0.000026  -0.002080
      530 0.000026   0.002076
      904 0.000026   0.002057
      677 0.000026   0.002034
      346 0.000026   0.002031
     1025 0.000025   0.002009
     1034 0.000025  -0.002009
      830 0.000025   0.001980
      804 0.000025  -0.001979
      755 0.000024  -0.001897
      526 0.000024   0.001891
      397 0.000024  -0.001886
     1073 0.000024  -0.001868
      296 0.000023   0.001821
      993 0.000023   0.001813
      965 0.000023  -0.001777
      835 0.000022  -0.001764
      849 0.000022  -0.001751
      324 0.000022  -0.001717
      856 0.000022   0.001700
     1017 0.000022   0.001698
      278 0.000021   0.001696
      685 0.000021  -0.001687
      351 0.000021  -0.001669
      780 0.000021   0.001631
      598 0.000020   0.001612
      867 0.000020   0.001604
      363 0.000020   0.001596
      779 0.000020  -0.001591
      858 0.000020  -0.001588
      479 0.000020   0.001566
      680 0.000020   0.001561
      382 0.000020   0.001561
      727 0.000020  -0.001542
      350 0.000019  -0.001526
     1010 0.000019   0.001525
      514 0.000019   0.001519
      297 0.000019  -0.001517
      331 0.000019  -0.001510
      921 0.000019  -0.001506
      875 0.000019   0.001491
      519 0.000019   0.001488
      502 0.000019   0.001484
      348 0.000019  -0.001483
      455 0.000019  -0.001482
      437 0.000019   0.001477
      841 0.000019   0.001475
      714 0.000019  -0.001461
      536 0.000018  -0.001461
      762 0.000018  -0.001460
      347 0.000018  -0.001458
      907 0.000018   0.001449
      814 0.000018   0.001441
      642 0.000018  -0.001440
      876 0.000018   0.001438
      971 0.000018  -0.001425
      463 0.000018  -0.001420
      917 0.000018   0.001402
      432 0.000018   0.001394
      949 0.000018   0.001393
      957 0.000017   0.001374
      900 0.000017  -0.001368
      681 0.000017  -0.001365
      512 0.000017  -0.001328
      702 0.000017  -0.001323
      293 0.000017  -0.001321
      402 0.000017   0.001312
      833 0.000016  -0.001288
      927 0.000016  -0.001285
      809 0.000016   0.001280
      662 0.000016  -0.001269
      489 0.000016   0.001267
      229 0.000016   0.001259
     1052 0.000016   0.001229
      811 0.000016   0.001226
      317 0.000015   0.001216
      334 0.000015  -0.001213
      458 0.000015   0.001205
      988 0.000015  -0.001202
      505 0.000015   0.001200
       89 0.000015  -0.001189
      304 0.000015   0.001186
      656 0.000015  -0.001178
      732 0.000015   0.001166
      610 0.000015   0.001162
      746 0.000015  -0.001161
      338 0.000015   0.001159
      180 0.000014   0.001140
      934 0.000014  -0.001139
       95 0.000014  -0.001134
      450 0.000014  -0.001109
       45 0.000014  -0.001098
      242 0.000014   0.001085
      405 0.000014  -0.001082
      335 0.000014   0.001071
      613 0.000013  -0.001062
      623 0.000013   0.001036
       92 0.000013   0.001024
      839 0.000013  -0.001007
      330 0.000013  -0.000995
      816 0.000013   0.000989
      339 0.000012   0.000985
      478 0.000012   0.000975
      165 0.000012  -0.000973
      101 0.000012   0.000969
      713 0.000012   0.000958
      318 0.000012  -0.000952
      964 0.000012   0.000951
      366 0.000012   0.000927
      401 0.000012  -0.000922
      287 0.000012   0.000921
      309 0.000012  -0.000919
       97 0.000012   0.000915
      747 0.000012  -0.000915
      916 0.000012  -0.000914
      977 0.000012   0.000913
      655 0.000012   0.000913
      164 0.000011  -0.000902
      538 0.000011   0.000894
      483 0.000011  -0.000889
      619 0.000011   0.000887
      434 0.000011   0.000885
       43 0.000011   0.000867
      307 0.000011  -0.000863
      462 0.000011   0.000854
      260 0.000011   0.000843
       51 0.000011   0.000842
      983 0.000011   0.000839
     1096 0.000011   0.000835
      487 0.000011  -0.000830
      314 0.000011   0.000829
      125 0.000010  -0.000828
     1061 0.000010  -0.000825
      231 0.000010   0.000825
      110 0.000010  -0.000812
      418 0.000010  -0.000809
      365 0.000010   0.000805
      796 0.000010   0.000804
      473 0.000010  -0.000802
      461 0.000010   0.000797
      197 0.000010   0.000792
euclid. distance of OLC and linear combination of EV * x_coef: 0.007224244518085308

Generate samples based on objective loadcase 788
nr_to_generate: 25

Parameter variation distribution settings
distribution: uniform
low: 0.7
high: 1.3

Total process runtime: 0:00:01.279205
