Date and Time:2023-05-12 14:23:31.485057

Initial Settings:
similarity_model: <function cosine_similarity at 0x000001D005A6E5E0>
similarity_threshold: 1e-05
nr_eigv_to_select: None
distribution: uniform
deviation: 0.3
nr_to_generate: 25
recompute: False

Selected eigenvectors and similarity score w.r.t objective loadcase:
objective_loadcase_nr: 798
similarity_model: cosine_similarity
similarity_threshold: 1e-05
nr_eigv_to_select: None
nr_eigv_selected: 466
approximation parameter model: lstsq
similarity score and approx. param. value
:  eigv_idx    score      value
        1 0.550534  51.470953
        3 0.540579  50.540183
        2 0.496240 -46.394799
        0 0.393659  36.804292
        6 0.054155   5.063101
       39 0.018131   1.695114
        4 0.010484   0.980200
      639 0.003848   0.359775
       68 0.003655  -0.341733
      186 0.002381  -0.222608
      612 0.002122  -0.198348
      593 0.002089  -0.195278
      586 0.001912   0.178746
      218 0.001767  -0.165158
      716 0.001588   0.148471
      187 0.001555  -0.145404
      618 0.001519   0.142027
      710 0.001508  -0.141014
      663 0.001504  -0.140609
      668 0.001370   0.128127
       71 0.001288  -0.120410
      595 0.001210   0.113112
      194 0.001096   0.102508
      659 0.001031  -0.096428
       69 0.001009  -0.094377
      617 0.000936   0.087523
      182 0.000925  -0.086510
      686 0.000914  -0.085453
      388 0.000907  -0.084823
      626 0.000891   0.083317
      599 0.000821   0.076728
      635 0.000794   0.074207
      688 0.000789  -0.073734
      562 0.000771  -0.072069
      582 0.000766  -0.071602
      700 0.000760   0.071072
      670 0.000753   0.070385
      143 0.000726   0.067838
      579 0.000720   0.067300
      683 0.000699   0.065386
      578 0.000689   0.064419
      183 0.000682   0.063803
      621 0.000674  -0.063056
      184 0.000647  -0.060535
      733 0.000646   0.060396
      698 0.000637  -0.059583
      749 0.000632  -0.059094
       70 0.000613   0.057329
      718 0.000568  -0.053149
      341 0.000568   0.053110
      602 0.000556  -0.052003
      253 0.000556  -0.051951
      666 0.000555  -0.051896
      704 0.000536  -0.050128
      228 0.000480  -0.044834
      567 0.000472  -0.044144
      708 0.000471   0.043991
      606 0.000455  -0.042573
      174 0.000455   0.042554
      699 0.000442  -0.041370
      153 0.000440   0.041144
      735 0.000439  -0.041058
      577 0.000435  -0.040642
      641 0.000432  -0.040380
      210 0.000418  -0.039117
      575 0.000414   0.038726
      620 0.000404  -0.037772
      583 0.000389  -0.036362
      709 0.000382  -0.035744
      267 0.000381  -0.035581
      220 0.000376  -0.035164
      179 0.000374   0.034931
      362 0.000366  -0.034232
      707 0.000344  -0.032166
      631 0.000338  -0.031642
      171 0.000336  -0.031413
      848 0.000330  -0.030887
      601 0.000327   0.030544
      419 0.000314  -0.029390
      412 0.000310  -0.028990
      403 0.000309   0.028921
      604 0.000303  -0.028367
      807 0.000303   0.028296
      756 0.000302  -0.028227
      204 0.000292   0.027339
      576 0.000284  -0.026513
      587 0.000282   0.026341
      757 0.000282  -0.026333
      258 0.000277  -0.025943
      628 0.000275   0.025705
      243 0.000274   0.025644
      383 0.000272   0.025414
      137 0.000270  -0.025237
      753 0.000265  -0.024787
      696 0.000262  -0.024486
      199 0.000249  -0.023274
      400 0.000247  -0.023064
      570 0.000237  -0.022182
      377 0.000235  -0.021940
      580 0.000226  -0.021150
      573 0.000221   0.020631
      658 0.000219   0.020443
      815 0.000218  -0.020394
      853 0.000217  -0.020307
      787 0.000216   0.020187
      271 0.000211   0.019691
      564 0.000210  -0.019609
      132 0.000209   0.019537
      273 0.000206  -0.019251
      254 0.000203   0.018967
      741 0.000201   0.018792
      941 0.000198  -0.018503
      665 0.000196  -0.018350
      361 0.000191   0.017888
      277 0.000190   0.017806
      739 0.000190  -0.017793
      161 0.000184   0.017240
      301 0.000183  -0.017110
      175 0.000182  -0.016983
      427 0.000181  -0.016897
      236 0.000180   0.016844
      800 0.000179  -0.016699
      793 0.000177  -0.016585
      148 0.000177   0.016555
      828 0.000176  -0.016414
      667 0.000175   0.016396
      640 0.000170  -0.015936
      299 0.000170   0.015903
      557 0.000170  -0.015851
      687 0.000169   0.015827
      574 0.000167  -0.015604
      566 0.000165   0.015432
      217 0.000163  -0.015201
      234 0.000162   0.015108
      743 0.000161  -0.015092
      549 0.000160  -0.014989
      820 0.000160  -0.014936
      750 0.000160   0.014915
      247 0.000159   0.014893
      711 0.000159   0.014886
       91 0.000157  -0.014675
      784 0.000157  -0.014663
      257 0.000156  -0.014621
      269 0.000156  -0.014595
      255 0.000156  -0.014545
      857 0.000155  -0.014451
      373 0.000153  -0.014340
      380 0.000152   0.014219
      398 0.000148  -0.013870
      855 0.000142  -0.013321
      690 0.000141   0.013222
      235 0.000141  -0.013138
      790 0.000140   0.013052
      726 0.000139  -0.012969
      369 0.000138   0.012904
      355 0.000138   0.012878
      353 0.000135  -0.012640
      585 0.000135  -0.012612
      645 0.000134   0.012524
      356 0.000133  -0.012445
      908 0.000131  -0.012269
      818 0.000130  -0.012188
      295 0.000130  -0.012185
      697 0.000128   0.011960
      808 0.000128   0.011954
      436 0.000127   0.011837
      263 0.000126  -0.011825
      847 0.000126   0.011763
      553 0.000126  -0.011755
      795 0.000125   0.011713
      605 0.000125  -0.011678
      294 0.000124  -0.011616
      392 0.000123   0.011504
      859 0.000123   0.011469
      423 0.000122  -0.011417
      974 0.000122   0.011380
      367 0.000122   0.011362
      736 0.000121  -0.011345
      629 0.000120  -0.011258
      431 0.000120  -0.011191
      581 0.000118  -0.011071
      354 0.000118   0.011052
      138 0.000117   0.010920
      742 0.000117  -0.010895
      266 0.000116  -0.010880
      312 0.000116  -0.010820
      798 0.000116   0.010809
      241 0.000115   0.010779
      107 0.000114  -0.010645
      600 0.000112  -0.010494
      759 0.000110   0.010318
      638 0.000110  -0.010310
      281 0.000109   0.010222
      829 0.000106   0.009913
      840 0.000106  -0.009892
      552 0.000106  -0.009888
      249 0.000106  -0.009874
      684 0.000105  -0.009858
      824 0.000104   0.009755
      799 0.000102  -0.009572
      594 0.000102  -0.009565
      882 0.000102   0.009543
      230 0.000101  -0.009442
      844 0.000100  -0.009382
      292 0.000100  -0.009362
      584 0.000099  -0.009230
      227 0.000099   0.009216
      261 0.000098  -0.009141
      611 0.000096  -0.009012
      572 0.000096  -0.008947
      275 0.000093  -0.008658
      591 0.000093   0.008651
      569 0.000092   0.008627
      778 0.000092  -0.008576
      740 0.000091  -0.008477
      291 0.000091   0.008468
      239 0.000090   0.008425
     1095 0.000090  -0.008374
      723 0.000089  -0.008363
      302 0.000088  -0.008246
      262 0.000088  -0.008181
      308 0.000087  -0.008174
      561 0.000086   0.008077
      386 0.000085   0.007979
      801 0.000085  -0.007962
      832 0.000085   0.007954
      734 0.000084  -0.007860
      701 0.000083  -0.007760
      803 0.000082   0.007700
      560 0.000081  -0.007596
      728 0.000081  -0.007591
      394 0.000081   0.007537
      616 0.000080  -0.007520
      744 0.000080  -0.007495
      390 0.000080   0.007490
      206 0.000080   0.007437
      632 0.000079   0.007346
      955 0.000078   0.007278
      428 0.000077   0.007245
      937 0.000076  -0.007123
      374 0.000076   0.007065
     1005 0.000074   0.006886
      414 0.000073   0.006843
      762 0.000073   0.006788
      913 0.000072  -0.006771
      978 0.000072   0.006758
      343 0.000072  -0.006734
      597 0.000071  -0.006661
      826 0.000071  -0.006659
      313 0.000071  -0.006642
      802 0.000070   0.006557
      268 0.000070  -0.006540
      298 0.000070  -0.006521
      654 0.000069   0.006406
      223 0.000068   0.006371
      748 0.000067  -0.006247
      922 0.000067  -0.006235
      545 0.000066  -0.006214
      776 0.000066  -0.006147
      251 0.000065  -0.006085
      805 0.000065  -0.006077
      222 0.000065  -0.006040
      539 0.000064   0.005953
      279 0.000064  -0.005942
      193 0.000063  -0.005878
      782 0.000063  -0.005852
      879 0.000063  -0.005850
      209 0.000062  -0.005836
      722 0.000062  -0.005831
      337 0.000062  -0.005828
      425 0.000062   0.005794
      329 0.000062  -0.005781
      843 0.000062  -0.005752
      895 0.000061   0.005659
      596 0.000060  -0.005580
      789 0.000058   0.005462
      325 0.000058  -0.005418
      948 0.000058   0.005410
      332 0.000057  -0.005347
      770 0.000055   0.005180
      831 0.000055   0.005127
      322 0.000055  -0.005098
      864 0.000054   0.005064
      863 0.000054  -0.005012
      891 0.000053  -0.004954
      232 0.000052  -0.004894
      528 0.000052   0.004832
      407 0.000051  -0.004806
      821 0.000050  -0.004670
      289 0.000050   0.004658
      860 0.000050  -0.004639
      765 0.000049   0.004611
      773 0.000049   0.004551
      870 0.000048  -0.004512
      614 0.000048   0.004481
      542 0.000046   0.004342
      627 0.000045   0.004194
      540 0.000045  -0.004168
      603 0.000045  -0.004166
      323 0.000045  -0.004160
      198 0.000044   0.004145
      319 0.000044   0.004111
      858 0.000044  -0.004078
      589 0.000043  -0.004036
      881 0.000042  -0.003935
      535 0.000042   0.003906
      409 0.000042  -0.003891
      987 0.000041   0.003872
      290 0.000041   0.003855
      823 0.000041   0.003854
      224 0.000041  -0.003824
      928 0.000041  -0.003814
      297 0.000041  -0.003804
      342 0.000040   0.003763
      397 0.000039  -0.003685
      448 0.000039   0.003645
      867 0.000038   0.003558
      643 0.000037  -0.003443
      874 0.000037  -0.003438
      792 0.000036   0.003348
      518 0.000035   0.003309
     1001 0.000035  -0.003274
      491 0.000035   0.003268
      933 0.000035   0.003230
      590 0.000035  -0.003226
      333 0.000033  -0.003106
      884 0.000033  -0.003085
      880 0.000033   0.003065
      488 0.000033   0.003062
      636 0.000033  -0.003045
      410 0.000033  -0.003045
      950 0.000033  -0.003041
      677 0.000032   0.003026
      310 0.000032  -0.003018
      780 0.000032  -0.003017
      530 0.000032   0.003001
      842 0.000032  -0.002996
      610 0.000032  -0.002984
      532 0.000032   0.002981
      943 0.000032   0.002979
      131 0.000032  -0.002979
      169 0.000032  -0.002969
      694 0.000032   0.002951
     1025 0.000031   0.002890
      993 0.000031   0.002890
      245 0.000030  -0.002843
      201 0.000030  -0.002823
      475 0.000030  -0.002822
     1032 0.000030   0.002808
      965 0.000030  -0.002788
      524 0.000028  -0.002647
      942 0.000028   0.002608
      445 0.000028  -0.002577
      650 0.000027  -0.002557
      413 0.000027   0.002547
      406 0.000027  -0.002546
      680 0.000027   0.002541
      894 0.000027  -0.002532
      432 0.000027   0.002520
      775 0.000026   0.002471
      608 0.000026  -0.002459
      904 0.000026   0.002430
     1017 0.000026   0.002425
      814 0.000026   0.002388
      424 0.000026  -0.002386
      321 0.000025  -0.002383
      315 0.000025   0.002342
      320 0.000025   0.002331
     1034 0.000023  -0.002187
      900 0.000023  -0.002150
      685 0.000023  -0.002112
      104 0.000023   0.002109
      519 0.000022   0.002036
      917 0.000022   0.002014
      214 0.000021   0.002003
      216 0.000021  -0.001991
      502 0.000021   0.001984
      536 0.000021  -0.001979
      538 0.000020   0.001914
      727 0.000020  -0.001905
      366 0.000020   0.001895
      455 0.000020  -0.001894
      479 0.000020   0.001881
      237 0.000020   0.001874
      938 0.000020   0.001871
      526 0.000020   0.001846
      714 0.000020  -0.001846
      662 0.000020  -0.001843
      849 0.000020   0.001831
      830 0.000019   0.001787
      402 0.000019  -0.001782
      489 0.000019   0.001781
      512 0.000019  -0.001779
      592 0.000019  -0.001772
      763 0.000019  -0.001738
      463 0.000018  -0.001718
      949 0.000018   0.001714
      324 0.000018  -0.001708
      335 0.000018  -0.001684
      334 0.000018   0.001673
     1052 0.000018   0.001673
      514 0.000018   0.001663
      286 0.000018   0.001652
      856 0.000018   0.001652
      458 0.000018   0.001651
      505 0.000018   0.001645
      852 0.000018  -0.001640
      437 0.000017   0.001634
      213 0.000017   0.001619
      240 0.000017  -0.001572
      296 0.000017  -0.001558
      284 0.000016   0.001509
      837 0.000016  -0.001492
      215 0.000016  -0.001487
      907 0.000016   0.001475
      732 0.000015   0.001442
      399 0.000015  -0.001441
      420 0.000015   0.001416
      669 0.000015   0.001396
      452 0.000015  -0.001361
      349 0.000014  -0.001347
       66 0.000014  -0.001332
      450 0.000014  -0.001305
     1010 0.000014   0.001300
      483 0.000014  -0.001296
      791 0.000014   0.001284
      318 0.000014  -0.001281
      794 0.000014   0.001263
      713 0.000013   0.001251
      534 0.000013  -0.001232
      875 0.000013  -0.001230
      816 0.000013   0.001227
      649 0.000013  -0.001221
      619 0.000013   0.001218
      244 0.000013  -0.001186
      876 0.000012  -0.001158
      609 0.000012   0.001156
      971 0.000012  -0.001151
      927 0.000012  -0.001149
      921 0.000012  -0.001148
       81 0.000012   0.001143
      276 0.000012   0.001134
       80 0.000012  -0.001131
      634 0.000012  -0.001114
     1047 0.000012   0.001106
      462 0.000012   0.001099
      811 0.000012   0.001099
      964 0.000012   0.001098
      328 0.000012  -0.001097
      935 0.000012  -0.001092
     1073 0.000011  -0.001070
      346 0.000011   0.001062
       64 0.000011  -0.001058
      934 0.000011  -0.001044
      888 0.000011   0.001040
      188 0.000011  -0.001037
      988 0.000011  -0.001027
      473 0.000011  -0.001020
      487 0.000011  -0.001017
      655 0.000011  -0.000998
      250 0.000011   0.000995
      384 0.000011  -0.000989
      957 0.000010   0.000962
      681 0.000010  -0.000955
     1061 0.000010  -0.000944
      543 0.000010  -0.000938
euclid. distance of OLC and linear combination of EV * x_coef: 0.008068293702760515

Generate samples based on objective loadcase 798
nr_to_generate: 25

Parameter variation distribution settings
distribution: uniform
low: 0.7
high: 1.3

Total process runtime: 0:00:01.268124
