Date and Time:2023-05-12 14:12:13.845831

Initial Settings:
similarity_model: <function cosine_similarity at 0x000001D005A6E5E0>
similarity_threshold: 1e-05
nr_eigv_to_select: None
distribution: uniform
deviation: 0.3
nr_to_generate: 25
recompute: False

Selected eigenvectors and similarity score w.r.t objective loadcase:
objective_loadcase_nr: 290
similarity_model: cosine_similarity
similarity_threshold: 1e-05
nr_eigv_to_select: None
nr_eigv_selected: 452
approximation parameter model: lstsq
similarity score and approx. param. value
:  eigv_idx    score      value
        3 0.578469  45.685260
        1 0.519689  41.043031
        2 0.513851 -40.581967
        0 0.359452  28.388135
        6 0.032127   2.537285
       39 0.028165   2.224373
        4 0.012399   0.979217
      639 0.003485   0.275256
      218 0.002520  -0.199017
      593 0.002138  -0.168875
      186 0.002026  -0.159997
      612 0.002004  -0.158242
      586 0.001997   0.157700
      710 0.001583  -0.125017
      187 0.001331  -0.105102
      595 0.001300   0.102634
      716 0.001283   0.101345
      663 0.001147  -0.090623
      626 0.001102   0.087061
      618 0.001069   0.084443
      668 0.001044   0.082445
      388 0.000925  -0.073028
      686 0.000915  -0.072247
      194 0.000901   0.071157
      599 0.000788   0.062209
      688 0.000776  -0.061246
      659 0.000771  -0.060875
      749 0.000764  -0.060301
      617 0.000745   0.058870
      621 0.000740  -0.058427
      562 0.000739  -0.058331
      582 0.000737  -0.058196
      635 0.000724   0.057191
      670 0.000708   0.055896
       68 0.000707  -0.055822
      143 0.000670   0.052952
      704 0.000657  -0.051904
      578 0.000639   0.050494
      183 0.000627   0.049496
       69 0.000618   0.048803
      341 0.000616   0.048632
      733 0.000594   0.046897
      718 0.000583  -0.046057
      567 0.000575  -0.045440
       71 0.000568   0.044851
      606 0.000567  -0.044792
      577 0.000554  -0.043773
      602 0.000547  -0.043161
      698 0.000510  -0.040315
      579 0.000505   0.039905
      253 0.000501  -0.039566
      267 0.000498  -0.039328
      708 0.000485   0.038341
      220 0.000457  -0.036067
      735 0.000456  -0.036043
      575 0.000455   0.035941
      696 0.000454  -0.035858
      153 0.000447   0.035341
      258 0.000445  -0.035108
      620 0.000441  -0.034792
      666 0.000436  -0.034412
      174 0.000419   0.033069
      709 0.000404  -0.031874
      753 0.000402  -0.031718
      683 0.000399   0.031532
      641 0.000395  -0.031182
      707 0.000393  -0.031064
      601 0.000393   0.031051
      230 0.000392  -0.030971
      700 0.000388   0.030676
      848 0.000366  -0.028900
      227 0.000358   0.028289
      583 0.000353  -0.027850
      412 0.000353  -0.027844
      699 0.000350  -0.027675
      210 0.000349  -0.027531
      273 0.000331  -0.026115
      807 0.000327   0.025799
      419 0.000325  -0.025687
      793 0.000322  -0.025394
      403 0.000308   0.024317
      587 0.000306   0.024183
      756 0.000304  -0.024021
      631 0.000301  -0.023789
      383 0.000298   0.023524
      269 0.000293  -0.023120
      235 0.000284  -0.022397
      362 0.000278  -0.021959
      182 0.000278  -0.021935
      239 0.000269   0.021209
      853 0.000267  -0.021066
      570 0.000264  -0.020842
      263 0.000263  -0.020750
      763 0.000259   0.020424
      757 0.000252  -0.019913
      299 0.000252   0.019890
      759 0.000250  -0.019751
      184 0.000234  -0.018508
      204 0.000232   0.018317
      726 0.000230  -0.018144
      361 0.000225   0.017777
      741 0.000222   0.017552
      377 0.000220  -0.017360
      206 0.000220   0.017348
      243 0.000218   0.017240
      739 0.000215  -0.016996
      743 0.000207  -0.016355
      301 0.000204  -0.016114
      427 0.000198  -0.015644
      855 0.000197  -0.015596
      750 0.000197   0.015594
      199 0.000195  -0.015401
      564 0.000193  -0.015253
      604 0.000193  -0.015233
      818 0.000193  -0.015230
      549 0.000193  -0.015206
      580 0.000192  -0.015202
      800 0.000191  -0.015069
      247 0.000191   0.015058
      312 0.000189  -0.014906
      373 0.000187  -0.014803
      742 0.000187  -0.014760
      223 0.000181   0.014276
      392 0.000179   0.014171
      795 0.000179   0.014122
      576 0.000178  -0.014052
      591 0.000175   0.013833
      658 0.000175   0.013797
      400 0.000174  -0.013716
      369 0.000172   0.013603
      857 0.000170  -0.013458
      553 0.000170  -0.013414
      784 0.000169  -0.013360
      824 0.000169   0.013325
      828 0.000166  -0.013136
      175 0.000166  -0.013123
      337 0.000164  -0.012966
      574 0.000164  -0.012929
      820 0.000162  -0.012795
      778 0.000161  -0.012749
      290 0.000161   0.012709
      275 0.000158  -0.012489
      665 0.000157  -0.012365
      941 0.000156  -0.012334
      667 0.000155   0.012280
      787 0.000155   0.012236
      332 0.000155  -0.012220
      711 0.000153   0.012048
      775 0.000150   0.011861
      616 0.000148  -0.011703
      585 0.000145  -0.011451
      137 0.000144  -0.011386
      132 0.000142   0.011186
      628 0.000141   0.011167
      829 0.000141   0.011112
      808 0.000139   0.010961
      605 0.000138  -0.010874
      736 0.000136  -0.010752
      179 0.000134   0.010621
       70 0.000134   0.010610
      557 0.000131  -0.010385
      859 0.000131   0.010355
      228 0.000131  -0.010354
      687 0.000128   0.010106
      279 0.000127  -0.010008
      423 0.000126  -0.009978
      431 0.000125  -0.009911
      257 0.000125  -0.009908
      217 0.000125  -0.009871
      398 0.000124  -0.009777
      298 0.000122  -0.009659
      354 0.000122   0.009638
      255 0.000121  -0.009553
      790 0.000120   0.009488
      329 0.000119  -0.009431
      380 0.000117   0.009268
      201 0.000115  -0.009081
      815 0.000114  -0.009032
      171 0.000114  -0.008977
      697 0.000114   0.008973
       88 0.000113  -0.008918
      295 0.000113  -0.008904
      355 0.000112   0.008813
      294 0.000112  -0.008810
      799 0.000111  -0.008763
      645 0.000111   0.008753
      569 0.000110   0.008656
      908 0.000109  -0.008635
      566 0.000108   0.008529
      770 0.000108   0.008504
      277 0.000107   0.008459
      769 0.000105   0.008284
      690 0.000104   0.008239
      744 0.000104  -0.008202
      356 0.000102  -0.008078
      638 0.000101  -0.007963
      241 0.000101   0.007954
      353 0.000098  -0.007775
      600 0.000098  -0.007738
      271 0.000097   0.007645
      728 0.000096  -0.007568
      974 0.000095   0.007518
      573 0.000095   0.007467
       93 0.000094  -0.007460
      684 0.000094  -0.007459
      266 0.000094  -0.007387
      321 0.000093  -0.007356
      840 0.000092  -0.007299
      436 0.000092   0.007265
      948 0.000092   0.007233
      611 0.000091  -0.007225
      782 0.000090  -0.007105
      581 0.000089  -0.007033
      937 0.000089  -0.007012
      251 0.000088  -0.006973
      292 0.000088  -0.006931
      261 0.000086  -0.006830
      864 0.000086   0.006810
      844 0.000085  -0.006713
      325 0.000084  -0.006664
      762 0.000084  -0.006606
      734 0.000083  -0.006555
      860 0.000083  -0.006539
      629 0.000082  -0.006511
      285 0.000081   0.006433
      594 0.000081  -0.006423
      367 0.000080   0.006339
      847 0.000079   0.006259
      943 0.000078   0.006152
      978 0.000078   0.006125
      584 0.000077  -0.006073
      104 0.000077   0.006065
      723 0.000076  -0.006026
      560 0.000076  -0.005999
      281 0.000075   0.005928
      572 0.000075  -0.005885
      268 0.000073  -0.005782
      654 0.000071   0.005618
      234 0.000071   0.005618
      843 0.000071  -0.005607
      694 0.000071   0.005606
      773 0.000071   0.005601
     1095 0.000069  -0.005451
      138 0.000069  -0.005423
      882 0.000069   0.005422
      792 0.000067   0.005325
      319 0.000067   0.005286
      342 0.000067   0.005283
      561 0.000066   0.005246
      262 0.000066  -0.005246
      302 0.000066  -0.005203
      291 0.000066   0.005197
     1005 0.000065   0.005150
      722 0.000065  -0.005103
      823 0.000064   0.005080
      283 0.000064   0.005066
      289 0.000064   0.005025
      913 0.000063  -0.004993
      539 0.000061   0.004848
      884 0.000061  -0.004811
      632 0.000061   0.004795
      895 0.000060   0.004758
      826 0.000060  -0.004731
      107 0.000060  -0.004722
      701 0.000059  -0.004658
      425 0.000057   0.004529
      552 0.000057  -0.004495
      780 0.000057   0.004464
      545 0.000056  -0.004451
      831 0.000056   0.004448
      614 0.000056   0.004445
      590 0.000056  -0.004410
      627 0.000056   0.004397
      428 0.000055   0.004367
      390 0.000055   0.004346
      596 0.000055  -0.004340
      880 0.000055   0.004326
      323 0.000054  -0.004287
      765 0.000054   0.004277
      528 0.000053   0.004175
      318 0.000052  -0.004120
      414 0.000051   0.004051
      315 0.000051   0.004038
      322 0.000051  -0.004021
      343 0.000051  -0.004013
      870 0.000051  -0.004011
      922 0.000051  -0.004006
      748 0.000051  -0.004002
      589 0.000051  -0.003997
      821 0.000049  -0.003909
      386 0.000049   0.003856
      955 0.000048   0.003808
      413 0.000048  -0.003775
      535 0.000048   0.003758
      244 0.000046  -0.003617
      308 0.000044  -0.003502
      789 0.000044   0.003462
      935 0.000044  -0.003445
      650 0.000044  -0.003442
      284 0.000042   0.003325
      193 0.000042   0.003288
      374 0.000042   0.003285
      881 0.000041  -0.003204
      842 0.000040  -0.003166
      169 0.000039  -0.003043
      161 0.000038   0.002970
      879 0.000037  -0.002960
      830 0.000037   0.002947
      198 0.000037  -0.002936
      491 0.000037   0.002885
      518 0.000036   0.002859
      894 0.000036  -0.002846
      313 0.000035  -0.002793
      957 0.000035   0.002786
      874 0.000035  -0.002767
      394 0.000035   0.002749
      832 0.000035   0.002737
     1073 0.000034  -0.002722
      532 0.000033   0.002633
      841 0.000033   0.002622
      942 0.000033   0.002619
      131 0.000033   0.002606
      488 0.000033   0.002605
      833 0.000033  -0.002578
      838 0.000032  -0.002560
      540 0.000031  -0.002435
      933 0.000030   0.002399
      407 0.000030  -0.002392
      597 0.000030  -0.002365
      835 0.000030  -0.002364
      971 0.000029  -0.002323
      278 0.000029   0.002318
      410 0.000029  -0.002317
      445 0.000029  -0.002300
      409 0.000029  -0.002296
      643 0.000029  -0.002286
      542 0.000029   0.002283
      448 0.000029   0.002276
      636 0.000028  -0.002242
      950 0.000028  -0.002232
      475 0.000028  -0.002223
      727 0.000028  -0.002216
      921 0.000028  -0.002215
      988 0.000028  -0.002203
      524 0.000028  -0.002200
      928 0.000028  -0.002190
      649 0.000027  -0.002172
      310 0.000027  -0.002163
      794 0.000027   0.002157
      297 0.000027  -0.002126
      366 0.000027   0.002112
      286 0.000027   0.002108
     1032 0.000026   0.002052
     1096 0.000026   0.002036
      798 0.000026  -0.002034
     1034 0.000026  -0.002026
      811 0.000025   0.002011
      987 0.000025   0.002001
      677 0.000025   0.001999
      856 0.000025   0.001967
      526 0.000025   0.001943
      333 0.000025  -0.001941
     1010 0.000024   0.001900
      964 0.000024   0.001883
      424 0.000024  -0.001861
     1001 0.000023  -0.001819
      801 0.000023  -0.001816
      685 0.000023  -0.001813
      530 0.000023   0.001810
      977 0.000023   0.001804
      776 0.000023  -0.001795
      852 0.000022   0.001774
      983 0.000022   0.001735
      868 0.000021   0.001677
      927 0.000021  -0.001665
      904 0.000021   0.001640
      610 0.000021  -0.001630
      810 0.000020   0.001607
      608 0.000020  -0.001606
      479 0.000020   0.001597
       91 0.000020  -0.001597
      346 0.000020   0.001586
      959 0.000020  -0.001583
      514 0.000020   0.001573
      809 0.000019   0.001529
      397 0.000019  -0.001513
      938 0.000019   0.001479
      934 0.000019  -0.001475
      907 0.000018   0.001454
     1025 0.000018   0.001438
      791 0.000018   0.001434
      536 0.000018  -0.001426
     1009 0.000018  -0.001416
      437 0.000018   0.001413
      640 0.000018  -0.001398
      455 0.000018  -0.001395
      324 0.000018  -0.001391
      334 0.000018  -0.001390
      463 0.000018  -0.001390
      916 0.000017  -0.001355
      891 0.000017  -0.001342
      222 0.000017   0.001334
      519 0.000017   0.001307
      502 0.000016   0.001297
      714 0.000016  -0.001286
      592 0.000016   0.001283
      432 0.000016   0.001280
      512 0.000016  -0.001278
      779 0.000016  -0.001271
      764 0.000016  -0.001265
      646 0.000016   0.001261
     1017 0.000016   0.001255
      949 0.000014   0.001141
      732 0.000014   0.001116
      458 0.000014   0.001100
      984 0.000014  -0.001097
      489 0.000014   0.001092
      264 0.000014   0.001085
     1003 0.000014  -0.001071
       98 0.000013  -0.001052
      450 0.000013  -0.001047
      814 0.000013   0.001043
      662 0.000013  -0.001043
      236 0.000013   0.001042
      669 0.000013   0.001030
      245 0.000013  -0.001023
      903 0.000013   0.001018
      713 0.000013   0.001015
     1016 0.000013  -0.001012
      505 0.000013   0.000994
      148 0.000012   0.000985
      803 0.000012   0.000979
      680 0.000012   0.000977
      917 0.000012   0.000977
     1052 0.000012   0.000974
      254 0.000012   0.000972
      384 0.000012  -0.000966
      993 0.000012   0.000926
      478 0.000011   0.000901
      816 0.000011   0.000888
      232 0.000011  -0.000881
     1061 0.000011  -0.000872
      487 0.000011  -0.000868
      634 0.000011  -0.000838
     1040 0.000011  -0.000836
      898 0.000011   0.000833
      461 0.000010   0.000826
      483 0.000010  -0.000819
     1015 0.000010  -0.000810
      802 0.000010   0.000801
     1020 0.000010  -0.000798
      426 0.000010   0.000798
euclid. distance of OLC and linear combination of EV * x_coef: 0.005968192308675986

Generate samples based on objective loadcase 290
nr_to_generate: 25

Parameter variation distribution settings
distribution: uniform
low: 0.7
high: 1.3

Total process runtime: 0:00:01.319826
