Date and Time:2023-05-12 14:06:01.700320

Initial Settings:
similarity_model: <function cosine_similarity at 0x000001D005A6E5E0>
similarity_threshold: 1e-05
nr_eigv_to_select: None
distribution: uniform
deviation: 0.3
nr_to_generate: 25
recompute: False

Selected eigenvectors and similarity score w.r.t objective loadcase:
objective_loadcase_nr: 10
similarity_model: cosine_similarity
similarity_threshold: 1e-05
nr_eigv_to_select: None
nr_eigv_selected: 466
approximation parameter model: lstsq
similarity score and approx. param. value
:  eigv_idx    score      value
        3 0.550906  65.178685
        1 0.542631  64.199694
        2 0.500989 -59.272903
        0 0.384797  45.526047
        6 0.047990   5.677786
       39 0.022286   2.636681
        4 0.010993   1.300659
      639 0.003648   0.431634
      186 0.002362  -0.279454
      593 0.002130  -0.252016
      612 0.002070  -0.244880
      218 0.001958  -0.231602
      586 0.001955   0.231351
      710 0.001601  -0.189372
      716 0.001583   0.187284
      187 0.001564  -0.185012
      663 0.001322  -0.156425
      618 0.001315   0.155530
      668 0.001258   0.148826
      595 0.001251   0.147954
      194 0.001060   0.125426
      626 0.000995   0.117765
      686 0.000969  -0.114633
      659 0.000941  -0.111332
      388 0.000927  -0.109678
      143 0.000890   0.105335
      617 0.000868   0.102678
      688 0.000822  -0.097255
      599 0.000821   0.097135
       68 0.000813  -0.096191
      582 0.000767  -0.090788
      562 0.000761  -0.090010
      635 0.000754   0.089216
      670 0.000741   0.087702
      183 0.000724   0.085699
      621 0.000704  -0.083245
      749 0.000669  -0.079160
      578 0.000662   0.078354
      182 0.000634  -0.074981
       71 0.000631   0.074600
       69 0.000629   0.074459
      733 0.000621   0.073506
      579 0.000615   0.072806
      700 0.000612   0.072453
      698 0.000601  -0.071067
      341 0.000597   0.070625
      704 0.000586  -0.069298
      683 0.000564   0.066709
      718 0.000561  -0.066324
      602 0.000542  -0.064079
      606 0.000522  -0.061812
      666 0.000522  -0.061722
      253 0.000516  -0.061025
      567 0.000514  -0.060783
      153 0.000506   0.059811
      708 0.000499   0.059008
      174 0.000485   0.057435
      184 0.000485  -0.057373
      577 0.000480  -0.056737
      575 0.000436   0.051598
      735 0.000427  -0.050560
      620 0.000419  -0.049546
      699 0.000415  -0.049116
      641 0.000413  -0.048872
      709 0.000406  -0.048042
      267 0.000396  -0.046802
      220 0.000393  -0.046451
      210 0.000388  -0.045914
      707 0.000369  -0.043678
      583 0.000367  -0.043453
      696 0.000366  -0.043332
      601 0.000349   0.041292
      848 0.000344  -0.040653
      258 0.000340  -0.040167
      807 0.000339   0.040108
      412 0.000332  -0.039318
      362 0.000324  -0.038372
      419 0.000324  -0.038301
      631 0.000315  -0.037254
      403 0.000310   0.036696
      753 0.000306  -0.036235
      228 0.000304  -0.035962
      756 0.000297  -0.035196
      587 0.000293   0.034698
      757 0.000281  -0.033193
      383 0.000274   0.032401
      204 0.000268   0.031738
      179 0.000264   0.031280
      243 0.000264   0.031230
      570 0.000263  -0.031131
      604 0.000256  -0.030330
      273 0.000250  -0.029532
      793 0.000244  -0.028896
      377 0.000241  -0.028503
      230 0.000241  -0.028483
      137 0.000241  -0.028466
      576 0.000236  -0.027876
      853 0.000229  -0.027066
      580 0.000226  -0.026740
      741 0.000226   0.026701
      199 0.000225  -0.026613
      171 0.000224  -0.026553
      227 0.000224   0.026525
      564 0.000213  -0.025184
      400 0.000211  -0.024981
      361 0.000211   0.024919
      658 0.000208   0.024578
      739 0.000206  -0.024408
      628 0.000201   0.023817
      269 0.000200  -0.023679
      800 0.000199  -0.023521
      301 0.000194  -0.022984
      235 0.000194  -0.022970
      427 0.000191  -0.022651
      941 0.000191  -0.022605
      815 0.000191  -0.022600
      175 0.000191  -0.022587
      299 0.000191   0.022586
      828 0.000188  -0.022187
      132 0.000185   0.021885
      373 0.000184  -0.021733
      549 0.000181  -0.021460
      574 0.000181  -0.021449
      247 0.000179   0.021200
      820 0.000179  -0.021195
      665 0.000178  -0.021074
      787 0.000176   0.020831
      784 0.000176  -0.020798
      573 0.000176   0.020794
      271 0.000171   0.020274
      726 0.000171  -0.020192
      743 0.000168  -0.019832
      255 0.000168  -0.019821
      750 0.000167   0.019753
      855 0.000165  -0.019535
      667 0.000165   0.019464
      557 0.000164  -0.019401
      254 0.000162   0.019196
      239 0.000162   0.019188
      711 0.000160   0.018963
      263 0.000156  -0.018496
      687 0.000154   0.018244
      392 0.000151   0.017844
      795 0.000148   0.017481
      277 0.000147   0.017446
      553 0.000145  -0.017213
      257 0.000145  -0.017210
      857 0.000145  -0.017179
      217 0.000145  -0.017102
      566 0.000144   0.017037
      605 0.000144  -0.017032
      369 0.000143   0.016958
      818 0.000143  -0.016933
      808 0.000142   0.016832
      398 0.000142  -0.016745
      312 0.000141  -0.016716
       70 0.000139   0.016395
      380 0.000137   0.016176
      591 0.000136   0.016141
      355 0.000136   0.016035
      616 0.000133  -0.015769
      790 0.000130   0.015368
      690 0.000129   0.015258
      742 0.000129  -0.015248
      585 0.000128  -0.015168
      294 0.000128  -0.015126
      234 0.000127   0.015032
      908 0.000126  -0.014946
      423 0.000126  -0.014899
      275 0.000126  -0.014874
      431 0.000125  -0.014767
      241 0.000124   0.014718
      697 0.000124   0.014626
      354 0.000122   0.014460
      778 0.000122  -0.014437
      847 0.000122   0.014387
      645 0.000120   0.014152
      736 0.000119  -0.014092
      295 0.000118  -0.014019
      974 0.000118   0.013989
      353 0.000117  -0.013789
      223 0.000115   0.013579
      799 0.000114  -0.013507
      638 0.000113  -0.013313
      569 0.000112   0.013269
      824 0.000112   0.013249
      684 0.000111  -0.013152
      436 0.000111   0.013118
      367 0.000111   0.013116
      356 0.000109  -0.012858
      161 0.000108   0.012741
      859 0.000108   0.012728
      840 0.000107  -0.012666
      251 0.000106  -0.012598
      882 0.000106   0.012598
      629 0.000106  -0.012522
      581 0.000105  -0.012386
      236 0.000104   0.012362
      262 0.000103  -0.012216
      584 0.000103  -0.012175
      206 0.000102   0.012089
      292 0.000101  -0.011949
      266 0.000101  -0.011907
      279 0.000100  -0.011828
      337 0.000099  -0.011680
      844 0.000096  -0.011372
      261 0.000096  -0.011322
      600 0.000096  -0.011308
      611 0.000094  -0.011071
      829 0.000093   0.010967
      281 0.000092   0.010938
      298 0.000091  -0.010798
      594 0.000090  -0.010686
       88 0.000089  -0.010494
      332 0.000088  -0.010410
     1095 0.000088  -0.010401
      728 0.000088  -0.010363
      734 0.000087  -0.010313
      723 0.000086  -0.010228
      744 0.000084  -0.009919
      560 0.000083  -0.009864
      561 0.000083   0.009820
      148 0.000082   0.009733
      329 0.000080  -0.009425
      640 0.000079  -0.009399
      268 0.000079  -0.009386
      937 0.000078  -0.009183
      302 0.000077  -0.009121
      832 0.000077   0.009099
      107 0.000077  -0.009064
      291 0.000077   0.009053
      390 0.000076   0.009017
      572 0.000075  -0.008866
      740 0.000075  -0.008865
      955 0.000075   0.008854
      632 0.000075   0.008836
      978 0.000074   0.008776
      701 0.000074  -0.008758
      308 0.000074  -0.008728
      552 0.000073  -0.008651
     1005 0.000073   0.008638
      290 0.000073   0.008600
      782 0.000072  -0.008522
       93 0.000072  -0.008492
      654 0.000071   0.008386
      798 0.000070   0.008302
      386 0.000070   0.008246
      913 0.000069  -0.008211
      775 0.000067   0.007969
      428 0.000067   0.007928
      843 0.000067  -0.007913
      948 0.000067   0.007901
      748 0.000067  -0.007878
      104 0.000066   0.007826
      879 0.000066  -0.007808
      325 0.000066  -0.007754
      722 0.000066  -0.007754
      922 0.000065  -0.007673
      425 0.000064   0.007548
      545 0.000063  -0.007483
      414 0.000062   0.007385
      770 0.000062   0.007350
      539 0.000060   0.007131
      343 0.000060  -0.007053
      891 0.000059  -0.006949
      831 0.000059   0.006938
      597 0.000058  -0.006865
      895 0.000058   0.006864
      826 0.000058  -0.006851
      249 0.000055  -0.006474
      821 0.000054  -0.006408
      789 0.000054   0.006392
      860 0.000054  -0.006374
      596 0.000054  -0.006374
      319 0.000053   0.006258
      342 0.000053   0.006251
      528 0.000052   0.006208
      313 0.000052  -0.006203
      614 0.000052   0.006140
      863 0.000052  -0.006132
      763 0.000051   0.006049
      322 0.000051  -0.005976
      776 0.000050  -0.005931
      765 0.000050   0.005917
      792 0.000050   0.005902
      323 0.000050  -0.005878
      803 0.000050   0.005872
      394 0.000049   0.005850
      201 0.000049  -0.005793
      864 0.000049   0.005771
      374 0.000048   0.005676
      773 0.000048   0.005661
      289 0.000047   0.005575
      627 0.000047   0.005559
      694 0.000047   0.005534
      245 0.000046  -0.005494
      169 0.000046  -0.005394
      535 0.000045   0.005379
       91 0.000045  -0.005297
      762 0.000045   0.005280
      209 0.000045  -0.005265
      823 0.000044   0.005223
      321 0.000044  -0.005164
      650 0.000043  -0.005086
      542 0.000043   0.005072
      802 0.000043   0.005049
      590 0.000042  -0.004979
      407 0.000041  -0.004907
      801 0.000041  -0.004902
      870 0.000041  -0.004792
      881 0.000040  -0.004786
      397 0.000040  -0.004687
      928 0.000039  -0.004628
      540 0.000039  -0.004598
      315 0.000039   0.004597
      987 0.000039   0.004592
      943 0.000038   0.004501
      589 0.000037  -0.004400
      491 0.000036   0.004292
      518 0.000036   0.004286
      198 0.000036   0.004285
      232 0.000036  -0.004263
      409 0.000036  -0.004228
      677 0.000035   0.004124
      448 0.000034   0.004080
     1001 0.000034  -0.004073
      904 0.000034   0.004024
      867 0.000034   0.004016
      769 0.000034   0.004014
      532 0.000034   0.003981
      933 0.000033   0.003953
      874 0.000033  -0.003930
      805 0.000033  -0.003927
      610 0.000033  -0.003917
      366 0.000033   0.003888
      283 0.000033   0.003874
      894 0.000033  -0.003868
      488 0.000033   0.003864
      636 0.000032  -0.003835
      858 0.000032  -0.003731
      410 0.000031  -0.003691
      310 0.000031  -0.003626
      965 0.000030  -0.003554
     1032 0.000030   0.003550
      880 0.000030   0.003540
      950 0.000030  -0.003533
      445 0.000030  -0.003524
      297 0.000030  -0.003515
      842 0.000030  -0.003508
      475 0.000030  -0.003507
      942 0.000029   0.003479
      759 0.000029   0.003478
     1025 0.000029   0.003455
      643 0.000029  -0.003424
      993 0.000029   0.003385
      524 0.000029  -0.003378
      530 0.000028   0.003364
      649 0.000028  -0.003295
      333 0.000027  -0.003248
      285 0.000027   0.003243
      131 0.000027   0.003200
      286 0.000026   0.003133
      424 0.000026  -0.003101
      318 0.000026  -0.003070
      224 0.000026  -0.003024
      222 0.000025  -0.002987
      193 0.000024  -0.002881
     1034 0.000024  -0.002864
      244 0.000024  -0.002848
      830 0.000024   0.002841
     1017 0.000024   0.002839
      794 0.000024   0.002813
      900 0.000023  -0.002752
      526 0.000023   0.002712
      685 0.000023  -0.002677
      884 0.000023  -0.002675
      814 0.000022   0.002648
      938 0.000022   0.002581
      603 0.000022  -0.002580
      349 0.000022  -0.002566
      278 0.000022   0.002550
      727 0.000021  -0.002525
      432 0.000021   0.002486
      662 0.000021  -0.002478
      856 0.000021   0.002461
      917 0.000021   0.002449
      284 0.000020   0.002402
      479 0.000020   0.002396
      714 0.000020  -0.002367
      519 0.000020   0.002357
      364 0.000020  -0.002327
      502 0.000020   0.002320
      455 0.000020  -0.002316
      514 0.000019   0.002287
      608 0.000019  -0.002284
      536 0.000019  -0.002250
      463 0.000018  -0.002180
      437 0.000018   0.002153
      949 0.000018   0.002142
      512 0.000018  -0.002079
       86 0.000018  -0.002079
      346 0.000017   0.002070
      324 0.000017  -0.002067
      680 0.000017   0.002045
     1052 0.000017   0.002033
      907 0.000017   0.002017
      489 0.000017   0.002016
       87 0.000017  -0.001979
     1073 0.000016  -0.001933
     1010 0.000016   0.001903
      791 0.000016   0.001901
      458 0.000016   0.001901
      240 0.000016  -0.001895
      646 0.000016   0.001849
      252 0.000016  -0.001842
      505 0.000016   0.001834
      935 0.000015  -0.001813
      811 0.000015   0.001811
      101 0.000015   0.001803
      123 0.000015  -0.001768
      226 0.000015   0.001750
      237 0.000015   0.001742
      732 0.000014   0.001712
      384 0.000014  -0.001686
      450 0.000014  -0.001674
       98 0.000014  -0.001661
      225 0.000014   0.001659
      927 0.000014  -0.001641
      538 0.000014   0.001609
      921 0.000013  -0.001592
      971 0.000013  -0.001588
      125 0.000013   0.001581
      816 0.000013   0.001563
      272 0.000013  -0.001546
      112 0.000013   0.001543
      320 0.000013   0.001529
       99 0.000013   0.001527
      406 0.000013  -0.001505
      810 0.000012   0.001478
      359 0.000012   0.001478
      934 0.000012  -0.001477
      609 0.000012   0.001468
      669 0.000012   0.001467
      619 0.000012   0.001463
      274 0.000012   0.001441
      382 0.000012  -0.001440
      483 0.000012  -0.001438
      357 0.000012  -0.001421
      883 0.000012   0.001421
      250 0.000011   0.001328
     1047 0.000011   0.001325
      634 0.000011  -0.001314
      478 0.000011   0.001303
      462 0.000011   0.001290
      487 0.000011  -0.001280
      966 0.000011   0.001270
      988 0.000011  -0.001263
      188 0.000010  -0.001235
      296 0.000010  -0.001231
      461 0.000010   0.001230
      675 0.000010   0.001221
     1061 0.000010  -0.001216
      473 0.000010  -0.001213
      804 0.000010  -0.001209
      713 0.000010   0.001205
      426 0.000010   0.001185
euclid. distance of OLC and linear combination of EV * x_coef: 0.010281850000326864

Generate samples based on objective loadcase 10
nr_to_generate: 25

Parameter variation distribution settings
distribution: uniform
low: 0.7
high: 1.3

Total process runtime: 0:00:01.329678
