Date and Time:2023-05-12 14:12:00.649043

Initial Settings:
similarity_model: <function cosine_similarity at 0x000001D005A6E5E0>
similarity_threshold: 1e-05
nr_eigv_to_select: None
distribution: uniform
deviation: 0.3
nr_to_generate: 25
recompute: False

Selected eigenvectors and similarity score w.r.t objective loadcase:
objective_loadcase_nr: 280
similarity_model: cosine_similarity
similarity_threshold: 1e-05
nr_eigv_to_select: None
nr_eigv_selected: 482
approximation parameter model: lstsq
similarity score and approx. param. value
:  eigv_idx    score      value
        1 0.554077  50.465724
        3 0.536501  48.864926
        2 0.493396 -44.938871
        0 0.397606  36.214280
        6 0.056007   5.101120
       39 0.017500   1.593874
        4 0.010254   0.933923
      639 0.003806   0.346613
       68 0.003100  -0.282385
      186 0.002340  -0.213122
      612 0.002114  -0.192544
      593 0.002078  -0.189276
      586 0.001889   0.172064
      218 0.001684  -0.153408
      716 0.001636   0.148964
      187 0.001529  -0.139296
      710 0.001514  -0.137910
      618 0.001514   0.137879
      663 0.001488  -0.135514
      668 0.001377   0.125426
      595 0.001201   0.109347
      194 0.001076   0.098013
      182 0.001066  -0.097129
      659 0.001034  -0.094192
      617 0.000938   0.085473
      686 0.000925  -0.084243
      388 0.000905  -0.082429
      143 0.000891   0.081141
      626 0.000875   0.079658
       71 0.000869  -0.079181
      599 0.000821   0.074794
      688 0.000803  -0.073104
      635 0.000780   0.071086
      562 0.000774  -0.070511
      700 0.000769   0.070019
      582 0.000767  -0.069837
      184 0.000753  -0.068569
      670 0.000737   0.067107
      579 0.000718   0.065352
      683 0.000716   0.065259
      578 0.000691   0.062917
      183 0.000678   0.061786
       69 0.000669  -0.060917
      621 0.000661  -0.060199
      749 0.000658  -0.059917
      733 0.000634   0.057774
      698 0.000630  -0.057416
      666 0.000567  -0.051629
      341 0.000563   0.051282
      253 0.000541  -0.049279
      602 0.000541  -0.049274
      718 0.000527  -0.048013
       70 0.000514   0.046786
      228 0.000483  -0.043983
      704 0.000476  -0.043343
      708 0.000472   0.042984
      567 0.000467  -0.042524
      174 0.000464   0.042221
      606 0.000457  -0.041617
      735 0.000449  -0.040940
      153 0.000444   0.040461
      699 0.000440  -0.040057
      641 0.000430  -0.039141
      577 0.000427  -0.038882
      179 0.000423   0.038538
      575 0.000413   0.037593
      210 0.000401  -0.036538
      620 0.000397  -0.036157
      583 0.000387  -0.035248
      709 0.000384  -0.035010
      220 0.000374  -0.034021
      171 0.000369  -0.033654
      267 0.000368  -0.033479
      362 0.000365  -0.033230
      137 0.000336  -0.030595
      631 0.000328  -0.029867
      848 0.000326  -0.029660
      601 0.000324   0.029530
      807 0.000315   0.028712
      419 0.000314  -0.028563
      403 0.000312   0.028435
      707 0.000312  -0.028384
      604 0.000309  -0.028126
      756 0.000308  -0.028009
      412 0.000306  -0.027874
      204 0.000303   0.027553
      757 0.000297  -0.027094
      576 0.000280  -0.025477
      587 0.000277   0.025228
      243 0.000277   0.025223
      628 0.000271   0.024710
      383 0.000268   0.024382
      258 0.000256  -0.023354
      199 0.000254  -0.023162
      753 0.000248  -0.022570
      570 0.000247  -0.022530
      400 0.000246  -0.022376
      377 0.000237  -0.021559
      696 0.000236  -0.021495
      254 0.000235   0.021441
      573 0.000234   0.021306
      741 0.000229   0.020839
      580 0.000229  -0.020837
      132 0.000228   0.020771
      815 0.000224  -0.020424
      658 0.000220   0.020000
      853 0.000219  -0.019974
      271 0.000216   0.019686
      739 0.000214  -0.019475
      161 0.000212   0.019350
      787 0.000211   0.019241
      564 0.000205  -0.018684
      273 0.000202  -0.018415
      941 0.000201  -0.018329
      665 0.000200  -0.018232
      148 0.000198   0.018062
      277 0.000188   0.017114
      175 0.000186  -0.016970
      255 0.000186  -0.016954
      800 0.000186  -0.016916
      828 0.000186  -0.016896
      301 0.000182  -0.016549
      557 0.000181  -0.016454
      427 0.000179  -0.016338
      793 0.000178  -0.016201
      236 0.000175   0.015951
      667 0.000174   0.015871
      361 0.000172   0.015657
      687 0.000171   0.015599
      574 0.000168  -0.015323
      820 0.000168  -0.015302
      750 0.000167   0.015169
      234 0.000165   0.014998
      640 0.000163  -0.014864
      217 0.000162  -0.014766
      247 0.000161   0.014696
      784 0.000161  -0.014695
      711 0.000161   0.014640
      566 0.000159   0.014468
      356 0.000159  -0.014441
      380 0.000158   0.014353
      743 0.000157  -0.014310
      299 0.000156   0.014213
      759 0.000155   0.014123
      549 0.000155  -0.014094
      369 0.000148   0.013440
      373 0.000147  -0.013366
      857 0.000146  -0.013316
      398 0.000146  -0.013292
      257 0.000146  -0.013263
      269 0.000143  -0.013060
      855 0.000143  -0.013053
      690 0.000143   0.013021
       91 0.000142  -0.012913
      585 0.000139  -0.012681
      790 0.000136   0.012384
      235 0.000135  -0.012298
      847 0.000135   0.012275
      353 0.000132  -0.012048
      605 0.000132  -0.011994
      908 0.000132  -0.011986
      808 0.000131   0.011970
      645 0.000131   0.011914
      798 0.000130   0.011880
      726 0.000128  -0.011673
      354 0.000128   0.011669
      295 0.000128  -0.011636
      697 0.000127   0.011577
      818 0.000127  -0.011537
      241 0.000127   0.011533
      629 0.000127  -0.011530
      436 0.000126   0.011459
      553 0.000126  -0.011440
      294 0.000125  -0.011414
      974 0.000125   0.011385
      355 0.000125   0.011380
      795 0.000123   0.011172
      423 0.000122  -0.011109
      138 0.000120   0.010967
      431 0.000120  -0.010891
      736 0.000119  -0.010802
      638 0.000116  -0.010578
      107 0.000116  -0.010531
      392 0.000115   0.010431
      581 0.000114  -0.010370
      367 0.000113   0.010338
      859 0.000112   0.010224
      882 0.000112   0.010189
      292 0.000111  -0.010091
      281 0.000110   0.010024
      840 0.000110  -0.009991
      600 0.000109  -0.009891
      742 0.000108  -0.009850
      740 0.000107  -0.009780
      799 0.000106  -0.009630
      684 0.000106  -0.009612
      266 0.000105  -0.009562
      552 0.000105  -0.009532
      312 0.000103  -0.009355
      594 0.000103  -0.009336
      584 0.000102  -0.009311
      263 0.000102  -0.009263
      844 0.000100  -0.009081
      824 0.000098   0.008961
      251 0.000097  -0.008837
      569 0.000096   0.008776
      291 0.000096   0.008719
      832 0.000095   0.008667
      611 0.000095  -0.008629
      249 0.000094  -0.008586
      829 0.000094   0.008568
      308 0.000094  -0.008544
     1095 0.000093  -0.008467
      762 0.000092   0.008368
      193 0.000092  -0.008335
      386 0.000091   0.008300
      230 0.000090  -0.008192
      209 0.000090  -0.008155
      778 0.000089  -0.008100
      262 0.000089  -0.008092
      261 0.000088  -0.007985
      302 0.000087  -0.007969
      394 0.000087   0.007940
      591 0.000086   0.007824
      239 0.000085   0.007775
      616 0.000085  -0.007738
      227 0.000084   0.007680
      723 0.000084  -0.007680
      572 0.000084  -0.007667
      275 0.000084  -0.007666
      632 0.000084   0.007618
      955 0.000083   0.007598
      734 0.000083  -0.007550
      701 0.000081  -0.007404
      560 0.000080  -0.007317
      803 0.000080   0.007317
      561 0.000079   0.007215
      744 0.000079  -0.007163
      390 0.000078   0.007129
      801 0.000077  -0.007030
      428 0.000077   0.007024
      937 0.000076  -0.006893
      597 0.000076  -0.006881
      728 0.000075  -0.006873
      748 0.000075  -0.006869
      313 0.000075  -0.006867
      343 0.000075  -0.006862
     1005 0.000075   0.006825
      374 0.000074   0.006780
      222 0.000073  -0.006649
      414 0.000073   0.006647
      913 0.000073  -0.006605
      978 0.000072   0.006529
      879 0.000069  -0.006327
      298 0.000069  -0.006277
      802 0.000069   0.006241
      922 0.000068  -0.006223
      268 0.000068  -0.006215
      654 0.000068   0.006214
      776 0.000068  -0.006165
      279 0.000067  -0.006144
      596 0.000067  -0.006139
      863 0.000067  -0.006069
      545 0.000066  -0.006038
      843 0.000066  -0.006030
      782 0.000065  -0.005935
      826 0.000064  -0.005842
      891 0.000064  -0.005822
      539 0.000062   0.005680
      425 0.000062   0.005639
      322 0.000061  -0.005590
      223 0.000061   0.005553
      206 0.000061   0.005549
      722 0.000060  -0.005507
      831 0.000059   0.005359
      895 0.000058   0.005261
      805 0.000057  -0.005189
      948 0.000057   0.005186
      337 0.000056  -0.005071
      329 0.000055  -0.005028
      789 0.000055   0.005007
      770 0.000055   0.004970
      821 0.000054  -0.004944
      325 0.000054  -0.004894
      198 0.000053   0.004866
      232 0.000053  -0.004815
      528 0.000051   0.004681
      773 0.000050   0.004599
      627 0.000050   0.004517
      407 0.000049  -0.004488
      614 0.000049   0.004437
      765 0.000048   0.004411
      542 0.000048   0.004399
      763 0.000048  -0.004344
      603 0.000046  -0.004179
      245 0.000045  -0.004118
      867 0.000045   0.004097
      332 0.000045  -0.004091
      540 0.000045  -0.004084
      858 0.000044  -0.004003
      860 0.000044  -0.004000
      864 0.000044   0.003989
      589 0.000043  -0.003962
      987 0.000043   0.003957
      870 0.000043  -0.003937
      928 0.000042  -0.003824
      535 0.000041   0.003769
      881 0.000041  -0.003741
      409 0.000041  -0.003741
      397 0.000041  -0.003703
      333 0.000040  -0.003605
      323 0.000039  -0.003592
      224 0.000039  -0.003589
      610 0.000039  -0.003536
      448 0.000039   0.003519
     1001 0.000038  -0.003439
      289 0.000038   0.003435
      319 0.000037   0.003399
      874 0.000037  -0.003367
      792 0.000036   0.003319
      965 0.000036  -0.003287
      823 0.000036   0.003286
      169 0.000035  -0.003229
      518 0.000035   0.003226
      491 0.000035   0.003210
      677 0.000035   0.003202
      780 0.000035  -0.003189
      933 0.000035   0.003171
      297 0.000034  -0.003140
      413 0.000034   0.003132
      590 0.000034  -0.003117
      993 0.000034   0.003111
      636 0.000034  -0.003094
      650 0.000033  -0.003028
      488 0.000033   0.003028
      342 0.000033   0.002998
     1025 0.000033   0.002998
      310 0.000033  -0.002972
      410 0.000033  -0.002967
      643 0.000032  -0.002948
      532 0.000032   0.002936
      904 0.000032   0.002916
      530 0.000032   0.002906
      290 0.000032   0.002904
     1032 0.000031   0.002819
      475 0.000031  -0.002780
      320 0.000030   0.002769
      894 0.000030  -0.002714
      406 0.000030  -0.002707
      950 0.000030  -0.002701
      524 0.000028  -0.002596
      680 0.000028   0.002594
      694 0.000028   0.002540
      943 0.000028   0.002534
      445 0.000028  -0.002513
     1017 0.000027   0.002454
      880 0.000027   0.002450
      592 0.000027  -0.002447
      814 0.000027   0.002447
      942 0.000027   0.002439
      432 0.000027   0.002436
      842 0.000026  -0.002405
      335 0.000026  -0.002373
      900 0.000026  -0.002358
      424 0.000025  -0.002317
      214 0.000025   0.002315
      216 0.000024  -0.002175
      402 0.000024  -0.002174
      104 0.000024   0.002141
     1034 0.000023  -0.002107
      917 0.000023   0.002076
      364 0.000023   0.002071
      884 0.000022  -0.002026
      213 0.000022   0.002026
      321 0.000022  -0.001990
      938 0.000022   0.001985
      685 0.000022  -0.001984
      334 0.000022   0.001975
      519 0.000022   0.001972
      608 0.000021  -0.001955
      502 0.000021   0.001919
      359 0.000021  -0.001899
      131 0.000021  -0.001887
      479 0.000020   0.001867
      536 0.000020  -0.001860
      714 0.000020  -0.001848
      455 0.000020  -0.001848
      526 0.000020   0.001828
      296 0.000020  -0.001825
      538 0.000020   0.001814
      662 0.000019  -0.001757
      512 0.000019  -0.001741
     1052 0.000019   0.001708
      489 0.000019   0.001695
      463 0.000019  -0.001694
      649 0.000019  -0.001693
      350 0.000018  -0.001667
      514 0.000018   0.001652
      315 0.000018   0.001648
      215 0.000018  -0.001643
      856 0.000018   0.001632
      259 0.000018  -0.001614
      458 0.000018   0.001608
      437 0.000018   0.001602
      324 0.000018  -0.001599
      775 0.000017   0.001588
      949 0.000017   0.001581
      505 0.000017   0.001555
      276 0.000017   0.001534
      399 0.000017  -0.001509
      849 0.000016   0.001493
      346 0.000016   0.001488
      609 0.000016   0.001485
      366 0.000016   0.001484
      907 0.000016   0.001466
      837 0.000016  -0.001446
      318 0.000015  -0.001392
      732 0.000015   0.001389
      237 0.000015   0.001383
      420 0.000015   0.001366
      811 0.000015   0.001363
      852 0.000015  -0.001353
      360 0.000015  -0.001323
      452 0.000014  -0.001320
      816 0.000014   0.001316
       87 0.000014  -0.001309
      328 0.000014  -0.001303
      250 0.000014   0.001295
      450 0.000014  -0.001286
      483 0.000014  -0.001267
      794 0.000014   0.001261
       86 0.000014  -0.001260
      681 0.000014  -0.001236
      669 0.000014   0.001230
      619 0.000013   0.001225
      830 0.000013   0.001214
      357 0.000013   0.001206
      264 0.000013  -0.001204
      868 0.000013  -0.001194
      727 0.000013  -0.001160
      347 0.000013  -0.001159
     1010 0.000013   0.001149
      293 0.000013   0.001148
      838 0.000013   0.001146
       66 0.000012  -0.001125
     1047 0.000012   0.001124
      883 0.000012   0.001118
      534 0.000012  -0.001108
      164 0.000012   0.001107
      791 0.000012   0.001101
      804 0.000012  -0.001096
      307 0.000012  -0.001094
      888 0.000012   0.001087
      927 0.000012  -0.001074
      114 0.000012   0.001070
      810 0.000012   0.001067
       81 0.000012  -0.001060
      462 0.000012   0.001052
      634 0.000012  -0.001051
      244 0.000012  -0.001048
      260 0.000011   0.001047
      875 0.000011  -0.001039
      201 0.000011  -0.001038
      226 0.000011  -0.001032
      142 0.000011   0.001027
      240 0.000011  -0.001025
      158 0.000011  -0.001021
      613 0.000011   0.001018
      191 0.000011   0.001012
      286 0.000011   0.001008
      487 0.000011  -0.001007
      473 0.000011  -0.001003
      543 0.000011  -0.000986
      966 0.000011   0.000981
      934 0.000011  -0.000972
      188 0.000011  -0.000970
      165 0.000010   0.000950
      252 0.000010  -0.000946
      921 0.000010  -0.000945
      461 0.000010   0.000940
      903 0.000010  -0.000916
      225 0.000010  -0.000914
euclid. distance of OLC and linear combination of EV * x_coef: 0.008309086127465668

Generate samples based on objective loadcase 280
nr_to_generate: 25

Parameter variation distribution settings
distribution: uniform
low: 0.7
high: 1.3

Total process runtime: 0:00:01.288739
