Date and Time:2023-05-12 14:07:56.807949

Initial Settings:
similarity_model: <function cosine_similarity at 0x000001D005A6E5E0>
similarity_threshold: 1e-05
nr_eigv_to_select: None
distribution: uniform
deviation: 0.3
nr_to_generate: 25
recompute: False

Selected eigenvectors and similarity score w.r.t objective loadcase:
objective_loadcase_nr: 96
similarity_model: cosine_similarity
similarity_threshold: 1e-05
nr_eigv_to_select: None
nr_eigv_selected: 482
approximation parameter model: lstsq
similarity score and approx. param. value
:  eigv_idx    score      value
        3 0.571349  51.540539
        1 0.526388  47.484670
        2 0.509651 -45.974854
        0 0.366759  33.084775
        6 0.035917   3.240064
       39 0.026746   2.412710
        4 0.012002   1.082727
      639 0.003478   0.313708
      218 0.002396  -0.216099
      186 0.002175  -0.196200
      593 0.002123  -0.191507
      612 0.001994  -0.179851
      586 0.001963   0.177085
      710 0.001616  -0.145759
      187 0.001424  -0.128481
      716 0.001375   0.124038
      595 0.001272   0.114718
      663 0.001166  -0.105164
      618 0.001130   0.101921
      668 0.001097   0.098985
      626 0.001070   0.096546
      194 0.000968   0.087298
      686 0.000938  -0.084610
      388 0.000918  -0.082775
      659 0.000812  -0.073280
      688 0.000794  -0.071668
      599 0.000790   0.071265
      617 0.000777   0.070071
      749 0.000752  -0.067840
      582 0.000744  -0.067139
      562 0.000734  -0.066214
      621 0.000724  -0.065347
      635 0.000723   0.065217
       69 0.000722   0.065106
      670 0.000706   0.063682
       71 0.000692   0.062403
      183 0.000657   0.059274
      143 0.000652   0.058839
      704 0.000640  -0.057752
      578 0.000631   0.056967
      341 0.000608   0.054805
      733 0.000590   0.053251
      718 0.000573  -0.051667
      606 0.000553  -0.049893
      567 0.000552  -0.049831
      602 0.000536  -0.048364
      579 0.000529   0.047753
      577 0.000528  -0.047612
      253 0.000523  -0.047219
      698 0.000522  -0.047063
       68 0.000498  -0.044893
      708 0.000496   0.044771
      153 0.000480   0.043319
      267 0.000479  -0.043253
      666 0.000457  -0.041182
      735 0.000453  -0.040904
      575 0.000445   0.040133
      174 0.000445   0.040130
      700 0.000437   0.039407
      696 0.000434  -0.039144
      620 0.000431  -0.038923
      683 0.000424   0.038204
      220 0.000421  -0.038009
      258 0.000421  -0.037936
      709 0.000410  -0.037024
      641 0.000392  -0.035363
      707 0.000384  -0.034679
      601 0.000382   0.034437
      230 0.000377  -0.034051
      753 0.000374  -0.033711
      210 0.000373  -0.033654
      699 0.000359  -0.032404
      848 0.000356  -0.032158
      227 0.000352   0.031780
      583 0.000345  -0.031105
      412 0.000344  -0.031058
      807 0.000329   0.029668
      419 0.000322  -0.029067
      273 0.000317  -0.028556
      793 0.000306  -0.027564
      631 0.000305  -0.027530
      756 0.000304  -0.027391
      587 0.000302   0.027253
      403 0.000298   0.026877
      362 0.000290  -0.026170
      182 0.000289  -0.026098
      383 0.000286   0.025829
      235 0.000283  -0.025533
      269 0.000272  -0.024521
      570 0.000265  -0.023869
      853 0.000262  -0.023657
      757 0.000261  -0.023531
      239 0.000250   0.022565
      299 0.000241   0.021728
      263 0.000240  -0.021691
      204 0.000233   0.020995
      361 0.000226   0.020401
      184 0.000226  -0.020351
      741 0.000224   0.020227
      726 0.000223  -0.020159
      377 0.000219  -0.019771
      243 0.000218   0.019625
      739 0.000213  -0.019234
      763 0.000206   0.018561
      580 0.000206  -0.018558
      604 0.000204  -0.018421
      301 0.000200  -0.018065
      199 0.000200  -0.018043
      564 0.000199  -0.017958
      576 0.000197  -0.017797
      427 0.000195  -0.017576
      855 0.000194  -0.017467
      750 0.000192   0.017357
      800 0.000192  -0.017288
      206 0.000191   0.017212
      743 0.000190  -0.017130
      549 0.000188  -0.016983
      247 0.000186   0.016779
      373 0.000185  -0.016732
      818 0.000183  -0.016511
      400 0.000183  -0.016494
      658 0.000182   0.016395
      312 0.000179  -0.016110
      759 0.000178  -0.016079
      392 0.000178   0.016072
      175 0.000178  -0.016030
      574 0.000173  -0.015649
      828 0.000173  -0.015595
      784 0.000171  -0.015407
      795 0.000171   0.015384
      742 0.000167  -0.015095
      223 0.000167   0.015056
      820 0.000166  -0.014988
      857 0.000166  -0.014966
      369 0.000165   0.014925
      941 0.000165  -0.014918
      553 0.000163  -0.014727
      591 0.000162   0.014655
      824 0.000161   0.014480
      711 0.000159   0.014326
      665 0.000158  -0.014283
      787 0.000158   0.014213
      275 0.000156  -0.014061
      628 0.000154   0.013858
      337 0.000153  -0.013787
      667 0.000153   0.013773
      616 0.000152  -0.013693
      778 0.000151  -0.013581
      332 0.000148  -0.013326
      290 0.000147   0.013288
      557 0.000145  -0.013041
      808 0.000142   0.012840
      605 0.000141  -0.012738
      132 0.000141   0.012736
      217 0.000136  -0.012312
      257 0.000136  -0.012238
      179 0.000135   0.012215
      585 0.000135  -0.012189
      687 0.000133   0.012026
      398 0.000133  -0.011986
      775 0.000133   0.011958
      829 0.000132   0.011938
      228 0.000131  -0.011855
      736 0.000130  -0.011698
      815 0.000129  -0.011669
      380 0.000128   0.011527
      859 0.000126   0.011356
      137 0.000125  -0.011302
      423 0.000125  -0.011294
      431 0.000124  -0.011220
      566 0.000124   0.011154
      790 0.000122   0.010987
      355 0.000119   0.010779
      279 0.000117  -0.010535
       88 0.000116  -0.010490
      329 0.000116  -0.010429
      354 0.000115   0.010377
      255 0.000115  -0.010351
      697 0.000115   0.010348
      295 0.000115  -0.010339
      908 0.000114  -0.010312
      294 0.000114  -0.010274
      171 0.000113  -0.010222
      569 0.000113   0.010164
      573 0.000112   0.010119
      799 0.000112  -0.010081
      241 0.000111   0.010021
      645 0.000111   0.010004
      277 0.000109   0.009876
      690 0.000109   0.009870
      298 0.000109  -0.009808
      353 0.000107  -0.009670
      266 0.000105  -0.009513
      201 0.000104  -0.009376
      271 0.000103   0.009304
      638 0.000103  -0.009285
       70 0.000102   0.009241
      974 0.000101   0.009155
      684 0.000100  -0.009045
      770 0.000098   0.008816
      600 0.000098  -0.008802
      840 0.000097  -0.008735
      436 0.000097   0.008730
      728 0.000096  -0.008679
      261 0.000096  -0.008674
      744 0.000096  -0.008622
      356 0.000095  -0.008605
       93 0.000094  -0.008499
      292 0.000094  -0.008460
      611 0.000090  -0.008154
      847 0.000089   0.008037
      937 0.000088  -0.007942
      584 0.000088  -0.007923
      844 0.000088  -0.007908
      782 0.000088  -0.007896
      948 0.000087   0.007863
      769 0.000086   0.007772
      581 0.000086  -0.007732
      321 0.000086  -0.007729
      629 0.000085  -0.007690
      367 0.000085   0.007678
      734 0.000085  -0.007633
      251 0.000082  -0.007375
      104 0.000081   0.007283
      281 0.000079   0.007161
      325 0.000079  -0.007147
      864 0.000079   0.007116
      594 0.000078  -0.007081
      860 0.000078  -0.007051
      882 0.000078   0.007014
      560 0.000078  -0.007014
      723 0.000078  -0.007000
      978 0.000078   0.006995
      285 0.000076   0.006814
      262 0.000074  -0.006704
     1095 0.000074  -0.006700
      234 0.000072   0.006539
      291 0.000072   0.006536
      654 0.000071   0.006446
      342 0.000071   0.006371
      843 0.000070  -0.006334
      302 0.000069  -0.006239
      572 0.000069  -0.006197
      268 0.000068  -0.006171
      943 0.000068   0.006147
      773 0.000068   0.006105
     1005 0.000068   0.006093
      561 0.000067   0.006080
      913 0.000065  -0.005889
      138 0.000065  -0.005841
      694 0.000064   0.005809
      722 0.000064  -0.005768
      792 0.000063   0.005692
      823 0.000062   0.005621
      895 0.000061   0.005492
      701 0.000061  -0.005486
      632 0.000060   0.005451
      539 0.000060   0.005439
      319 0.000060   0.005396
      425 0.000059   0.005366
      289 0.000059   0.005359
      545 0.000058  -0.005275
      552 0.000058  -0.005257
      428 0.000058   0.005254
      826 0.000057  -0.005186
      390 0.000057   0.005150
      831 0.000057   0.005125
      107 0.000056  -0.005079
      323 0.000056  -0.005045
      955 0.000055   0.004971
      322 0.000054  -0.004911
      922 0.000054  -0.004894
      765 0.000054   0.004877
      414 0.000054   0.004876
      318 0.000054  -0.004841
      386 0.000053   0.004761
      748 0.000053  -0.004742
      528 0.000052   0.004733
      596 0.000051  -0.004616
      884 0.000051  -0.004582
      283 0.000050   0.004551
      821 0.000050  -0.004545
      590 0.000050  -0.004503
      614 0.000049   0.004451
      589 0.000049  -0.004403
      627 0.000049   0.004380
      762 0.000048  -0.004305
      789 0.000047   0.004255
      880 0.000047   0.004249
      535 0.000047   0.004219
      870 0.000046  -0.004183
      780 0.000045   0.004082
      343 0.000045  -0.004059
      244 0.000045  -0.004017
      284 0.000044   0.004012
      879 0.000044  -0.004002
      374 0.000044   0.003946
      313 0.000042  -0.003822
      315 0.000042   0.003821
      881 0.000041  -0.003706
      169 0.000041  -0.003681
      832 0.000040   0.003623
      308 0.000039  -0.003559
      650 0.000039  -0.003507
      193 0.000039   0.003491
      597 0.000039  -0.003480
      407 0.000039  -0.003479
      222 0.000038   0.003437
      935 0.000038  -0.003417
      842 0.000037  -0.003365
      830 0.000037   0.003294
      518 0.000036   0.003268
      413 0.000036  -0.003265
      491 0.000036   0.003246
      643 0.000033  -0.003020
      297 0.000033  -0.003014
      532 0.000033   0.003003
      894 0.000033  -0.002958
      542 0.000032   0.002932
      488 0.000032   0.002920
      540 0.000032  -0.002919
      394 0.000032   0.002915
      409 0.000032  -0.002875
      874 0.000032  -0.002869
      333 0.000032  -0.002855
      161 0.000031   0.002831
      933 0.000031   0.002829
      942 0.000031   0.002802
      366 0.000030   0.002747
      928 0.000030  -0.002740
      254 0.000030   0.002735
     1073 0.000030  -0.002731
      448 0.000030   0.002721
      410 0.000029  -0.002654
      445 0.000029  -0.002644
      131 0.000029   0.002632
      987 0.000029   0.002607
      640 0.000029  -0.002584
      610 0.000029  -0.002579
      475 0.000028  -0.002554
      957 0.000028   0.002540
      310 0.000028  -0.002532
      636 0.000028  -0.002526
      524 0.000028  -0.002524
      649 0.000028  -0.002496
      677 0.000028   0.002482
      776 0.000027  -0.002475
      794 0.000027   0.002465
     1032 0.000027   0.002462
      950 0.000027  -0.002436
      811 0.000027   0.002425
      835 0.000027  -0.002406
      833 0.000026  -0.002381
     1001 0.000026  -0.002367
      397 0.000026  -0.002366
      891 0.000026  -0.002358
      841 0.000026   0.002317
      334 0.000025  -0.002296
      971 0.000025  -0.002283
     1034 0.000025  -0.002271
      921 0.000025  -0.002261
      838 0.000025  -0.002219
      424 0.000024  -0.002205
      856 0.000024   0.002204
      278 0.000024   0.002193
      526 0.000024   0.002173
      530 0.000024   0.002172
      727 0.000024  -0.002166
      988 0.000023  -0.002036
      685 0.000022  -0.002027
     1010 0.000022   0.002016
      264 0.000022   0.001945
      810 0.000022   0.001943
      801 0.000021  -0.001917
     1025 0.000021   0.001909
      364 0.000021  -0.001862
      245 0.000020  -0.001846
      904 0.000020   0.001828
      346 0.000020   0.001823
      479 0.000020   0.001819
      514 0.000020   0.001781
     1096 0.000020   0.001779
      907 0.000019   0.001758
      927 0.000019  -0.001747
      198 0.000019  -0.001732
      252 0.000019  -0.001712
      286 0.000019   0.001703
      791 0.000019   0.001700
      977 0.000019   0.001697
      809 0.000019   0.001686
      964 0.000019   0.001675
      226 0.000018   0.001668
      803 0.000018   0.001661
      536 0.000018  -0.001660
      455 0.000018  -0.001630
     1017 0.000018   0.001623
      437 0.000018   0.001608
      463 0.000018  -0.001594
      938 0.000018   0.001590
      225 0.000018   0.001590
      983 0.000018   0.001586
      502 0.000017   0.001566
      714 0.000017  -0.001566
      432 0.000017   0.001561
      934 0.000017  -0.001555
      519 0.000017   0.001552
      512 0.000017  -0.001498
      868 0.000016   0.001473
      324 0.000016  -0.001461
      993 0.000016   0.001455
      814 0.000016   0.001441
      250 0.000016   0.001412
      916 0.000015  -0.001387
      959 0.000015  -0.001374
      259 0.000015   0.001365
      852 0.000015   0.001361
      236 0.000015   0.001338
      489 0.000015   0.001338
     1009 0.000015  -0.001329
      384 0.000015  -0.001321
      949 0.000015   0.001319
      802 0.000015   0.001318
      237 0.000014   0.001300
      458 0.000014   0.001296
      662 0.000014  -0.001296
      188 0.000014  -0.001286
      917 0.000014   0.001283
      849 0.000014   0.001282
      608 0.000014  -0.001278
      147 0.000014   0.001275
      505 0.000014   0.001271
      732 0.000014   0.001234
     1052 0.000014   0.001228
      382 0.000014  -0.001220
      136 0.000014  -0.001219
      359 0.000014   0.001219
      965 0.000013  -0.001217
      123 0.000013  -0.001216
      450 0.000013  -0.001214
      240 0.000013  -0.001210
      406 0.000013  -0.001198
      669 0.000013   0.001157
      144 0.000013   0.001146
      130 0.000013  -0.001140
      139 0.000013  -0.001131
      764 0.000012  -0.001111
      858 0.000012  -0.001103
      320 0.000012   0.001102
      779 0.000012  -0.001085
      357 0.000012  -0.001079
       98 0.000012  -0.001077
      646 0.000012   0.001067
      816 0.000012   0.001056
      142 0.000012   0.001047
      900 0.000011  -0.001030
      478 0.000011   0.001021
      209 0.000011   0.001020
      609 0.000011   0.001016
     1003 0.000011  -0.001007
      114 0.000011  -0.001001
      112 0.000011   0.000997
       66 0.000011  -0.000995
     1061 0.000011  -0.000991
      740 0.000011  -0.000990
       91 0.000011  -0.000986
      224 0.000011  -0.000982
      984 0.000011  -0.000979
      655 0.000011  -0.000978
      634 0.000011  -0.000978
      487 0.000011  -0.000971
      151 0.000011  -0.000962
      483 0.000011  -0.000962
      125 0.000011   0.000960
      349 0.000011  -0.000959
      619 0.000011   0.000958
      128 0.000011  -0.000957
      713 0.000011   0.000950
      568 0.000011   0.000949
     1016 0.000010  -0.000929
      461 0.000010   0.000925
      146 0.000010   0.000923
      805 0.000010  -0.000913
euclid. distance of OLC and linear combination of EV * x_coef: 0.00795331760329522

Generate samples based on objective loadcase 96
nr_to_generate: 25

Parameter variation distribution settings
distribution: uniform
low: 0.7
high: 1.3

Total process runtime: 0:00:01.270170
