Date and Time:2023-05-12 14:13:45.774480

Initial Settings:
similarity_model: <function cosine_similarity at 0x000001D005A6E5E0>
similarity_threshold: 1e-05
nr_eigv_to_select: None
distribution: uniform
deviation: 0.3
nr_to_generate: 25
recompute: False

Selected eigenvectors and similarity score w.r.t objective loadcase:
objective_loadcase_nr: 359
similarity_model: cosine_similarity
similarity_threshold: 1e-05
nr_eigv_to_select: None
nr_eigv_selected: 476
approximation parameter model: lstsq
similarity score and approx. param. value
:  eigv_idx    score      value
        1 0.561340  87.709698
        3 0.526650  82.289387
        2 0.488491 -76.326977
        0 0.405837  63.412201
        6 0.061643   9.631694
       39 0.014629   2.285757
        4 0.009766   1.525917
       68 0.004060  -0.634373
      639 0.003898   0.609142
      186 0.002359  -0.368664
      612 0.002143  -0.334903
      593 0.002053  -0.320774
      586 0.001865   0.291370
      716 0.001703   0.266158
      618 0.001631   0.254908
      663 0.001587  -0.247956
      187 0.001539  -0.240449
      710 0.001484  -0.231816
      668 0.001467   0.229279
      218 0.001459  -0.228024
       71 0.001412  -0.220670
      182 0.001313  -0.205147
      595 0.001176   0.183790
       69 0.001145  -0.178898
      659 0.001107  -0.172991
      194 0.001097   0.171457
      143 0.000992   0.155075
      617 0.000992   0.154948
      184 0.000933  -0.145739
      686 0.000926  -0.144741
      388 0.000902  -0.140959
      700 0.000875   0.136661
      599 0.000826   0.129105
      626 0.000814   0.127112
      688 0.000807  -0.126146
      635 0.000800   0.125030
      683 0.000799   0.124902
      562 0.000781  -0.122011
      579 0.000774   0.120872
      582 0.000770  -0.120294
      670 0.000752   0.117510
      578 0.000720   0.112509
      183 0.000688   0.107436
      698 0.000673  -0.105158
       70 0.000671   0.104880
      733 0.000656   0.102426
      621 0.000644  -0.100595
      749 0.000616  -0.096270
      228 0.000609  -0.095123
      666 0.000604  -0.094395
      341 0.000547   0.085530
      253 0.000547  -0.085479
      602 0.000531  -0.083025
      718 0.000528  -0.082555
      179 0.000516   0.080571
      708 0.000470   0.073396
      699 0.000470  -0.073363
      174 0.000462   0.072188
      171 0.000454  -0.071010
      704 0.000451  -0.070426
      735 0.000446  -0.069663
      153 0.000439   0.068652
      641 0.000437  -0.068315
      567 0.000434  -0.067763
      606 0.000424  -0.066247
      137 0.000420  -0.065680
      210 0.000406  -0.063371
      583 0.000404  -0.063129
      577 0.000402  -0.062815
      575 0.000395   0.061686
      362 0.000385  -0.060112
      620 0.000384  -0.059983
      709 0.000380  -0.059311
      220 0.000367  -0.057308
      604 0.000345  -0.053954
      204 0.000340   0.053123
      631 0.000332  -0.051819
      267 0.000327  -0.051062
      403 0.000320   0.050032
      848 0.000318  -0.049740
      601 0.000312   0.048812
      419 0.000311  -0.048526
      756 0.000310  -0.048476
      628 0.000309   0.048227
      757 0.000307  -0.047937
      576 0.000305  -0.047648
      243 0.000302   0.047162
      707 0.000300  -0.046815
      807 0.000298   0.046591
      412 0.000294  -0.046003
      254 0.000293   0.045755
      199 0.000282  -0.044074
      383 0.000273   0.042722
      573 0.000273   0.042627
      587 0.000268   0.041819
      400 0.000265  -0.041338
      161 0.000260   0.040603
      132 0.000259   0.040511
      815 0.000255  -0.039843
      148 0.000254   0.039681
      759 0.000251   0.039263
      271 0.000248   0.038753
      570 0.000240  -0.037504
      787 0.000238   0.037244
      377 0.000238  -0.037230
      658 0.000230   0.035894
      580 0.000229  -0.035820
      277 0.000228   0.035673
      741 0.000224   0.034927
      236 0.000222   0.034644
      564 0.000216  -0.033817
      665 0.000216  -0.033770
      258 0.000212  -0.033148
      753 0.000210  -0.032831
      941 0.000208  -0.032460
      640 0.000206  -0.032249
      739 0.000206  -0.032233
      853 0.000202  -0.031501
      356 0.000200  -0.031205
      255 0.000197  -0.030710
       91 0.000195  -0.030507
      234 0.000192   0.030011
      557 0.000189  -0.029545
      687 0.000188   0.029399
      175 0.000186  -0.029127
      696 0.000185  -0.028873
      828 0.000181  -0.028300
      138 0.000181   0.028281
      667 0.000180   0.028076
      800 0.000176  -0.027490
      301 0.000176  -0.027451
      427 0.000175  -0.027308
      566 0.000175   0.027300
      798 0.000171   0.026736
      217 0.000171  -0.026669
      380 0.000169   0.026339
      585 0.000163  -0.025434
      820 0.000160  -0.025036
      574 0.000159  -0.024820
      711 0.000158   0.024659
      750 0.000156   0.024394
      273 0.000156  -0.024364
      257 0.000153  -0.023948
      369 0.000153   0.023857
      784 0.000153  -0.023848
      247 0.000152   0.023806
      743 0.000150  -0.023483
      690 0.000150   0.023386
      549 0.000147  -0.023023
      847 0.000147   0.022968
      353 0.000145  -0.022733
      857 0.000144  -0.022479
      398 0.000144  -0.022465
      790 0.000143   0.022325
      361 0.000140   0.021834
      295 0.000139  -0.021731
      629 0.000139  -0.021673
      193 0.000139  -0.021642
      740 0.000138  -0.021513
      107 0.000137  -0.021413
      645 0.000135   0.021024
      436 0.000134   0.020943
      908 0.000134  -0.020905
      299 0.000133   0.020748
      241 0.000133   0.020722
      697 0.000131   0.020531
      354 0.000131   0.020520
      793 0.000131  -0.020391
      974 0.000130   0.020334
      249 0.000130  -0.020244
      209 0.000129  -0.020211
      222 0.000129  -0.020106
      605 0.000128  -0.020067
      762 0.000128   0.020024
      763 0.000125  -0.019470
      373 0.000124  -0.019446
      294 0.000124  -0.019313
      808 0.000123   0.019153
      423 0.000121  -0.018886
      855 0.000119  -0.018641
      281 0.000119   0.018562
      581 0.000119  -0.018552
      431 0.000118  -0.018459
      882 0.000116   0.018160
      736 0.000115  -0.018026
      638 0.000115  -0.018024
      553 0.000115  -0.017999
      367 0.000115   0.017950
      859 0.000114   0.017878
      269 0.000114  -0.017874
      308 0.000114  -0.017809
      552 0.000114  -0.017784
      832 0.000113   0.017729
      355 0.000112   0.017566
      600 0.000112  -0.017479
      840 0.000110  -0.017245
      801 0.000110  -0.017123
      818 0.000108  -0.016937
      266 0.000108  -0.016876
      684 0.000108  -0.016799
      594 0.000107  -0.016768
      803 0.000107   0.016672
      795 0.000106   0.016614
      292 0.000106  -0.016601
      235 0.000105  -0.016366
      844 0.000103  -0.016088
      392 0.000103   0.016030
      394 0.000102   0.016014
      584 0.000102  -0.015914
      799 0.000099  -0.015528
      726 0.000099  -0.015525
      291 0.000099   0.015500
      386 0.000099   0.015448
      262 0.000098  -0.015272
     1095 0.000097  -0.015098
      611 0.000097  -0.015097
      632 0.000094   0.014717
      561 0.000094   0.014617
      302 0.000093  -0.014560
      572 0.000093  -0.014507
      261 0.000093  -0.014467
      742 0.000091  -0.014198
      343 0.000091  -0.014161
      802 0.000090   0.014110
      597 0.000090  -0.014059
      596 0.000090  -0.014016
      374 0.000090   0.014000
      955 0.000089   0.013929
      251 0.000089  -0.013926
      312 0.000088  -0.013677
      829 0.000087   0.013577
      723 0.000086  -0.013439
      701 0.000085  -0.013241
      863 0.000084  -0.013078
      776 0.000083  -0.013017
      734 0.000083  -0.012911
      428 0.000083   0.012897
      569 0.000082   0.012846
      805 0.000082  -0.012796
      748 0.000081  -0.012618
      824 0.000079   0.012372
      560 0.000079  -0.012310
      414 0.000078   0.012263
      313 0.000077  -0.012103
      268 0.000076  -0.011940
     1005 0.000076   0.011857
      913 0.000073  -0.011458
      744 0.000073  -0.011399
      879 0.000073  -0.011347
      826 0.000072  -0.011297
      891 0.000071  -0.011100
      922 0.000071  -0.011028
      937 0.000070  -0.011009
      390 0.000070   0.010869
      978 0.000069   0.010728
      545 0.000068  -0.010686
      722 0.000068  -0.010582
      654 0.000067   0.010410
      778 0.000066  -0.010384
      263 0.000066  -0.010291
      591 0.000066   0.010268
      728 0.000065  -0.010233
      603 0.000064  -0.010004
      843 0.000064  -0.009955
      539 0.000063   0.009832
      780 0.000063  -0.009827
      425 0.000062   0.009750
      275 0.000062  -0.009671
      364 0.000061   0.009564
      198 0.000059   0.009293
      616 0.000059  -0.009232
      858 0.000057  -0.008904
      831 0.000057   0.008833
      867 0.000057   0.008829
      895 0.000055   0.008601
      789 0.000055   0.008575
      782 0.000055  -0.008555
      413 0.000054   0.008465
      614 0.000053   0.008328
      322 0.000053  -0.008320
      542 0.000053   0.008227
      821 0.000052  -0.008088
      528 0.000051   0.007950
      407 0.000050  -0.007875
      297 0.000049  -0.007697
      359 0.000049  -0.007680
      540 0.000049  -0.007632
      627 0.000049   0.007617
      870 0.000049  -0.007604
      232 0.000049  -0.007586
      397 0.000048  -0.007543
      245 0.000047  -0.007400
      325 0.000047  -0.007390
      765 0.000047   0.007383
      948 0.000047   0.007344
      987 0.000047   0.007316
      773 0.000047   0.007274
      298 0.000045  -0.007036
      928 0.000044  -0.006935
      226 0.000044  -0.006933
      224 0.000044  -0.006887
      874 0.000044  -0.006866
      409 0.000043  -0.006767
      770 0.000042   0.006632
      225 0.000042  -0.006556
      589 0.000041  -0.006480
      448 0.000041   0.006407
      323 0.000041  -0.006368
      965 0.000041  -0.006349
     1001 0.000040  -0.006251
      169 0.000040  -0.006210
      289 0.000040   0.006204
      881 0.000040  -0.006192
      535 0.000040   0.006179
      333 0.000039  -0.006053
      677 0.000038   0.005997
      993 0.000038   0.005981
      636 0.000037  -0.005837
      590 0.000037  -0.005798
      864 0.000037   0.005757
      279 0.000037  -0.005740
      357 0.000036   0.005623
      350 0.000036  -0.005616
      319 0.000036   0.005616
     1025 0.000036   0.005561
      904 0.000035   0.005520
      206 0.000035   0.005494
      933 0.000035   0.005490
      360 0.000035  -0.005460
      491 0.000035   0.005455
      518 0.000035   0.005440
      216 0.000035  -0.005428
      131 0.000035  -0.005397
      239 0.000034   0.005382
      310 0.000034  -0.005366
      530 0.000034   0.005364
      588 0.000034   0.005326
      410 0.000034  -0.005252
      610 0.000034  -0.005242
      329 0.000033  -0.005231
      214 0.000033   0.005196
      488 0.000033   0.005161
       88 0.000033   0.005158
      223 0.000033   0.005114
      950 0.000032  -0.004975
      532 0.000032   0.004956
     1032 0.000031   0.004890
      860 0.000031  -0.004888
      894 0.000031  -0.004879
      475 0.000031  -0.004876
      650 0.000031  -0.004849
      334 0.000031   0.004792
      592 0.000030  -0.004655
      680 0.000030   0.004612
      432 0.000029   0.004608
      337 0.000029  -0.004578
     1017 0.000029   0.004571
      213 0.000029   0.004560
      814 0.000029   0.004524
      900 0.000029  -0.004500
       93 0.000029   0.004483
      524 0.000029  -0.004455
      792 0.000028   0.004445
      643 0.000028  -0.004430
      285 0.000028  -0.004410
      769 0.000028  -0.004331
      335 0.000028  -0.004330
      406 0.000028  -0.004328
      215 0.000028  -0.004306
      320 0.000027   0.004284
      445 0.000027  -0.004277
      880 0.000027   0.004246
      942 0.000027   0.004206
      402 0.000027  -0.004145
      823 0.000026   0.004140
      838 0.000026   0.004114
      424 0.000026  -0.004010
      842 0.000025  -0.003877
      917 0.000025   0.003854
      347 0.000024  -0.003698
      852 0.000023  -0.003655
      538 0.000023   0.003630
      519 0.000023   0.003616
      938 0.000022   0.003507
      608 0.000022  -0.003486
     1034 0.000022  -0.003478
      502 0.000022   0.003463
      250 0.000022   0.003461
      868 0.000022  -0.003423
      662 0.000022  -0.003418
      775 0.000022  -0.003403
      328 0.000022  -0.003399
      332 0.000021  -0.003350
      685 0.000021  -0.003322
      714 0.000021  -0.003291
      455 0.000021  -0.003290
      536 0.000021  -0.003278
      884 0.000021  -0.003270
      479 0.000021   0.003252
      315 0.000020   0.003159
      227 0.000020  -0.003123
      489 0.000020   0.003122
      420 0.000020   0.003107
     1052 0.000020   0.003101
      512 0.000020  -0.003085
      943 0.000019   0.003009
      463 0.000019  -0.002940
      526 0.000019   0.002896
      458 0.000018   0.002876
      949 0.000018   0.002830
      278 0.000018  -0.002807
      505 0.000018   0.002782
      259 0.000018  -0.002763
      437 0.000018   0.002745
      514 0.000017   0.002704
      221 0.000017   0.002657
      248 0.000017  -0.002652
      229 0.000017   0.002608
      837 0.000017  -0.002582
      324 0.000017  -0.002581
      649 0.000017  -0.002578
      399 0.000016  -0.002548
      732 0.000016   0.002533
      346 0.000016   0.002518
      694 0.000016   0.002467
      452 0.000016  -0.002437
      382 0.000015   0.002415
      342 0.000015   0.002367
      201 0.000015   0.002364
      883 0.000015   0.002351
      804 0.000015  -0.002316
      856 0.000015   0.002310
      252 0.000015  -0.002293
      543 0.000015  -0.002284
      779 0.000015   0.002269
      483 0.000014  -0.002262
      907 0.000014   0.002249
      283 0.000014  -0.002248
      816 0.000014   0.002246
      450 0.000014  -0.002240
      351 0.000014  -0.002231
      903 0.000014  -0.002200
      681 0.000014  -0.002194
      619 0.000014   0.002191
      264 0.000013  -0.002089
      534 0.000013  -0.002070
     1047 0.000013   0.002054
      242 0.000013   0.002054
      296 0.000013  -0.002011
      363 0.000013   0.001985
      705 0.000013  -0.001956
      462 0.000012   0.001919
      966 0.000012   0.001866
      849 0.000012   0.001855
      634 0.000012  -0.001829
      240 0.000012   0.001820
      669 0.000012   0.001799
      473 0.000011  -0.001765
      286 0.000011   0.001750
      233 0.000011   0.001744
      702 0.000011  -0.001738
      293 0.000011   0.001723
      276 0.000011   0.001718
      755 0.000011  -0.001715
      487 0.000011  -0.001710
      331 0.000011   0.001709
       66 0.000011  -0.001705
      609 0.000011   0.001686
      260 0.000011   0.001667
      188 0.000010  -0.001630
      727 0.000010  -0.001620
      164 0.000010   0.001618
      348 0.000010  -0.001596
      927 0.000010  -0.001592
      959 0.000010   0.001581
      461 0.000010   0.001579
euclid. distance of OLC and linear combination of EV * x_coef: 0.014360078861143061

Generate samples based on objective loadcase 359
nr_to_generate: 25

Parameter variation distribution settings
distribution: uniform
low: 0.7
high: 1.3

Total process runtime: 0:00:01.281156
