Date and Time:2023-05-12 14:24:11.576722

Initial Settings:
similarity_model: <function cosine_similarity at 0x000001D005A6E5E0>
similarity_threshold: 1e-05
nr_eigv_to_select: None
distribution: uniform
deviation: 0.3
nr_to_generate: 25
recompute: False

Selected eigenvectors and similarity score w.r.t objective loadcase:
objective_loadcase_nr: 828
similarity_model: cosine_similarity
similarity_threshold: 1e-05
nr_eigv_to_select: None
nr_eigv_selected: 498
approximation parameter model: lstsq
similarity score and approx. param. value
:  eigv_idx    score      value
        3 0.555267  42.876868
        1 0.540480  41.735062
        2 0.500697 -38.663042
        0 0.382288  29.519696
        6 0.044943   3.470434
       39 0.022401   1.729786
        4 0.011141   0.860293
      639 0.003549   0.274066
      186 0.002210  -0.170654
      593 0.002055  -0.158695
      612 0.002025  -0.156366
      218 0.001971  -0.152179
      586 0.001902   0.146838
      710 0.001581  -0.122085
      716 0.001507   0.116398
      187 0.001450  -0.111952
      618 0.001280   0.098875
      663 0.001275  -0.098473
      595 0.001229   0.094906
      668 0.001217   0.094003
       68 0.001083  -0.083620
      194 0.000994   0.076727
      626 0.000961   0.074226
      143 0.000951   0.073421
      686 0.000944  -0.072866
      659 0.000904  -0.069825
      388 0.000901  -0.069562
      617 0.000852   0.065821
      688 0.000811  -0.062651
      599 0.000786   0.060679
      562 0.000747  -0.057664
      749 0.000746  -0.057616
      635 0.000733   0.056575
      582 0.000732  -0.056489
      183 0.000705   0.054409
      670 0.000699   0.053966
      182 0.000685  -0.052867
      578 0.000684   0.052827
      621 0.000682  -0.052689
      579 0.000607   0.046833
      733 0.000594   0.045903
      700 0.000575   0.044433
      341 0.000574   0.044358
      698 0.000557  -0.043024
      683 0.000550   0.042466
      184 0.000545  -0.042095
      704 0.000524  -0.040464
      718 0.000516  -0.039820
      666 0.000509  -0.039332
      606 0.000509  -0.039302
      253 0.000508  -0.039213
      567 0.000505  -0.039019
      708 0.000494   0.038142
      602 0.000493  -0.038102
      577 0.000493  -0.038051
      153 0.000492   0.037965
       69 0.000490   0.037838
      735 0.000465  -0.035886
      174 0.000462   0.035684
       71 0.000460   0.035539
      220 0.000427  -0.032986
      709 0.000407  -0.031435
      575 0.000402   0.031067
      620 0.000401  -0.030965
      641 0.000399  -0.030802
      267 0.000398  -0.030723
      699 0.000385  -0.029756
      583 0.000374  -0.028905
      210 0.000359  -0.027717
      601 0.000356   0.027502
      258 0.000356  -0.027473
      228 0.000343  -0.026486
      848 0.000340  -0.026218
      696 0.000329  -0.025398
      807 0.000326   0.025197
      756 0.000325  -0.025108
      412 0.000324  -0.025011
      707 0.000321  -0.024810
      362 0.000318  -0.024519
      419 0.000316  -0.024379
      204 0.000309   0.023877
      403 0.000305   0.023572
      753 0.000304  -0.023495
      631 0.000300  -0.023159
      383 0.000300   0.023145
      757 0.000291  -0.022484
      137 0.000287  -0.022158
      179 0.000284   0.021895
      587 0.000282   0.021754
      243 0.000270   0.020868
      199 0.000261  -0.020128
      570 0.000259  -0.019981
      741 0.000254   0.019584
      853 0.000250  -0.019299
      604 0.000249  -0.019189
      793 0.000244  -0.018827
      273 0.000244  -0.018815
      171 0.000240  -0.018506
      739 0.000238  -0.018398
      377 0.000232  -0.017919
      230 0.000231  -0.017801
      576 0.000228  -0.017630
      235 0.000217  -0.016786
      400 0.000208  -0.016050
      269 0.000204  -0.015780
      580 0.000203  -0.015707
      628 0.000203   0.015689
      299 0.000199   0.015394
      132 0.000199   0.015388
      564 0.000199  -0.015345
      658 0.000197   0.015239
      750 0.000193   0.014917
      585 0.000191  -0.014731
      356 0.000190  -0.014686
       70 0.000190   0.014648
      301 0.000189  -0.014631
      369 0.000189   0.014621
      800 0.000189  -0.014615
      787 0.000189   0.014613
      427 0.000187  -0.014441
      175 0.000185  -0.014255
      828 0.000180  -0.013907
      726 0.000179  -0.013822
      743 0.000179  -0.013795
      941 0.000178  -0.013781
      665 0.000178  -0.013778
      549 0.000177  -0.013663
      815 0.000174  -0.013420
      573 0.000171   0.013228
      271 0.000169   0.013055
      247 0.000168   0.013007
      239 0.000168   0.012980
      820 0.000167  -0.012865
      227 0.000166   0.012797
      784 0.000165  -0.012740
      855 0.000163  -0.012567
      263 0.000162  -0.012492
      818 0.000160  -0.012378
      557 0.000159  -0.012280
      667 0.000159   0.012268
      711 0.000158   0.012162
      574 0.000157  -0.012147
      605 0.000157  -0.012107
      687 0.000156   0.012066
      857 0.000156  -0.012034
      361 0.000152   0.011722
      373 0.000151  -0.011663
      206 0.000150   0.011563
      254 0.000149   0.011484
      277 0.000147   0.011382
      255 0.000147  -0.011379
      795 0.000147   0.011313
      553 0.000145  -0.011228
      392 0.000143   0.011074
      217 0.000143  -0.011066
      257 0.000143  -0.011037
      312 0.000141  -0.010864
      742 0.000139  -0.010746
      380 0.000138   0.010632
      398 0.000134  -0.010333
      591 0.000132   0.010200
      275 0.000132  -0.010159
      808 0.000131   0.010149
      295 0.000131  -0.010127
      824 0.000130   0.010012
      790 0.000128   0.009890
      354 0.000128   0.009855
      353 0.000126  -0.009734
      423 0.000123  -0.009495
      431 0.000122  -0.009415
      736 0.000122  -0.009408
      566 0.000120   0.009302
      241 0.000119   0.009219
      690 0.000119   0.009214
      697 0.000119   0.009202
      908 0.000119  -0.009185
      778 0.000119  -0.009169
      859 0.000117   0.009006
      847 0.000115   0.008907
      294 0.000113  -0.008709
      234 0.000113   0.008708
      223 0.000113   0.008691
      974 0.000111   0.008609
      645 0.000111   0.008534
      629 0.000109  -0.008413
      829 0.000109   0.008412
      616 0.000108  -0.008337
      337 0.000108  -0.008316
      436 0.000108   0.008315
      638 0.000107  -0.008286
      596 0.000107  -0.008275
      799 0.000107  -0.008258
      262 0.000107  -0.008239
      161 0.000107   0.008226
      840 0.000101  -0.007804
      882 0.000098   0.007531
      332 0.000097  -0.007514
      279 0.000097  -0.007512
      581 0.000096  -0.007395
      684 0.000096  -0.007391
      261 0.000095  -0.007372
      266 0.000095  -0.007325
      569 0.000094   0.007274
      148 0.000094   0.007233
      611 0.000093  -0.007180
      281 0.000093   0.007145
      844 0.000091  -0.007047
      298 0.000091  -0.007034
      600 0.000091  -0.007023
      594 0.000090  -0.006955
      236 0.000089   0.006843
      572 0.000087  -0.006719
      744 0.000086  -0.006672
      584 0.000086  -0.006626
      561 0.000084   0.006485
      107 0.000084  -0.006454
      734 0.000083  -0.006430
     1095 0.000083  -0.006378
      640 0.000082  -0.006367
      770 0.000081   0.006271
      355 0.000080   0.006195
      222 0.000080  -0.006192
      728 0.000080  -0.006155
      292 0.000080  -0.006148
      308 0.000078  -0.006052
      251 0.000078  -0.006025
      268 0.000078  -0.006025
      937 0.000078  -0.006013
      632 0.000078   0.006006
      782 0.000077  -0.005980
      209 0.000077  -0.005949
      290 0.000077   0.005941
      343 0.000077  -0.005934
      302 0.000077  -0.005915
      832 0.000076   0.005906
       88 0.000076  -0.005901
      364 0.000076   0.005838
      723 0.000075  -0.005777
      394 0.000074   0.005708
      367 0.000074   0.005702
      291 0.000073   0.005658
      978 0.000073   0.005648
      654 0.000073   0.005640
      775 0.000073   0.005636
      843 0.000072  -0.005564
      948 0.000071   0.005518
      560 0.000070  -0.005436
      748 0.000070  -0.005413
     1005 0.000070   0.005411
      763 0.000070   0.005394
      329 0.000068  -0.005287
      773 0.000068   0.005279
      614 0.000068   0.005267
      722 0.000068  -0.005248
      955 0.000068   0.005246
      386 0.000068   0.005239
      552 0.000067  -0.005176
       93 0.000067  -0.005154
      913 0.000067  -0.005139
      428 0.000065   0.005055
      289 0.000065   0.005020
      249 0.000064  -0.004978
      798 0.000064   0.004974
      740 0.000064  -0.004927
      322 0.000062  -0.004804
      545 0.000062  -0.004770
      414 0.000061   0.004744
      425 0.000061   0.004739
      701 0.000061  -0.004735
      590 0.000060  -0.004672
      826 0.000060  -0.004638
      922 0.000060  -0.004622
      831 0.000059   0.004592
      864 0.000059   0.004589
      539 0.000059   0.004588
      879 0.000059  -0.004570
       91 0.000059  -0.004569
      359 0.000059  -0.004544
      597 0.000058  -0.004472
      321 0.000058  -0.004452
      860 0.000057  -0.004413
      104 0.000057   0.004411
      319 0.000057   0.004406
      588 0.000057   0.004365
      169 0.000056  -0.004298
      765 0.000055   0.004271
      226 0.000055  -0.004260
      895 0.000055   0.004247
      325 0.000055  -0.004238
      792 0.000054   0.004175
      193 0.000054  -0.004167
      374 0.000054   0.004146
      801 0.000053  -0.004118
      225 0.000053  -0.004092
      776 0.000053  -0.004070
      313 0.000053  -0.004065
      943 0.000052   0.004020
      201 0.000052  -0.004008
      821 0.000052  -0.003995
      627 0.000051   0.003969
      528 0.000051   0.003968
      891 0.000051  -0.003920
      323 0.000050  -0.003826
      803 0.000049   0.003784
      694 0.000047   0.003601
      823 0.000046   0.003566
      283 0.000046   0.003521
      589 0.000045  -0.003442
      870 0.000045  -0.003440
      535 0.000044   0.003412
      769 0.000043   0.003311
      357 0.000043   0.003304
      650 0.000042  -0.003279
      286 0.000042   0.003244
      863 0.000042  -0.003236
      802 0.000042   0.003231
      789 0.000041   0.003179
      390 0.000041   0.003169
      542 0.000040   0.003088
      407 0.000040  -0.003073
      880 0.000039   0.003023
      881 0.000039  -0.003013
      360 0.000038  -0.002936
      894 0.000038  -0.002927
      350 0.000038  -0.002920
      540 0.000038  -0.002913
      874 0.000037  -0.002888
      240 0.000037   0.002859
      315 0.000036   0.002760
      928 0.000036  -0.002754
      987 0.000036   0.002750
      518 0.000036   0.002743
      491 0.000035   0.002733
      409 0.000035  -0.002696
      636 0.000035  -0.002665
      904 0.000035   0.002664
      884 0.000035  -0.002664
      297 0.000034  -0.002644
      649 0.000034  -0.002616
      448 0.000033   0.002571
      342 0.000033   0.002568
      532 0.000033   0.002538
      488 0.000032   0.002505
      933 0.000032   0.002477
     1001 0.000032  -0.002469
      237 0.000032  -0.002469
      942 0.000032   0.002463
      310 0.000031  -0.002417
      410 0.000031  -0.002361
      842 0.000030  -0.002297
      244 0.000030  -0.002285
      867 0.000029   0.002265
      445 0.000029  -0.002252
      475 0.000029  -0.002224
      950 0.000029  -0.002217
     1032 0.000029   0.002211
      524 0.000028  -0.002153
      677 0.000027   0.002122
      530 0.000027   0.002107
      397 0.000027  -0.002087
     1025 0.000027   0.002072
      858 0.000026  -0.002024
      805 0.000025  -0.001952
      993 0.000025   0.001940
      424 0.000025  -0.001937
      346 0.000025   0.001910
      965 0.000025  -0.001908
      935 0.000025  -0.001896
      131 0.000024   0.001870
      216 0.000024  -0.001870
     1034 0.000024  -0.001853
      285 0.000024   0.001839
      333 0.000023  -0.001749
      526 0.000022   0.001727
      278 0.000022   0.001723
      245 0.000022  -0.001712
      938 0.000022   0.001707
     1017 0.000022   0.001707
      568 0.000022  -0.001699
      432 0.000021   0.001598
      643 0.000021  -0.001593
      856 0.000021   0.001587
      479 0.000020   0.001563
      794 0.000020   0.001558
      900 0.000020  -0.001555
      814 0.000020   0.001535
      608 0.000020  -0.001515
      318 0.000020  -0.001510
      830 0.000019   0.001490
      804 0.000019  -0.001488
      519 0.000019   0.001479
     1073 0.000019  -0.001465
      917 0.000019   0.001462
      455 0.000019  -0.001457
      514 0.000019   0.001457
      714 0.000019  -0.001456
      502 0.000019   0.001455
      347 0.000019  -0.001434
      536 0.000018  -0.001418
      272 0.000018  -0.001412
      685 0.000018  -0.001405
      971 0.000018  -0.001392
      221 0.000018   0.001391
      463 0.000018  -0.001390
      437 0.000018   0.001387
      852 0.000018   0.001384
      215 0.000018  -0.001378
      921 0.000018  -0.001369
      957 0.000018   0.001368
      382 0.000017   0.001349
      250 0.000017   0.001346
      248 0.000017  -0.001346
      512 0.000017  -0.001339
      229 0.000017   0.001337
     1010 0.000017   0.001321
      811 0.000017   0.001321
      603 0.000017  -0.001293
      907 0.000017   0.001286
      927 0.000017  -0.001277
       98 0.000016  -0.001262
      489 0.000016   0.001252
     1052 0.000016   0.001239
      328 0.000016  -0.001237
      988 0.000016  -0.001237
      755 0.000016  -0.001235
      284 0.000016   0.001222
      949 0.000016   0.001214
      198 0.000016  -0.001213
       95 0.000016  -0.001204
      458 0.000016   0.001202
      505 0.000015   0.001181
      224 0.000015  -0.001180
      732 0.000015   0.001176
      964 0.000015   0.001173
      680 0.000015   0.001170
      646 0.000015   0.001160
      214 0.000015   0.001160
      293 0.000015  -0.001160
      242 0.000015   0.001159
      934 0.000015  -0.001126
      702 0.000015  -0.001124
      264 0.000014   0.001094
      662 0.000014  -0.001092
      809 0.000014   0.001091
      450 0.000014  -0.001067
      274 0.000014   0.001043
      363 0.000013   0.001040
      195 0.000013  -0.001031
      841 0.000013   0.001030
      197 0.000013   0.001028
       45 0.000013  -0.001025
      125 0.000013  -0.001021
      727 0.000013  -0.001018
      816 0.000013   0.001013
      538 0.000013   0.001001
      746 0.000013  -0.000968
      200 0.000012  -0.000961
       43 0.000012   0.000959
      270 0.000012   0.000943
      835 0.000012  -0.000940
       99 0.000012  -0.000934
      349 0.000012   0.000930
      483 0.000012  -0.000922
      810 0.000012   0.000916
      705 0.000011  -0.000885
      977 0.000011   0.000863
      123 0.000011   0.000855
     1096 0.000011   0.000851
      260 0.000011  -0.000845
      296 0.000011   0.000845
      196 0.000011  -0.000843
      288 0.000011   0.000842
       80 0.000011  -0.000841
      883 0.000011   0.000839
      252 0.000011  -0.000832
      833 0.000011  -0.000831
      110 0.000011   0.000829
      487 0.000011  -0.000828
      634 0.000011  -0.000825
      983 0.000011   0.000823
      213 0.000011   0.000821
      478 0.000011   0.000816
      462 0.000011   0.000814
      916 0.000011  -0.000811
      188 0.000010  -0.000809
      473 0.000010  -0.000804
      762 0.000010   0.000803
      681 0.000010  -0.000803
      276 0.000010  -0.000802
      265 0.000010  -0.000801
      619 0.000010   0.000796
      610 0.000010  -0.000796
      461 0.000010   0.000792
     1047 0.000010   0.000791
      747 0.000010  -0.000783
      729 0.000010   0.000777
     1061 0.000010  -0.000776
      112 0.000010  -0.000773
euclid. distance of OLC and linear combination of EV * x_coef: 0.006960933759549358

Generate samples based on objective loadcase 828
nr_to_generate: 25

Parameter variation distribution settings
distribution: uniform
low: 0.7
high: 1.3

Total process runtime: 0:00:01.330029
