Date and Time:2023-05-12 14:09:55.740813

Initial Settings:
similarity_model: <function cosine_similarity at 0x000001D005A6E5E0>
similarity_threshold: 1e-05
nr_eigv_to_select: None
distribution: uniform
deviation: 0.3
nr_to_generate: 25
recompute: False

Selected eigenvectors and similarity score w.r.t objective loadcase:
objective_loadcase_nr: 186
similarity_model: cosine_similarity
similarity_threshold: 1e-05
nr_eigv_to_select: None
nr_eigv_selected: 450
approximation parameter model: lstsq
similarity score and approx. param. value
:  eigv_idx    score      value
        3 0.593309  42.558531
        2 0.521129 -37.381035
        1 0.505943  36.291754
        0 0.344518  24.712598
       39 0.029915   2.145857
        6 0.024461   1.754617
        4 0.013193   0.946330
      639 0.003474   0.249215
      218 0.002634  -0.188939
      593 0.002151  -0.154270
      586 0.002021   0.144970
      612 0.002002  -0.143633
      186 0.001774  -0.127218
      710 0.001515  -0.108685
       68 0.001417  -0.101636
      595 0.001318   0.094513
      187 0.001171  -0.083992
      626 0.001133   0.081287
      663 0.001118  -0.080210
      716 0.001083   0.077680
      618 0.000968   0.069458
      143 0.000953   0.068339
      668 0.000950   0.068137
      388 0.000931  -0.066754
      686 0.000871  -0.062511
      749 0.000822  -0.058976
      599 0.000787   0.056470
      194 0.000780   0.055986
      621 0.000751  -0.053863
      688 0.000744  -0.053399
      562 0.000739  -0.053039
      582 0.000733  -0.052549
      635 0.000720   0.051631
      670 0.000705   0.050557
      659 0.000696  -0.049907
      617 0.000679   0.048699
      704 0.000665  -0.047728
      578 0.000646   0.046341
      341 0.000624   0.044726
      733 0.000593   0.042567
      567 0.000592  -0.042477
      718 0.000586  -0.042063
      606 0.000583  -0.041840
      577 0.000575  -0.041258
      183 0.000573   0.041087
      602 0.000557  -0.039953
      267 0.000516  -0.037046
      698 0.000489  -0.035101
      220 0.000484  -0.034705
      735 0.000476  -0.034165
      696 0.000472  -0.033847
      258 0.000469  -0.033675
      579 0.000460   0.032997
      708 0.000459   0.032937
      575 0.000459   0.032897
      620 0.000454  -0.032595
      753 0.000437  -0.031347
       69 0.000437   0.031332
      253 0.000433  -0.031091
      153 0.000421   0.030170
      666 0.000402  -0.028817
      601 0.000399   0.028640
      641 0.000396  -0.028382
      707 0.000392  -0.028133
      230 0.000388  -0.027855
      709 0.000386  -0.027687
      174 0.000384   0.027580
      848 0.000374  -0.026822
      683 0.000368   0.026411
      227 0.000362   0.025940
      412 0.000361  -0.025862
      583 0.000357  -0.025623
      759 0.000350  -0.025116
      273 0.000347  -0.024894
       71 0.000341   0.024454
      699 0.000337  -0.024163
      793 0.000335  -0.024053
      763 0.000334   0.023993
      419 0.000328  -0.023558
      807 0.000315   0.022604
      587 0.000310   0.022204
      403 0.000309   0.022183
      756 0.000309  -0.022138
      383 0.000307   0.021990
      269 0.000306  -0.021936
      137 0.000305  -0.021875
      700 0.000300   0.021516
      631 0.000296  -0.021198
      182 0.000294  -0.021101
      235 0.000294  -0.021053
      210 0.000284  -0.020376
      853 0.000278  -0.019944
      243 0.000277   0.019866
      263 0.000273  -0.019603
      239 0.000273   0.019601
      570 0.000268  -0.019220
      299 0.000265   0.018998
       70 0.000263   0.018840
      184 0.000257  -0.018455
      362 0.000255  -0.018309
      757 0.000248  -0.017793
      741 0.000240   0.017214
      726 0.000237  -0.016985
      743 0.000236  -0.016948
      206 0.000234   0.016797
      739 0.000226  -0.016188
      361 0.000221   0.015860
      750 0.000218   0.015622
      377 0.000218  -0.015611
      742 0.000213  -0.015275
      301 0.000207  -0.014880
      204 0.000207   0.014840
      132 0.000203   0.014557
      427 0.000202  -0.014477
      549 0.000202  -0.014455
      228 0.000200  -0.014334
      312 0.000197  -0.014154
      247 0.000195   0.014017
      818 0.000195  -0.014011
      855 0.000193  -0.013866
      564 0.000192  -0.013744
      373 0.000189  -0.013541
      795 0.000189   0.013525
      223 0.000187   0.013441
      392 0.000187   0.013407
      369 0.000186   0.013338
      800 0.000183  -0.013155
      857 0.000182  -0.013085
      591 0.000182   0.013072
      337 0.000182  -0.013031
      787 0.000179   0.012869
      604 0.000179  -0.012856
      824 0.000176   0.012620
      775 0.000176   0.012615
      553 0.000175  -0.012579
      290 0.000174   0.012465
      199 0.000172  -0.012355
      778 0.000172  -0.012321
      576 0.000168  -0.012065
      332 0.000167  -0.011977
      275 0.000162  -0.011651
      400 0.000160  -0.011467
      580 0.000160  -0.011443
      784 0.000159  -0.011427
      665 0.000158  -0.011349
      658 0.000156   0.011215
      175 0.000152  -0.010926
      828 0.000152  -0.010884
      667 0.000151   0.010831
      820 0.000148  -0.010645
      585 0.000148  -0.010606
      829 0.000148   0.010600
      859 0.000144   0.010317
      941 0.000141  -0.010133
      179 0.000140   0.010074
      711 0.000139   0.009964
      736 0.000137  -0.009859
      770 0.000134   0.009639
      762 0.000134  -0.009600
      616 0.000134  -0.009600
      574 0.000134  -0.009586
      279 0.000133  -0.009532
      605 0.000130  -0.009336
      808 0.000129   0.009272
      769 0.000129   0.009228
      298 0.000128  -0.009174
      687 0.000128   0.009172
      423 0.000128  -0.009155
      628 0.000127   0.009132
      431 0.000127  -0.009117
      277 0.000127   0.009099
      790 0.000126   0.009011
      354 0.000124   0.008921
      329 0.000124  -0.008911
      171 0.000124  -0.008878
      241 0.000122   0.008778
      557 0.000122  -0.008720
      201 0.000121  -0.008694
      255 0.000121  -0.008686
      744 0.000120  -0.008575
      697 0.000114   0.008167
      380 0.000109   0.007849
      356 0.000108  -0.007753
      294 0.000108  -0.007737
      398 0.000107  -0.007690
       88 0.000106  -0.007605
      799 0.000106  -0.007576
      271 0.000105   0.007517
      645 0.000103   0.007417
      321 0.000102  -0.007326
      908 0.000101  -0.007222
      217 0.000100  -0.007148
      257 0.000099  -0.007127
      566 0.000099   0.007106
      355 0.000099   0.007075
      251 0.000098  -0.007036
      864 0.000098   0.007030
      728 0.000097  -0.006936
      295 0.000094  -0.006752
      815 0.000093  -0.006700
      773 0.000093   0.006699
      690 0.000093   0.006671
      943 0.000093   0.006666
      638 0.000092  -0.006628
       93 0.000092  -0.006591
      948 0.000091   0.006549
      234 0.000091   0.006528
      611 0.000091  -0.006517
      325 0.000089  -0.006376
      600 0.000089  -0.006362
      353 0.000088  -0.006325
      782 0.000087  -0.006270
      569 0.000087   0.006209
      937 0.000086  -0.006136
      684 0.000085  -0.006101
      974 0.000085   0.006095
      860 0.000084  -0.005997
      840 0.000084  -0.005996
      436 0.000083   0.005984
      285 0.000083   0.005972
      884 0.000082  -0.005861
      629 0.000082  -0.005855
      573 0.000081   0.005793
      844 0.000080  -0.005753
      734 0.000076  -0.005431
      292 0.000075  -0.005410
      581 0.000075  -0.005399
      694 0.000075   0.005356
      792 0.000074   0.005338
      978 0.000074   0.005314
      107 0.000074  -0.005306
      843 0.000073  -0.005254
      880 0.000073   0.005233
      594 0.000072  -0.005197
      847 0.000072   0.005176
      104 0.000072   0.005173
      654 0.000072   0.005133
      367 0.000071   0.005105
      281 0.000071   0.005063
      319 0.000071   0.005063
      266 0.000070  -0.005038
      283 0.000070   0.005018
      262 0.000069  -0.004928
      780 0.000068   0.004866
      589 0.000068  -0.004852
      289 0.000067   0.004835
      342 0.000067   0.004824
      261 0.000066  -0.004749
      823 0.000066   0.004719
      138 0.000066  -0.004711
      722 0.000064  -0.004627
      614 0.000064   0.004615
      539 0.000063   0.004499
      870 0.000062  -0.004481
      826 0.000062  -0.004450
      723 0.000062  -0.004446
      308 0.000062  -0.004444
      627 0.000062   0.004429
      572 0.000061  -0.004381
      801 0.000061  -0.004378
     1095 0.000060  -0.004320
     1005 0.000060   0.004316
      561 0.000060   0.004304
      560 0.000060  -0.004287
      413 0.000060  -0.004276
      302 0.000060  -0.004270
      913 0.000059  -0.004237
      291 0.000058   0.004176
      895 0.000058   0.004141
      590 0.000057  -0.004113
      882 0.000057   0.004084
      323 0.000057  -0.004060
      765 0.000056   0.004015
      632 0.000056   0.004011
      343 0.000056  -0.003996
      315 0.000055   0.003978
      798 0.000054  -0.003854
      528 0.000053   0.003831
      748 0.000053  -0.003815
      831 0.000053   0.003785
      318 0.000052  -0.003748
      584 0.000052  -0.003748
      268 0.000052  -0.003731
      545 0.000051  -0.003694
      425 0.000051   0.003690
       91 0.000051  -0.003635
      428 0.000051   0.003631
      386 0.000050   0.003569
      552 0.000050  -0.003562
      894 0.000050  -0.003557
      650 0.000049  -0.003511
      935 0.000049  -0.003496
      535 0.000049   0.003483
      701 0.000048  -0.003476
      198 0.000047  -0.003403
      414 0.000047   0.003399
      596 0.000047  -0.003394
      874 0.000047  -0.003387
      244 0.000047  -0.003346
      957 0.000046   0.003298
      161 0.000046   0.003286
      821 0.000046  -0.003284
      922 0.000045  -0.003263
      841 0.000045   0.003220
      390 0.000045   0.003219
      278 0.000044   0.003190
      842 0.000043  -0.003103
      322 0.000042  -0.003018
      169 0.000041  -0.002973
      833 0.000041  -0.002952
      193 0.000040   0.002847
      988 0.000040  -0.002846
      955 0.000039   0.002822
      830 0.000039   0.002814
      964 0.000039   0.002813
      881 0.000039  -0.002789
     1096 0.000038   0.002734
     1073 0.000038  -0.002716
      942 0.000038   0.002705
      491 0.000037   0.002636
      518 0.000037   0.002623
      313 0.000036  -0.002595
      971 0.000036  -0.002563
      950 0.000035  -0.002533
      838 0.000035  -0.002504
      904 0.000035   0.002481
      789 0.000034   0.002412
      532 0.000033   0.002394
      852 0.000033   0.002387
      488 0.000033   0.002367
      407 0.000033  -0.002362
      374 0.000032   0.002303
      649 0.000032  -0.002289
      236 0.000031   0.002217
      394 0.000031   0.002198
      921 0.000031  -0.002195
      835 0.000031  -0.002191
      740 0.000030   0.002169
      131 0.000030   0.002157
      608 0.000030  -0.002135
      445 0.000030  -0.002135
      832 0.000030   0.002130
      410 0.000029  -0.002097
      879 0.000029  -0.002092
      636 0.000029  -0.002081
      286 0.000029   0.002068
      983 0.000029   0.002061
      933 0.000028   0.002034
      540 0.000028  -0.002032
      297 0.000028  -0.002029
      475 0.000028  -0.002000
      409 0.000028  -0.001993
      524 0.000028  -0.001985
      597 0.000027  -0.001967
      977 0.000027   0.001963
      727 0.000027  -0.001936
      794 0.000026   0.001875
      310 0.000026  -0.001865
      448 0.000026   0.001848
      868 0.000026   0.001837
     1034 0.000025  -0.001811
      526 0.000025   0.001807
      677 0.000025   0.001782
     1010 0.000025   0.001781
      856 0.000025   0.001759
      959 0.000024  -0.001755
      928 0.000024  -0.001736
     1032 0.000023   0.001676
      927 0.000023  -0.001661
      779 0.000023  -0.001654
      592 0.000023   0.001637
      811 0.000023   0.001634
     1009 0.000023  -0.001634
      809 0.000023   0.001618
      366 0.000022   0.001583
      938 0.000022   0.001578
      542 0.000022   0.001546
      643 0.000021  -0.001535
      424 0.000021  -0.001515
      987 0.000021   0.001475
      934 0.000020  -0.001468
      646 0.000020   0.001465
      530 0.000020   0.001460
      764 0.000020  -0.001453
      479 0.000020   0.001447
      514 0.000020   0.001437
      249 0.000019   0.001377
      148 0.000019   0.001374
      685 0.000019  -0.001369
     1001 0.000018  -0.001316
      437 0.000018   0.001303
      916 0.000018  -0.001301
      898 0.000018   0.001288
     1016 0.000018  -0.001276
      463 0.000018  -0.001257
      536 0.000018  -0.001257
      455 0.000017  -0.001250
      810 0.000017   0.001241
     1003 0.000017  -0.001236
      903 0.000017   0.001221
      346 0.000016   0.001171
      984 0.000016  -0.001154
     1020 0.000016  -0.001141
      512 0.000016  -0.001138
      610 0.000015  -0.001099
      432 0.000015   0.001081
      397 0.000015  -0.001078
      502 0.000015   0.001071
      284 0.000015   0.001070
      519 0.000015   0.001062
      222 0.000015  -0.001061
      755 0.000015  -0.001044
      791 0.000014   0.001037
      324 0.000014  -0.001033
      732 0.000014   0.001033
      776 0.000014  -0.001023
     1040 0.000014  -0.001021
      805 0.000014  -0.001016
      714 0.000014  -0.001012
      804 0.000014  -0.001010
     1025 0.000014   0.001008
      949 0.000014   0.000998
      328 0.000013  -0.000951
      450 0.000013  -0.000951
     1017 0.000013   0.000933
      662 0.000013  -0.000926
      760 0.000013  -0.000920
      245 0.000013  -0.000903
      364 0.000012   0.000893
      489 0.000012   0.000892
      458 0.000012   0.000890
      702 0.000012  -0.000879
      478 0.000012   0.000851
      863 0.000012   0.000845
      505 0.000012   0.000844
      333 0.000012  -0.000835
      316 0.000011  -0.000800
      232 0.000011  -0.000798
      803 0.000011   0.000797
       98 0.000011  -0.000789
      487 0.000011  -0.000785
     1015 0.000011  -0.000776
     1061 0.000011  -0.000761
      461 0.000010   0.000748
      816 0.000010   0.000744
     1052 0.000010   0.000742
      634 0.000010  -0.000739
      966 0.000010   0.000739
      426 0.000010   0.000737
      917 0.000010   0.000719
euclid. distance of OLC and linear combination of EV * x_coef: 0.005307418825381629

Generate samples based on objective loadcase 186
nr_to_generate: 25

Parameter variation distribution settings
distribution: uniform
low: 0.7
high: 1.3

Total process runtime: 0:00:01.503586
