Date and Time:2023-05-12 14:12:42.318775

Initial Settings:
similarity_model: <function cosine_similarity at 0x000001D005A6E5E0>
similarity_threshold: 1e-05
nr_eigv_to_select: None
distribution: uniform
deviation: 0.3
nr_to_generate: 25
recompute: False

Selected eigenvectors and similarity score w.r.t objective loadcase:
objective_loadcase_nr: 311
similarity_model: cosine_similarity
similarity_threshold: 1e-05
nr_eigv_to_select: None
nr_eigv_selected: 465
approximation parameter model: lstsq
similarity score and approx. param. value
:  eigv_idx    score      value
        1 0.557009  64.907725
        3 0.532169  62.013141
        2 0.491800 -57.309059
        0 0.400951  46.722418
        6 0.058775   6.848984
       39 0.015786   1.839472
        4 0.010057   1.171904
       68 0.004388  -0.511358
      639 0.003914   0.456141
      186 0.002453  -0.285824
      612 0.002137  -0.249036
      593 0.002069  -0.241059
      586 0.001881   0.219174
       71 0.001741  -0.202865
      716 0.001648   0.192062
      618 0.001618   0.188534
      187 0.001601  -0.186511
      218 0.001590  -0.185276
      663 0.001578  -0.183940
      710 0.001490  -0.173656
      668 0.001441   0.167883
       69 0.001410  -0.164259
      595 0.001182   0.137688
      194 0.001138   0.132567
      659 0.001088  -0.126748
      182 0.001068  -0.124407
      617 0.000982   0.114404
      686 0.000912  -0.106300
      388 0.000900  -0.104840
      700 0.000842   0.098068
      626 0.000838   0.097622
      599 0.000825   0.096122
      635 0.000803   0.093560
      688 0.000791  -0.092220
      562 0.000774  -0.090182
      582 0.000772  -0.089957
      579 0.000766   0.089302
      683 0.000764   0.089047
      670 0.000758   0.088339
      143 0.000745   0.086868
      184 0.000741  -0.086306
       70 0.000730   0.085090
      578 0.000697   0.081261
      183 0.000695   0.080995
      698 0.000662  -0.077180
      621 0.000658  -0.076625
      733 0.000655   0.076304
      749 0.000611  -0.071163
      666 0.000584  -0.068104
      253 0.000566  -0.065959
      228 0.000562  -0.065460
      718 0.000561  -0.065397
      341 0.000554   0.064536
      602 0.000551  -0.064155
      704 0.000505  -0.058890
      708 0.000469   0.054660
      174 0.000462   0.053786
      699 0.000460  -0.053644
      567 0.000443  -0.051619
      641 0.000440  -0.051240
      735 0.000439  -0.051184
      153 0.000436   0.050759
      210 0.000434  -0.050601
      179 0.000427   0.049742
      606 0.000427  -0.049707
      577 0.000402  -0.046808
      575 0.000401   0.046701
      583 0.000394  -0.045955
      620 0.000391  -0.045583
      171 0.000386  -0.044946
      362 0.000385  -0.044855
      709 0.000378  -0.044101
      220 0.000359  -0.041833
      267 0.000352  -0.041010
      631 0.000342  -0.039882
      604 0.000330  -0.038434
      707 0.000327  -0.038061
      848 0.000321  -0.037412
      576 0.000312  -0.036407
      601 0.000312   0.036371
      204 0.000311   0.036296
      419 0.000311  -0.036200
      628 0.000306   0.035609
      403 0.000306   0.035600
      137 0.000302  -0.035217
      756 0.000302  -0.035147
      412 0.000298  -0.034779
      807 0.000294   0.034207
      757 0.000290  -0.033829
      243 0.000289   0.033640
      587 0.000275   0.032056
      199 0.000265  -0.030867
      383 0.000264   0.030744
      400 0.000263  -0.030688
      573 0.000252   0.029384
      254 0.000246   0.028668
      258 0.000241  -0.028062
      815 0.000240  -0.027989
      271 0.000239   0.027815
      377 0.000237  -0.027607
      787 0.000234   0.027212
      570 0.000233  -0.027163
      753 0.000233  -0.027124
      580 0.000232  -0.026995
      658 0.000228   0.026612
      132 0.000226   0.026311
      161 0.000219   0.025527
      236 0.000219   0.025489
      564 0.000215  -0.025107
      148 0.000215   0.025065
      696 0.000215  -0.025011
      277 0.000208   0.024242
      665 0.000208  -0.024228
      853 0.000208  -0.024214
      640 0.000206  -0.024061
      941 0.000206  -0.023979
      741 0.000200   0.023260
       91 0.000192  -0.022321
      759 0.000190   0.022192
      175 0.000185  -0.021603
      739 0.000185  -0.021521
      234 0.000183   0.021310
      687 0.000182   0.021239
      566 0.000182   0.021230
      557 0.000181  -0.021052
      667 0.000180   0.020935
      273 0.000178  -0.020750
      301 0.000177  -0.020661
      361 0.000177   0.020607
      427 0.000176  -0.020505
      828 0.000176  -0.020488
      800 0.000173  -0.020151
      217 0.000172  -0.020081
      574 0.000165  -0.019240
      257 0.000164  -0.019148
      255 0.000162  -0.018921
      380 0.000162   0.018916
      711 0.000160   0.018686
      138 0.000159   0.018485
      820 0.000156  -0.018180
      750 0.000154   0.017943
      398 0.000154  -0.017926
      857 0.000153  -0.017792
      549 0.000153  -0.017792
      299 0.000153   0.017791
      743 0.000152  -0.017684
      247 0.000152   0.017659
      784 0.000151  -0.017625
      356 0.000149  -0.017410
      798 0.000148   0.017294
      690 0.000146   0.016986
      353 0.000145  -0.016843
      790 0.000144   0.016804
      373 0.000144  -0.016789
      793 0.000143  -0.016688
      645 0.000138   0.016048
      847 0.000136   0.015852
      355 0.000136   0.015852
      295 0.000136  -0.015818
      908 0.000135  -0.015751
      369 0.000135   0.015706
      436 0.000134   0.015640
      585 0.000134  -0.015615
      629 0.000131  -0.015285
      107 0.000130  -0.015155
      697 0.000129   0.015089
      249 0.000129  -0.015061
      855 0.000129  -0.015024
      367 0.000127   0.014812
      974 0.000127   0.014781
      294 0.000125  -0.014555
      808 0.000125   0.014513
      859 0.000122   0.014268
      605 0.000122  -0.014222
      269 0.000122  -0.014211
      423 0.000121  -0.014067
      581 0.000120  -0.014039
      726 0.000120  -0.013930
      266 0.000119  -0.013871
      241 0.000119   0.013867
      431 0.000118  -0.013751
      354 0.000118   0.013747
      281 0.000117   0.013671
      736 0.000116  -0.013528
      818 0.000116  -0.013466
      552 0.000115  -0.013444
      553 0.000115  -0.013404
      638 0.000115  -0.013393
      600 0.000114  -0.013303
      795 0.000112   0.013109
      392 0.000112   0.013006
      740 0.000111  -0.012953
      882 0.000108   0.012632
      840 0.000108  -0.012579
      762 0.000108   0.012534
      684 0.000107  -0.012449
      235 0.000107  -0.012442
      594 0.000104  -0.012110
      844 0.000103  -0.012045
      584 0.000103  -0.011973
      801 0.000103  -0.011954
      292 0.000102  -0.011909
      261 0.000101  -0.011773
      829 0.000100   0.011668
      312 0.000100  -0.011615
      803 0.000099   0.011568
      742 0.000099  -0.011521
      799 0.000099  -0.011507
      308 0.000098  -0.011396
      611 0.000097  -0.011246
      291 0.000096   0.011184
      263 0.000096  -0.011183
      832 0.000096   0.011162
      386 0.000095   0.011060
      572 0.000094  -0.010964
     1095 0.000093  -0.010895
      302 0.000093  -0.010871
      262 0.000093  -0.010827
      824 0.000092   0.010747
      561 0.000090   0.010492
      723 0.000090  -0.010438
      394 0.000089   0.010403
      222 0.000089  -0.010363
      193 0.000087  -0.010103
      569 0.000085   0.009929
      701 0.000085  -0.009897
      632 0.000085   0.009853
      802 0.000084   0.009808
      955 0.000084   0.009762
      390 0.000083   0.009693
      734 0.000083  -0.009676
      597 0.000083  -0.009648
      428 0.000083   0.009614
      374 0.000082   0.009505
      805 0.000081  -0.009479
      560 0.000080  -0.009356
      209 0.000080  -0.009308
      763 0.000079  -0.009209
      275 0.000079  -0.009179
      313 0.000078  -0.009146
      343 0.000078  -0.009140
      414 0.000078   0.009114
      728 0.000076  -0.008902
      776 0.000076  -0.008861
      744 0.000075  -0.008762
     1005 0.000075   0.008741
      913 0.000074  -0.008626
      826 0.000074  -0.008625
      778 0.000073  -0.008518
      937 0.000073  -0.008480
      591 0.000071   0.008253
      748 0.000071  -0.008244
      978 0.000071   0.008219
      654 0.000070   0.008167
      922 0.000070  -0.008127
      545 0.000069  -0.007987
      268 0.000068  -0.007906
      879 0.000067  -0.007848
      863 0.000066  -0.007650
      722 0.000064  -0.007467
      539 0.000064   0.007460
      596 0.000064  -0.007409
      425 0.000063   0.007285
      616 0.000062  -0.007191
      251 0.000061  -0.007127
      232 0.000061  -0.007121
      789 0.000061   0.007101
      891 0.000060  -0.007022
      895 0.000060   0.007004
      843 0.000060  -0.006961
      407 0.000059  -0.006921
      603 0.000057  -0.006673
      198 0.000057   0.006611
      322 0.000056  -0.006556
      782 0.000056  -0.006514
      298 0.000055  -0.006364
      206 0.000054   0.006348
      831 0.000053   0.006228
      780 0.000053  -0.006161
      325 0.000052  -0.006034
      858 0.000052  -0.006017
      528 0.000051   0.005972
      542 0.000050   0.005834
      948 0.000050   0.005806
      329 0.000049  -0.005764
      614 0.000049   0.005700
      239 0.000049   0.005695
      870 0.000049  -0.005684
      279 0.000049  -0.005679
      821 0.000049  -0.005664
      864 0.000048   0.005618
      765 0.000048   0.005607
      773 0.000048   0.005551
      540 0.000048  -0.005541
      131 0.000047  -0.005459
      297 0.000046  -0.005406
      224 0.000046  -0.005384
      770 0.000046   0.005365
      413 0.000046   0.005333
      867 0.000046   0.005309
      397 0.000045  -0.005296
      337 0.000045  -0.005276
      409 0.000045  -0.005257
      289 0.000045   0.005243
      987 0.000045   0.005207
      223 0.000044   0.005083
      589 0.000044  -0.005072
      928 0.000043  -0.005059
      627 0.000043   0.005017
      323 0.000043  -0.004992
      860 0.000042  -0.004912
      881 0.000042  -0.004906
      448 0.000041   0.004788
      535 0.000040   0.004686
      332 0.000040  -0.004620
      874 0.000038  -0.004450
      319 0.000038   0.004449
     1001 0.000037  -0.004354
      643 0.000037  -0.004350
      823 0.000036   0.004231
      333 0.000036  -0.004215
      933 0.000035   0.004108
      518 0.000035   0.004101
      677 0.000035   0.004082
      993 0.000035   0.004070
      227 0.000035   0.004043
      230 0.000035  -0.004033
      965 0.000034  -0.004013
      491 0.000034   0.004000
      950 0.000034  -0.003974
      530 0.000034   0.003964
      310 0.000034  -0.003906
      245 0.000034  -0.003905
     1025 0.000033   0.003902
      636 0.000033  -0.003878
      410 0.000033  -0.003873
      610 0.000033  -0.003856
      488 0.000032   0.003774
      342 0.000032   0.003766
       93 0.000032   0.003718
      532 0.000031   0.003664
       88 0.000031   0.003649
     1032 0.000031   0.003575
      475 0.000031  -0.003567
      842 0.000030  -0.003529
      169 0.000030  -0.003517
      592 0.000030  -0.003464
      432 0.000030   0.003438
      880 0.000029   0.003414
      590 0.000029  -0.003389
      792 0.000029   0.003366
      814 0.000029   0.003361
      406 0.000029  -0.003358
      884 0.000028  -0.003316
      524 0.000028  -0.003306
      680 0.000028   0.003298
     1017 0.000028   0.003263
      904 0.000028   0.003256
      445 0.000027  -0.003188
      320 0.000027   0.003184
      942 0.000027   0.003162
      650 0.000026  -0.003088
      900 0.000026  -0.003038
      852 0.000026  -0.003029
      894 0.000026  -0.003023
      424 0.000026  -0.003001
      608 0.000025  -0.002876
      214 0.000024   0.002762
      216 0.000024  -0.002754
      917 0.000023   0.002729
      538 0.000023   0.002694
      519 0.000023   0.002656
     1034 0.000023  -0.002656
      943 0.000023   0.002648
      502 0.000022   0.002598
      685 0.000022  -0.002579
      536 0.000022  -0.002549
      938 0.000022   0.002531
      694 0.000021   0.002503
      402 0.000021  -0.002488
      455 0.000021  -0.002435
      335 0.000021  -0.002425
      714 0.000020  -0.002375
      489 0.000020   0.002368
      479 0.000020   0.002342
      213 0.000020   0.002338
      849 0.000020   0.002309
      512 0.000020  -0.002300
      334 0.000020   0.002297
      662 0.000020  -0.002282
      420 0.000019   0.002265
      949 0.000019   0.002245
      505 0.000019   0.002223
     1052 0.000019   0.002214
      463 0.000019  -0.002157
      526 0.000018   0.002154
      324 0.000018  -0.002133
      458 0.000018   0.002133
       66 0.000018  -0.002117
      315 0.000018   0.002092
      366 0.000018   0.002085
      237 0.000018   0.002083
      437 0.000017   0.002025
      215 0.000017  -0.002017
      296 0.000017  -0.002014
      514 0.000017   0.002007
      830 0.000017   0.001964
      399 0.000017  -0.001942
      838 0.000017   0.001940
      837 0.000016  -0.001905
      727 0.000016  -0.001900
      856 0.000016   0.001863
      290 0.000016   0.001849
      732 0.000015   0.001806
      452 0.000015  -0.001798
      907 0.000015   0.001727
      769 0.000015  -0.001710
      779 0.000015   0.001704
      483 0.000014  -0.001684
      669 0.000014   0.001677
      534 0.000014  -0.001655
      450 0.000014  -0.001649
      619 0.000014   0.001643
      875 0.000014  -0.001638
      276 0.000014   0.001604
      816 0.000013   0.001558
      649 0.000013  -0.001558
      713 0.000013   0.001531
      286 0.000013   0.001517
      543 0.000013  -0.001513
      240 0.000013  -0.001510
      328 0.000013  -0.001508
      876 0.000013  -0.001504
      888 0.000013   0.001501
      609 0.000013   0.001498
      349 0.000013  -0.001497
     1047 0.000013   0.001471
      346 0.000013   0.001460
      188 0.000012  -0.001446
      868 0.000012  -0.001443
      321 0.000012  -0.001442
      462 0.000012   0.001442
      791 0.000012   0.001410
      634 0.000012  -0.001399
      278 0.000012  -0.001395
     1010 0.000012   0.001345
      201 0.000012  -0.001340
      350 0.000011  -0.001321
      681 0.000011  -0.001321
      473 0.000011  -0.001300
      191 0.000011   0.001260
      487 0.000011  -0.001251
      128 0.000011  -0.001243
      293 0.000011   0.001239
      130 0.000011  -0.001237
      285 0.000011  -0.001231
      927 0.000011  -0.001228
      233 0.000010   0.001216
      250 0.000010   0.001215
      112 0.000010   0.001207
      221 0.000010   0.001207
      359 0.000010  -0.001204
      655 0.000010  -0.001192
      811 0.000010   0.001180
      964 0.000010   0.001168
euclid. distance of OLC and linear combination of EV * x_coef: 0.01077262741410512

Generate samples based on objective loadcase 311
nr_to_generate: 25

Parameter variation distribution settings
distribution: uniform
low: 0.7
high: 1.3

Total process runtime: 0:00:01.240381
