Date and Time:2023-05-12 14:16:21.197584

Initial Settings:
similarity_model: <function cosine_similarity at 0x000001D005A6E5E0>
similarity_threshold: 1e-05
nr_eigv_to_select: None
distribution: uniform
deviation: 0.3
nr_to_generate: 25
recompute: False

Selected eigenvectors and similarity score w.r.t objective loadcase:
objective_loadcase_nr: 475
similarity_model: cosine_similarity
similarity_threshold: 1e-05
nr_eigv_to_select: None
nr_eigv_selected: 524
approximation parameter model: lstsq
similarity score and approx. param. value
:  eigv_idx    score      value
        3 0.566426  51.201783
        1 0.531720  48.064578
        2 0.505306 -45.676823
        0 0.372544  33.675914
        6 0.038352   3.466787
       39 0.025182   2.276353
        4 0.011684   1.056199
      639 0.003426   0.309663
      186 0.002286  -0.206611
      218 0.002243  -0.202756
      593 0.002078  -0.187883
      612 0.001965  -0.177592
      586 0.001913   0.172934
      710 0.001643  -0.148544
      187 0.001503  -0.135897
      716 0.001431   0.129314
      595 0.001228   0.111004
      618 0.001184   0.107011
      663 0.001169  -0.105679
      668 0.001141   0.103112
      626 0.001022   0.092358
      194 0.001012   0.091471
      686 0.000954  -0.086229
      388 0.000896  -0.081026
      659 0.000843  -0.076160
      688 0.000811  -0.073345
      617 0.000790   0.071411
      599 0.000788   0.071205
      749 0.000768  -0.069394
       71 0.000765   0.069146
       69 0.000759   0.068652
      582 0.000733  -0.066223
      562 0.000727  -0.065741
      143 0.000726   0.065621
      635 0.000715   0.064629
      621 0.000697  -0.063022
      670 0.000692   0.062578
      183 0.000670   0.060578
      578 0.000607   0.054897
      704 0.000603  -0.054500
      341 0.000592   0.053519
      733 0.000577   0.052132
      579 0.000557   0.050362
      718 0.000552  -0.049911
      606 0.000532  -0.048135
      567 0.000532  -0.048106
      602 0.000527  -0.047604
      698 0.000522  -0.047211
      253 0.000519  -0.046958
      153 0.000513   0.046329
      577 0.000501  -0.045309
      708 0.000499   0.045130
       68 0.000493  -0.044522
      700 0.000471   0.042609
      174 0.000471   0.042577
      666 0.000470  -0.042469
      735 0.000463  -0.041828
      575 0.000450   0.040656
      683 0.000445   0.040217
      267 0.000436  -0.039370
      620 0.000417  -0.037704
      709 0.000413  -0.037316
      258 0.000404  -0.036558
      696 0.000404  -0.036512
      220 0.000386  -0.034915
      641 0.000382  -0.034485
      210 0.000374  -0.033840
      707 0.000373  -0.033726
      699 0.000360  -0.032523
      601 0.000356   0.032156
      753 0.000345  -0.031143
      227 0.000340   0.030764
      230 0.000340  -0.030695
      848 0.000338  -0.030555
      583 0.000336  -0.030359
      412 0.000329  -0.029752
      807 0.000322   0.029115
      182 0.000319  -0.028803
      756 0.000317  -0.028666
      419 0.000312  -0.028246
      631 0.000309  -0.027931
      362 0.000303  -0.027364
      273 0.000298  -0.026952
      403 0.000295   0.026693
      587 0.000294   0.026535
      793 0.000279  -0.025224
      757 0.000273  -0.024686
      853 0.000265  -0.023938
      235 0.000264  -0.023860
      383 0.000254   0.022943
      361 0.000246   0.022197
      570 0.000237  -0.021437
      741 0.000235   0.021249
      243 0.000233   0.021079
      269 0.000233  -0.021019
      239 0.000226   0.020468
      739 0.000225  -0.020351
      377 0.000223  -0.020194
      184 0.000220  -0.019879
      726 0.000218  -0.019747
      263 0.000218  -0.019725
      580 0.000216  -0.019492
      604 0.000215  -0.019467
      299 0.000213   0.019290
      204 0.000203   0.018326
      373 0.000201  -0.018163
      576 0.000199  -0.018008
      750 0.000198   0.017863
      301 0.000193  -0.017463
      400 0.000193  -0.017423
      800 0.000191  -0.017242
      658 0.000191   0.017227
      199 0.000188  -0.017033
      855 0.000188  -0.017032
      427 0.000186  -0.016841
      175 0.000186  -0.016792
      247 0.000184   0.016604
      564 0.000183  -0.016571
      574 0.000181  -0.016329
      743 0.000177  -0.015962
      312 0.000176  -0.015920
      818 0.000176  -0.015919
      787 0.000174   0.015728
      828 0.000173  -0.015625
      941 0.000169  -0.015314
      628 0.000168   0.015224
      820 0.000168  -0.015210
      857 0.000168  -0.015193
      549 0.000168  -0.015165
      392 0.000168   0.015161
      711 0.000168   0.015142
      784 0.000167  -0.015098
      228 0.000166  -0.015022
      795 0.000159   0.014380
      763 0.000157   0.014155
      132 0.000154   0.013924
      275 0.000154  -0.013905
      137 0.000154  -0.013900
      591 0.000153   0.013844
      742 0.000153  -0.013826
      824 0.000152   0.013777
      257 0.000152  -0.013754
      665 0.000152  -0.013702
      553 0.000150  -0.013556
      616 0.000149  -0.013492
      557 0.000148  -0.013366
      667 0.000147   0.013316
      179 0.000147   0.013296
      355 0.000146   0.013169
      778 0.000144  -0.013016
      808 0.000143   0.012942
      815 0.000141  -0.012789
      206 0.000141   0.012722
      605 0.000140  -0.012695
      223 0.000140   0.012695
      217 0.000138  -0.012510
      566 0.000137   0.012408
      290 0.000135   0.012223
      271 0.000133   0.012004
      398 0.000131  -0.011799
      790 0.000130   0.011780
      687 0.000130   0.011770
      736 0.000130  -0.011725
      337 0.000129  -0.011649
      241 0.000128   0.011575
      380 0.000128   0.011572
      369 0.000128   0.011546
      829 0.000126   0.011376
      859 0.000126   0.011376
      423 0.000121  -0.010962
      279 0.000121  -0.010905
       88 0.000121  -0.010894
      294 0.000120  -0.010821
      431 0.000120  -0.010813
      292 0.000119  -0.010764
      759 0.000118  -0.010697
      255 0.000118  -0.010673
      569 0.000117   0.010544
      690 0.000116   0.010515
      908 0.000116  -0.010465
      171 0.000116  -0.010456
      573 0.000115   0.010435
      367 0.000114   0.010326
      332 0.000114  -0.010324
      645 0.000113   0.010194
      775 0.000112   0.010140
      684 0.000112  -0.010125
      799 0.000112  -0.010115
      354 0.000111   0.010063
      277 0.000110   0.009939
      697 0.000110   0.009904
      266 0.000108  -0.009789
      329 0.000107  -0.009715
      585 0.000106  -0.009619
      295 0.000106  -0.009599
      261 0.000105  -0.009516
      974 0.000104   0.009378
      638 0.000103  -0.009290
      353 0.000102  -0.009189
      436 0.000102   0.009181
      847 0.000101   0.009104
      728 0.000100  -0.009084
      251 0.000098  -0.008871
      840 0.000098  -0.008834
      262 0.000097  -0.008783
      770 0.000096   0.008642
      581 0.000095  -0.008600
      298 0.000094  -0.008460
      584 0.000093  -0.008367
      234 0.000092   0.008309
       93 0.000092  -0.008308
      600 0.000091  -0.008186
      744 0.000090  -0.008091
       70 0.000089   0.008083
      611 0.000089  -0.008039
      844 0.000088  -0.007917
      734 0.000086  -0.007812
      782 0.000084  -0.007634
      281 0.000084   0.007625
      882 0.000084   0.007599
      723 0.000084  -0.007598
      937 0.000084  -0.007584
      104 0.000084   0.007560
      201 0.000083  -0.007531
      629 0.000083  -0.007525
      390 0.000083   0.007518
      552 0.000083  -0.007489
      560 0.000081  -0.007332
      948 0.000080   0.007200
      572 0.000079  -0.007164
      594 0.000078  -0.007048
     1095 0.000076  -0.006908
      864 0.000075   0.006798
      978 0.000075   0.006780
      291 0.000075   0.006739
      342 0.000073   0.006603
      701 0.000073  -0.006568
      364 0.000072  -0.006500
      654 0.000072   0.006490
      860 0.000072  -0.006487
      302 0.000071  -0.006449
      321 0.000071  -0.006423
      843 0.000071  -0.006398
      325 0.000068  -0.006128
     1005 0.000067   0.006085
      268 0.000067  -0.006083
      769 0.000067   0.006074
      913 0.000065  -0.005897
      285 0.000064   0.005775
      386 0.000063   0.005721
      773 0.000063   0.005718
      943 0.000063   0.005690
      823 0.000062   0.005633
      254 0.000062   0.005609
      428 0.000061   0.005552
      226 0.000061   0.005536
      955 0.000060   0.005408
      895 0.000060   0.005403
      545 0.000059  -0.005352
      225 0.000059   0.005338
      318 0.000059  -0.005311
      539 0.000059   0.005306
      322 0.000059  -0.005298
      425 0.000058   0.005287
      632 0.000058   0.005264
      138 0.000058  -0.005236
      789 0.000058   0.005220
      356 0.000058  -0.005218
      414 0.000057   0.005184
      694 0.000057   0.005170
      826 0.000057  -0.005151
      831 0.000056   0.005095
      922 0.000056  -0.005083
      107 0.000056  -0.005077
      765 0.000056   0.005046
      792 0.000054   0.004921
      323 0.000053  -0.004776
      222 0.000052   0.004671
      528 0.000051   0.004615
      821 0.000050  -0.004552
      722 0.000050  -0.004539
      359 0.000050   0.004530
      589 0.000050  -0.004513
      319 0.000050   0.004498
      240 0.000049  -0.004466
      879 0.000049  -0.004444
      597 0.000049  -0.004416
      610 0.000049  -0.004390
      748 0.000047  -0.004281
      884 0.000047  -0.004236
      561 0.000047   0.004222
      237 0.000047   0.004212
      870 0.000047  -0.004210
      832 0.000046   0.004177
      169 0.000046  -0.004159
      535 0.000045   0.004082
      880 0.000045   0.004051
      366 0.000045   0.004040
      308 0.000044  -0.003994
      245 0.000043  -0.003929
      643 0.000042  -0.003801
      640 0.000042  -0.003801
      343 0.000042  -0.003794
      407 0.000042  -0.003794
      313 0.000042  -0.003768
      357 0.000041  -0.003740
      881 0.000041  -0.003662
      590 0.000040  -0.003657
      297 0.000039  -0.003506
      283 0.000038   0.003479
      252 0.000038  -0.003455
      397 0.000038  -0.003393
      278 0.000037   0.003320
      193 0.000036   0.003290
      333 0.000036  -0.003281
      830 0.000036   0.003244
      491 0.000036   0.003219
      627 0.000035   0.003189
      518 0.000035   0.003163
      244 0.000035  -0.003160
      542 0.000035   0.003147
      289 0.000035   0.003136
      894 0.000035  -0.003124
      842 0.000034  -0.003111
      780 0.000034   0.003107
      284 0.000034   0.003102
      891 0.000034  -0.003070
      374 0.000034   0.003057
      540 0.000034  -0.003049
      409 0.000034  -0.003049
      874 0.000033  -0.003003
      801 0.000033  -0.002999
      677 0.000033   0.002989
      935 0.000033  -0.002987
      614 0.000033   0.002970
      488 0.000033   0.002951
      532 0.000033   0.002943
      360 0.000032   0.002926
      928 0.000032  -0.002906
      448 0.000032   0.002860
      596 0.000032  -0.002856
      264 0.000032   0.002854
      933 0.000031   0.002834
      650 0.000031  -0.002825
      942 0.000031   0.002821
      987 0.000031   0.002816
      609 0.000030   0.002746
      131 0.000030   0.002719
      161 0.000030   0.002685
      236 0.000029   0.002652
      320 0.000029   0.002644
      950 0.000029  -0.002626
      410 0.000029  -0.002626
      315 0.000029   0.002598
      310 0.000029  -0.002598
      382 0.000029  -0.002590
      849 0.000028   0.002575
      636 0.000028  -0.002575
      406 0.000028  -0.002573
      568 0.000028   0.002549
     1001 0.000028  -0.002536
      475 0.000028  -0.002532
      524 0.000028  -0.002489
     1032 0.000027   0.002485
      250 0.000027   0.002480
      794 0.000027   0.002443
      445 0.000027  -0.002426
      740 0.000027  -0.002410
      349 0.000027  -0.002398
     1073 0.000026  -0.002322
      350 0.000026   0.002310
      811 0.000025   0.002304
      649 0.000025  -0.002288
      588 0.000025  -0.002286
      685 0.000025  -0.002275
      530 0.000025   0.002267
      776 0.000025  -0.002262
      904 0.000025   0.002261
      198 0.000025   0.002261
      803 0.000024   0.002178
      424 0.000024  -0.002174
     1034 0.000024  -0.002172
      957 0.000024   0.002150
      805 0.000024  -0.002142
       95 0.000024   0.002142
      856 0.000024   0.002139
      971 0.000023  -0.002117
      526 0.000023   0.002086
      727 0.000023  -0.002079
     1025 0.000023   0.002078
      921 0.000022  -0.002032
      296 0.000022  -0.002026
      625 0.000022  -0.002019
      791 0.000022   0.002017
      835 0.000022  -0.001953
      413 0.000022  -0.001949
      394 0.000021   0.001930
      810 0.000021   0.001921
      988 0.000021  -0.001915
      224 0.000021  -0.001909
      833 0.000021  -0.001891
      802 0.000021   0.001876
     1010 0.000020   0.001814
      384 0.000020  -0.001799
      103 0.000020  -0.001787
      479 0.000020   0.001766
      875 0.000019  -0.001753
      993 0.000019   0.001752
      514 0.000019   0.001748
      876 0.000019  -0.001745
      432 0.000019   0.001740
     1017 0.000019   0.001731
      841 0.000019   0.001727
      814 0.000019   0.001692
      964 0.000019   0.001681
      536 0.000019  -0.001677
      965 0.000018  -0.001663
      927 0.000018  -0.001660
      714 0.000018  -0.001640
      907 0.000018   0.001612
      519 0.000018   0.001611
      502 0.000018   0.001604
      259 0.000018   0.001603
      455 0.000018  -0.001599
      655 0.000018  -0.001596
      112 0.000018  -0.001594
     1096 0.000018   0.001590
      838 0.000018  -0.001584
      463 0.000017  -0.001575
      188 0.000017  -0.001566
      437 0.000017   0.001541
      209 0.000017   0.001538
      762 0.000017  -0.001534
       81 0.000017  -0.001507
      863 0.000017  -0.001492
      123 0.000016   0.001491
      512 0.000016  -0.001490
      662 0.000016  -0.001480
      934 0.000016  -0.001479
      858 0.000016  -0.001475
       89 0.000016   0.001460
      977 0.000016   0.001451
      669 0.000016   0.001447
       74 0.000016  -0.001421
      917 0.000016   0.001417
       80 0.000016   0.001403
      231 0.000015  -0.001384
      458 0.000015   0.001372
       94 0.000015   0.001370
      242 0.000015  -0.001368
      346 0.000015   0.001365
      983 0.000015   0.001360
      229 0.000015  -0.001356
      949 0.000015   0.001330
      798 0.000015   0.001324
      489 0.000015   0.001313
      867 0.000014   0.001307
      128 0.000014   0.001294
     1052 0.000014   0.001287
      900 0.000014  -0.001286
      642 0.000014   0.001276
      623 0.000014  -0.001272
      101 0.000014  -0.001260
      155 0.000014  -0.001253
      916 0.000014  -0.001241
      938 0.000014   0.001234
      331 0.000014   0.001233
      505 0.000014   0.001229
      150 0.000013   0.001208
      402 0.000013  -0.001201
      732 0.000013   0.001200
       45 0.000013   0.001194
     1009 0.000013  -0.001174
      671 0.000013   0.001171
      450 0.000013  -0.001169
      287 0.000013  -0.001163
      232 0.000013  -0.001157
      185 0.000013   0.001156
      809 0.000013   0.001143
      164 0.000013   0.001138
      347 0.000013   0.001137
      314 0.000012  -0.001117
      180 0.000012  -0.001106
      399 0.000012  -0.001103
      316 0.000012  -0.001100
      837 0.000012  -0.001098
      351 0.000012   0.001098
      816 0.000012   0.001093
      613 0.000012   0.001090
      452 0.000012  -0.001084
      249 0.000012  -0.001077
      130 0.000012   0.001064
      619 0.000012   0.001063
      483 0.000011  -0.001033
      868 0.000011   0.001019
       43 0.000011  -0.001015
       92 0.000011  -0.001009
      634 0.000011  -0.001005
      110 0.000011   0.000998
      487 0.000011  -0.000988
      152 0.000011  -0.000983
      713 0.000011   0.000970
      324 0.000011  -0.000962
     1061 0.000011  -0.000958
      478 0.000011   0.000957
      461 0.000011   0.000954
      952 0.000011  -0.000951
      648 0.000011  -0.000951
      335 0.000010  -0.000947
      288 0.000010   0.000945
      368 0.000010   0.000941
      238 0.000010  -0.000936
      680 0.000010   0.000934
      159 0.000010   0.000934
       73 0.000010  -0.000931
      691 0.000010   0.000931
       12 0.000010   0.000929
      118 0.000010  -0.000927
      538 0.000010   0.000926
      365 0.000010  -0.000922
       51 0.000010  -0.000917
      154 0.000010  -0.000916
      959 0.000010  -0.000914
       75 0.000010  -0.000906
euclid. distance of OLC and linear combination of EV * x_coef: 0.008719336973689434

Generate samples based on objective loadcase 475
nr_to_generate: 25

Parameter variation distribution settings
distribution: uniform
low: 0.7
high: 1.3

Total process runtime: 0:00:01.284419
