Date and Time:2023-05-12 14:25:26.822394

Initial Settings:
similarity_model: <function cosine_similarity at 0x000001D005A6E5E0>
similarity_threshold: 1e-05
nr_eigv_to_select: None
distribution: uniform
deviation: 0.3
nr_to_generate: 25
recompute: False

Selected eigenvectors and similarity score w.r.t objective loadcase:
objective_loadcase_nr: 884
similarity_model: cosine_similarity
similarity_threshold: 1e-05
nr_eigv_to_select: None
nr_eigv_selected: 493
approximation parameter model: lstsq
similarity score and approx. param. value
:  eigv_idx    score      value
        3 0.550707  43.280379
        1 0.544535  42.795310
        2 0.497709 -39.115251
        0 0.386772  30.396627
        6 0.047306   3.717778
       39 0.021591   1.696863
        4 0.010884   0.855400
      639 0.003521   0.276704
      186 0.002388  -0.187674
      593 0.002065  -0.162304
      612 0.002009  -0.157868
      586 0.001872   0.147086
      218 0.001852  -0.145524
      710 0.001621  -0.127365
      187 0.001592  -0.125143
      716 0.001580   0.124167
      618 0.001317   0.103508
      663 0.001275  -0.100239
      668 0.001254   0.098529
      595 0.001205   0.094674
      194 0.001067   0.083838
      143 0.000991   0.077908
      686 0.000972  -0.076405
      626 0.000945   0.074269
      659 0.000933  -0.073342
      388 0.000895  -0.070377
      617 0.000859   0.067473
      688 0.000832  -0.065354
       71 0.000792   0.062206
      599 0.000786   0.061774
       69 0.000766   0.060191
      582 0.000759  -0.059649
      562 0.000746  -0.058600
      183 0.000745   0.058588
      749 0.000734  -0.057670
      635 0.000731   0.057472
      670 0.000703   0.055237
      621 0.000669  -0.052580
      578 0.000643   0.050563
       68 0.000642  -0.050422
      579 0.000623   0.048947
      182 0.000606  -0.047635
      700 0.000600   0.047164
      733 0.000591   0.046409
      341 0.000575   0.045214
      698 0.000571  -0.044842
      683 0.000554   0.043526
      602 0.000544  -0.042753
      704 0.000528  -0.041517
      666 0.000527  -0.041413
      718 0.000516  -0.040554
      153 0.000510   0.040080
      253 0.000510  -0.040070
      708 0.000508   0.039962
      606 0.000504  -0.039623
      174 0.000501   0.039382
      567 0.000492  -0.038702
      184 0.000476  -0.037416
      577 0.000462  -0.036341
      735 0.000454  -0.035699
      575 0.000417   0.032758
      709 0.000414  -0.032506
      620 0.000405  -0.031834
      641 0.000405  -0.031824
      699 0.000392  -0.030789
      267 0.000389  -0.030604
      220 0.000387  -0.030382
      210 0.000378  -0.029736
      228 0.000348  -0.027314
      583 0.000346  -0.027177
      707 0.000333  -0.026175
      696 0.000332  -0.026063
      807 0.000330   0.025964
      362 0.000329  -0.025847
      601 0.000326   0.025647
      848 0.000326  -0.025616
      756 0.000320  -0.025169
      412 0.000318  -0.025006
      419 0.000313  -0.024620
      258 0.000305  -0.023996
      757 0.000298  -0.023412
      631 0.000296  -0.023238
      753 0.000286  -0.022511
      403 0.000283   0.022211
      587 0.000282   0.022168
      243 0.000280   0.022038
      204 0.000270   0.021194
      383 0.000267   0.020948
      137 0.000266  -0.020904
      741 0.000255   0.020064
      604 0.000249  -0.019590
      179 0.000249   0.019567
      853 0.000246  -0.019371
      576 0.000240  -0.018841
      273 0.000237  -0.018603
      570 0.000236  -0.018510
      793 0.000230  -0.018109
      739 0.000230  -0.018046
      377 0.000226  -0.017772
      580 0.000225  -0.017712
      269 0.000215  -0.016887
      400 0.000214  -0.016850
      171 0.000214  -0.016808
      361 0.000213   0.016756
      199 0.000208  -0.016380
      628 0.000206   0.016218
      658 0.000205   0.016096
      299 0.000196   0.015424
      230 0.000196  -0.015417
      227 0.000196   0.015401
      175 0.000195  -0.015349
      787 0.000194   0.015265
      255 0.000192  -0.015095
      800 0.000192  -0.015071
      564 0.000190  -0.014959
      301 0.000188  -0.014776
      815 0.000187  -0.014725
      750 0.000187   0.014692
      941 0.000186  -0.014595
      828 0.000185  -0.014532
      427 0.000184  -0.014485
      277 0.000183   0.014345
      132 0.000182   0.014275
      574 0.000179  -0.014040
      726 0.000178  -0.013988
      665 0.000176  -0.013805
      373 0.000175  -0.013725
      247 0.000174   0.013687
      549 0.000174  -0.013686
      820 0.000174  -0.013677
      254 0.000168   0.013208
      573 0.000167   0.013152
      784 0.000167  -0.013146
      557 0.000166  -0.013037
      743 0.000165  -0.012996
      711 0.000162   0.012751
      271 0.000159   0.012489
      392 0.000158   0.012447
      855 0.000157  -0.012320
      667 0.000156   0.012288
      857 0.000155  -0.012194
      687 0.000154   0.012116
      398 0.000150  -0.011796
      235 0.000150  -0.011770
      234 0.000149   0.011708
      818 0.000147  -0.011586
      312 0.000146  -0.011444
      263 0.000144  -0.011321
      566 0.000143   0.011243
      355 0.000142   0.011134
      795 0.000140   0.011035
      380 0.000140   0.010987
      605 0.000140  -0.010982
      239 0.000139   0.010951
      808 0.000137   0.010741
      251 0.000135  -0.010592
      790 0.000134   0.010558
      236 0.000133   0.010463
      217 0.000133  -0.010437
      553 0.000131  -0.010288
      847 0.000129   0.010163
      369 0.000129   0.010127
      294 0.000127  -0.009952
      616 0.000126  -0.009885
      742 0.000124  -0.009713
      241 0.000123   0.009691
      257 0.000123  -0.009664
      690 0.000123   0.009651
      908 0.000123  -0.009649
      423 0.000122  -0.009587
      161 0.000122   0.009582
      431 0.000121  -0.009511
      824 0.000120   0.009401
      367 0.000118   0.009294
      354 0.000118   0.009256
      591 0.000117   0.009220
      778 0.000116  -0.009140
       70 0.000116   0.009082
      974 0.000115   0.009033
      697 0.000114   0.008977
      736 0.000114  -0.008928
      859 0.000113   0.008919
      645 0.000113   0.008860
      353 0.000113  -0.008857
      436 0.000112   0.008814
      295 0.000111  -0.008739
      629 0.000111  -0.008738
      223 0.000110   0.008674
      799 0.000110  -0.008626
      638 0.000110  -0.008616
      882 0.000106   0.008363
      840 0.000106  -0.008357
      684 0.000106  -0.008317
      569 0.000105   0.008278
      584 0.000102  -0.007989
      600 0.000101  -0.007926
      585 0.000099  -0.007763
      829 0.000096   0.007551
      356 0.000095  -0.007436
      844 0.000094  -0.007413
      281 0.000094   0.007400
      337 0.000092  -0.007211
      594 0.000091  -0.007155
      572 0.000091  -0.007150
      734 0.000091  -0.007136
      611 0.000090  -0.007078
      275 0.000090  -0.007052
      723 0.000090  -0.007052
      266 0.000088  -0.006886
      268 0.000087  -0.006836
      292 0.000087  -0.006800
     1095 0.000086  -0.006762
      728 0.000085  -0.006705
       88 0.000085  -0.006702
      262 0.000084  -0.006615
      291 0.000084   0.006571
      581 0.000084  -0.006563
      640 0.000082  -0.006484
      632 0.000082   0.006446
      744 0.000082  -0.006414
      552 0.000080  -0.006285
      206 0.000080   0.006282
      107 0.000078  -0.006157
      302 0.000078  -0.006141
      332 0.000078  -0.006125
      148 0.000078   0.006114
       93 0.000077  -0.006040
      261 0.000077  -0.006036
      298 0.000077  -0.006026
      798 0.000076   0.006004
      740 0.000076  -0.005989
      279 0.000075  -0.005898
      560 0.000074  -0.005804
      955 0.000074   0.005780
      832 0.000073   0.005776
      937 0.000073  -0.005762
      782 0.000073  -0.005724
      770 0.000073   0.005722
      701 0.000073  -0.005720
      978 0.000072   0.005635
     1005 0.000071   0.005593
      843 0.000070  -0.005516
      329 0.000070  -0.005487
      390 0.000070   0.005487
      322 0.000069  -0.005392
      428 0.000068   0.005349
      913 0.000067  -0.005283
      879 0.000066  -0.005170
      748 0.000065  -0.005101
      290 0.000065   0.005074
      386 0.000064   0.005020
      414 0.000064   0.005002
      948 0.000064   0.005001
      561 0.000064   0.004997
      922 0.000063  -0.004989
      722 0.000063  -0.004973
      545 0.000063  -0.004966
      425 0.000063   0.004958
      104 0.000063   0.004941
      289 0.000063   0.004936
      343 0.000062  -0.004850
      313 0.000061  -0.004785
      891 0.000061  -0.004762
      232 0.000059  -0.004669
      407 0.000059  -0.004646
      654 0.000059   0.004633
      775 0.000058   0.004565
      539 0.000058   0.004562
      308 0.000058  -0.004532
      826 0.000057  -0.004509
      773 0.000057   0.004456
      831 0.000056   0.004388
      895 0.000055   0.004354
      374 0.000055   0.004327
      627 0.000055   0.004307
      323 0.000055  -0.004284
      650 0.000053  -0.004189
      801 0.000053  -0.004184
      765 0.000053   0.004169
      321 0.000053  -0.004165
      864 0.000053   0.004130
      863 0.000052  -0.004109
      860 0.000052  -0.004106
      803 0.000052   0.004094
      342 0.000052   0.004067
      821 0.000052  -0.004062
      789 0.000052   0.004059
      528 0.000051   0.004021
      209 0.000051  -0.004021
      614 0.000051   0.003990
      776 0.000051  -0.003986
      245 0.000050  -0.003940
      589 0.000050  -0.003892
      131 0.000048   0.003797
      319 0.000048   0.003782
      762 0.000047   0.003732
      792 0.000047   0.003708
      201 0.000047  -0.003682
      198 0.000047   0.003672
      823 0.000047   0.003655
      597 0.000046  -0.003620
      694 0.000046   0.003590
      759 0.000045   0.003574
      222 0.000045  -0.003548
      802 0.000045   0.003534
      535 0.000044   0.003480
       91 0.000044  -0.003474
      397 0.000044  -0.003419
      249 0.000043  -0.003380
      542 0.000043   0.003345
      943 0.000043   0.003345
      870 0.000042  -0.003339
      325 0.000042  -0.003276
      297 0.000041  -0.003235
      904 0.000040   0.003182
      409 0.000040  -0.003132
      285 0.000039   0.003095
      881 0.000039  -0.003081
      928 0.000039  -0.003029
      540 0.000038  -0.003025
      987 0.000038   0.002993
      894 0.000037  -0.002937
      284 0.000037   0.002937
      394 0.000037   0.002933
      169 0.000037  -0.002880
      874 0.000036  -0.002844
      518 0.000036   0.002838
      366 0.000035   0.002748
      677 0.000035   0.002738
      491 0.000035   0.002738
      588 0.000035  -0.002731
      805 0.000035  -0.002726
      636 0.000035  -0.002725
      448 0.000035   0.002722
      763 0.000035   0.002719
      283 0.000034   0.002711
      867 0.000034   0.002689
     1001 0.000034  -0.002667
      880 0.000033   0.002614
      596 0.000033  -0.002607
      532 0.000033   0.002584
      610 0.000033  -0.002573
      933 0.000032   0.002551
      259 0.000032  -0.002548
      364 0.000032  -0.002523
      942 0.000032   0.002506
      488 0.000032   0.002505
      950 0.000032  -0.002504
      286 0.000032   0.002478
      858 0.000031  -0.002440
      646 0.000031   0.002407
      310 0.000031  -0.002404
      590 0.000030  -0.002391
      410 0.000030  -0.002386
      608 0.000030  -0.002344
      349 0.000030  -0.002325
      318 0.000030  -0.002322
      965 0.000030  -0.002320
     1032 0.000029   0.002295
      445 0.000029  -0.002292
      224 0.000029  -0.002292
     1025 0.000029   0.002269
      993 0.000029   0.002251
      769 0.000028   0.002225
      260 0.000028   0.002217
      475 0.000028  -0.002217
      649 0.000028  -0.002215
      530 0.000028   0.002208
      830 0.000028   0.002196
      524 0.000028  -0.002186
      662 0.000027  -0.002148
      842 0.000027  -0.002134
      424 0.000026  -0.002037
      603 0.000025  -0.002004
      938 0.000025   0.002001
      884 0.000025  -0.002000
      138 0.000025  -0.001953
      900 0.000024  -0.001874
      685 0.000024  -0.001863
     1017 0.000024   0.001860
     1034 0.000023  -0.001833
      727 0.000023  -0.001775
      526 0.000022   0.001731
      592 0.000022  -0.001719
      432 0.000022   0.001714
       98 0.000022  -0.001703
      794 0.000021   0.001679
      384 0.000021  -0.001665
      359 0.000021   0.001663
      814 0.000021   0.001658
      917 0.000021   0.001633
      309 0.000020  -0.001593
      714 0.000020  -0.001581
      856 0.000020   0.001557
      502 0.000020   0.001554
      333 0.000019  -0.001514
      519 0.000019   0.001511
      479 0.000019   0.001503
      455 0.000019  -0.001492
      536 0.000019  -0.001469
      514 0.000019   0.001466
      357 0.000019  -0.001461
      226 0.000018   0.001450
      811 0.000018   0.001446
      463 0.000018  -0.001405
      949 0.000018   0.001401
      437 0.000018   0.001397
      512 0.000018  -0.001387
      244 0.000018  -0.001381
      680 0.000018   0.001381
      643 0.000018  -0.001377
      505 0.000017   0.001362
      287 0.000017   0.001331
     1052 0.000017   0.001326
      225 0.000017   0.001323
      360 0.000017   0.001322
      200 0.000017   0.001314
      935 0.000017  -0.001307
      288 0.000017  -0.001307
      489 0.000017   0.001306
      282 0.000017  -0.001302
      264 0.000017  -0.001299
      240 0.000016  -0.001295
      458 0.000016   0.001266
      221 0.000016  -0.001236
      810 0.000016   0.001220
      791 0.000015   0.001212
      193 0.000015  -0.001209
      195 0.000015   0.001208
      971 0.000015  -0.001196
      907 0.000015   0.001194
     1010 0.000015   0.001192
      387 0.000015   0.001190
     1073 0.000015  -0.001183
      927 0.000015  -0.001161
      317 0.000015  -0.001154
      713 0.000015   0.001152
      346 0.000015   0.001145
      265 0.000014   0.001122
      197 0.000014  -0.001097
      450 0.000014  -0.001089
      921 0.000014  -0.001089
      732 0.000014   0.001086
      619 0.000014   0.001079
      964 0.000014   0.001068
      320 0.000013   0.001055
      192 0.000013  -0.001053
      568 0.000013   0.001047
      934 0.000013  -0.001031
      338 0.000013  -0.001028
      883 0.000013   0.001025
      565 0.000013  -0.001015
      368 0.000013   0.001011
      988 0.000013  -0.001011
       86 0.000013   0.001008
      237 0.000013   0.001005
      538 0.000013   0.001003
      598 0.000013   0.001001
      315 0.000013   0.000993
      483 0.000012  -0.000970
      274 0.000012   0.000968
      839 0.000012  -0.000964
      351 0.000012   0.000962
      426 0.000012   0.000961
      304 0.000012   0.000951
      809 0.000012   0.000949
       99 0.000012  -0.000947
      314 0.000012   0.000947
      966 0.000012   0.000941
      816 0.000012   0.000938
      382 0.000012  -0.000921
      664 0.000012  -0.000919
      675 0.000012   0.000917
      669 0.000012   0.000906
      196 0.000011   0.000901
       87 0.000011   0.000892
      554 0.000011   0.000885
      835 0.000011  -0.000883
      478 0.000011   0.000880
      462 0.000011   0.000863
     1047 0.000011   0.000860
      957 0.000011   0.000857
      296 0.000011  -0.000845
      350 0.000011   0.000845
      101 0.000011  -0.000842
      487 0.000011  -0.000833
      473 0.000011  -0.000833
      347 0.000010   0.000817
      634 0.000010  -0.000816
      838 0.000010   0.000811
      125 0.000010  -0.000811
      609 0.000010   0.000802
      348 0.000010   0.000790
euclid. distance of OLC and linear combination of EV * x_coef: 0.007105106063571479

Generate samples based on objective loadcase 884
nr_to_generate: 25

Parameter variation distribution settings
distribution: uniform
low: 0.7
high: 1.3

Total process runtime: 0:00:01.329043
