Date and Time:2023-05-12 14:12:26.017608

Initial Settings:
similarity_model: <function cosine_similarity at 0x000001D005A6E5E0>
similarity_threshold: 1e-05
nr_eigv_to_select: None
distribution: uniform
deviation: 0.3
nr_to_generate: 25
recompute: False

Selected eigenvectors and similarity score w.r.t objective loadcase:
objective_loadcase_nr: 299
similarity_model: cosine_similarity
similarity_threshold: 1e-05
nr_eigv_to_select: None
nr_eigv_selected: 481
approximation parameter model: lstsq
similarity score and approx. param. value
:  eigv_idx    score      value
        3 0.581551  41.568433
        1 0.518677  37.074337
        2 0.512399 -36.625533
        0 0.358223  25.605281
        6 0.030265   2.163269
       39 0.027507   1.966168
        4 0.012467   0.891112
      639 0.003378   0.241461
      218 0.002458  -0.175661
      593 0.002081  -0.148716
      186 0.001973  -0.141007
      586 0.001943   0.138918
      612 0.001933  -0.138180
      710 0.001604  -0.114646
      187 0.001296  -0.092652
      595 0.001266   0.090483
      716 0.001245   0.088996
      663 0.001111  -0.079442
       68 0.001097  -0.078401
      626 0.001085   0.077577
      618 0.001066   0.076202
      668 0.001046   0.074793
      686 0.000930  -0.066454
      388 0.000898  -0.064193
      194 0.000869   0.062139
      143 0.000813   0.058100
      749 0.000794  -0.056780
      688 0.000788  -0.056301
      659 0.000770  -0.055067
      599 0.000765   0.054649
      617 0.000747   0.053420
      621 0.000728  -0.052048
      582 0.000720  -0.051435
      562 0.000717  -0.051216
      635 0.000704   0.050333
      670 0.000696   0.049717
      704 0.000659  -0.047137
      578 0.000610   0.043614
      183 0.000603   0.043115
      341 0.000603   0.043097
      733 0.000581   0.041516
      718 0.000581  -0.041509
      567 0.000562  -0.040176
      606 0.000552  -0.039464
      577 0.000536  -0.038303
       69 0.000527   0.037694
      602 0.000527  -0.037634
      698 0.000502  -0.035857
      579 0.000501   0.035830
      708 0.000484   0.034601
      267 0.000482  -0.034465
      253 0.000479  -0.034209
      735 0.000471  -0.033642
       71 0.000464   0.033151
      696 0.000457  -0.032630
      153 0.000456   0.032576
      575 0.000451   0.032259
      220 0.000447  -0.031970
      258 0.000434  -0.031020
      666 0.000433  -0.030951
      620 0.000427  -0.030518
      174 0.000416   0.029705
      709 0.000406  -0.029049
      753 0.000399  -0.028545
      707 0.000399  -0.028523
      601 0.000387   0.027629
      641 0.000381  -0.027240
      683 0.000381   0.027214
      700 0.000370   0.026475
      230 0.000363  -0.025969
      848 0.000351  -0.025076
      699 0.000346  -0.024726
      227 0.000345   0.024658
      412 0.000342  -0.024413
      583 0.000339  -0.024224
      273 0.000325  -0.023200
      210 0.000323  -0.023063
      793 0.000316  -0.022582
      419 0.000315  -0.022506
      182 0.000312  -0.022331
      756 0.000312  -0.022304
      807 0.000310   0.022151
      403 0.000300   0.021478
      587 0.000299   0.021342
      631 0.000293  -0.020936
      383 0.000282   0.020136
      362 0.000279  -0.019918
      269 0.000278  -0.019897
      853 0.000274  -0.019579
      763 0.000267   0.019074
      759 0.000265  -0.018909
      239 0.000263   0.018825
      235 0.000263  -0.018823
      263 0.000259  -0.018495
      757 0.000255  -0.018217
      243 0.000251   0.017943
      570 0.000251  -0.017908
      299 0.000245   0.017540
      361 0.000245   0.017480
      184 0.000241  -0.017250
      726 0.000238  -0.017021
      741 0.000230   0.016426
      137 0.000228  -0.016263
      739 0.000220  -0.015716
      377 0.000213  -0.015209
      750 0.000206   0.014691
      743 0.000205  -0.014686
       70 0.000204   0.014563
      301 0.000199  -0.014217
      204 0.000199   0.014194
      855 0.000197  -0.014053
      373 0.000192  -0.013731
      427 0.000191  -0.013652
      206 0.000191   0.013620
      818 0.000190  -0.013609
      604 0.000189  -0.013487
      247 0.000188   0.013419
      742 0.000188  -0.013407
      580 0.000187  -0.013395
      312 0.000185  -0.013226
      564 0.000184  -0.013174
      800 0.000182  -0.013007
      576 0.000181  -0.012943
      857 0.000180  -0.012871
      228 0.000179  -0.012801
      549 0.000178  -0.012704
      658 0.000178   0.012703
      132 0.000177   0.012663
      199 0.000176  -0.012571
      795 0.000175   0.012498
      400 0.000174  -0.012452
      392 0.000174   0.012438
      824 0.000173   0.012367
      591 0.000172   0.012268
      787 0.000171   0.012225
      553 0.000168  -0.012036
      223 0.000168   0.011986
      175 0.000165  -0.011828
      784 0.000163  -0.011683
      574 0.000161  -0.011492
      290 0.000158   0.011264
      778 0.000157  -0.011246
      711 0.000157   0.011239
      667 0.000157   0.011212
      828 0.000156  -0.011152
      337 0.000155  -0.011113
      820 0.000154  -0.011036
      616 0.000152  -0.010877
      775 0.000152   0.010839
      332 0.000149  -0.010666
      369 0.000148   0.010588
      941 0.000148  -0.010571
      665 0.000148  -0.010562
      829 0.000147   0.010520
      275 0.000146  -0.010469
      179 0.000145   0.010345
      859 0.000140   0.010027
      628 0.000139   0.009962
      808 0.000139   0.009929
      736 0.000139  -0.009909
      585 0.000137  -0.009780
      605 0.000137  -0.009779
      557 0.000132  -0.009407
      790 0.000130   0.009282
      355 0.000129   0.009205
      279 0.000125  -0.008951
      329 0.000123  -0.008779
      257 0.000123  -0.008765
      255 0.000122  -0.008738
      423 0.000122  -0.008732
      171 0.000122  -0.008685
      431 0.000121  -0.008632
      277 0.000120   0.008604
      298 0.000120  -0.008581
      770 0.000120   0.008575
      566 0.000120   0.008559
      398 0.000120  -0.008555
      294 0.000117  -0.008343
      687 0.000115   0.008206
      697 0.000114   0.008130
      380 0.000113   0.008052
      645 0.000113   0.008046
      271 0.000112   0.008016
      354 0.000112   0.008013
      217 0.000112  -0.008007
       88 0.000110  -0.007869
      690 0.000110   0.007866
      815 0.000109  -0.007772
      799 0.000108  -0.007691
      569 0.000108   0.007685
      241 0.000106   0.007556
      769 0.000104   0.007433
      201 0.000104  -0.007416
      908 0.000103  -0.007374
      638 0.000102  -0.007277
      744 0.000101  -0.007251
      251 0.000099  -0.007098
      600 0.000097  -0.006911
      295 0.000097  -0.006904
      728 0.000096  -0.006868
      367 0.000096   0.006831
      353 0.000095  -0.006801
      684 0.000094  -0.006722
      292 0.000092  -0.006602
      234 0.000092   0.006601
      864 0.000092   0.006590
      436 0.000092   0.006541
       93 0.000091  -0.006518
      321 0.000090  -0.006443
      782 0.000089  -0.006381
      974 0.000089   0.006348
      611 0.000089  -0.006328
      734 0.000087  -0.006254
      948 0.000086   0.006166
      840 0.000086  -0.006161
      573 0.000086   0.006115
      943 0.000085   0.006090
      581 0.000085  -0.006088
      266 0.000085  -0.006076
      937 0.000083  -0.005947
      325 0.000082  -0.005891
      847 0.000081   0.005813
      844 0.000081  -0.005797
      285 0.000081   0.005790
      762 0.000080  -0.005754
      104 0.000080   0.005744
      723 0.000080  -0.005744
      594 0.000080  -0.005743
      261 0.000080  -0.005697
      860 0.000079  -0.005652
      342 0.000077   0.005521
      694 0.000077   0.005520
      560 0.000076  -0.005449
      773 0.000076   0.005444
      629 0.000076  -0.005434
      281 0.000076   0.005404
      978 0.000073   0.005249
      843 0.000072  -0.005181
      884 0.000072  -0.005116
      584 0.000071  -0.005057
      356 0.000069  -0.004903
      823 0.000068   0.004860
      572 0.000068  -0.004856
      654 0.000068   0.004839
      552 0.000067  -0.004799
      268 0.000067  -0.004799
      262 0.000067  -0.004781
      701 0.000066  -0.004740
      390 0.000065   0.004663
      302 0.000065  -0.004657
      880 0.000064   0.004609
     1095 0.000064  -0.004580
      291 0.000064   0.004542
      882 0.000063   0.004533
      283 0.000062   0.004425
      632 0.000062   0.004424
      319 0.000062   0.004415
      792 0.000061   0.004376
      107 0.000061  -0.004373
     1005 0.000061   0.004359
      826 0.000061  -0.004352
      539 0.000060   0.004288
      913 0.000060  -0.004257
      722 0.000059  -0.004232
      870 0.000059  -0.004214
      589 0.000058  -0.004175
      780 0.000058   0.004157
      318 0.000057  -0.004103
      895 0.000057   0.004055
      138 0.000056  -0.003992
      765 0.000056   0.003990
      428 0.000055   0.003955
      323 0.000055  -0.003951
      545 0.000055  -0.003925
      289 0.000055   0.003913
      425 0.000054   0.003885
      831 0.000054   0.003880
      590 0.000054  -0.003843
      414 0.000052   0.003699
      386 0.000051   0.003667
      528 0.000051   0.003661
      627 0.000051   0.003638
      789 0.000050   0.003598
      596 0.000050  -0.003597
      561 0.000049   0.003534
      308 0.000048  -0.003434
      614 0.000048   0.003432
      922 0.000048  -0.003425
      322 0.000048  -0.003416
      364 0.000046  -0.003320
      535 0.000046   0.003303
      821 0.000046  -0.003294
      315 0.000046   0.003292
      935 0.000045  -0.003242
      955 0.000045   0.003202
      413 0.000044  -0.003173
      894 0.000044  -0.003136
      874 0.000043  -0.003090
      169 0.000043  -0.003064
      343 0.000041  -0.002920
      650 0.000041  -0.002916
      313 0.000040  -0.002855
      957 0.000040   0.002844
      842 0.000040  -0.002828
      374 0.000039   0.002819
      801 0.000039  -0.002804
      881 0.000038  -0.002741
      748 0.000038  -0.002740
      244 0.000038  -0.002691
      278 0.000037   0.002637
      942 0.000037   0.002636
      161 0.000036   0.002606
      193 0.000036   0.002591
      491 0.000036   0.002550
      838 0.000035  -0.002532
      284 0.000035   0.002525
      833 0.000035  -0.002498
      832 0.000035   0.002494
      518 0.000035   0.002493
      643 0.000035  -0.002488
      830 0.000035   0.002483
      988 0.000034  -0.002437
      879 0.000034  -0.002408
      841 0.000034   0.002405
     1073 0.000034  -0.002399
      950 0.000033  -0.002388
      971 0.000033  -0.002361
      488 0.000033   0.002326
      849 0.000033   0.002325
      532 0.000032   0.002321
      366 0.000032   0.002303
      964 0.000032   0.002288
     1096 0.000032   0.002278
      727 0.000032  -0.002266
      798 0.000031  -0.002245
      394 0.000031   0.002244
       91 0.000031  -0.002218
      407 0.000031  -0.002208
      540 0.000031  -0.002207
      226 0.000031   0.002204
      225 0.000030   0.002150
      597 0.000030  -0.002145
      636 0.000029  -0.002085
      921 0.000029  -0.002079
      409 0.000029  -0.002078
      359 0.000029   0.002071
      811 0.000029   0.002052
      794 0.000029   0.002047
      933 0.000029   0.002045
      448 0.000029   0.002038
      410 0.000028  -0.002034
      475 0.000028  -0.001971
      524 0.000027  -0.001939
      445 0.000027  -0.001936
      310 0.000027  -0.001936
      542 0.000027   0.001928
      131 0.000027   0.001915
      685 0.000027  -0.001894
      904 0.000026   0.001877
      928 0.000026  -0.001874
      333 0.000026  -0.001866
      297 0.000026  -0.001842
      357 0.000026  -0.001837
      406 0.000026  -0.001825
      236 0.000025   0.001795
      610 0.000025  -0.001784
      835 0.000025  -0.001784
      983 0.000025   0.001763
      977 0.000025   0.001762
      856 0.000024   0.001745
     1032 0.000024   0.001739
      810 0.000024   0.001739
      526 0.000024   0.001711
     1034 0.000024  -0.001710
      791 0.000024   0.001708
      649 0.000023  -0.001663
      987 0.000023   0.001659
     1010 0.000023   0.001652
      805 0.000023  -0.001634
      286 0.000023   0.001629
      530 0.000023   0.001617
      424 0.000022  -0.001599
      927 0.000022  -0.001595
      232 0.000022  -0.001594
      677 0.000022   0.001571
      837 0.000021  -0.001532
      254 0.000021   0.001519
     1001 0.000021  -0.001491
      868 0.000021   0.001466
      382 0.000020  -0.001448
     1009 0.000020  -0.001443
      839 0.000020   0.001432
      479 0.000020   0.001425
      680 0.000020   0.001419
      360 0.000020   0.001418
      934 0.000020  -0.001410
      959 0.000020  -0.001404
      514 0.000020   0.001395
      669 0.000019   0.001341
      240 0.000019  -0.001339
      245 0.000018  -0.001321
      809 0.000018   0.001296
      592 0.000018   0.001295
      384 0.000018  -0.001283
      397 0.000018  -0.001261
      916 0.000018  -0.001251
      536 0.000017  -0.001248
      899 0.000017  -0.001228
      463 0.000017  -0.001220
      776 0.000017  -0.001218
      437 0.000017   0.001215
      455 0.000017  -0.001214
      237 0.000017   0.001211
      432 0.000017   0.001204
      764 0.000017  -0.001189
     1025 0.000016   0.001177
      568 0.000016   0.001171
      519 0.000016   0.001165
      502 0.000016   0.001141
      714 0.000016  -0.001138
      898 0.000016   0.001134
      902 0.000016  -0.001127
      512 0.000016  -0.001123
     1003 0.000015  -0.001105
      907 0.000015   0.001089
     1016 0.000015  -0.001088
      148 0.000015   0.001080
      324 0.000015  -0.001077
      248 0.000015   0.001074
      891 0.000015  -0.001070
      713 0.000015   0.001069
      814 0.000015   0.001046
      188 0.000015  -0.001041
     1017 0.000014   0.001033
      402 0.000014  -0.001026
      646 0.000014   0.001026
      458 0.000014   0.000988
      209 0.000014   0.000979
      949 0.000014   0.000969
      350 0.000013   0.000965
      320 0.000013   0.000963
      732 0.000013   0.000961
      489 0.000013   0.000959
      198 0.000013  -0.000948
     1020 0.000013  -0.000942
      655 0.000013  -0.000936
      640 0.000013  -0.000929
      984 0.000013  -0.000924
      903 0.000013   0.000915
      662 0.000013  -0.000913
      450 0.000013  -0.000902
      316 0.000012  -0.000881
     1040 0.000012  -0.000881
      264 0.000012   0.000880
      952 0.000012  -0.000875
      238 0.000012  -0.000864
      505 0.000012   0.000852
      876 0.000012  -0.000849
      346 0.000012   0.000841
      779 0.000012  -0.000826
      917 0.000012   0.000826
      609 0.000012   0.000824
      875 0.000011  -0.000811
      296 0.000011  -0.000804
      691 0.000011   0.000804
     1052 0.000011   0.000802
      623 0.000011  -0.000797
      224 0.000011  -0.000796
      399 0.000011  -0.000795
      487 0.000011  -0.000780
      256 0.000011   0.000777
      816 0.000011   0.000770
     1061 0.000011  -0.000768
      634 0.000011  -0.000767
      349 0.000011  -0.000765
      803 0.000011   0.000757
      478 0.000010   0.000746
      483 0.000010  -0.000742
      461 0.000010   0.000740
      938 0.000010   0.000736
       45 0.000010   0.000721
euclid. distance of OLC and linear combination of EV * x_coef: 0.006186108079250315

Generate samples based on objective loadcase 299
nr_to_generate: 25

Parameter variation distribution settings
distribution: uniform
low: 0.7
high: 1.3

Total process runtime: 0:00:01.277718
