Date and Time:2023-05-12 14:20:46.646470

Initial Settings:
similarity_model: <function cosine_similarity at 0x000001D005A6E5E0>
similarity_threshold: 1e-05
nr_eigv_to_select: None
distribution: uniform
deviation: 0.3
nr_to_generate: 25
recompute: False

Selected eigenvectors and similarity score w.r.t objective loadcase:
objective_loadcase_nr: 677
similarity_model: cosine_similarity
similarity_threshold: 1e-05
nr_eigv_to_select: None
nr_eigv_selected: 645
approximation parameter model: lstsq
similarity score and approx. param. value
:  eigv_idx    score      value
        3 0.550813  65.644717
        1 0.548926  65.419755
        2 0.489471 -58.334046
        0 0.391286  46.632600
        6 0.045219   5.389062
       39 0.019365   2.307863
        4 0.010621   1.265773
      639 0.003224   0.384247
      186 0.002111  -0.251560
      612 0.001862  -0.221883
      593 0.001857  -0.221310
      586 0.001679   0.200053
      218 0.001660  -0.197887
      710 0.001617  -0.192714
      716 0.001521   0.181325
      187 0.001459  -0.173917
      143 0.001343   0.160106
      618 0.001310   0.156128
      668 0.001252   0.149197
      663 0.001183  -0.140955
      595 0.001077   0.128341
      686 0.000952  -0.113432
      194 0.000938   0.111769
      749 0.000926  -0.110415
       68 0.000913  -0.108821
      659 0.000906  -0.107955
      182 0.000879  -0.104757
      617 0.000862   0.102719
      688 0.000841  -0.100256
      626 0.000806   0.096067
      388 0.000804  -0.095848
       71 0.000760   0.090537
      599 0.000741   0.088258
       69 0.000718   0.085547
      582 0.000711  -0.084745
      184 0.000708  -0.084404
      183 0.000700   0.083391
      562 0.000672  -0.080069
      579 0.000645   0.076874
      635 0.000618   0.073679
      253 0.000612  -0.072978
      670 0.000600   0.071463
      621 0.000585  -0.069777
      700 0.000581   0.069249
      578 0.000568   0.067637
      683 0.000554   0.066051
      735 0.000541  -0.064456
      602 0.000535  -0.063810
      228 0.000528  -0.062972
      708 0.000528   0.062926
      341 0.000518   0.061755
      733 0.000513   0.061146
      698 0.000496  -0.059147
      606 0.000483  -0.057560
      666 0.000482  -0.057476
      174 0.000469   0.055867
      153 0.000464   0.055260
      137 0.000421  -0.050230
      567 0.000419  -0.049988
      267 0.000415  -0.049512
      220 0.000415  -0.049485
      709 0.000414  -0.049283
      575 0.000391   0.046619
      577 0.000388  -0.046258
      718 0.000384  -0.045789
      641 0.000377  -0.044916
      756 0.000362  -0.043199
      179 0.000361   0.043082
      757 0.000361  -0.042984
      741 0.000350   0.041662
      620 0.000346  -0.041209
      362 0.000344  -0.041032
      704 0.000333  -0.039731
      699 0.000320  -0.038111
      132 0.000301   0.035857
      583 0.000301  -0.035851
      171 0.000300  -0.035798
      210 0.000300  -0.035797
      739 0.000300  -0.035744
      853 0.000297  -0.035413
      807 0.000293   0.034884
      243 0.000289   0.034445
      848 0.000288  -0.034284
      412 0.000287  -0.034235
      419 0.000284  -0.033849
      631 0.000267  -0.031808
      403 0.000260   0.030937
      587 0.000259   0.030889
      576 0.000254  -0.030300
      787 0.000252   0.029986
      273 0.000244  -0.029137
      750 0.000241   0.028738
      361 0.000240   0.028556
      753 0.000236  -0.028143
      258 0.000230  -0.027455
      628 0.000223   0.026627
      400 0.000223  -0.026612
      580 0.000220  -0.026240
      707 0.000215  -0.025601
      601 0.000210   0.025040
      377 0.000210  -0.024989
      696 0.000209  -0.024940
      383 0.000208   0.024756
      658 0.000202   0.024083
      604 0.000198  -0.023562
      161 0.000198   0.023552
      175 0.000193  -0.022987
      570 0.000192  -0.022931
      564 0.000185  -0.022038
      857 0.000182  -0.021663
      800 0.000181  -0.021604
      204 0.000181   0.021540
      373 0.000181  -0.021538
      549 0.000180  -0.021447
      726 0.000179  -0.021298
      355 0.000177   0.021109
      793 0.000176  -0.021018
      566 0.000175   0.020874
      687 0.000175   0.020810
      605 0.000174  -0.020788
      815 0.000172  -0.020462
      573 0.000171   0.020373
      743 0.000171  -0.020345
      828 0.000169  -0.020161
      427 0.000169  -0.020132
      301 0.000168  -0.020010
      574 0.000166  -0.019752
      941 0.000166  -0.019743
      818 0.000165  -0.019668
      711 0.000162   0.019323
      638 0.000162  -0.019296
      269 0.000161  -0.019193
       70 0.000160   0.019047
      236 0.000160   0.019035
      367 0.000159   0.018943
      271 0.000158   0.018818
      277 0.000156   0.018557
      299 0.000155   0.018510
      234 0.000151   0.018042
      148 0.000151   0.017949
      820 0.000151  -0.017942
      824 0.000148   0.017685
      855 0.000148  -0.017595
      790 0.000145   0.017335
      199 0.000145  -0.017260
      557 0.000144  -0.017146
      398 0.000144  -0.017140
      645 0.000141   0.016848
      198 0.000141   0.016749
      247 0.000140   0.016686
      392 0.000136   0.016235
      380 0.000135   0.016117
      847 0.000134   0.015987
      784 0.000133  -0.015857
      588 0.000132  -0.015743
      629 0.000130  -0.015526
      255 0.000130  -0.015525
      295 0.000130  -0.015512
      859 0.000130   0.015505
      292 0.000129  -0.015365
      808 0.000128   0.015272
      665 0.000123  -0.014695
      742 0.000119  -0.014241
      829 0.000119   0.014197
      222 0.000117  -0.013896
      263 0.000116  -0.013823
      795 0.000116   0.013800
      723 0.000115  -0.013747
      312 0.000115  -0.013743
      241 0.000115   0.013729
      436 0.000115   0.013653
      353 0.000113  -0.013521
      770 0.000113   0.013434
      594 0.000113  -0.013431
      431 0.000112  -0.013306
      423 0.000111  -0.013226
      908 0.000111  -0.013178
      275 0.000111  -0.013172
      364 0.000110  -0.013090
      553 0.000110  -0.013069
      667 0.000109   0.013031
      390 0.000109   0.013020
      640 0.000109  -0.012987
      684 0.000109  -0.012955
      974 0.000108   0.012888
      266 0.000107  -0.012754
      799 0.000107  -0.012709
      235 0.000106  -0.012589
      281 0.000103   0.012324
      359 0.000103   0.012250
      734 0.000102  -0.012208
      294 0.000102  -0.012178
      257 0.000101  -0.012096
       81 0.000100   0.011940
      840 0.000100  -0.011928
      298 0.000100  -0.011860
      690 0.000099   0.011851
      308 0.000098  -0.011633
      882 0.000097   0.011567
      251 0.000096  -0.011476
      584 0.000096  -0.011384
      239 0.000093   0.011117
      736 0.000093  -0.011095
      217 0.000093  -0.011066
      801 0.000092  -0.010995
      591 0.000092   0.010934
       80 0.000091  -0.010882
      323 0.000091  -0.010868
      728 0.000091  -0.010852
      744 0.000090  -0.010667
      614 0.000089   0.010663
      160 0.000088  -0.010467
      608 0.000087  -0.010422
      107 0.000087  -0.010370
       64 0.000087   0.010317
       66 0.000087   0.010316
      569 0.000086   0.010224
      843 0.000085  -0.010165
       88 0.000085  -0.010148
      354 0.000085   0.010133
      844 0.000085  -0.010103
      778 0.000085  -0.010097
      611 0.000085  -0.010088
      773 0.000084   0.009990
      232 0.000083  -0.009923
      254 0.000083   0.009891
      740 0.000083  -0.009867
      798 0.000082   0.009792
      572 0.000081  -0.009710
      279 0.000081  -0.009686
      627 0.000080   0.009537
     1095 0.000080  -0.009494
      154 0.000079   0.009468
      302 0.000078  -0.009342
      337 0.000078  -0.009321
      782 0.000078  -0.009314
      632 0.000077   0.009156
      101 0.000076  -0.009111
      386 0.000076   0.009079
      272 0.000076   0.009057
      332 0.000076  -0.009047
      697 0.000075   0.008917
      789 0.000074   0.008826
      759 0.000073   0.008743
      616 0.000073  -0.008661
      291 0.000072   0.008626
      561 0.000071   0.008509
      136 0.000071   0.008463
      581 0.000071  -0.008410
      428 0.000070   0.008398
      864 0.000070   0.008369
      104 0.000070   0.008366
       73 0.000070   0.008292
      748 0.000069  -0.008252
      937 0.000069  -0.008249
      290 0.000069   0.008215
      552 0.000068  -0.008091
      274 0.000068  -0.008076
      978 0.000068   0.008061
      701 0.000067  -0.008029
      114 0.000067   0.008004
      103 0.000067  -0.007962
      762 0.000067   0.007962
      560 0.000067  -0.007956
      955 0.000067   0.007950
      414 0.000067   0.007935
      545 0.000066  -0.007914
      369 0.000066   0.007909
      349 0.000066  -0.007905
      948 0.000066   0.007840
      216 0.000066   0.007818
     1005 0.000065   0.007721
      407 0.000064  -0.007619
      943 0.000064   0.007605
      600 0.000064  -0.007604
       99 0.000064  -0.007576
      261 0.000063  -0.007540
      425 0.000063   0.007537
      134 0.000063  -0.007526
      823 0.000063   0.007515
      209 0.000063  -0.007461
      329 0.000062  -0.007429
      145 0.000062  -0.007412
      589 0.000062  -0.007373
      826 0.000062  -0.007355
      913 0.000061  -0.007322
       86 0.000061   0.007285
      342 0.000061   0.007285
      357 0.000061  -0.007283
      309 0.000060   0.007199
      879 0.000060  -0.007197
      226 0.000060   0.007172
       91 0.000060  -0.007135
      343 0.000059  -0.007027
      319 0.000059   0.007006
      225 0.000059   0.007002
      155 0.000059   0.006991
      922 0.000057  -0.006758
      227 0.000056   0.006688
      776 0.000056  -0.006687
      313 0.000056  -0.006687
      123 0.000056  -0.006672
      146 0.000056   0.006632
      350 0.000055   0.006578
       53 0.000055  -0.006501
      397 0.000054  -0.006491
      596 0.000054   0.006476
      118 0.000054   0.006438
      366 0.000053   0.006365
      112 0.000053  -0.006359
      803 0.000053   0.006354
      832 0.000053   0.006350
      891 0.000053  -0.006330
      860 0.000052  -0.006230
      539 0.000052   0.006222
      597 0.000052  -0.006185
      164 0.000052  -0.006175
      765 0.000051   0.006084
      830 0.000051   0.006082
      315 0.000051   0.006072
       96 0.000051   0.006032
      895 0.000051   0.006029
      643 0.000050  -0.005948
      870 0.000049  -0.005818
       74 0.000049   0.005790
      904 0.000048   0.005741
       63 0.000048  -0.005731
      120 0.000047   0.005627
      304 0.000047  -0.005627
      130 0.000047  -0.005575
      347 0.000047   0.005571
      528 0.000046   0.005527
      894 0.000046  -0.005479
      156 0.000046   0.005462
      133 0.000046  -0.005452
      880 0.000046   0.005444
      821 0.000045  -0.005338
      262 0.000045  -0.005321
      863 0.000045  -0.005315
       65 0.000044  -0.005288
      374 0.000044   0.005278
       67 0.000044   0.005276
       89 0.000044   0.005273
      165 0.000044  -0.005261
      884 0.000044  -0.005229
       55 0.000044  -0.005210
      802 0.000044   0.005200
      230 0.000043  -0.005130
      637 0.000043  -0.005128
      169 0.000043  -0.005089
      831 0.000042   0.005004
      409 0.000042  -0.004995
       52 0.000042   0.004976
      874 0.000042  -0.004957
      727 0.000041  -0.004915
      193 0.000041  -0.004883
      805 0.000041  -0.004867
      314 0.000041  -0.004862
      598 0.000041   0.004844
      542 0.000040   0.004820
      325 0.000040  -0.004801
      384 0.000040  -0.004769
      128 0.000040  -0.004759
      139 0.000040   0.004755
      713 0.000040   0.004721
      108 0.000039  -0.004692
      540 0.000039  -0.004671
      535 0.000039   0.004661
      249 0.000039  -0.004638
      792 0.000039   0.004633
       93 0.000039  -0.004623
      215 0.000039   0.004593
      224 0.000038  -0.004572
      195 0.000038   0.004543
      105 0.000038  -0.004532
       83 0.000038  -0.004479
      214 0.000037  -0.004457
      402 0.000037   0.004451
      625 0.000037   0.004445
      662 0.000037  -0.004428
      654 0.000037   0.004422
      987 0.000037   0.004413
      881 0.000037  -0.004409
      147 0.000037   0.004390
       94 0.000037  -0.004383
      722 0.000037  -0.004378
      144 0.000037  -0.004367
      338 0.000037   0.004364
      129 0.000036   0.004296
      181 0.000036  -0.004291
      387 0.000036   0.004277
      942 0.000036   0.004268
      559 0.000036  -0.004235
      712 0.000035  -0.004210
      568 0.000035   0.004196
      270 0.000035  -0.004166
      106 0.000035   0.004148
      344 0.000035  -0.004131
       78 0.000034   0.004111
      928 0.000034  -0.004107
      448 0.000034   0.004101
      223 0.000034   0.004075
      310 0.000034  -0.004014
      200 0.000033   0.003972
       97 0.000033  -0.003962
       25 0.000033   0.003949
      518 0.000033   0.003902
      113 0.000032   0.003838
      775 0.000032   0.003812
     1001 0.000032  -0.003805
      237 0.000032   0.003784
      345 0.000032   0.003780
      933 0.000032   0.003768
      556 0.000031   0.003750
      491 0.000031   0.003738
      178 0.000031  -0.003709
       14 0.000031   0.003700
      376 0.000031  -0.003675
       27 0.000031  -0.003674
       56 0.000030   0.003608
      675 0.000030   0.003578
       13 0.000030  -0.003577
      938 0.000030   0.003563
       20 0.000030   0.003553
      368 0.000030   0.003549
      935 0.000030  -0.003544
       22 0.000030  -0.003542
      532 0.000030   0.003519
      445 0.000029  -0.003514
      603 0.000029  -0.003511
      335 0.000029   0.003510
      867 0.000029   0.003503
       87 0.000029   0.003493
      348 0.000029   0.003475
      197 0.000029  -0.003460
      358 0.000029   0.003429
      162 0.000029  -0.003410
      993 0.000029   0.003408
       76 0.000029   0.003405
      724 0.000029  -0.003399
      278 0.000028   0.003344
      609 0.000028  -0.003339
      644 0.000028   0.003333
      950 0.000028  -0.003331
      530 0.000028   0.003314
     1032 0.000028   0.003311
      125 0.000028   0.003303
      180 0.000028   0.003302
      410 0.000027  -0.003256
      365 0.000027  -0.003256
      488 0.000027   0.003240
      276 0.000027   0.003203
     1025 0.000027   0.003170
      685 0.000027  -0.003168
       57 0.000026  -0.003151
      382 0.000026  -0.003146
      264 0.000026  -0.003137
       60 0.000026   0.003136
      965 0.000026  -0.003131
      371 0.000026  -0.003123
      283 0.000026  -0.003121
      695 0.000026   0.003104
       90 0.000026  -0.003089
      142 0.000026  -0.003069
      240 0.000026  -0.003051
      424 0.000026  -0.003043
      385 0.000025  -0.003035
      475 0.000025  -0.003035
      252 0.000025   0.002997
      858 0.000025  -0.002995
      152 0.000025  -0.002981
      705 0.000025   0.002929
      524 0.000024  -0.002920
      363 0.000024  -0.002894
      360 0.000024   0.002871
      221 0.000024  -0.002854
      375 0.000024  -0.002847
      196 0.000024   0.002819
      111 0.000023   0.002800
      592 0.000023  -0.002798
       61 0.000023   0.002795
      340 0.000023  -0.002787
      957 0.000023   0.002782
      320 0.000023  -0.002771
      339 0.000023   0.002763
      655 0.000023  -0.002760
      432 0.000023   0.002743
      633 0.000023   0.002742
      250 0.000023  -0.002733
      839 0.000023  -0.002727
      127 0.000023   0.002721
      293 0.000023   0.002703
      763 0.000023   0.002701
       84 0.000022   0.002640
       19 0.000022  -0.002629
      244 0.000022  -0.002615
      835 0.000022  -0.002614
      681 0.000022   0.002607
      356 0.000022  -0.002595
     1034 0.000022  -0.002586
     1017 0.000022   0.002573
      964 0.000021   0.002542
       29 0.000021   0.002540
      351 0.000021   0.002511
      172 0.000021   0.002495
       50 0.000021  -0.002481
      900 0.000021  -0.002472
      192 0.000021  -0.002460
       10 0.000021  -0.002445
      650 0.000020  -0.002437
      326 0.000020   0.002435
      811 0.000020   0.002431
        9 0.000020  -0.002422
      971 0.000020  -0.002410
       58 0.000020  -0.002399
       77 0.000020  -0.002385
      502 0.000020   0.002372
      921 0.000020  -0.002355
      395 0.000020  -0.002353
      677 0.000020   0.002340
      833 0.000020  -0.002339
      526 0.000020   0.002327
      565 0.000019   0.002306
      519 0.000019   0.002293
       38 0.000019  -0.002290
      286 0.000019  -0.002282
      988 0.000019  -0.002282
       49 0.000019   0.002270
      119 0.000019   0.002262
      115 0.000019   0.002245
      693 0.000019  -0.002239
      856 0.000019   0.002233
      814 0.000019   0.002220
      927 0.000019  -0.002208
      284 0.000019  -0.002207
       41 0.000018   0.002194
      714 0.000018  -0.002193
      769 0.000018   0.002189
      613 0.000018  -0.002185
       47 0.000018  -0.002178
      842 0.000018  -0.002177
      917 0.000018   0.002167
      852 0.000018   0.002157
      455 0.000018  -0.002154
      379 0.000018  -0.002149
      151 0.000018  -0.002137
      352 0.000018  -0.002135
      489 0.000018   0.002124
      841 0.000018   0.002124
      656 0.000018   0.002120
      505 0.000018   0.002104
      794 0.000018   0.002092
      170 0.000017  -0.002078
      405 0.000017   0.002055
      401 0.000017   0.002040
      837 0.000017   0.002039
      100 0.000017  -0.002012
      780 0.000017  -0.002008
      173 0.000017  -0.002002
       17 0.000017   0.002000
      810 0.000017   0.001998
      404 0.000017   0.001992
      437 0.000017   0.001991
      551 0.000016   0.001958
      479 0.000016   0.001955
      327 0.000016   0.001954
       36 0.000016   0.001953
      463 0.000016  -0.001946
      737 0.000016  -0.001928
     1052 0.000016   0.001920
      316 0.000016  -0.001917
      514 0.000016   0.001896
      636 0.000016   0.001879
      512 0.000016  -0.001872
       54 0.000016  -0.001848
     1096 0.000015   0.001846
      458 0.000015   0.001840
      126 0.000015  -0.001833
      396 0.000015   0.001813
      536 0.000015  -0.001810
      331 0.000015  -0.001807
      838 0.000015   0.001800
      888 0.000015   0.001794
      330 0.000015  -0.001777
      934 0.000015  -0.001756
       18 0.000015   0.001748
      231 0.000015  -0.001737
      610 0.000014   0.001727
      378 0.000014   0.001722
      268 0.000014  -0.001712
       98 0.000014   0.001696
     1010 0.000014   0.001669
      394 0.000014   0.001655
      138 0.000014  -0.001649
      177 0.000014   0.001640
      297 0.000014  -0.001635
      322 0.000014  -0.001625
      110 0.000014  -0.001614
      282 0.000014   0.001611
     1073 0.000013  -0.001605
      558 0.000013   0.001603
       85 0.000013   0.001599
      317 0.000013   0.001598
      907 0.000013   0.001597
      450 0.000013  -0.001591
      796 0.000013   0.001552
      166 0.000013  -0.001541
      321 0.000013  -0.001534
      680 0.000013  -0.001513
       95 0.000013  -0.001507
      883 0.000013   0.001498
      538 0.000013   0.001492
      791 0.000012   0.001489
      336 0.000012  -0.001479
       43 0.000012  -0.001456
       15 0.000012  -0.001455
      449 0.000012  -0.001455
      977 0.000012   0.001448
      661 0.000012   0.001434
       46 0.000012   0.001409
       24 0.000012  -0.001408
      966 0.000012   0.001387
      647 0.000011  -0.001368
      916 0.000011  -0.001364
        5 0.000011  -0.001363
     1009 0.000011  -0.001361
      462 0.000011   0.001356
      483 0.000011  -0.001344
      306 0.000011   0.001338
      478 0.000011   0.001327
      983 0.000011   0.001325
      391 0.000011  -0.001314
      426 0.000011   0.001299
      887 0.000011   0.001298
      229 0.000011  -0.001291
      816 0.000011   0.001269
      899 0.000011   0.001265
      188 0.000010   0.001251
      646 0.000010   0.001233
       82 0.000010   0.001232
      676 0.000010  -0.001224
      233 0.000010   0.001210
      766 0.000010   0.001204
     1047 0.000010   0.001202
      729 0.000010  -0.001199
euclid. distance of OLC and linear combination of EV * x_coef: 0.011061347062617747

Generate samples based on objective loadcase 677
nr_to_generate: 25

Parameter variation distribution settings
distribution: uniform
low: 0.7
high: 1.3

Total process runtime: 0:00:01.341057
