Date and Time:2023-05-12 14:23:13.850786

Initial Settings:
similarity_model: <function cosine_similarity at 0x000001D005A6E5E0>
similarity_threshold: 1e-05
nr_eigv_to_select: None
distribution: uniform
deviation: 0.3
nr_to_generate: 25
recompute: False

Selected eigenvectors and similarity score w.r.t objective loadcase:
objective_loadcase_nr: 785
similarity_model: cosine_similarity
similarity_threshold: 1e-05
nr_eigv_to_select: None
nr_eigv_selected: 562
approximation parameter model: lstsq
similarity score and approx. param. value
:  eigv_idx    score      value
        3 0.561614  51.672441
        1 0.538783  49.571758
        2 0.497496 -45.773100
        0 0.380119  34.973574
        6 0.039806   3.662385
       39 0.023011   2.117214
        4 0.011266   1.036594
      639 0.003225   0.296701
      186 0.002513  -0.231257
      218 0.002010  -0.184966
      593 0.001965  -0.180796
      612 0.001867  -0.171789
      586 0.001768   0.162714
      710 0.001714  -0.157713
      187 0.001647  -0.151548
      716 0.001493   0.137405
      618 0.001249   0.114901
      668 0.001187   0.109258
      595 0.001137   0.104603
      663 0.001115  -0.102543
      194 0.001107   0.101807
      686 0.000985  -0.090601
       71 0.000974   0.089621
      626 0.000921   0.084705
       69 0.000914   0.084113
      659 0.000871  -0.080153
      749 0.000843  -0.077595
      688 0.000843  -0.077595
      388 0.000840  -0.077284
      143 0.000798   0.073380
      617 0.000783   0.072016
      599 0.000731   0.067249
      582 0.000729  -0.067029
      183 0.000720   0.066287
      635 0.000692   0.063680
      562 0.000684  -0.062896
      670 0.000640   0.058922
      621 0.000631  -0.058011
      579 0.000579   0.053245
      153 0.000568   0.052285
      341 0.000552   0.050804
      578 0.000551   0.050703
      704 0.000539  -0.049569
      733 0.000535   0.049250
      708 0.000529   0.048700
      174 0.000519   0.047781
      253 0.000507  -0.046634
      718 0.000500  -0.045958
      602 0.000499  -0.045877
      735 0.000497  -0.045700
      700 0.000495   0.045548
      606 0.000495  -0.045517
      698 0.000492  -0.045295
      567 0.000492  -0.045266
      666 0.000482  -0.044374
      683 0.000439   0.040426
      577 0.000433  -0.039872
      709 0.000430  -0.039559
      575 0.000416   0.038278
      210 0.000398  -0.036585
      258 0.000394  -0.036240
      620 0.000392  -0.036070
      641 0.000356  -0.032711
      267 0.000354  -0.032544
      696 0.000353  -0.032473
      601 0.000347   0.031917
      227 0.000345   0.031761
      756 0.000340  -0.031272
      699 0.000339  -0.031235
      707 0.000333  -0.030593
      220 0.000326  -0.029976
      230 0.000320  -0.029450
      362 0.000317  -0.029120
       68 0.000315  -0.029025
      631 0.000311  -0.028609
      757 0.000303  -0.027896
      848 0.000302  -0.027832
      412 0.000301  -0.027725
      807 0.000297   0.027363
      583 0.000297  -0.027285
      753 0.000294  -0.027067
      419 0.000291  -0.026749
      403 0.000284   0.026165
      853 0.000282  -0.025905
      587 0.000273   0.025114
      741 0.000270   0.024846
      273 0.000263  -0.024240
      243 0.000259   0.023864
      361 0.000251   0.023053
      235 0.000247  -0.022769
      739 0.000240  -0.022072
      576 0.000240  -0.022051
      793 0.000236  -0.021673
      726 0.000229  -0.021086
      570 0.000227  -0.020891
      580 0.000225  -0.020664
      750 0.000219   0.020147
      377 0.000218  -0.020083
      383 0.000218   0.020052
      787 0.000212   0.019471
      182 0.000210  -0.019291
      400 0.000205  -0.018817
      373 0.000204  -0.018735
      204 0.000202   0.018618
      175 0.000202  -0.018544
      199 0.000200  -0.018377
      239 0.000197   0.018134
      574 0.000192  -0.017648
      263 0.000190  -0.017526
      628 0.000190   0.017476
      658 0.000186   0.017148
      857 0.000183  -0.016801
      271 0.000182   0.016778
      604 0.000181  -0.016656
      257 0.000180  -0.016589
      247 0.000180   0.016560
      301 0.000179  -0.016445
      818 0.000178  -0.016386
      800 0.000177  -0.016260
      564 0.000176  -0.016227
      299 0.000176   0.016153
      269 0.000172  -0.015835
      427 0.000171  -0.015722
      228 0.000169  -0.015586
      941 0.000168  -0.015436
      855 0.000167  -0.015402
      828 0.000167  -0.015357
      241 0.000167   0.015337
      312 0.000166  -0.015301
      711 0.000166   0.015289
      137 0.000165  -0.015139
      820 0.000162  -0.014943
      355 0.000162   0.014923
      605 0.000160  -0.014730
      132 0.000160   0.014729
      566 0.000156   0.014379
      784 0.000156  -0.014370
      743 0.000156  -0.014351
      275 0.000152  -0.013994
      815 0.000151  -0.013895
      824 0.000150   0.013821
      292 0.000149  -0.013729
      217 0.000148  -0.013614
      790 0.000147   0.013482
      392 0.000146   0.013464
      616 0.000145  -0.013377
      557 0.000145  -0.013329
      549 0.000143  -0.013192
      665 0.000143  -0.013158
      262 0.000143  -0.013132
      367 0.000140   0.012857
      795 0.000139   0.012745
      553 0.000138  -0.012720
      251 0.000137  -0.012631
      859 0.000137   0.012603
      808 0.000136   0.012473
      279 0.000135  -0.012462
      687 0.000132   0.012174
      667 0.000130   0.011965
       88 0.000128  -0.011822
      380 0.000128   0.011744
      398 0.000127  -0.011688
      829 0.000126   0.011589
      223 0.000125   0.011466
      742 0.000124  -0.011448
      569 0.000124   0.011413
      591 0.000124   0.011375
      290 0.000121   0.011171
      261 0.000121  -0.011140
      255 0.000120  -0.011048
      847 0.000120   0.011021
      573 0.000119   0.010942
      778 0.000119  -0.010930
      690 0.000119   0.010914
      600 0.000117  -0.010765
      684 0.000116  -0.010698
      234 0.000116   0.010654
      908 0.000113  -0.010403
      423 0.000113  -0.010374
      364 0.000113  -0.010351
      206 0.000112   0.010290
      184 0.000111  -0.010226
      736 0.000111  -0.010214
      431 0.000111  -0.010179
      295 0.000110  -0.010163
      266 0.000108  -0.009921
      799 0.000106  -0.009795
      294 0.000106  -0.009764
      436 0.000106   0.009750
      770 0.000106   0.009750
      277 0.000106   0.009745
      354 0.000106   0.009727
      390 0.000105   0.009636
      974 0.000103   0.009500
      645 0.000102   0.009403
      179 0.000102   0.009346
      298 0.000100  -0.009216
      552 0.000100  -0.009186
      697 0.000100   0.009165
      728 0.000098  -0.009051
      254 0.000098   0.009039
      763 0.000098   0.008991
      584 0.000097  -0.008911
      840 0.000096  -0.008856
      353 0.000096  -0.008848
      329 0.000095  -0.008754
      337 0.000095  -0.008740
      734 0.000093  -0.008579
      104 0.000093   0.008574
      281 0.000091   0.008381
      369 0.000090   0.008280
       93 0.000090  -0.008240
      560 0.000088  -0.008133
      610 0.000088  -0.008085
      226 0.000087   0.008036
      844 0.000086  -0.007934
      882 0.000086   0.007933
      245 0.000086  -0.007926
      638 0.000085  -0.007866
      723 0.000085  -0.007858
      782 0.000085  -0.007845
      225 0.000085   0.007822
      291 0.000084   0.007732
      775 0.000084   0.007704
      332 0.000081  -0.007484
      611 0.000081  -0.007417
      864 0.000079   0.007258
      744 0.000078  -0.007197
      318 0.000077  -0.007100
     1095 0.000076  -0.007016
      937 0.000076  -0.007003
      629 0.000076  -0.006953
      201 0.000075  -0.006884
      594 0.000075  -0.006881
      171 0.000074  -0.006839
      268 0.000074  -0.006830
      386 0.000074   0.006799
      773 0.000074   0.006786
      302 0.000074  -0.006766
      325 0.000073  -0.006723
      843 0.000073  -0.006685
      222 0.000073   0.006682
      240 0.000072  -0.006620
      357 0.000070  -0.006431
      789 0.000069   0.006363
      252 0.000069  -0.006349
      978 0.000069   0.006323
      138 0.000069  -0.006318
      342 0.000068   0.006272
      360 0.000068   0.006263
      948 0.000068   0.006235
      701 0.000068  -0.006219
      823 0.000067   0.006198
      581 0.000066  -0.006069
      585 0.000066  -0.006039
      589 0.000065  -0.006014
      428 0.000065   0.005958
     1005 0.000065   0.005940
      278 0.000064   0.005915
      359 0.000064   0.005880
      955 0.000064   0.005843
      609 0.000063   0.005810
      913 0.000063  -0.005794
      860 0.000062  -0.005711
      322 0.000062  -0.005710
      237 0.000062   0.005688
      801 0.000062  -0.005661
      943 0.000061   0.005656
      414 0.000061   0.005632
      572 0.000061  -0.005628
      826 0.000060  -0.005547
      545 0.000060  -0.005545
      654 0.000059   0.005406
      640 0.000058  -0.005349
      765 0.000057   0.005217
      308 0.000057  -0.005202
      895 0.000056   0.005181
      425 0.000056   0.005173
      821 0.000056  -0.005173
      722 0.000056  -0.005157
      922 0.000056  -0.005144
      406 0.000055  -0.005065
      288 0.000054   0.005003
      539 0.000054   0.005002
      366 0.000054   0.004986
      588 0.000054  -0.004968
      287 0.000054  -0.004937
       70 0.000053   0.004900
      831 0.000052   0.004828
      321 0.000052  -0.004783
      879 0.000052  -0.004781
      870 0.000052  -0.004778
      568 0.000051   0.004701
      884 0.000050  -0.004607
      169 0.000050  -0.004559
      107 0.000049  -0.004546
      805 0.000049  -0.004541
      880 0.000049   0.004529
      350 0.000049   0.004472
      632 0.000048   0.004429
      333 0.000048  -0.004417
      832 0.000048   0.004414
      643 0.000048  -0.004401
      285 0.000048   0.004384
      272 0.000048  -0.004379
      315 0.000047   0.004370
      528 0.000047   0.004352
      320 0.000047   0.004302
      250 0.000046   0.004235
      264 0.000045   0.004137
      193 0.000045   0.004125
      625 0.000045  -0.004123
      314 0.000045  -0.004119
      296 0.000045  -0.004105
      769 0.000044   0.004076
      343 0.000044  -0.004053
      748 0.000042  -0.003908
      535 0.000042   0.003854
      283 0.000042   0.003840
      397 0.000041  -0.003806
      792 0.000041   0.003800
      407 0.000041  -0.003797
      894 0.000040  -0.003716
      274 0.000040   0.003713
      759 0.000040  -0.003688
      891 0.000040  -0.003672
      597 0.000040  -0.003657
      874 0.000039  -0.003589
      561 0.000039   0.003583
      131 0.000039   0.003551
      881 0.000038  -0.003493
      740 0.000038  -0.003471
      798 0.000037   0.003415
      198 0.000037   0.003405
      694 0.000037   0.003382
      542 0.000037   0.003367
      613 0.000037   0.003365
      236 0.000036   0.003335
      319 0.000036   0.003330
      803 0.000035   0.003254
      349 0.000035  -0.003245
      830 0.000035   0.003194
      904 0.000035   0.003193
      402 0.000035  -0.003191
      540 0.000035  -0.003184
      409 0.000035  -0.003183
      849 0.000034   0.003162
      950 0.000034  -0.003157
      316 0.000034  -0.003137
      491 0.000034   0.003101
      309 0.000033   0.003080
      384 0.000033  -0.003049
      942 0.000033   0.003041
      928 0.000033  -0.003032
      987 0.000033   0.003003
      448 0.000033   0.002999
      518 0.000032   0.002986
      356 0.000032  -0.002933
      776 0.000031  -0.002883
      334 0.000031   0.002870
      488 0.000031   0.002866
      532 0.000031   0.002823
      842 0.000031  -0.002816
      310 0.000030  -0.002797
      933 0.000030   0.002783
      331 0.000030   0.002772
      935 0.000030  -0.002756
      802 0.000030   0.002751
      242 0.000030  -0.002734
      224 0.000029  -0.002702
      382 0.000029  -0.002683
     1001 0.000029  -0.002654
      209 0.000029   0.002636
      313 0.000028  -0.002587
      358 0.000028  -0.002542
      410 0.000028  -0.002531
      636 0.000027  -0.002530
      475 0.000027  -0.002500
      336 0.000027  -0.002497
      677 0.000027   0.002476
      374 0.000027   0.002472
     1032 0.000026   0.002414
      323 0.000026  -0.002411
      524 0.000026  -0.002411
      530 0.000026   0.002408
      794 0.000026   0.002401
      791 0.000026   0.002392
      368 0.000026   0.002376
      863 0.000024  -0.002249
      965 0.000024  -0.002248
      685 0.000024  -0.002245
      762 0.000024   0.002232
     1025 0.000024   0.002224
      445 0.000024  -0.002197
      424 0.000024  -0.002196
      244 0.000024  -0.002193
      284 0.000024   0.002170
      835 0.000023  -0.002154
      810 0.000023   0.002149
      248 0.000023   0.002137
      558 0.000023   0.002121
      988 0.000023  -0.002103
      811 0.000023   0.002099
      875 0.000023  -0.002098
      238 0.000023  -0.002093
      971 0.000023  -0.002081
     1034 0.000023  -0.002076
      993 0.000023   0.002075
      395 0.000022  -0.002061
      876 0.000022  -0.002058
       45 0.000022   0.002057
      964 0.000022   0.002044
      371 0.000022  -0.002028
      858 0.000022  -0.002025
      326 0.000022   0.002003
      387 0.000022   0.001998
      590 0.000022  -0.001995
      270 0.000022   0.001995
      432 0.000021   0.001970
      921 0.000021  -0.001970
      229 0.000021  -0.001953
      655 0.000021  -0.001940
      324 0.000021  -0.001929
      727 0.000021  -0.001925
      856 0.000021   0.001925
      957 0.000021   0.001920
      526 0.000021   0.001909
      592 0.000021  -0.001906
      642 0.000021   0.001897
      603 0.000021   0.001891
      695 0.000020   0.001855
      394 0.000020   0.001835
       89 0.000020   0.001801
     1073 0.000019  -0.001794
     1017 0.000019   0.001790
      867 0.000019   0.001789
      188 0.000019  -0.001786
      396 0.000019   0.001783
      297 0.000019  -0.001777
      214 0.000019   0.001760
      623 0.000019  -0.001760
       87 0.000019  -0.001750
      479 0.000019   0.001747
      335 0.000019  -0.001717
      833 0.000019  -0.001706
      938 0.000018   0.001700
      714 0.000018  -0.001691
      231 0.000018  -0.001685
      519 0.000018   0.001682
      927 0.000018  -0.001677
      536 0.000018  -0.001672
       64 0.000018  -0.001667
     1096 0.000018   0.001664
       57 0.000018   0.001656
      514 0.000018   0.001638
       66 0.000018  -0.001631
      304 0.000018  -0.001630
      338 0.000018   0.001622
      328 0.000017  -0.001605
       84 0.000017   0.001605
      502 0.000017   0.001600
      662 0.000017  -0.001587
      780 0.000017   0.001566
      260 0.000017   0.001561
      649 0.000017  -0.001557
      455 0.000017  -0.001551
      164 0.000017   0.001540
       83 0.000017  -0.001538
      463 0.000017  -0.001531
     1010 0.000017   0.001525
      917 0.000017   0.001524
      148 0.000016  -0.001517
      934 0.000016  -0.001504
      900 0.000016  -0.001478
       43 0.000016  -0.001477
      512 0.000016  -0.001459
       48 0.000016   0.001458
      814 0.000016   0.001439
      437 0.000016   0.001437
      458 0.000016   0.001436
      837 0.000016  -0.001435
      180 0.000016  -0.001430
      348 0.000015  -0.001426
      671 0.000015   0.001421
      949 0.000015   0.001405
      681 0.000015   0.001400
      650 0.000015  -0.001398
      452 0.000015  -0.001387
      966 0.000015   0.001368
      489 0.000015   0.001362
      907 0.000015   0.001342
     1052 0.000015   0.001336
      233 0.000014  -0.001332
      133 0.000014  -0.001328
      196 0.000014   0.001320
      286 0.000014   0.001319
      213 0.000014   0.001316
      125 0.000014   0.001312
      983 0.000014   0.001296
      178 0.000014   0.001292
      841 0.000014   0.001273
      977 0.000014   0.001257
      555 0.000014   0.001254
       51 0.000014  -0.001253
      647 0.000013   0.001237
      669 0.000013   0.001236
       56 0.000013  -0.001234
       77 0.000013  -0.001229
      191 0.000013   0.001228
      505 0.000013   0.001214
       54 0.000013   0.001208
       79 0.000013   0.001204
       55 0.000013   0.001190
      197 0.000013  -0.001189
       38 0.000013   0.001183
      838 0.000013  -0.001183
      232 0.000013  -0.001169
      644 0.000013   0.001167
      675 0.000013   0.001150
      816 0.000012   0.001150
     1009 0.000012  -0.001149
      916 0.000012  -0.001142
      202 0.000012  -0.001139
      165 0.000012   0.001118
      691 0.000012   0.001116
      888 0.000012   0.001116
      713 0.000012   0.001114
      952 0.000012  -0.001114
      450 0.000012  -0.001113
       92 0.000012  -0.001113
      385 0.000012  -0.001107
       59 0.000012   0.001084
      676 0.000012   0.001080
      483 0.000012  -0.001072
       90 0.000012  -0.001069
      221 0.000012  -0.001067
       46 0.000012   0.001065
       81 0.000012   0.001060
       63 0.000012   0.001060
      345 0.000011  -0.001047
      653 0.000011  -0.001045
      216 0.000011  -0.001045
      732 0.000011   0.001044
       95 0.000011   0.001042
      185 0.000011   0.001032
      634 0.000011  -0.001024
      813 0.000011   0.001021
      365 0.000011  -0.001017
      712 0.000011  -0.001013
      487 0.000011  -0.000994
      608 0.000011   0.000992
      673 0.000011   0.000969
      852 0.000010  -0.000961
      114 0.000010  -0.000959
      538 0.000010   0.000957
      461 0.000010   0.000957
      534 0.000010  -0.000947
       97 0.000010  -0.000935
      401 0.000010  -0.000933
     1016 0.000010  -0.000931
       36 0.000010  -0.000930
      144 0.000010  -0.000922
euclid. distance of OLC and linear combination of EV * x_coef: 0.0091247277866793

Generate samples based on objective loadcase 785
nr_to_generate: 25

Parameter variation distribution settings
distribution: uniform
low: 0.7
high: 1.3

Total process runtime: 0:00:01.352516
