Date and Time:2023-05-12 14:27:02.222730

Initial Settings:
similarity_model: <function cosine_similarity at 0x000001D005A6E5E0>
similarity_threshold: 1e-05
nr_eigv_to_select: None
distribution: uniform
deviation: 0.3
nr_to_generate: 25
recompute: False

Selected eigenvectors and similarity score w.r.t objective loadcase:
objective_loadcase_nr: 955
similarity_model: cosine_similarity
similarity_threshold: 1e-05
nr_eigv_to_select: None
nr_eigv_selected: 519
approximation parameter model: lstsq
similarity score and approx. param. value
:  eigv_idx    score      value
        3 0.576134  35.773425
        1 0.528060  32.788373
        2 0.501854 -31.161229
        0 0.368168  22.860341
        6 0.032186   1.998509
       39 0.023960   1.487699
        4 0.011929   0.740696
      639 0.003103   0.192650
      218 0.002129  -0.132206
      186 0.002055  -0.127616
      593 0.001892  -0.117477
      612 0.001776  -0.110261
      586 0.001760   0.109285
      710 0.001712  -0.106284
       68 0.001547  -0.096070
      187 0.001363  -0.084622
      716 0.001320   0.081991
      618 0.001149   0.071375
      595 0.001141   0.070843
      668 0.001133   0.070331
      663 0.001044  -0.064843
      143 0.001006   0.062436
      686 0.001003  -0.062284
      626 0.000969   0.060137
      194 0.000916   0.056869
      749 0.000852  -0.052893
      688 0.000850  -0.052787
      659 0.000836  -0.051906
      388 0.000824  -0.051153
      617 0.000788   0.048903
      599 0.000705   0.043792
      183 0.000678   0.042072
      562 0.000658  -0.040846
      670 0.000657   0.040775
      621 0.000650  -0.040390
      582 0.000648  -0.040250
      635 0.000638   0.039636
      704 0.000636  -0.039513
      578 0.000590   0.036644
      718 0.000548  -0.034025
      579 0.000544   0.033777
      733 0.000543   0.033700
      341 0.000539   0.033495
      708 0.000524   0.032559
      735 0.000507  -0.031459
      567 0.000503  -0.031213
      606 0.000500  -0.031017
      253 0.000497  -0.030883
      577 0.000496  -0.030817
      602 0.000495  -0.030721
      698 0.000494  -0.030692
      666 0.000479  -0.029754
      153 0.000460   0.028545
       69 0.000441   0.027384
      174 0.000437   0.027113
      709 0.000436  -0.027095
      267 0.000428  -0.026578
      696 0.000425  -0.026375
      700 0.000411   0.025524
      620 0.000400  -0.024863
      220 0.000394  -0.024461
      575 0.000381   0.023671
       71 0.000381   0.023652
      707 0.000370  -0.022944
      258 0.000369  -0.022908
      683 0.000364   0.022597
      641 0.000354  -0.021964
      210 0.000341  -0.021186
      753 0.000341  -0.021157
      699 0.000339  -0.021063
      182 0.000335  -0.020831
      848 0.000335  -0.020790
      601 0.000333   0.020703
      756 0.000332  -0.020623
      583 0.000320  -0.019897
      412 0.000315  -0.019550
      184 0.000310  -0.019249
      137 0.000308  -0.019100
      243 0.000308   0.019100
      230 0.000306  -0.018979
      362 0.000293  -0.018191
      419 0.000291  -0.018050
      807 0.000289   0.017936
      853 0.000287  -0.017807
       70 0.000284   0.017659
      227 0.000278   0.017232
      273 0.000275  -0.017079
      757 0.000275  -0.017074
      383 0.000269   0.016685
      204 0.000269   0.016679
      403 0.000268   0.016611
      587 0.000266   0.016495
      793 0.000264  -0.016374
      631 0.000263  -0.016341
      228 0.000261  -0.016210
      269 0.000250  -0.015539
      741 0.000249   0.015435
      235 0.000247  -0.015344
      570 0.000245  -0.015231
      726 0.000245  -0.015218
      739 0.000240  -0.014900
      750 0.000226   0.014030
      299 0.000216   0.013397
      199 0.000212  -0.013180
      132 0.000210   0.013042
      787 0.000209   0.012981
      263 0.000203  -0.012622
      239 0.000203   0.012605
      576 0.000202  -0.012570
      377 0.000202  -0.012519
      818 0.000196  -0.012177
      206 0.000193   0.011978
      857 0.000193  -0.011962
      763 0.000190   0.011828
      549 0.000188  -0.011653
      400 0.000187  -0.011597
      580 0.000186  -0.011543
      658 0.000183   0.011372
      301 0.000180  -0.011180
      564 0.000179  -0.011119
      427 0.000178  -0.011059
      604 0.000174  -0.010781
      175 0.000173  -0.010714
      369 0.000171   0.010624
      824 0.000169   0.010464
      759 0.000168  -0.010403
      743 0.000166  -0.010292
      247 0.000165   0.010261
      800 0.000165  -0.010229
      392 0.000159   0.009891
      312 0.000159  -0.009890
      628 0.000159   0.009866
      361 0.000159   0.009859
      373 0.000158  -0.009823
      711 0.000158   0.009787
      356 0.000158  -0.009782
      179 0.000154   0.009587
      859 0.000154   0.009561
      277 0.000154   0.009558
      795 0.000153   0.009470
      665 0.000152  -0.009409
      591 0.000151   0.009362
      574 0.000150  -0.009344
      223 0.000150   0.009342
      784 0.000149  -0.009281
      742 0.000149  -0.009280
      605 0.000147  -0.009117
      337 0.000147  -0.009097
      790 0.000142   0.008842
      275 0.000142  -0.008814
      553 0.000142  -0.008788
      828 0.000141  -0.008775
      241 0.000141   0.008773
      616 0.000141  -0.008759
      171 0.000139  -0.008632
      829 0.000139   0.008617
      855 0.000138  -0.008584
      778 0.000138  -0.008577
      941 0.000138  -0.008553
      820 0.000135  -0.008389
      770 0.000135   0.008384
      667 0.000133   0.008283
      380 0.000132   0.008166
      687 0.000129   0.008019
      354 0.000128   0.007974
      585 0.000127  -0.007863
      398 0.000126  -0.007815
      271 0.000125   0.007753
      217 0.000124  -0.007705
      332 0.000121  -0.007494
      290 0.000121   0.007490
      295 0.000119  -0.007372
      815 0.000118  -0.007303
      255 0.000116  -0.007201
      728 0.000115  -0.007123
      431 0.000113  -0.007031
      423 0.000113  -0.007023
      697 0.000112   0.006954
      557 0.000111  -0.006886
      775 0.000110   0.006849
      736 0.000110  -0.006816
      257 0.000110  -0.006814
      690 0.000109   0.006796
      684 0.000105  -0.006546
      638 0.000105  -0.006539
      566 0.000105   0.006505
      808 0.000103   0.006411
      298 0.000102  -0.006345
      629 0.000102  -0.006344
      234 0.000100   0.006231
      773 0.000099   0.006178
      279 0.000099  -0.006137
      436 0.000098   0.006091
      600 0.000098  -0.006083
      329 0.000097  -0.006046
      251 0.000097  -0.006019
      201 0.000096  -0.005932
      864 0.000095   0.005926
      908 0.000095  -0.005922
      573 0.000095   0.005922
      801 0.000095  -0.005879
      847 0.000093   0.005796
      353 0.000093  -0.005777
      569 0.000092   0.005737
      799 0.000091  -0.005660
      294 0.000091  -0.005631
      561 0.000091   0.005626
      645 0.000090   0.005567
      782 0.000089  -0.005547
      744 0.000089  -0.005540
      943 0.000089   0.005535
      107 0.000089  -0.005524
      343 0.000087  -0.005422
      769 0.000087   0.005399
      581 0.000087  -0.005386
      266 0.000086  -0.005343
      974 0.000084   0.005218
      281 0.000083   0.005133
       88 0.000083  -0.005127
      840 0.000080  -0.004997
      367 0.000080   0.004980
      261 0.000080  -0.004969
      884 0.000080  -0.004968
      594 0.000080  -0.004947
      611 0.000080  -0.004947
      308 0.000079  -0.004927
      262 0.000079  -0.004910
      292 0.000079  -0.004885
      843 0.000078  -0.004852
      844 0.000078  -0.004836
      734 0.000076  -0.004738
      880 0.000076   0.004707
      321 0.000076  -0.004705
      572 0.000076  -0.004691
      762 0.000074  -0.004579
      325 0.000073  -0.004512
      826 0.000073  -0.004503
      355 0.000072   0.004483
      748 0.000072  -0.004471
       93 0.000072  -0.004450
      589 0.000071  -0.004428
      937 0.000070  -0.004377
      161 0.000070   0.004356
      302 0.000069  -0.004294
      948 0.000069   0.004280
      870 0.000069  -0.004279
      792 0.000068   0.004198
      584 0.000066  -0.004093
      723 0.000065  -0.004065
       91 0.000065  -0.004039
      654 0.000065   0.004024
      291 0.000064   0.003997
      978 0.000063   0.003928
      614 0.000063   0.003925
      632 0.000063   0.003916
      882 0.000063   0.003884
      386 0.000062   0.003879
      560 0.000062  -0.003877
      425 0.000062   0.003847
      823 0.000062   0.003827
      722 0.000062  -0.003821
      860 0.000060  -0.003755
      545 0.000060  -0.003734
     1095 0.000060  -0.003719
      428 0.000059   0.003684
      289 0.000059   0.003682
      319 0.000059   0.003633
      765 0.000058   0.003624
      268 0.000058  -0.003619
      694 0.000057   0.003553
      364 0.000056   0.003503
     1005 0.000056   0.003471
      596 0.000056  -0.003465
      283 0.000055   0.003445
      285 0.000055   0.003437
      894 0.000055  -0.003433
      414 0.000055   0.003423
      874 0.000054  -0.003375
      913 0.000054  -0.003370
      539 0.000054   0.003362
      236 0.000054   0.003340
      104 0.000053   0.003296
      627 0.000053   0.003283
      852 0.000053   0.003276
      701 0.000052  -0.003209
      895 0.000051   0.003147
      608 0.000049  -0.003021
      315 0.000048   0.003004
      552 0.000048  -0.002989
      904 0.000048   0.002985
      322 0.000048  -0.002975
      138 0.000047  -0.002942
      528 0.000047   0.002924
      830 0.000047   0.002924
      590 0.000047  -0.002898
      226 0.000046  -0.002874
      413 0.000046  -0.002861
      323 0.000046  -0.002846
      922 0.000046  -0.002838
      225 0.000046  -0.002830
      198 0.000046  -0.002829
      841 0.000046   0.002827
      849 0.000045  -0.002796
      821 0.000045  -0.002778
      254 0.000045   0.002767
      390 0.000044   0.002748
      955 0.000044   0.002706
      244 0.000043  -0.002675
      278 0.000043   0.002672
      407 0.000043  -0.002669
      957 0.000043   0.002665
      950 0.000043  -0.002657
      935 0.000043  -0.002649
      650 0.000042  -0.002631
      148 0.000042   0.002628
      535 0.000042   0.002627
      169 0.000042  -0.002609
      831 0.000041   0.002573
      597 0.000041  -0.002547
      964 0.000041   0.002531
      313 0.000041  -0.002516
      942 0.000040   0.002507
      394 0.000040   0.002478
      988 0.000040  -0.002470
      406 0.000040   0.002469
      832 0.000038   0.002361
      649 0.000038  -0.002352
      833 0.000038  -0.002347
      359 0.000038  -0.002331
     1096 0.000036   0.002253
      837 0.000036   0.002210
      842 0.000036  -0.002209
      879 0.000036  -0.002209
      286 0.000035   0.002196
      835 0.000035  -0.002174
      780 0.000035   0.002172
      755 0.000035  -0.002143
      971 0.000034  -0.002117
      374 0.000034   0.002117
      540 0.000034  -0.002103
      803 0.000034   0.002099
      409 0.000033  -0.002074
      881 0.000033  -0.002046
      518 0.000033   0.002025
      776 0.000033  -0.002025
      491 0.000032   0.001983
      839 0.000032  -0.001981
      402 0.000031   0.001951
      297 0.000031  -0.001930
      131 0.000031   0.001923
      804 0.000031  -0.001902
      677 0.000031   0.001900
      448 0.000030   0.001884
      802 0.000030   0.001882
      310 0.000030  -0.001869
      342 0.000030   0.001860
      568 0.000030  -0.001833
      532 0.000029   0.001824
      542 0.000029   0.001782
      921 0.000029  -0.001776
      318 0.000028  -0.001768
      488 0.000028   0.001751
      598 0.000028   0.001745
      445 0.000028  -0.001729
      794 0.000028   0.001713
      938 0.000027   0.001702
      357 0.000027   0.001694
      640 0.000027  -0.001654
      410 0.000026  -0.001632
      248 0.000026  -0.001629
      933 0.000026   0.001621
      983 0.000026   0.001620
     1073 0.000026  -0.001612
      360 0.000026  -0.001609
      928 0.000026  -0.001597
      899 0.000026   0.001592
      424 0.000025  -0.001580
      346 0.000025   0.001577
      475 0.000024  -0.001514
      524 0.000024  -0.001511
      530 0.000024   0.001511
      977 0.000024   0.001488
      675 0.000024   0.001476
      779 0.000024  -0.001470
      987 0.000023   0.001438
      927 0.000023  -0.001419
      366 0.000023   0.001403
      636 0.000022  -0.001392
      729 0.000022   0.001373
     1034 0.000022  -0.001368
     1032 0.000022   0.001360
      240 0.000022   0.001360
      397 0.000022  -0.001356
      526 0.000022   0.001345
      789 0.000022   0.001343
      646 0.000021   0.001323
     1009 0.000021  -0.001311
      222 0.000021  -0.001306
      805 0.000021  -0.001304
       53 0.000020   0.001269
     1001 0.000020  -0.001268
      934 0.000020  -0.001261
      891 0.000020  -0.001259
      214 0.000020  -0.001255
       60 0.000020  -0.001233
      662 0.000020  -0.001226
      702 0.000020  -0.001219
      902 0.000020   0.001218
       52 0.000019  -0.001198
       73 0.000019   0.001193
     1010 0.000019   0.001150
      746 0.000018  -0.001149
       66 0.000018   0.001129
      193 0.000018   0.001126
      502 0.000018   0.001123
      856 0.000018   0.001117
      216 0.000018   0.001105
       63 0.000018   0.001101
      519 0.000018   0.001092
      333 0.000017  -0.001086
      432 0.000017   0.001082
      714 0.000017  -0.001072
      514 0.000017   0.001063
       58 0.000017  -0.001062
      209 0.000017  -0.001057
     1016 0.000017  -0.001052
     1020 0.000017  -0.001050
      479 0.000017   0.001048
      949 0.000017   0.001044
      685 0.000017  -0.001040
      916 0.000017  -0.001037
      437 0.000017   0.001028
     1025 0.000016   0.001016
      229 0.000016   0.001007
      324 0.000016  -0.001007
     1003 0.000016  -0.001006
      350 0.000016  -0.001001
      455 0.000016  -0.000999
      256 0.000016  -0.000986
      536 0.000016  -0.000973
      809 0.000016   0.000972
      693 0.000016  -0.000971
      463 0.000016  -0.000967
      858 0.000015  -0.000958
       78 0.000015   0.000956
       55 0.000015   0.000954
      887 0.000015   0.000951
      284 0.000015   0.000949
      888 0.000015   0.000940
      215 0.000015   0.000939
     1017 0.000015   0.000938
      747 0.000015  -0.000934
      966 0.000015   0.000933
      489 0.000015   0.000931
      505 0.000015   0.000929
      592 0.000015   0.000923
      898 0.000015   0.000917
       46 0.000015   0.000908
      237 0.000014  -0.000894
       59 0.000014  -0.000889
      458 0.000014   0.000889
      512 0.000014  -0.000885
      296 0.000014   0.000879
       98 0.000014  -0.000865
      195 0.000014   0.000861
      732 0.000014   0.000860
      875 0.000014   0.000855
      959 0.000014  -0.000854
      764 0.000014  -0.000840
     1040 0.000013  -0.000837
       17 0.000013  -0.000833
      811 0.000013   0.000823
      727 0.000013  -0.000822
      610 0.000013  -0.000821
      238 0.000013   0.000821
      276 0.000013  -0.000819
      609 0.000013  -0.000817
      643 0.000013  -0.000800
       36 0.000013  -0.000789
      213 0.000013  -0.000788
      863 0.000012  -0.000759
      450 0.000012  -0.000755
      382 0.000012   0.000755
      767 0.000012  -0.000752
      740 0.000012  -0.000752
      917 0.000012   0.000751
      993 0.000012   0.000740
      994 0.000012  -0.000738
      221 0.000012   0.000736
      405 0.000012  -0.000723
      951 0.000012  -0.000715
       79 0.000011  -0.000710
      936 0.000011  -0.000709
      196 0.000011   0.000706
      264 0.000011   0.000704
      478 0.000011   0.000700
       77 0.000011   0.000698
      691 0.000011  -0.000686
      363 0.000011   0.000681
       54 0.000011   0.000676
     1052 0.000011   0.000676
       61 0.000011   0.000671
      868 0.000011   0.000670
       29 0.000011  -0.000662
      867 0.000011   0.000657
      224 0.000010  -0.000651
       44 0.000010  -0.000650
       86 0.000010  -0.000648
      483 0.000010  -0.000644
      192 0.000010  -0.000643
      656 0.000010  -0.000643
      705 0.000010  -0.000643
       27 0.000010   0.000639
      623 0.000010   0.000634
      816 0.000010   0.000634
       15 0.000010   0.000631
       20 0.000010   0.000627
      619 0.000010   0.000624
      462 0.000010   0.000621
euclid. distance of OLC and linear combination of EV * x_coef: 0.006236412160187975

Generate samples based on objective loadcase 955
nr_to_generate: 25

Parameter variation distribution settings
distribution: uniform
low: 0.7
high: 1.3

Total process runtime: 0:00:01.359927
