Date and Time:2023-05-12 14:21:00.770253

Initial Settings:
similarity_model: <function cosine_similarity at 0x000001D005A6E5E0>
similarity_threshold: 1e-05
nr_eigv_to_select: None
distribution: uniform
deviation: 0.3
nr_to_generate: 25
recompute: False

Selected eigenvectors and similarity score w.r.t objective loadcase:
objective_loadcase_nr: 686
similarity_model: cosine_similarity
similarity_threshold: 1e-05
nr_eigv_to_select: None
nr_eigv_selected: 485
approximation parameter model: lstsq
similarity score and approx. param. value
:  eigv_idx    score      value
        3 0.571340  38.038628
        1 0.525943  35.016154
        2 0.510427 -33.983143
        0 0.366304  24.387724
        6 0.036031   2.398860
       39 0.026955   1.794595
        4 0.012026   0.800680
      639 0.003509   0.233593
      218 0.002391  -0.159209
      186 0.002157  -0.143623
      593 0.002133  -0.141992
      612 0.002019  -0.134403
      586 0.001976   0.131555
      710 0.001601  -0.106613
      187 0.001421  -0.094613
      716 0.001371   0.091293
      595 0.001280   0.085245
      663 0.001176  -0.078292
      618 0.001116   0.074309
      668 0.001090   0.072572
      626 0.001072   0.071361
      194 0.000965   0.064233
      686 0.000931  -0.061976
      388 0.000923  -0.061463
      659 0.000808  -0.053774
      599 0.000795   0.052906
      688 0.000788  -0.052489
      617 0.000784   0.052212
      749 0.000749  -0.049863
      562 0.000742  -0.049407
       69 0.000738   0.049143
      582 0.000737  -0.049075
      621 0.000730  -0.048602
      635 0.000723   0.048129
       71 0.000711   0.047361
      670 0.000707   0.047063
      183 0.000697   0.046437
      578 0.000664   0.044235
      143 0.000664   0.044175
      704 0.000635  -0.042309
      341 0.000608   0.040463
      733 0.000594   0.039516
      718 0.000570  -0.037962
      567 0.000564  -0.037531
      606 0.000555  -0.036941
      577 0.000549  -0.036580
      602 0.000538  -0.035791
      579 0.000532   0.035406
      253 0.000529  -0.035235
      698 0.000522  -0.034773
      708 0.000495   0.032954
      267 0.000471  -0.031370
      666 0.000461  -0.030718
      153 0.000460   0.030608
      220 0.000452  -0.030090
      735 0.000452  -0.030072
       68 0.000451  -0.029998
      174 0.000443   0.029487
      700 0.000437   0.029113
      683 0.000431   0.028672
      575 0.000430   0.028635
      696 0.000430  -0.028628
      620 0.000430  -0.028596
      258 0.000415  -0.027653
      709 0.000409  -0.027229
      641 0.000403  -0.026845
      210 0.000386  -0.025722
      601 0.000385   0.025636
      230 0.000385  -0.025613
      707 0.000379  -0.025253
      753 0.000375  -0.024948
      848 0.000366  -0.024339
      699 0.000361  -0.024003
      583 0.000360  -0.023960
      412 0.000350  -0.023306
      227 0.000345   0.022948
      807 0.000334   0.022221
      419 0.000325  -0.021666
      273 0.000310  -0.020669
      403 0.000310   0.020659
      793 0.000306  -0.020391
      756 0.000306  -0.020371
      383 0.000306   0.020340
      587 0.000300   0.019962
      269 0.000292  -0.019469
      631 0.000290  -0.019292
      362 0.000288  -0.019170
      204 0.000287   0.019083
      570 0.000274  -0.018232
      182 0.000273  -0.018205
      184 0.000270  -0.017985
      853 0.000261  -0.017352
      757 0.000259  -0.017274
      239 0.000259   0.017253
      235 0.000243  -0.016149
      263 0.000240  -0.016001
      299 0.000239   0.015938
      206 0.000227   0.015091
      199 0.000226  -0.015058
      243 0.000225   0.014996
      377 0.000224  -0.014903
      741 0.000224   0.014900
      726 0.000220  -0.014676
      739 0.000217  -0.014459
      604 0.000207  -0.013757
      763 0.000203   0.013497
      301 0.000202  -0.013432
      549 0.000200  -0.013324
      564 0.000200  -0.013305
      361 0.000199   0.013271
      427 0.000198  -0.013195
      580 0.000198  -0.013184
      800 0.000193  -0.012849
      743 0.000193  -0.012828
      576 0.000192  -0.012764
      750 0.000192   0.012763
      223 0.000190   0.012635
      855 0.000188  -0.012541
      247 0.000187   0.012443
      818 0.000184  -0.012245
      658 0.000182   0.012094
      369 0.000181   0.012068
      400 0.000181  -0.012064
      312 0.000181  -0.012021
      759 0.000178  -0.011831
      175 0.000177  -0.011784
      373 0.000175  -0.011674
      828 0.000174  -0.011604
      784 0.000174  -0.011573
      795 0.000172   0.011437
      742 0.000172  -0.011419
      392 0.000171   0.011364
      941 0.000167  -0.011102
      665 0.000167  -0.011097
      574 0.000164  -0.010949
      553 0.000164  -0.010914
      591 0.000163   0.010867
      820 0.000163  -0.010832
      857 0.000163  -0.010821
      667 0.000162   0.010753
      585 0.000160  -0.010633
      824 0.000159   0.010606
      787 0.000156   0.010361
      711 0.000155   0.010308
      628 0.000154   0.010246
      778 0.000153  -0.010166
      337 0.000150  -0.010013
      275 0.000145  -0.009683
      255 0.000145  -0.009647
      605 0.000141  -0.009403
      332 0.000139  -0.009252
      290 0.000138   0.009180
      808 0.000137   0.009108
      356 0.000135  -0.008956
      687 0.000134   0.008924
      616 0.000133  -0.008854
      829 0.000132   0.008759
      179 0.000131   0.008744
      132 0.000131   0.008741
      295 0.000130  -0.008655
      557 0.000130  -0.008643
      217 0.000129  -0.008619
      815 0.000129  -0.008588
      398 0.000129  -0.008556
      775 0.000128   0.008539
      736 0.000128  -0.008523
      354 0.000128   0.008509
      423 0.000127  -0.008429
      431 0.000126  -0.008407
      298 0.000126  -0.008383
      279 0.000126  -0.008365
      228 0.000124  -0.008241
      257 0.000123  -0.008185
      859 0.000123   0.008182
      380 0.000122   0.008132
      790 0.000119   0.007939
      697 0.000118   0.007847
      137 0.000118  -0.007829
      171 0.000116  -0.007744
      908 0.000116  -0.007708
      201 0.000115  -0.007673
      277 0.000115   0.007650
      573 0.000113   0.007532
      645 0.000111   0.007364
      799 0.000110  -0.007326
      638 0.000109  -0.007239
      251 0.000109  -0.007226
      569 0.000108   0.007205
      690 0.000108   0.007172
       88 0.000107  -0.007107
      294 0.000106  -0.007041
      353 0.000104  -0.006938
      974 0.000103   0.006834
      329 0.000101  -0.006719
      271 0.000100   0.006647
      355 0.000099   0.006590
       93 0.000098  -0.006539
      840 0.000098  -0.006518
      770 0.000097   0.006464
      566 0.000097   0.006461
      629 0.000097  -0.006456
      600 0.000096  -0.006405
      436 0.000096   0.006392
      744 0.000096  -0.006359
      728 0.000095  -0.006336
      268 0.000094  -0.006290
       70 0.000094   0.006238
      611 0.000092  -0.006154
      241 0.000091   0.006072
      561 0.000091   0.006037
      769 0.000090   0.005992
      782 0.000089  -0.005929
      844 0.000089  -0.005899
      937 0.000089  -0.005895
      684 0.000088  -0.005835
      581 0.000087  -0.005807
      948 0.000087   0.005807
      847 0.000087   0.005800
      266 0.000087  -0.005793
      734 0.000084  -0.005580
      321 0.000084  -0.005572
      572 0.000083  -0.005508
      584 0.000083  -0.005494
      292 0.000081  -0.005422
      261 0.000081  -0.005381
      882 0.000080   0.005315
      325 0.000080  -0.005297
      281 0.000078   0.005226
      860 0.000078  -0.005179
      978 0.000078   0.005177
      614 0.000077   0.005144
      864 0.000077   0.005131
      723 0.000077  -0.005116
      367 0.000076   0.005053
      138 0.000076  -0.005050
      234 0.000075   0.005027
      560 0.000075  -0.005013
     1095 0.000075  -0.004988
      594 0.000075  -0.004987
      596 0.000074  -0.004907
      632 0.000074   0.004905
      319 0.000074   0.004894
      694 0.000072   0.004798
      104 0.000071   0.004733
      843 0.000070  -0.004688
      289 0.000070   0.004687
      792 0.000070   0.004649
      283 0.000070   0.004629
      773 0.000069   0.004570
      302 0.000069  -0.004562
      722 0.000068  -0.004560
     1005 0.000068   0.004539
      262 0.000068  -0.004539
      291 0.000068   0.004502
      654 0.000068   0.004499
      627 0.000067   0.004491
      943 0.000066   0.004417
      913 0.000066  -0.004400
      285 0.000065   0.004360
      343 0.000062  -0.004149
      107 0.000062  -0.004136
      748 0.000062  -0.004126
      895 0.000061   0.004090
      425 0.000061   0.004073
      539 0.000061   0.004033
      762 0.000060  -0.003990
      198 0.000060  -0.003987
      315 0.000060   0.003974
      545 0.000059  -0.003936
      831 0.000059   0.003921
      823 0.000058   0.003870
      701 0.000058  -0.003850
      428 0.000058   0.003836
      826 0.000057  -0.003824
      590 0.000057  -0.003814
      955 0.000056   0.003730
      308 0.000056  -0.003728
      922 0.000055  -0.003662
      650 0.000055  -0.003654
      342 0.000055   0.003639
      765 0.000054   0.003617
      414 0.000053   0.003547
      528 0.000053   0.003509
      322 0.000052  -0.003466
      386 0.000051   0.003370
      589 0.000050  -0.003321
      552 0.000049  -0.003263
      161 0.000049   0.003256
      884 0.000049  -0.003237
      390 0.000048   0.003211
      821 0.000048  -0.003208
      323 0.000048  -0.003170
      394 0.000047   0.003145
      535 0.000047   0.003143
      374 0.000047   0.003131
      832 0.000047   0.003119
      880 0.000046   0.003056
      879 0.000046  -0.003055
      244 0.000045  -0.003016
      413 0.000044  -0.002955
      870 0.000044  -0.002934
      286 0.000043   0.002854
      597 0.000042  -0.002805
      881 0.000042  -0.002794
      780 0.000042   0.002787
      131 0.000041   0.002709
      284 0.000040   0.002677
      842 0.000038  -0.002507
      935 0.000037  -0.002448
      169 0.000037  -0.002446
      518 0.000036   0.002419
      491 0.000036   0.002418
      852 0.000035   0.002304
      789 0.000034   0.002296
      232 0.000034  -0.002267
      776 0.000034  -0.002259
      608 0.000033  -0.002219
      532 0.000033   0.002215
      318 0.000033  -0.002207
      542 0.000033   0.002171
      488 0.000033   0.002165
      540 0.000032  -0.002160
      894 0.000032  -0.002148
      830 0.000032   0.002132
      933 0.000032   0.002115
      640 0.000031  -0.002094
      649 0.000031  -0.002076
      193 0.000031   0.002062
      928 0.000031  -0.002050
      874 0.000030  -0.002027
      445 0.000030  -0.002017
      942 0.000030   0.002016
      636 0.000030  -0.002013
      313 0.000030  -0.002013
     1073 0.000030  -0.002010
      364 0.000030   0.002010
      448 0.000030   0.002005
      409 0.000030  -0.001983
      226 0.000030  -0.001977
      410 0.000030  -0.001974
      225 0.000029  -0.001951
      987 0.000029   0.001946
      407 0.000029  -0.001933
      310 0.000029  -0.001932
      646 0.000029   0.001903
      254 0.000028   0.001879
      475 0.000028  -0.001873
      841 0.000028   0.001862
      891 0.000028  -0.001854
      524 0.000028  -0.001851
     1032 0.000027   0.001828
      278 0.000027   0.001827
      957 0.000027   0.001798
      833 0.000027  -0.001792
      236 0.000027   0.001780
      950 0.000027  -0.001780
     1001 0.000027  -0.001777
      794 0.000026   0.001751
      801 0.000026  -0.001743
      252 0.000026   0.001726
      240 0.000026   0.001726
     1034 0.000026  -0.001712
      835 0.000026  -0.001710
      424 0.000025  -0.001674
      727 0.000025  -0.001660
      359 0.000024  -0.001631
      971 0.000024  -0.001627
      921 0.000024  -0.001620
      530 0.000024   0.001616
      526 0.000024   0.001612
      856 0.000024   0.001584
      938 0.000024   0.001566
      677 0.000023   0.001558
      811 0.000023   0.001551
      803 0.000023   0.001544
      346 0.000023   0.001529
      237 0.000023  -0.001527
       98 0.000023  -0.001521
     1010 0.000022   0.001484
      809 0.000022   0.001471
      838 0.000022  -0.001463
      988 0.000022  -0.001458
      250 0.000022  -0.001436
      685 0.000021  -0.001427
     1025 0.000021   0.001426
      366 0.000021   0.001398
      904 0.000021   0.001397
      148 0.000021   0.001371
      324 0.000020  -0.001361
      479 0.000020   0.001332
      779 0.000020  -0.001321
      297 0.000020  -0.001309
      514 0.000019   0.001298
      397 0.000019  -0.001298
      907 0.000019   0.001265
      927 0.000019  -0.001262
     1096 0.000019   0.001260
      680 0.000019   0.001255
       91 0.000018  -0.001224
     1017 0.000018   0.001222
      437 0.000018   0.001218
      536 0.000018  -0.001210
      977 0.000018   0.001209
      455 0.000018  -0.001204
      609 0.000018  -0.001194
      964 0.000018   0.001194
      463 0.000018  -0.001180
      802 0.000017   0.001163
      519 0.000017   0.001161
      101 0.000017   0.001160
      804 0.000017  -0.001157
      502 0.000017   0.001151
      714 0.000017  -0.001148
      983 0.000017   0.001138
      755 0.000017  -0.001125
      934 0.000017  -0.001121
      993 0.000017   0.001107
      432 0.000017   0.001105
      512 0.000016  -0.001088
      868 0.000016   0.001073
      334 0.000016  -0.001073
      588 0.000016   0.001070
       89 0.000016  -0.001054
      810 0.000016   0.001052
      568 0.000016  -0.001051
      320 0.000016  -0.001038
      259 0.000015  -0.001025
      662 0.000015  -0.001023
      949 0.000015   0.001017
      110 0.000015  -0.001017
      643 0.000015  -0.001004
      814 0.000015   0.000999
      916 0.000015  -0.000998
      125 0.000015  -0.000995
      959 0.000015  -0.000995
      489 0.000015   0.000981
      357 0.000015   0.000980
      917 0.000015   0.000972
      458 0.000014   0.000961
     1009 0.000014  -0.000952
      249 0.000014   0.000951
      732 0.000014   0.000948
      965 0.000014  -0.000941
     1052 0.000014   0.000919
      450 0.000014  -0.000905
      505 0.000014   0.000903
      133 0.000014   0.000900
       99 0.000013   0.000889
      406 0.000013   0.000888
      625 0.000013   0.000886
      360 0.000013  -0.000873
      598 0.000013   0.000872
      142 0.000013   0.000861
      114 0.000013   0.000858
       80 0.000013  -0.000849
      681 0.000013  -0.000848
      145 0.000013  -0.000837
      333 0.000012  -0.000827
      317 0.000012   0.000819
      152 0.000012  -0.000813
       86 0.000012  -0.000810
      900 0.000012  -0.000803
      702 0.000012  -0.000792
      478 0.000012   0.000792
      816 0.000012   0.000781
      296 0.000012   0.000773
       73 0.000011   0.000753
      402 0.000011   0.000737
      764 0.000011  -0.000736
      713 0.000011   0.000735
      363 0.000011   0.000730
      858 0.000011  -0.000729
      740 0.000011  -0.000728
      108 0.000011  -0.000722
     1061 0.000011  -0.000722
      146 0.000011   0.000720
      487 0.000011  -0.000717
     1003 0.000011  -0.000714
      984 0.000011  -0.000710
      483 0.000011  -0.000710
      264 0.000011  -0.000706
      461 0.000010   0.000684
      426 0.000010   0.000682
      619 0.000010   0.000676
      634 0.000010  -0.000676
euclid. distance of OLC and linear combination of EV * x_coef: 0.006196099916368343

Generate samples based on objective loadcase 686
nr_to_generate: 25

Parameter variation distribution settings
distribution: uniform
low: 0.7
high: 1.3

Total process runtime: 0:00:01.348626
