Date and Time:2023-05-12 14:28:01.388679

Initial Settings:
similarity_model: <function cosine_similarity at 0x000001D005A6E5E0>
similarity_threshold: 1e-05
nr_eigv_to_select: None
distribution: uniform
deviation: 0.3
nr_to_generate: 25
recompute: False

Selected eigenvectors and similarity score w.r.t objective loadcase:
objective_loadcase_nr: 999
similarity_model: cosine_similarity
similarity_threshold: 1e-05
nr_eigv_to_select: None
nr_eigv_selected: 535
approximation parameter model: lstsq
similarity score and approx. param. value
:  eigv_idx    score      value
        1 0.559325  66.253835
        3 0.532418  63.066679
        2 0.487139 -57.703157
        0 0.403337  47.776644
        6 0.057397   6.798865
       39 0.013791   1.633647
        4 0.009930   1.176293
       68 0.005622  -0.666000
      639 0.003797   0.449763
       71 0.002569  -0.304276
      186 0.002427  -0.287437
       69 0.002122  -0.251375
      612 0.002071  -0.245349
      593 0.001925  -0.227971
      586 0.001752   0.207533
      618 0.001659   0.196494
      716 0.001567   0.185606
      187 0.001560  -0.184745
      663 0.001559  -0.184655
      218 0.001461  -0.173072
      710 0.001452  -0.172047
      668 0.001425   0.168810
      194 0.001135   0.134494
      182 0.001130  -0.133823
      595 0.001101   0.130394
      659 0.001066  -0.126265
      617 0.000972   0.115177
       70 0.000938   0.111062
      686 0.000857  -0.101483
      388 0.000836  -0.099041
      700 0.000831   0.098463
      579 0.000801   0.094914
      683 0.000798   0.094562
      599 0.000790   0.093576
      635 0.000773   0.091509
      688 0.000770  -0.091254
      749 0.000756  -0.089604
      143 0.000754   0.089269
      184 0.000753  -0.089137
      562 0.000735  -0.087019
      626 0.000725   0.085821
      582 0.000721  -0.085416
      670 0.000680   0.080508
      578 0.000670   0.079328
      183 0.000665   0.078774
      228 0.000663  -0.078570
      733 0.000597   0.070775
      621 0.000593  -0.070232
      698 0.000588  -0.069616
      666 0.000580  -0.068718
      253 0.000571  -0.067581
      602 0.000539  -0.063823
      735 0.000507  -0.060104
      341 0.000503   0.059582
      718 0.000461  -0.054635
      708 0.000452   0.053588
      174 0.000452   0.053522
      179 0.000444   0.052582
      210 0.000439  -0.051951
      641 0.000424  -0.050237
      699 0.000416  -0.049237
      171 0.000407  -0.048228
      362 0.000401  -0.047450
      567 0.000401  -0.047444
      583 0.000386  -0.045779
      606 0.000386  -0.045694
      153 0.000385   0.045643
      709 0.000371  -0.043967
      575 0.000369   0.043723
      620 0.000361  -0.042726
      577 0.000351  -0.041624
      204 0.000351   0.041588
      137 0.000348  -0.041164
      704 0.000341  -0.040418
      628 0.000338   0.040024
      756 0.000336  -0.039847
      576 0.000336  -0.039815
      604 0.000336  -0.039774
      220 0.000334  -0.039545
      631 0.000322  -0.038194
      267 0.000321  -0.037997
      243 0.000321   0.037980
      757 0.000317  -0.037559
      403 0.000307   0.036412
      199 0.000301  -0.035698
      848 0.000297  -0.035233
      419 0.000287  -0.033995
      601 0.000286   0.033896
      807 0.000278   0.032952
      400 0.000277  -0.032864
       91 0.000277  -0.032822
      271 0.000276   0.032637
      236 0.000271   0.032150
      412 0.000268  -0.031801
      161 0.000265   0.031398
      383 0.000265   0.031337
      573 0.000262   0.031092
      787 0.000262   0.031033
      148 0.000262   0.031002
      254 0.000256   0.030374
      587 0.000256   0.030277
      741 0.000255   0.030167
      132 0.000254   0.030089
      853 0.000247  -0.029213
      640 0.000244  -0.028926
      707 0.000239  -0.028315
      739 0.000230  -0.027297
      277 0.000229   0.027109
      377 0.000225  -0.026621
      815 0.000225  -0.026593
      258 0.000220  -0.026079
      658 0.000219   0.025966
      580 0.000218  -0.025795
      570 0.000210  -0.024864
      665 0.000208  -0.024676
      138 0.000207   0.024477
      234 0.000204   0.024153
      753 0.000201  -0.023786
      759 0.000201   0.023771
      356 0.000200  -0.023740
      564 0.000199  -0.023556
      750 0.000198   0.023495
      941 0.000198  -0.023461
      566 0.000193   0.022818
      217 0.000191  -0.022671
      175 0.000185  -0.021954
      687 0.000180   0.021329
      557 0.000179  -0.021185
      667 0.000173   0.020546
      828 0.000173  -0.020441
      257 0.000168  -0.019920
      800 0.000166  -0.019703
      857 0.000165  -0.019528
      380 0.000163   0.019318
      301 0.000161  -0.019051
      427 0.000159  -0.018889
      798 0.000159   0.018833
      107 0.000154  -0.018266
      273 0.000153  -0.018146
      743 0.000151  -0.017911
      255 0.000151  -0.017887
      353 0.000151  -0.017836
      790 0.000150   0.017763
      711 0.000149   0.017646
      820 0.000147  -0.017467
      574 0.000146  -0.017351
      629 0.000146  -0.017265
      369 0.000143   0.016913
      690 0.000141   0.016741
      249 0.000140  -0.016530
      784 0.000138  -0.016323
      436 0.000138   0.016302
      398 0.000137  -0.016262
      847 0.000137   0.016237
      645 0.000136   0.016056
      818 0.000135  -0.015935
      361 0.000132   0.015591
      299 0.000131   0.015550
      908 0.000131  -0.015508
      552 0.000129  -0.015317
      855 0.000129  -0.015245
      859 0.000129   0.015242
      247 0.000129   0.015224
      281 0.000128   0.015127
      600 0.000127  -0.015100
      581 0.000127  -0.015016
      726 0.000126  -0.014951
      549 0.000125  -0.014832
      295 0.000125  -0.014777
      801 0.000123  -0.014570
      974 0.000122   0.014454
      605 0.000121  -0.014376
      367 0.000120   0.014212
      585 0.000120  -0.014156
      354 0.000119   0.014053
      793 0.000118  -0.014008
      594 0.000118  -0.013985
      308 0.000118  -0.013976
      294 0.000117  -0.013910
      829 0.000116   0.013795
      291 0.000116   0.013690
      394 0.000116   0.013684
      808 0.000115   0.013617
      638 0.000114  -0.013515
      373 0.000114  -0.013447
      697 0.000113   0.013421
      241 0.000112   0.013233
      423 0.000112  -0.013210
      824 0.000111   0.013119
      553 0.000111  -0.013110
      882 0.000110   0.012983
      222 0.000109  -0.012958
      232 0.000109  -0.012896
      431 0.000108  -0.012807
      840 0.000107  -0.012624
      193 0.000106  -0.012593
      736 0.000106  -0.012514
      762 0.000104   0.012369
      292 0.000104  -0.012277
      355 0.000104   0.012263
      386 0.000103   0.012245
      696 0.000101  -0.012017
       88 0.000100   0.011869
      740 0.000100  -0.011825
      266 0.000100  -0.011822
      597 0.000099  -0.011779
      795 0.000099   0.011732
      803 0.000098   0.011570
      302 0.000097  -0.011490
      832 0.000096   0.011406
      209 0.000096  -0.011374
       93 0.000096   0.011360
      262 0.000095  -0.011278
      742 0.000095  -0.011202
      844 0.000094  -0.011151
      343 0.000094  -0.011117
      799 0.000093  -0.011025
      632 0.000093   0.011007
      611 0.000092  -0.010951
      684 0.000090  -0.010667
      572 0.000090  -0.010657
     1095 0.000090  -0.010624
      763 0.000089  -0.010576
      584 0.000089  -0.010573
      374 0.000088   0.010413
      206 0.000086   0.010217
      428 0.000086   0.010166
      392 0.000086   0.010152
      701 0.000086  -0.010136
      802 0.000085   0.010009
      269 0.000084  -0.009932
      414 0.000083   0.009805
      734 0.000082  -0.009720
      955 0.000082   0.009685
      313 0.000080  -0.009533
      261 0.000080  -0.009449
      312 0.000078  -0.009277
      561 0.000077   0.009155
      560 0.000077  -0.009148
      723 0.000077  -0.009122
      263 0.000076  -0.009061
      805 0.000075  -0.008934
      744 0.000075  -0.008911
      776 0.000075  -0.008899
      131 0.000075  -0.008895
      748 0.000074  -0.008794
      770 0.000074   0.008794
      773 0.000074   0.008772
      603 0.000072  -0.008513
      913 0.000072  -0.008505
     1005 0.000072   0.008498
      843 0.000071  -0.008461
      569 0.000070   0.008285
      728 0.000069  -0.008202
      879 0.000069  -0.008194
      390 0.000069   0.008167
      937 0.000069  -0.008146
      545 0.000069  -0.008136
      826 0.000068  -0.008109
      922 0.000068  -0.008021
      364 0.000067   0.007951
      978 0.000067   0.007903
      782 0.000066  -0.007793
      268 0.000065  -0.007751
      654 0.000065   0.007732
      539 0.000063   0.007414
      863 0.000062  -0.007374
      831 0.000062   0.007357
      891 0.000061  -0.007282
      413 0.000061   0.007282
      230 0.000061   0.007215
      778 0.000061  -0.007180
      722 0.000060  -0.007128
      589 0.000059  -0.006955
      780 0.000059  -0.006950
      895 0.000059   0.006931
      789 0.000058   0.006918
      425 0.000057   0.006752
      596 0.000057  -0.006723
      864 0.000057   0.006716
      224 0.000056  -0.006576
      359 0.000054  -0.006441
      297 0.000054  -0.006431
      322 0.000054  -0.006351
      614 0.000053   0.006334
      216 0.000052  -0.006216
      765 0.000052   0.006166
      320 0.000052   0.006141
      407 0.000050  -0.005937
      289 0.000050   0.005879
      406 0.000050  -0.005867
      627 0.000049   0.005859
      325 0.000048  -0.005737
      540 0.000048  -0.005687
      542 0.000048   0.005681
      251 0.000048  -0.005672
      528 0.000047   0.005624
      948 0.000047   0.005541
      870 0.000047  -0.005530
      821 0.000047  -0.005513
      279 0.000046  -0.005503
      214 0.000046   0.005446
      333 0.000046  -0.005422
      402 0.000044  -0.005258
      409 0.000044  -0.005257
      226 0.000044  -0.005255
      987 0.000043   0.005148
      334 0.000043   0.005079
      350 0.000043  -0.005078
      860 0.000043  -0.005055
      881 0.000043  -0.005047
      329 0.000042  -0.005027
      928 0.000042  -0.005008
      858 0.000042  -0.004993
      276 0.000042   0.004978
      867 0.000042   0.004939
      448 0.000041   0.004908
      323 0.000041  -0.004860
      335 0.000041  -0.004853
      823 0.000041   0.004822
      225 0.000040  -0.004761
      357 0.000040   0.004758
      397 0.000039  -0.004580
      608 0.000038  -0.004556
      591 0.000038   0.004546
      275 0.000038  -0.004513
      874 0.000038  -0.004484
      904 0.000038   0.004458
      296 0.000037  -0.004346
      592 0.000037  -0.004332
     1001 0.000036  -0.004304
      360 0.000036  -0.004287
      298 0.000036  -0.004273
      535 0.000036   0.004258
      264 0.000036  -0.004240
      950 0.000036  -0.004238
      215 0.000035  -0.004181
      310 0.000035  -0.004175
      680 0.000035   0.004171
      636 0.000035  -0.004127
      884 0.000035  -0.004126
      530 0.000035   0.004093
      993 0.000035   0.004092
      252 0.000034   0.004054
      965 0.000034  -0.004036
      933 0.000034   0.004015
      643 0.000033  -0.003957
      880 0.000033   0.003867
     1025 0.000033   0.003862
      491 0.000032   0.003848
      235 0.000032  -0.003825
      432 0.000032   0.003825
      894 0.000032  -0.003821
      518 0.000032   0.003801
      410 0.000032  -0.003790
      943 0.000032   0.003782
      488 0.000032   0.003757
      213 0.000031   0.003687
      475 0.000030  -0.003542
      233 0.000030   0.003530
      942 0.000030   0.003526
      337 0.000030  -0.003505
     1032 0.000029   0.003470
      532 0.000029   0.003427
      420 0.000029   0.003419
      319 0.000028   0.003277
      191 0.000027   0.003257
      192 0.000027  -0.003243
      677 0.000027   0.003212
     1017 0.000027   0.003199
      524 0.000027  -0.003169
      221 0.000027   0.003162
      900 0.000026  -0.003122
      399 0.000026  -0.003088
      610 0.000026  -0.003064
      227 0.000026  -0.003041
      792 0.000025   0.002989
      814 0.000025   0.002971
      938 0.000025   0.002968
      347 0.000025  -0.002965
      237 0.000025   0.002954
      842 0.000025  -0.002946
      538 0.000025   0.002925
      445 0.000024  -0.002866
      681 0.000024  -0.002825
      315 0.000024   0.002794
      424 0.000023  -0.002782
      917 0.000023   0.002764
      229 0.000023   0.002732
      519 0.000023   0.002706
      685 0.000023  -0.002676
      837 0.000023  -0.002672
      178 0.000022  -0.002653
      286 0.000022   0.002607
      285 0.000022  -0.002597
     1034 0.000022  -0.002592
      328 0.000022  -0.002564
      536 0.000022  -0.002552
      104 0.000021  -0.002541
      502 0.000021   0.002540
       98 0.000021   0.002498
      196 0.000021   0.002452
      197 0.000020  -0.002416
      195 0.000020   0.002414
      479 0.000020   0.002391
      489 0.000020   0.002376
      455 0.000020  -0.002363
      287 0.000020  -0.002357
      714 0.000019  -0.002296
      512 0.000019  -0.002272
      250 0.000019  -0.002267
      650 0.000019  -0.002244
      382 0.000019   0.002217
      101 0.000019   0.002201
       86 0.000019   0.002201
      405 0.000019   0.002195
     1052 0.000019   0.002192
      888 0.000018   0.002175
      458 0.000018   0.002174
      331 0.000018   0.002165
      332 0.000018  -0.002161
      115 0.000018   0.002126
      590 0.000018  -0.002113
      177 0.000018   0.002108
      463 0.000018  -0.002092
      452 0.000017  -0.002070
      505 0.000017   0.002059
      949 0.000017   0.002054
       66 0.000017  -0.002037
       99 0.000017   0.002024
      238 0.000017   0.002019
      964 0.000017   0.002015
      849 0.000017   0.002009
      198 0.000017   0.001979
      260 0.000017  -0.001978
       43 0.000017   0.001977
      769 0.000017  -0.001964
      852 0.000016  -0.001937
      200 0.000016   0.001923
      293 0.000016   0.001921
       87 0.000016   0.001911
       40 0.000016   0.001905
      705 0.000016  -0.001904
      526 0.000016   0.001893
      856 0.000016   0.001884
      437 0.000016   0.001883
      116 0.000016   0.001876
      804 0.000016  -0.001876
      616 0.000016  -0.001873
      514 0.000016   0.001867
      169 0.000016  -0.001855
      108 0.000015   0.001831
      534 0.000015  -0.001822
      242 0.000015   0.001806
      887 0.000015   0.001801
      324 0.000015  -0.001792
      142 0.000015   0.001762
      342 0.000015   0.001759
       41 0.000015  -0.001746
      483 0.000015  -0.001744
      732 0.000015   0.001734
        9 0.000014  -0.001709
       34 0.000014  -0.001690
      119 0.000014  -0.001683
       47 0.000014  -0.001680
       81 0.000014   0.001674
       35 0.000014  -0.001668
       10 0.000014  -0.001667
       42 0.000014   0.001667
      240 0.000014  -0.001650
      346 0.000014   0.001646
       80 0.000014  -0.001621
      875 0.000014  -0.001614
      363 0.000014   0.001603
      619 0.000014   0.001600
      811 0.000013   0.001595
      625 0.000013   0.001584
      248 0.000013  -0.001576
      450 0.000013  -0.001568
      543 0.000013  -0.001566
      180 0.000013   0.001564
      988 0.000013  -0.001564
      288 0.000013   0.001549
      653 0.000013  -0.001549
      201 0.000013  -0.001533
      106 0.000013  -0.001523
      120 0.000013  -0.001499
       89 0.000012   0.001454
      351 0.000012  -0.001453
      971 0.000012  -0.001439
      816 0.000012   0.001438
      876 0.000012  -0.001436
      190 0.000012   0.001436
      838 0.000012   0.001436
     1047 0.000012   0.001435
      927 0.000012  -0.001416
      462 0.000012   0.001411
      755 0.000012  -0.001394
      117 0.000012   0.001387
       46 0.000012   0.001385
       36 0.000012  -0.001367
       37 0.000012  -0.001365
      634 0.000011  -0.001357
      141 0.000011  -0.001349
      868 0.000011  -0.001340
      172 0.000011   0.001338
      473 0.000011  -0.001337
      957 0.000011   0.001337
      662 0.000011  -0.001336
      729 0.000011   0.001333
      669 0.000011   0.001330
       95 0.000011   0.001328
      136 0.000011   0.001328
      694 0.000011   0.001323
      934 0.000011  -0.001315
      966 0.000011   0.001314
      110 0.000011   0.001310
      656 0.000011  -0.001308
      907 0.000011   0.001304
       45 0.000011  -0.001303
      278 0.000011  -0.001302
      810 0.000011   0.001279
      434 0.000011   0.001277
      903 0.000011  -0.001267
       32 0.000011  -0.001263
      223 0.000011   0.001258
      487 0.000011  -0.001254
     1010 0.000010   0.001237
      830 0.000010   0.001236
      146 0.000010  -0.001215
      152 0.000010  -0.001213
      921 0.000010  -0.001201
      702 0.000010  -0.001199
      114 0.000010   0.001196
      598 0.000010   0.001195
euclid. distance of OLC and linear combination of EV * x_coef: 0.011828363518637119

Generate samples based on objective loadcase 999
nr_to_generate: 25

Parameter variation distribution settings
distribution: uniform
low: 0.7
high: 1.3

Total process runtime: 0:00:01.312617
