Date and Time:2023-05-12 14:23:15.211390

Initial Settings:
similarity_model: <function cosine_similarity at 0x000001D005A6E5E0>
similarity_threshold: 1e-05
nr_eigv_to_select: None
distribution: uniform
deviation: 0.3
nr_to_generate: 25
recompute: False

Selected eigenvectors and similarity score w.r.t objective loadcase:
objective_loadcase_nr: 786
similarity_model: cosine_similarity
similarity_threshold: 1e-05
nr_eigv_to_select: None
nr_eigv_selected: 509
approximation parameter model: lstsq
similarity score and approx. param. value
:  eigv_idx    score      value
        3 0.577797  42.473152
        1 0.524757  38.574245
        2 0.505900 -37.188075
        0 0.364676  26.806910
        6 0.031394   2.307753
       39 0.025659   1.886159
        4 0.012121   0.890993
      639 0.003201   0.235313
      218 0.002323  -0.170747
      186 0.002064  -0.151752
      593 0.001967  -0.144621
      612 0.001837  -0.135060
      586 0.001834   0.134847
      710 0.001677  -0.123309
      187 0.001357  -0.099771
      716 0.001300   0.095579
       68 0.001206  -0.088658
      595 0.001195   0.087837
      618 0.001117   0.082115
      668 0.001096   0.080568
      663 0.001063  -0.078120
      626 0.001012   0.074387
      686 0.000968  -0.071134
      194 0.000911   0.067002
      388 0.000850  -0.062469
      749 0.000836  -0.061427
      688 0.000821  -0.060365
      143 0.000802   0.058969
      659 0.000802  -0.058947
      617 0.000767   0.056367
      599 0.000724   0.053208
      582 0.000685  -0.050388
      621 0.000685  -0.050355
      562 0.000682  -0.050157
      635 0.000673   0.049439
      670 0.000659   0.048472
      704 0.000632  -0.046446
      183 0.000619   0.045491
      578 0.000572   0.042044
      341 0.000570   0.041919
      718 0.000556  -0.040890
      733 0.000551   0.040471
      567 0.000528  -0.038777
      579 0.000525   0.038580
      606 0.000517  -0.037982
      253 0.000512  -0.037658
      708 0.000509   0.037424
      735 0.000496  -0.036471
      577 0.000496  -0.036445
      602 0.000495  -0.036382
      698 0.000488  -0.035848
       69 0.000485   0.035642
      153 0.000475   0.034953
      267 0.000462  -0.033963
      666 0.000446  -0.032749
      174 0.000433   0.031810
      575 0.000433   0.031810
      696 0.000430  -0.031579
      709 0.000428  -0.031488
       71 0.000426   0.031319
      220 0.000418  -0.030748
      258 0.000402  -0.029563
      620 0.000395  -0.029016
      700 0.000392   0.028826
      707 0.000389  -0.028572
      683 0.000369   0.027137
      601 0.000366   0.026884
      753 0.000363  -0.026701
      641 0.000359  -0.026359
      230 0.000354  -0.026030
      210 0.000338  -0.024846
      756 0.000332  -0.024396
      699 0.000332  -0.024372
      848 0.000325  -0.023884
      227 0.000322   0.023702
      412 0.000320  -0.023525
      583 0.000320  -0.023507
      273 0.000304  -0.022355
      419 0.000297  -0.021845
      362 0.000291  -0.021372
      403 0.000289   0.021251
      793 0.000288  -0.021160
      807 0.000287   0.021121
      631 0.000286  -0.021000
      182 0.000285  -0.020962
      853 0.000285  -0.020958
      587 0.000281   0.020684
      757 0.000269  -0.019780
      269 0.000267  -0.019631
      383 0.000266   0.019538
      243 0.000259   0.019006
      235 0.000254  -0.018649
      239 0.000254   0.018643
      263 0.000251  -0.018449
      726 0.000249  -0.018340
      741 0.000242   0.017760
      361 0.000241   0.017698
      739 0.000233  -0.017098
      299 0.000232   0.017028
      570 0.000231  -0.016948
      763 0.000223   0.016422
       70 0.000222   0.016287
      137 0.000220  -0.016164
      750 0.000219   0.016085
      759 0.000212  -0.015603
      184 0.000207  -0.015197
      377 0.000204  -0.014962
      204 0.000201   0.014784
      787 0.000194   0.014233
      580 0.000192  -0.014131
      857 0.000192  -0.014106
      576 0.000192  -0.014089
      818 0.000191  -0.014051
      658 0.000189   0.013886
      301 0.000188  -0.013817
      855 0.000185  -0.013565
      604 0.000183  -0.013483
      400 0.000183  -0.013451
      199 0.000181  -0.013300
      206 0.000181   0.013288
      743 0.000181  -0.013270
      373 0.000180  -0.013232
      427 0.000179  -0.013169
      132 0.000177   0.013027
      824 0.000177   0.013005
      228 0.000177  -0.013004
      247 0.000174   0.012822
      564 0.000173  -0.012703
      175 0.000172  -0.012659
      800 0.000171  -0.012535
      312 0.000170  -0.012512
      742 0.000167  -0.012260
      711 0.000164   0.012050
      574 0.000163  -0.011994
      549 0.000162  -0.011934
      591 0.000161   0.011808
      795 0.000159   0.011670
      553 0.000157  -0.011552
      392 0.000157   0.011547
      784 0.000156  -0.011445
      223 0.000155   0.011415
      667 0.000153   0.011257
      628 0.000153   0.011234
      859 0.000151   0.011068
      829 0.000150   0.011025
      820 0.000149  -0.010977
      290 0.000148   0.010858
      828 0.000148  -0.010853
      616 0.000147  -0.010792
      941 0.000142  -0.010444
      605 0.000142  -0.010431
      332 0.000142  -0.010430
      790 0.000142   0.010430
      778 0.000141  -0.010377
      808 0.000138   0.010149
      275 0.000138  -0.010126
      355 0.000136   0.010009
      736 0.000136  -0.009994
      179 0.000135   0.009950
      337 0.000135  -0.009929
      665 0.000132  -0.009736
      770 0.000130   0.009570
      566 0.000130   0.009555
      277 0.000130   0.009521
      775 0.000130   0.009520
      369 0.000129   0.009491
      585 0.000129  -0.009449
      257 0.000128  -0.009417
      557 0.000127  -0.009326
      217 0.000124  -0.009141
      398 0.000120  -0.008807
      690 0.000118   0.008664
      329 0.000117  -0.008622
      298 0.000117  -0.008614
      645 0.000116   0.008517
      423 0.000115  -0.008471
      431 0.000114  -0.008353
      815 0.000113  -0.008277
      279 0.000112  -0.008267
      294 0.000111  -0.008190
      380 0.000111   0.008129
      171 0.000109  -0.008043
      271 0.000109   0.008015
      569 0.000108   0.007936
      255 0.000108  -0.007927
       88 0.000108  -0.007912
      367 0.000106   0.007794
      697 0.000104   0.007672
      638 0.000104  -0.007661
      354 0.000103   0.007586
      684 0.000103  -0.007570
      799 0.000103  -0.007568
      687 0.000103   0.007549
      241 0.000102   0.007533
      600 0.000101  -0.007449
      295 0.000101  -0.007429
      266 0.000099  -0.007271
      353 0.000098  -0.007236
      201 0.000098  -0.007228
      908 0.000098  -0.007207
      728 0.000097  -0.007156
      864 0.000097   0.007137
      436 0.000095   0.007001
      292 0.000095  -0.006994
      734 0.000094  -0.006944
      723 0.000093  -0.006807
      251 0.000093  -0.006806
      782 0.000091  -0.006686
      847 0.000090   0.006628
      744 0.000090  -0.006606
      943 0.000090   0.006601
      769 0.000089   0.006567
      581 0.000089  -0.006532
      234 0.000088   0.006465
      573 0.000087   0.006392
      285 0.000087   0.006375
      261 0.000086  -0.006328
      974 0.000085   0.006272
      611 0.000085  -0.006269
      594 0.000085  -0.006249
       93 0.000083  -0.006125
      321 0.000083  -0.006107
      840 0.000082  -0.006037
      948 0.000080   0.005889
      281 0.000080   0.005887
      104 0.000080   0.005868
      325 0.000080  -0.005859
      773 0.000079   0.005838
      560 0.000078  -0.005763
      844 0.000078  -0.005747
      884 0.000078  -0.005721
      937 0.000078  -0.005710
      552 0.000077  -0.005659
      701 0.000077  -0.005637
      342 0.000077   0.005625
      843 0.000075  -0.005499
      390 0.000073   0.005390
      860 0.000073  -0.005361
      584 0.000072  -0.005268
      694 0.000071   0.005214
      823 0.000071   0.005201
      880 0.000070   0.005169
      978 0.000069   0.005103
      268 0.000069  -0.005074
      629 0.000069  -0.005040
      302 0.000068  -0.004995
      572 0.000068  -0.004991
      364 0.000066  -0.004852
      291 0.000066   0.004841
      870 0.000066  -0.004829
      826 0.000065  -0.004763
      654 0.000063   0.004655
      589 0.000062  -0.004584
     1095 0.000062  -0.004559
      632 0.000062   0.004541
      107 0.000061  -0.004493
      262 0.000060  -0.004444
      882 0.000060   0.004438
      356 0.000060  -0.004436
      318 0.000060  -0.004429
      789 0.000059   0.004325
      283 0.000058   0.004299
     1005 0.000058   0.004286
      428 0.000058   0.004259
      319 0.000057   0.004170
      539 0.000057   0.004160
      801 0.000057  -0.004155
      913 0.000056  -0.004143
      765 0.000056   0.004140
      545 0.000056  -0.004126
      289 0.000056   0.004114
      722 0.000056  -0.004104
      386 0.000055   0.004050
      762 0.000055  -0.004029
      414 0.000055   0.004013
      425 0.000054   0.003960
      895 0.000053   0.003902
      590 0.000051  -0.003781
      323 0.000051  -0.003770
      780 0.000050   0.003675
      138 0.000050  -0.003672
      792 0.000050   0.003645
      874 0.000049  -0.003616
      849 0.000049   0.003606
      322 0.000049  -0.003585
      831 0.000049   0.003567
      528 0.000048   0.003555
      894 0.000048  -0.003548
      313 0.000047  -0.003473
      596 0.000047  -0.003450
      935 0.000047  -0.003446
      284 0.000046   0.003411
      308 0.000046  -0.003398
      922 0.000046  -0.003380
      374 0.000045   0.003343
      315 0.000045   0.003324
      169 0.000045  -0.003302
      561 0.000044   0.003242
      627 0.000044   0.003230
      955 0.000043   0.003195
      821 0.000043  -0.003193
      535 0.000043   0.003187
      406 0.000043  -0.003186
      643 0.000043  -0.003181
      805 0.000043  -0.003136
      830 0.000042   0.003123
      957 0.000042   0.003120
      225 0.000042   0.003053
      226 0.000041   0.003008
      193 0.000041   0.003003
      942 0.000039   0.002903
      343 0.000039  -0.002852
      359 0.000038   0.002814
      842 0.000037  -0.002716
      244 0.000037  -0.002698
      988 0.000037  -0.002692
      950 0.000036  -0.002672
      394 0.000036   0.002666
      413 0.000036  -0.002627
      833 0.000036  -0.002623
      964 0.000035   0.002607
      727 0.000035  -0.002603
      881 0.000035  -0.002601
      971 0.000035  -0.002562
      357 0.000035  -0.002551
      278 0.000035   0.002543
     1096 0.000034   0.002497
      491 0.000034   0.002492
      841 0.000033   0.002456
      685 0.000033  -0.002453
      568 0.000033   0.002441
      614 0.000033   0.002440
      518 0.000033   0.002410
      540 0.000032  -0.002344
      879 0.000032  -0.002334
      832 0.000032   0.002320
      333 0.000031  -0.002295
      407 0.000031  -0.002291
      488 0.000031   0.002291
      650 0.000031  -0.002282
      838 0.000031  -0.002269
      811 0.000031   0.002265
      532 0.000031   0.002257
      597 0.000031  -0.002252
     1073 0.000031  -0.002247
       91 0.000030  -0.002232
      921 0.000030  -0.002223
      382 0.000030  -0.002218
      904 0.000030   0.002208
      409 0.000030  -0.002205
      791 0.000030   0.002185
      448 0.000029   0.002167
      794 0.000029   0.002160
      366 0.000029   0.002157
      161 0.000029   0.002151
      748 0.000029  -0.002122
      610 0.000028  -0.002085
      360 0.000028   0.002074
      542 0.000028   0.002072
      310 0.000028  -0.002049
      810 0.000027   0.002015
      933 0.000027   0.001993
      410 0.000027  -0.001992
      475 0.000026  -0.001940
      286 0.000026   0.001929
      636 0.000026  -0.001929
      983 0.000026   0.001918
      669 0.000026   0.001917
      524 0.000026  -0.001900
      680 0.000026   0.001896
      977 0.000026   0.001890
      928 0.000025  -0.001868
      835 0.000025  -0.001861
      445 0.000025  -0.001839
      402 0.000025  -0.001820
      837 0.000025  -0.001818
      297 0.000025  -0.001818
      131 0.000025   0.001803
      256 0.000024   0.001744
      530 0.000023   0.001719
      927 0.000023  -0.001718
     1032 0.000023   0.001714
      875 0.000023  -0.001709
      609 0.000023   0.001708
      655 0.000023  -0.001693
      640 0.000023  -0.001685
      856 0.000023   0.001680
      623 0.000023  -0.001669
      987 0.000023   0.001666
      384 0.000023  -0.001664
      839 0.000023   0.001658
     1034 0.000023  -0.001655
      526 0.000022   0.001641
      713 0.000022   0.001638
      424 0.000022  -0.001635
      248 0.000022   0.001617
      876 0.000022  -0.001609
     1010 0.000021   0.001578
      899 0.000021  -0.001577
     1009 0.000021  -0.001554
      320 0.000021   0.001550
      598 0.000021  -0.001520
      934 0.000021  -0.001519
     1001 0.000020  -0.001486
      264 0.000020   0.001482
      259 0.000020   0.001462
      677 0.000020   0.001461
      592 0.000019   0.001430
      240 0.000019  -0.001401
      479 0.000019   0.001399
      776 0.000019  -0.001398
      238 0.000019  -0.001364
      236 0.000018   0.001360
      514 0.000018   0.001356
      432 0.000018   0.001343
      691 0.000018   0.001340
      798 0.000018  -0.001338
      902 0.000018  -0.001328
      916 0.000018  -0.001327
      237 0.000018   0.001326
      814 0.000018   0.001321
      625 0.000018  -0.001315
      959 0.000018  -0.001300
      898 0.000018   0.001298
      764 0.000017  -0.001270
      868 0.000017   0.001268
      270 0.000017  -0.001264
      536 0.000017  -0.001247
      316 0.000017  -0.001245
      397 0.000017  -0.001238
      519 0.000017   0.001229
      399 0.000017  -0.001222
      714 0.000016  -0.001205
     1003 0.000016  -0.001205
      296 0.000016  -0.001205
     1025 0.000016   0.001197
      463 0.000016  -0.001196
      502 0.000016   0.001191
     1016 0.000016  -0.001191
      455 0.000016  -0.001190
      437 0.000016   0.001167
      188 0.000016  -0.001165
      637 0.000016  -0.001151
      209 0.000016   0.001149
      324 0.000016  -0.001149
      852 0.000016  -0.001145
      891 0.000015  -0.001139
      649 0.000015  -0.001139
      350 0.000015   0.001118
      512 0.000015  -0.001109
      803 0.000015   0.001072
      907 0.000015   0.001069
      936 0.000014   0.001057
     1020 0.000014  -0.001053
      458 0.000014   0.001048
       45 0.000014   0.001046
     1017 0.000014   0.001042
      232 0.000014  -0.001033
      265 0.000014   0.001030
      746 0.000014   0.001025
      858 0.000014  -0.001021
      489 0.000014   0.001008
      648 0.000014  -0.000998
      949 0.000014   0.000997
      671 0.000013   0.000990
      720 0.000013  -0.000988
      405 0.000013   0.000971
      282 0.000013  -0.000968
      642 0.000013   0.000968
      335 0.000013  -0.000968
      809 0.000013   0.000962
      804 0.000013   0.000958
     1040 0.000013  -0.000954
      216 0.000013  -0.000949
      214 0.000013   0.000946
      732 0.000012   0.000917
      245 0.000012  -0.000915
      802 0.000012   0.000909
      450 0.000012  -0.000876
      729 0.000012  -0.000876
      505 0.000012   0.000874
      224 0.000012  -0.000856
      984 0.000011  -0.000842
       50 0.000011   0.000837
      917 0.000011   0.000833
      452 0.000011  -0.000830
      662 0.000011  -0.000820
       87 0.000011  -0.000814
      952 0.000011  -0.000811
      903 0.000011   0.000810
      747 0.000011   0.000803
     1052 0.000011   0.000803
       51 0.000011  -0.000802
      483 0.000011  -0.000794
      717 0.000011  -0.000792
      272 0.000011   0.000789
      693 0.000011   0.000785
      755 0.000011   0.000783
      634 0.000011  -0.000776
      487 0.000011  -0.000773
      738 0.000010  -0.000771
       92 0.000010  -0.000761
      816 0.000010   0.000756
     1061 0.000010  -0.000752
       38 0.000010   0.000752
      993 0.000010   0.000751
      328 0.000010  -0.000750
      148 0.000010   0.000740
      619 0.000010   0.000739
euclid. distance of OLC and linear combination of EV * x_coef: 0.0067637323290756285

Generate samples based on objective loadcase 786
nr_to_generate: 25

Parameter variation distribution settings
distribution: uniform
low: 0.7
high: 1.3

Total process runtime: 0:00:01.299634
