Date and Time:2023-05-12 14:07:09.772552

Initial Settings:
similarity_model: <function cosine_similarity at 0x000001D005A6E5E0>
similarity_threshold: 1e-05
nr_eigv_to_select: None
distribution: uniform
deviation: 0.3
nr_to_generate: 25
recompute: False

Selected eigenvectors and similarity score w.r.t objective loadcase:
objective_loadcase_nr: 61
similarity_model: cosine_similarity
similarity_threshold: 1e-05
nr_eigv_to_select: None
nr_eigv_selected: 646
approximation parameter model: lstsq
similarity score and approx. param. value
:  eigv_idx    score      value
        3 0.554388  44.847433
        1 0.546379  44.199547
        2 0.490753 -39.699714
        0 0.388413  31.420818
        6 0.043699   3.535091
       39 0.017948   1.451923
        4 0.010783   0.872296
      639 0.003282   0.265523
       68 0.003100  -0.250736
      612 0.001875  -0.151672
      186 0.001856  -0.150104
      593 0.001822  -0.147409
      218 0.001759  -0.142260
      586 0.001679   0.135850
      710 0.001532  -0.123922
      716 0.001396   0.112937
      618 0.001388   0.112293
      143 0.001371   0.110944
      668 0.001240   0.100312
      663 0.001239  -0.100208
      182 0.001228  -0.099372
      187 0.001193  -0.096504
      595 0.001045   0.084535
      749 0.000994  -0.080424
      686 0.000887  -0.071786
      659 0.000887  -0.071764
      184 0.000864  -0.069908
      194 0.000828   0.066943
      688 0.000803  -0.064947
      388 0.000793  -0.064177
      617 0.000775   0.062711
      626 0.000744   0.060173
      562 0.000679  -0.054950
      599 0.000674   0.054499
      582 0.000661  -0.053477
      635 0.000661   0.053431
      579 0.000647   0.052356
       71 0.000632  -0.051087
      683 0.000630   0.050925
      578 0.000620   0.050153
      700 0.000594   0.048083
      735 0.000594  -0.048027
      137 0.000582  -0.047056
      670 0.000568   0.045929
      183 0.000558   0.045120
      621 0.000535  -0.043300
       70 0.000528   0.042732
      733 0.000514   0.041562
      253 0.000510  -0.041265
      341 0.000492   0.039838
      666 0.000475  -0.038456
      179 0.000466   0.037707
       69 0.000466  -0.037666
      698 0.000456  -0.036892
      708 0.000450   0.036411
      606 0.000443  -0.035856
      174 0.000433   0.034993
      153 0.000433   0.034992
      602 0.000431  -0.034855
      228 0.000427  -0.034530
      567 0.000420  -0.034001
      220 0.000407  -0.032914
      756 0.000390  -0.031556
      620 0.000385  -0.031171
      577 0.000383  -0.030955
      709 0.000382  -0.030893
      171 0.000380  -0.030754
      741 0.000374   0.030217
      267 0.000367  -0.029721
      641 0.000362  -0.029271
      757 0.000356  -0.028830
      583 0.000355  -0.028692
      575 0.000355   0.028679
      718 0.000351  -0.028412
      362 0.000340  -0.027491
      699 0.000334  -0.026989
      243 0.000313   0.025287
      739 0.000309  -0.024996
      403 0.000309   0.024976
      601 0.000308   0.024895
      853 0.000299  -0.024178
      604 0.000291  -0.023579
      132 0.000291   0.023578
      848 0.000290  -0.023447
      383 0.000279   0.022538
      576 0.000275  -0.022258
      419 0.000274  -0.022162
      807 0.000271   0.021935
      750 0.000270   0.021821
      412 0.000267  -0.021560
      204 0.000264   0.021370
      787 0.000264   0.021364
      210 0.000258  -0.020850
      628 0.000257   0.020828
      631 0.000251  -0.020297
      258 0.000247  -0.019993
      587 0.000245   0.019858
      704 0.000234  -0.018923
      753 0.000230  -0.018623
      400 0.000230  -0.018576
      277 0.000229   0.018561
      356 0.000229  -0.018533
      199 0.000224  -0.018084
      161 0.000222   0.017938
      570 0.000214  -0.017343
      658 0.000209   0.016926
      377 0.000209  -0.016874
      273 0.000204  -0.016496
      148 0.000203   0.016389
      255 0.000202  -0.016335
      271 0.000200   0.016161
      235 0.000199  -0.016064
      573 0.000198   0.016004
      818 0.000185  -0.014944
      857 0.000184  -0.014881
      369 0.000182   0.014735
      585 0.000182  -0.014685
      793 0.000180  -0.014582
      743 0.000180  -0.014547
      580 0.000179  -0.014444
      175 0.000178  -0.014414
      707 0.000173  -0.014020
      557 0.000173  -0.014009
      564 0.000172  -0.013937
      251 0.000172  -0.013889
      254 0.000170   0.013767
      828 0.000166  -0.013468
      800 0.000165  -0.013382
      241 0.000164   0.013284
      941 0.000164  -0.013279
      605 0.000164  -0.013257
      726 0.000163  -0.013151
      301 0.000161  -0.013002
      269 0.000160  -0.012950
      711 0.000160   0.012923
      566 0.000159   0.012892
      824 0.000158   0.012756
      815 0.000156  -0.012629
      427 0.000155  -0.012566
      239 0.000155   0.012520
      667 0.000152   0.012276
      247 0.000151   0.012198
      687 0.000150   0.012126
      855 0.000150  -0.012109
      629 0.000150  -0.012098
      820 0.000146  -0.011795
      640 0.000144  -0.011654
      292 0.000143  -0.011580
      380 0.000143   0.011580
      790 0.000141   0.011432
      665 0.000141  -0.011373
      193 0.000140  -0.011331
      859 0.000139   0.011227
      234 0.000138   0.011196
      553 0.000138  -0.011143
      209 0.000137  -0.011097
      770 0.000136   0.011020
      230 0.000136  -0.010972
      829 0.000136   0.010964
      299 0.000132   0.010669
      138 0.000129   0.010457
      784 0.000129  -0.010407
      354 0.000129   0.010399
      574 0.000129  -0.010398
      847 0.000127   0.010238
      353 0.000124  -0.010010
      308 0.000123  -0.009983
      690 0.000122   0.009875
      696 0.000120  -0.009692
      801 0.000119  -0.009590
      107 0.000118  -0.009525
      217 0.000117  -0.009473
      742 0.000116  -0.009369
       91 0.000115  -0.009337
      549 0.000114  -0.009232
      795 0.000114   0.009216
      294 0.000113  -0.009162
      808 0.000113   0.009142
      394 0.000113   0.009111
      638 0.000113  -0.009105
      227 0.000112   0.009058
      436 0.000111   0.008994
      773 0.000111   0.008965
      281 0.000109   0.008845
      908 0.000109  -0.008783
      364 0.000109   0.008783
      645 0.000107   0.008666
      423 0.000107  -0.008647
      600 0.000106  -0.008580
      697 0.000106   0.008577
      610 0.000106  -0.008557
      361 0.000105   0.008517
      431 0.000104  -0.008432
      373 0.000103  -0.008359
      291 0.000103   0.008310
      974 0.000102   0.008262
      798 0.000102   0.008227
      552 0.000101  -0.008207
      596 0.000100  -0.008124
      398 0.000100  -0.008072
      632 0.000098   0.007931
      263 0.000097  -0.007872
      581 0.000097  -0.007844
      840 0.000097  -0.007808
      359 0.000094  -0.007634
      799 0.000094  -0.007568
      392 0.000093   0.007520
      778 0.000092  -0.007457
      882 0.000091   0.007388
      386 0.000091   0.007386
      295 0.000091  -0.007372
      736 0.000091  -0.007368
      257 0.000091  -0.007363
      616 0.000090  -0.007257
      782 0.000089  -0.007219
      591 0.000088   0.007117
      744 0.000088  -0.007102
      734 0.000087  -0.007014
      222 0.000086  -0.006958
      350 0.000085  -0.006867
      844 0.000084  -0.006824
       81 0.000084   0.006815
       80 0.000084  -0.006808
      343 0.000084  -0.006775
      832 0.000082   0.006627
      728 0.000082  -0.006601
      611 0.000081  -0.006521
      654 0.000080   0.006479
      302 0.000080  -0.006444
      843 0.000079  -0.006428
      146 0.000079  -0.006369
      864 0.000077   0.006230
      701 0.000077  -0.006189
     1095 0.000076  -0.006145
      312 0.000076  -0.006110
      937 0.000076  -0.006110
      290 0.000074   0.006010
      627 0.000074   0.006000
      367 0.000074   0.005999
      103 0.000074  -0.005981
      298 0.000073  -0.005941
      262 0.000073  -0.005893
       76 0.000073   0.005876
      128 0.000072   0.005851
      740 0.000072  -0.005846
      402 0.000072  -0.005812
      588 0.000071   0.005717
      428 0.000070   0.005671
      105 0.000070  -0.005650
      158 0.000069  -0.005622
      955 0.000069   0.005600
      313 0.000069  -0.005599
      569 0.000069   0.005576
      414 0.000069   0.005560
      236 0.000068   0.005540
      943 0.000068   0.005522
      130 0.000068   0.005501
      609 0.000068   0.005501
      603 0.000068  -0.005490
      831 0.000068   0.005469
       60 0.000067   0.005452
      323 0.000067  -0.005449
       59 0.000067   0.005419
      723 0.000067  -0.005402
      589 0.000067  -0.005394
      223 0.000066   0.005379
      560 0.000066  -0.005358
       75 0.000066  -0.005346
      329 0.000066  -0.005344
      374 0.000066   0.005342
      110 0.000065  -0.005241
      164 0.000064   0.005185
      266 0.000064  -0.005184
      572 0.000064  -0.005170
     1005 0.000064   0.005166
      406 0.000064  -0.005138
      948 0.000063   0.005131
      748 0.000063  -0.005063
      322 0.000062  -0.005045
      978 0.000062   0.005043
      584 0.000062  -0.005036
      357 0.000062   0.005007
       63 0.000062  -0.004975
      913 0.000061  -0.004938
      337 0.000061  -0.004935
      765 0.000061   0.004899
      613 0.000060   0.004872
      594 0.000060  -0.004835
      333 0.000060  -0.004820
      545 0.000059  -0.004800
      355 0.000059   0.004792
      335 0.000059  -0.004778
      318 0.000059  -0.004744
      160 0.000059  -0.004735
      884 0.000058  -0.004689
       78 0.000056   0.004568
      152 0.000056  -0.004561
      206 0.000056   0.004549
      805 0.000056  -0.004537
      293 0.000056   0.004520
      681 0.000056  -0.004515
      539 0.000056   0.004497
      803 0.000055   0.004487
      821 0.000055  -0.004482
      870 0.000055  -0.004473
      880 0.000055   0.004467
      315 0.000055   0.004444
      334 0.000055   0.004441
      108 0.000055  -0.004439
      165 0.000055   0.004433
      320 0.000055   0.004413
      879 0.000054  -0.004400
       86 0.000054   0.004391
      213 0.000054   0.004385
      159 0.000054  -0.004375
      922 0.000053  -0.004316
      826 0.000053  -0.004315
      259 0.000053  -0.004285
      894 0.000052  -0.004227
      268 0.000052  -0.004201
      309 0.000052   0.004189
      874 0.000051  -0.004141
      590 0.000051  -0.004103
      147 0.000050  -0.004082
      169 0.000050  -0.004070
      759 0.000050   0.004054
      802 0.000050   0.004043
      304 0.000050  -0.004030
      895 0.000050   0.004010
      860 0.000048  -0.003911
      279 0.000048  -0.003907
      694 0.000048   0.003905
      425 0.000048   0.003889
      145 0.000048   0.003867
      332 0.000047  -0.003825
      684 0.000047  -0.003825
      314 0.000047  -0.003800
      133 0.000047   0.003772
      904 0.000047   0.003767
      245 0.000046  -0.003732
      136 0.000046  -0.003726
      891 0.000046  -0.003718
      597 0.000046  -0.003707
      264 0.000046  -0.003689
      101 0.000045  -0.003668
       93 0.000045  -0.003667
      823 0.000045   0.003667
       64 0.000045   0.003655
      528 0.000045   0.003623
      129 0.000045  -0.003618
      360 0.000044  -0.003588
       57 0.000044   0.003565
      789 0.000044   0.003561
      112 0.000043   0.003511
      349 0.000042   0.003435
      863 0.000042  -0.003431
      288 0.000042  -0.003428
       96 0.000042   0.003400
      625 0.000042   0.003395
      115 0.000042  -0.003384
      114 0.000042  -0.003372
      198 0.000041   0.003352
      125 0.000041   0.003290
      636 0.000040  -0.003270
      775 0.000040   0.003246
      540 0.000040  -0.003223
      776 0.000040  -0.003208
      762 0.000039   0.003187
       72 0.000039   0.003180
      561 0.000039   0.003168
      214 0.000039   0.003130
      680 0.000038   0.003110
      792 0.000038   0.003086
       89 0.000038   0.003079
      542 0.000038   0.003036
      649 0.000037  -0.002982
      321 0.000037  -0.002977
      881 0.000037  -0.002956
      261 0.000036  -0.002951
      260 0.000036   0.002882
      695 0.000036  -0.002880
      123 0.000035  -0.002863
      535 0.000035   0.002857
       62 0.000035   0.002837
      935 0.000035  -0.002832
       87 0.000035   0.002823
      109 0.000034  -0.002772
      413 0.000034   0.002763
      134 0.000034   0.002763
      150 0.000034   0.002761
      376 0.000034   0.002758
      276 0.000034   0.002743
      650 0.000034  -0.002715
      409 0.000034  -0.002714
      162 0.000033   0.002700
      987 0.000033   0.002679
      448 0.000033   0.002662
      310 0.000033  -0.002656
      275 0.000033  -0.002637
      491 0.000033   0.002634
      328 0.000033  -0.002631
      555 0.000032  -0.002620
      325 0.000032  -0.002615
      928 0.000032  -0.002609
      942 0.000032   0.002601
      215 0.000032  -0.002586
      488 0.000032   0.002576
      554 0.000032   0.002570
       99 0.000032  -0.002564
      296 0.000032  -0.002560
      390 0.000032   0.002555
      244 0.000031  -0.002542
      965 0.000031  -0.002512
      226 0.000031  -0.002510
       55 0.000031   0.002504
      933 0.000031   0.002501
     1001 0.000031  -0.002493
      867 0.000031   0.002491
      950 0.000031  -0.002489
      722 0.000031  -0.002477
       14 0.000030   0.002426
      518 0.000030   0.002414
       94 0.000030  -0.002411
      837 0.000030  -0.002406
       83 0.000030  -0.002401
       88 0.000029  -0.002366
       13 0.000029  -0.002356
      287 0.000029   0.002353
      664 0.000029   0.002351
      225 0.000029  -0.002341
      326 0.000029   0.002341
      964 0.000029   0.002336
      348 0.000029   0.002324
      842 0.000029  -0.002322
      410 0.000029  -0.002313
      330 0.000029  -0.002307
      532 0.000028   0.002293
      475 0.000028  -0.002293
      116 0.000028  -0.002284
      345 0.000028   0.002250
       98 0.000028  -0.002234
      530 0.000027   0.002193
      988 0.000027  -0.002191
      224 0.000027  -0.002160
      106 0.000026   0.002139
      407 0.000026  -0.002115
       67 0.000026  -0.002113
      297 0.000026  -0.002109
      675 0.000026  -0.002097
     1025 0.000026   0.002089
     1032 0.000026   0.002088
       53 0.000026   0.002081
      432 0.000026   0.002079
      317 0.000026   0.002076
      524 0.000026  -0.002063
      811 0.000025   0.002040
      344 0.000025  -0.002034
      352 0.000025   0.002026
      655 0.000025  -0.002017
        9 0.000025   0.002016
      216 0.000025  -0.002011
      993 0.000025   0.001996
       66 0.000024   0.001982
      858 0.000024  -0.001970
      623 0.000024   0.001970
      712 0.000024   0.001964
      120 0.000024   0.001954
      685 0.000024  -0.001952
      671 0.000024  -0.001951
       10 0.000024   0.001950
      283 0.000024  -0.001948
       21 0.000024  -0.001947
      763 0.000024   0.001944
      126 0.000024   0.001938
      185 0.000024   0.001933
      375 0.000024   0.001933
      338 0.000024   0.001926
      100 0.000024  -0.001924
      921 0.000023  -0.001889
      445 0.000023  -0.001868
      420 0.000023   0.001866
      102 0.000023   0.001846
      971 0.000023  -0.001833
       23 0.000023  -0.001827
      104 0.000022   0.001816
     1096 0.000022   0.001797
      648 0.000022  -0.001787
      282 0.000022  -0.001787
      286 0.000022  -0.001778
      966 0.000022   0.001776
      957 0.000022   0.001775
      142 0.000022   0.001751
      319 0.000021   0.001739
      397 0.000021  -0.001731
      849 0.000021   0.001719
      608 0.000021   0.001718
      157 0.000021   0.001714
     1017 0.000021   0.001707
      479 0.000021   0.001706
      382 0.000021   0.001688
      156 0.000021   0.001672
      384 0.000021   0.001665
      248 0.000021  -0.001661
      769 0.000020   0.001655
     1034 0.000020  -0.001653
      424 0.000020  -0.001630
      163 0.000020   0.001620
       56 0.000020  -0.001619
      724 0.000020   0.001607
      139 0.000020  -0.001597
      839 0.000020   0.001585
      221 0.000020   0.001580
      804 0.000019  -0.001561
      307 0.000019  -0.001559
      983 0.000019   0.001555
      927 0.000019  -0.001552
      705 0.000019  -0.001551
      117 0.000019  -0.001549
      598 0.000019  -0.001542
      232 0.000019  -0.001537
      810 0.000019   0.001528
       73 0.000019   0.001527
       19 0.000019  -0.001527
      693 0.000019   0.001525
       65 0.000019   0.001522
      814 0.000019   0.001519
      519 0.000019   0.001518
      856 0.000019   0.001517
      677 0.000019  -0.001501
      155 0.000019  -0.001498
      240 0.000019   0.001497
      342 0.000018   0.001496
      653 0.000018  -0.001479
      673 0.000018  -0.001475
      170 0.000018   0.001463
      526 0.000018   0.001460
      559 0.000018  -0.001437
      614 0.000018  -0.001425
      714 0.000018  -0.001424
      900 0.000018  -0.001422
      144 0.000018   0.001421
      401 0.000018  -0.001417
      372 0.000017  -0.001410
      181 0.000017  -0.001408
      387 0.000017  -0.001408
      363 0.000017   0.001404
      455 0.000017  -0.001402
      378 0.000017  -0.001388
      563 0.000017   0.001381
      514 0.000017   0.001372
      463 0.000017  -0.001359
      536 0.000017  -0.001353
      426 0.000017   0.001352
      643 0.000017  -0.001349
      124 0.000017  -0.001348
      502 0.000017   0.001342
      512 0.000016  -0.001333
      809 0.000016   0.001327
      339 0.000016   0.001325
      934 0.000016  -0.001319
      250 0.000016   0.001309
      324 0.000016   0.001305
      346 0.000016   0.001302
      917 0.000016   0.001288
      395 0.000016   0.001282
      538 0.000016   0.001276
       58 0.000016   0.001273
       24 0.000016   0.001272
     1052 0.000016   0.001261
      347 0.000016  -0.001255
      558 0.000016   0.001254
      188 0.000015  -0.001249
      316 0.000015  -0.001249
      729 0.000015   0.001241
      977 0.000015   0.001239
      458 0.000015   0.001237
       74 0.000015  -0.001237
      119 0.000015   0.001235
      437 0.000015   0.001228
      489 0.000015   0.001224
      340 0.000015  -0.001219
      816 0.000015   0.001216
      141 0.000015  -0.001210
       84 0.000015   0.001207
      565 0.000015   0.001207
      385 0.000015   0.001200
      265 0.000015   0.001197
      644 0.000014  -0.001168
      379 0.000014   0.001163
       92 0.000014   0.001161
      755 0.000014  -0.001158
      647 0.000014   0.001145
      242 0.000014   0.001127
       85 0.000014   0.001110
      452 0.000014  -0.001109
      938 0.000014   0.001104
      404 0.000013  -0.001085
      351 0.000013   0.001066
     1010 0.000013   0.001059
     1073 0.000013  -0.001057
     1009 0.000013  -0.001031
      732 0.000013   0.001026
      358 0.000013  -0.001013
       17 0.000012   0.001000
      876 0.000012  -0.000991
      450 0.000012  -0.000991
     1020 0.000012  -0.000986
      483 0.000012  -0.000984
      306 0.000012   0.000984
      371 0.000012  -0.000982
      916 0.000012  -0.000981
      794 0.000012   0.000975
      327 0.000012   0.000971
      505 0.000012   0.000951
      229 0.000012   0.000950
      875 0.000012  -0.000948
      127 0.000012  -0.000946
      888 0.000012   0.000945
      399 0.000012  -0.000938
       34 0.000012   0.000933
      195 0.000012  -0.000932
       77 0.000011  -0.000920
       32 0.000011   0.000918
     1016 0.000011  -0.000910
      883 0.000011   0.000908
      331 0.000011   0.000905
      822 0.000011  -0.000899
      118 0.000011   0.000895
      370 0.000011  -0.000892
      237 0.000011  -0.000891
      898 0.000011   0.000887
      841 0.000011   0.000883
      676 0.000011  -0.000883
      366 0.000011  -0.000877
      994 0.000011  -0.000870
      534 0.000011  -0.000859
      607 0.000011   0.000858
      233 0.000011   0.000854
       79 0.000010  -0.000849
      619 0.000010   0.000848
      368 0.000010   0.000845
      487 0.000010  -0.000844
       18 0.000010  -0.000838
      473 0.000010  -0.000827
      461 0.000010   0.000822
       48 0.000010   0.000813
euclid. distance of OLC and linear combination of EV * x_coef: 0.007231378602096342

Generate samples based on objective loadcase 61
nr_to_generate: 25

Parameter variation distribution settings
distribution: uniform
low: 0.7
high: 1.3

Total process runtime: 0:00:01.394726
