Date and Time:2023-05-12 14:16:34.443428

Initial Settings:
similarity_model: <function cosine_similarity at 0x000001D005A6E5E0>
similarity_threshold: 1e-05
nr_eigv_to_select: None
distribution: uniform
deviation: 0.3
nr_to_generate: 25
recompute: False

Selected eigenvectors and similarity score w.r.t objective loadcase:
objective_loadcase_nr: 485
similarity_model: cosine_similarity
similarity_threshold: 1e-05
nr_eigv_to_select: None
nr_eigv_selected: 644
approximation parameter model: lstsq
similarity score and approx. param. value
:  eigv_idx    score      value
        3 0.550188  44.070757
        1 0.548153  43.907712
        2 0.491550 -39.373756
        0 0.390550  31.283543
        6 0.046614   3.733860
       39 0.017240   1.380919
        4 0.010681   0.855549
       68 0.004149  -0.332329
      639 0.003448   0.276193
      186 0.002044  -0.163707
      612 0.001941  -0.155510
      593 0.001882  -0.150725
      218 0.001748  -0.139991
      586 0.001713   0.137212
      710 0.001487  -0.119113
       71 0.001485  -0.118960
      618 0.001419   0.113699
      716 0.001413   0.113167
      187 0.001408  -0.112796
      663 0.001334  -0.106856
      668 0.001268   0.101594
       69 0.001187  -0.095084
      595 0.001090   0.087345
      143 0.001024   0.082003
      182 0.000995  -0.079689
      194 0.000936   0.075009
      749 0.000925  -0.074133
      659 0.000923  -0.073906
      617 0.000902   0.072255
      686 0.000859  -0.068801
      388 0.000814  -0.065237
      184 0.000807  -0.064650
      688 0.000782  -0.062675
      626 0.000768   0.061540
      635 0.000741   0.059321
      599 0.000735   0.058906
      562 0.000708  -0.056689
       70 0.000701   0.056160
      579 0.000697   0.055794
      183 0.000678   0.054275
      683 0.000669   0.053599
      582 0.000664  -0.053211
      700 0.000649   0.051952
      578 0.000638   0.051076
      670 0.000612   0.049022
      621 0.000598  -0.047861
      735 0.000563  -0.045137
      733 0.000536   0.042953
      341 0.000514   0.041155
      666 0.000511  -0.040913
      698 0.000507  -0.040589
      602 0.000505  -0.040445
      708 0.000481   0.038497
      137 0.000448  -0.035867
      253 0.000439  -0.035203
      153 0.000439   0.035125
      179 0.000431   0.034542
      220 0.000419  -0.033549
      171 0.000415  -0.033237
      567 0.000412  -0.033011
      228 0.000404  -0.032378
      641 0.000396  -0.031683
      718 0.000391  -0.031324
      606 0.000390  -0.031240
      709 0.000377  -0.030204
      174 0.000377   0.030192
      583 0.000371  -0.029745
      756 0.000371  -0.029730
      577 0.000370  -0.029671
      362 0.000366  -0.029308
      210 0.000361  -0.028951
      243 0.000351   0.028085
      575 0.000343   0.027486
      741 0.000335   0.026818
      631 0.000334  -0.026768
      757 0.000333  -0.026709
      699 0.000332  -0.026598
      267 0.000329  -0.026387
      620 0.000318  -0.025492
      258 0.000313  -0.025092
      576 0.000307  -0.024597
      853 0.000307  -0.024578
      419 0.000290  -0.023242
      412 0.000290  -0.023226
      848 0.000289  -0.023114
      704 0.000286  -0.022888
      807 0.000282   0.022568
      628 0.000279   0.022321
      601 0.000271   0.021705
      604 0.000267  -0.021409
      739 0.000264  -0.021185
      403 0.000263   0.021096
      132 0.000263   0.021054
      787 0.000254   0.020324
      750 0.000251   0.020103
      587 0.000250   0.020032
      254 0.000247   0.019788
      400 0.000244  -0.019535
      361 0.000239   0.019136
      753 0.000237  -0.018989
      277 0.000234   0.018727
      377 0.000215  -0.017209
      383 0.000214   0.017150
      573 0.000214   0.017150
      549 0.000213  -0.017063
      658 0.000209   0.016729
      570 0.000204  -0.016337
       91 0.000194  -0.015554
      204 0.000194   0.015542
      148 0.000194   0.015533
      271 0.000189   0.015151
      580 0.000186  -0.014919
      707 0.000184  -0.014768
      161 0.000182   0.014595
      355 0.000182   0.014593
      793 0.000180  -0.014425
      815 0.000179  -0.014378
      373 0.000177  -0.014194
      857 0.000177  -0.014151
      743 0.000176  -0.014093
      564 0.000176  -0.014068
      269 0.000175  -0.014006
      273 0.000174  -0.013973
      427 0.000174  -0.013954
      941 0.000173  -0.013840
      234 0.000168   0.013491
      800 0.000166  -0.013314
      367 0.000166   0.013298
      640 0.000165  -0.013227
      687 0.000164   0.013156
      301 0.000164  -0.013154
      828 0.000163  -0.013074
      818 0.000161  -0.012916
      726 0.000160  -0.012806
      255 0.000159  -0.012701
      199 0.000157  -0.012601
      230 0.000157  -0.012548
      665 0.000156  -0.012505
      236 0.000153   0.012276
      820 0.000152  -0.012214
      711 0.000152   0.012209
      138 0.000152   0.012198
      249 0.000152  -0.012164
      299 0.000151   0.012084
      235 0.000149  -0.011957
      855 0.000148  -0.011870
      295 0.000146  -0.011722
      262 0.000144  -0.011524
      392 0.000143   0.011484
      175 0.000143  -0.011442
      566 0.000142   0.011398
      308 0.000142  -0.011383
      398 0.000141  -0.011333
      247 0.000141   0.011280
      790 0.000139   0.011154
      824 0.000139   0.011152
      380 0.000138   0.011033
      557 0.000136  -0.010873
      257 0.000135  -0.010838
      696 0.000132  -0.010613
      107 0.000131  -0.010492
      859 0.000130   0.010451
      784 0.000130  -0.010424
      847 0.000129   0.010321
      581 0.000127  -0.010183
      574 0.000125  -0.010049
      353 0.000125  -0.010019
      690 0.000125   0.010004
      808 0.000123   0.009832
      436 0.000122   0.009802
      198 0.000122   0.009765
      829 0.000122   0.009742
      667 0.000121   0.009668
      585 0.000120  -0.009643
      684 0.000120  -0.009623
      312 0.000120  -0.009620
      241 0.000120   0.009599
      795 0.000118   0.009465
      294 0.000118  -0.009417
      770 0.000117   0.009336
      431 0.000116  -0.009318
      908 0.000115  -0.009236
      605 0.000115  -0.009235
      275 0.000115  -0.009188
      423 0.000114  -0.009119
      261 0.000113  -0.009083
      798 0.000113   0.009070
      227 0.000112   0.008995
      390 0.000110   0.008774
      281 0.000109   0.008740
      742 0.000109  -0.008727
      364 0.000108  -0.008649
      974 0.000106   0.008461
      223 0.000104   0.008293
      840 0.000103  -0.008289
      843 0.000102  -0.008170
      778 0.000101  -0.008097
      723 0.000100  -0.007975
      645 0.000100   0.007975
      239 0.000099   0.007911
      882 0.000098   0.007889
      801 0.000098  -0.007858
      263 0.000097  -0.007776
      799 0.000096  -0.007675
      561 0.000096   0.007657
      266 0.000095  -0.007594
      594 0.000094  -0.007559
      734 0.000094  -0.007536
      572 0.000094  -0.007518
      222 0.000093  -0.007477
      773 0.000091   0.007328
      611 0.000091  -0.007326
      553 0.000091  -0.007261
      297 0.000090  -0.007201
      217 0.000089  -0.007161
      728 0.000087  -0.006979
      614 0.000087   0.006957
      744 0.000086  -0.006928
      600 0.000086  -0.006927
      697 0.000085   0.006842
      629 0.000085  -0.006832
      302 0.000085  -0.006781
      736 0.000084  -0.006750
      292 0.000084  -0.006750
      264 0.000080   0.006422
      359 0.000080   0.006412
      315 0.000080   0.006384
      386 0.000080   0.006380
      319 0.000079   0.006362
      402 0.000079   0.006357
      354 0.000079   0.006351
     1095 0.000079  -0.006339
      335 0.000079   0.006337
      407 0.000078  -0.006257
      782 0.000078  -0.006246
      320 0.000078  -0.006236
      638 0.000077  -0.006169
      428 0.000076   0.006081
      337 0.000075  -0.006017
      349 0.000075  -0.006014
      864 0.000074   0.005946
      589 0.000074  -0.005889
      937 0.000074  -0.005889
      406 0.000073   0.005870
      844 0.000072  -0.005802
      397 0.000072  -0.005799
      414 0.000072   0.005766
      268 0.000072  -0.005751
      955 0.000072   0.005734
      545 0.000070  -0.005602
      584 0.000070  -0.005570
      323 0.000069  -0.005538
      276 0.000069  -0.005502
      805 0.000069  -0.005487
      343 0.000068  -0.005450
      332 0.000066  -0.005291
      360 0.000066   0.005291
      369 0.000066   0.005289
      978 0.000066   0.005272
      425 0.000066   0.005251
     1005 0.000065   0.005232
      591 0.000065   0.005218
      826 0.000064  -0.005158
      740 0.000064  -0.005101
      913 0.000064  -0.005099
      357 0.000063  -0.005078
      759 0.000063   0.005036
      654 0.000063   0.005008
      382 0.000062  -0.004995
      318 0.000062   0.004976
      823 0.000062   0.004974
      296 0.000061   0.004904
      701 0.000061  -0.004876
      879 0.000060  -0.004837
      347 0.000060   0.004832
      948 0.000060   0.004826
      342 0.000060   0.004823
      803 0.000059   0.004750
      597 0.000059  -0.004741
      943 0.000059   0.004740
      765 0.000058   0.004667
      922 0.000058  -0.004647
      213 0.000058  -0.004641
      251 0.000058  -0.004621
      539 0.000057   0.004595
      350 0.000057   0.004565
      830 0.000057   0.004541
      596 0.000056  -0.004468
      632 0.000056   0.004462
      552 0.000056  -0.004450
      169 0.000055  -0.004417
      214 0.000054  -0.004364
      832 0.000054   0.004315
      322 0.000054  -0.004313
      321 0.000054  -0.004313
      891 0.000053  -0.004216
      762 0.000053   0.004207
      895 0.000052   0.004192
      259 0.000052   0.004152
      802 0.000052   0.004147
      748 0.000052  -0.004127
      193 0.000051  -0.004088
      650 0.000051  -0.004074
      374 0.000051   0.004049
      366 0.000050   0.004019
      789 0.000050   0.004004
      569 0.000049   0.003936
      880 0.000049   0.003935
      860 0.000049  -0.003908
      884 0.000049  -0.003900
      287 0.000049   0.003892
      333 0.000048   0.003854
      409 0.000047  -0.003789
      870 0.000047  -0.003772
      272 0.000047  -0.003765
      528 0.000047   0.003758
      290 0.000047   0.003753
      894 0.000047  -0.003749
      608 0.000046  -0.003660
      245 0.000046  -0.003657
      677 0.000045   0.003599
      216 0.000045   0.003569
      831 0.000044   0.003503
      274 0.000044   0.003488
      226 0.000043   0.003478
      863 0.000043  -0.003468
      874 0.000043  -0.003434
      329 0.000043  -0.003405
      540 0.000042  -0.003402
      348 0.000042   0.003397
      351 0.000042   0.003392
      904 0.000042   0.003363
      821 0.000041  -0.003273
      289 0.000040   0.003242
      313 0.000040  -0.003240
      560 0.000040  -0.003199
      215 0.000040   0.003186
      542 0.000039   0.003152
      775 0.000039   0.003149
      625 0.000039  -0.003107
      881 0.000038  -0.003061
      233 0.000038  -0.003032
      330 0.000038   0.003012
      225 0.000038   0.003005
      310 0.000037  -0.002993
      535 0.000037   0.002993
      662 0.000037  -0.002992
      792 0.000037   0.002983
      722 0.000036  -0.002912
      136 0.000036  -0.002911
      448 0.000036   0.002909
      288 0.000036  -0.002888
      987 0.000036   0.002880
      155 0.000036   0.002868
      636 0.000036  -0.002862
      649 0.000036  -0.002855
      928 0.000035  -0.002807
      399 0.000035   0.002789
      776 0.000034  -0.002757
      221 0.000034  -0.002736
      298 0.000034  -0.002704
      518 0.000034   0.002703
       66 0.000034  -0.002691
      445 0.000033  -0.002683
      950 0.000033  -0.002636
      727 0.000033  -0.002628
      338 0.000033   0.002606
      942 0.000032   0.002583
      101 0.000032  -0.002574
      134 0.000032   0.002569
     1001 0.000032  -0.002563
      613 0.000032  -0.002558
      158 0.000032   0.002556
      103 0.000032  -0.002551
      933 0.000032   0.002542
      385 0.000032   0.002528
      209 0.000032  -0.002524
      285 0.000032   0.002524
      713 0.000031   0.002514
      248 0.000031   0.002504
      491 0.000031   0.002480
      139 0.000031  -0.002476
       93 0.000031   0.002462
       88 0.000031   0.002462
      131 0.000031  -0.002449
       99 0.000030  -0.002410
       10 0.000030   0.002367
      839 0.000030  -0.002365
      530 0.000030   0.002365
        9 0.000029   0.002360
      159 0.000029   0.002339
      609 0.000029  -0.002333
      317 0.000029   0.002331
      867 0.000029   0.002329
       64 0.000029  -0.002305
      410 0.000029  -0.002303
      675 0.000029   0.002296
      242 0.000028  -0.002262
      965 0.000028  -0.002257
      555 0.000028   0.002255
      935 0.000028  -0.002239
      603 0.000028  -0.002227
      291 0.000028   0.002224
      164 0.000028  -0.002218
      993 0.000028   0.002211
     1025 0.000027   0.002202
      532 0.000027   0.002173
      964 0.000027   0.002171
      488 0.000027   0.002170
      590 0.000027  -0.002170
      105 0.000027  -0.002167
      154 0.000027   0.002164
      395 0.000027  -0.002159
      128 0.000027   0.002159
      283 0.000027   0.002158
      852 0.000027   0.002148
     1032 0.000027   0.002138
       94 0.000027  -0.002136
      191 0.000027  -0.002125
      326 0.000026  -0.002122
      424 0.000026  -0.002118
       60 0.000026  -0.002113
      837 0.000026   0.002100
      165 0.000026  -0.002096
       65 0.000026   0.002066
      432 0.000025   0.002042
      344 0.000025  -0.002036
      592 0.000025  -0.002020
      110 0.000025  -0.002019
      356 0.000025  -0.002012
      475 0.000025  -0.001999
      120 0.000025  -0.001994
       74 0.000025  -0.001989
      345 0.000025   0.001984
      646 0.000025   0.001975
      119 0.000024  -0.001954
      556 0.000024   0.001951
       67 0.000024  -0.001941
      108 0.000024  -0.001937
      524 0.000024  -0.001920
      327 0.000024   0.001920
      375 0.000024   0.001910
      238 0.000024  -0.001893
      192 0.000024   0.001888
      144 0.000023  -0.001874
      252 0.000023  -0.001867
      712 0.000023  -0.001853
      610 0.000023   0.001841
      284 0.000023   0.001824
      142 0.000023  -0.001819
      988 0.000023  -0.001812
      336 0.000023  -0.001811
      293 0.000023  -0.001805
      449 0.000022  -0.001794
      286 0.000022   0.001792
      693 0.000022  -0.001791
     1017 0.000022   0.001782
      971 0.000022  -0.001774
       95 0.000022  -0.001768
      229 0.000021  -0.001705
      339 0.000021   0.001701
      502 0.000021   0.001691
      838 0.000021   0.001686
      563 0.000021  -0.001682
      623 0.000021  -0.001681
     1034 0.000021  -0.001659
      150 0.000021   0.001658
      724 0.000021  -0.001658
      681 0.000021   0.001656
      505 0.000020   0.001637
      178 0.000020   0.001622
      519 0.000020   0.001617
       61 0.000020  -0.001616
      835 0.000020  -0.001616
      314 0.000020   0.001613
      554 0.000020  -0.001612
      938 0.000020   0.001603
       73 0.000020  -0.001574
      957 0.000020   0.001571
      900 0.000020  -0.001570
      921 0.000020  -0.001567
      455 0.000020  -0.001566
      224 0.000019  -0.001544
      325 0.000019  -0.001543
      196 0.000019  -0.001535
      340 0.000019  -0.001530
       96 0.000019   0.001526
      112 0.000019   0.001512
      197 0.000019   0.001501
      856 0.000019   0.001499
      858 0.000019  -0.001499
     1096 0.000019   0.001496
      695 0.000019   0.001493
      814 0.000019   0.001492
      126 0.000019   0.001483
      358 0.000018  -0.001481
      121 0.000018  -0.001481
       59 0.000018  -0.001480
       87 0.000018  -0.001478
       63 0.000018   0.001471
      151 0.000018  -0.001470
      664 0.000018  -0.001463
      538 0.000018   0.001456
      130 0.000018   0.001453
      489 0.000018   0.001453
      437 0.000018   0.001450
       47 0.000018   0.001443
       46 0.000018  -0.001437
      917 0.000018   0.001411
      841 0.000018   0.001407
      181 0.000017   0.001402
       52 0.000017  -0.001401
      260 0.000017  -0.001400
      714 0.000017  -0.001397
      195 0.000017  -0.001390
      526 0.000017   0.001388
      927 0.000017  -0.001387
       75 0.000017  -0.001385
      705 0.000017   0.001371
      384 0.000017  -0.001369
      536 0.000017  -0.001362
       50 0.000017   0.001351
      190 0.000017  -0.001335
      463 0.000017  -0.001325
       79 0.000017  -0.001322
      565 0.000016  -0.001321
      160 0.000016   0.001319
      571 0.000016  -0.001312
      966 0.000016   0.001311
      811 0.000016   0.001305
      694 0.000016  -0.001305
      396 0.000016   0.001304
      673 0.000016   0.001291
      129 0.000016  -0.001290
      162 0.000016  -0.001283
     1052 0.000016   0.001283
      512 0.000016  -0.001281
       82 0.000016   0.001274
      671 0.000016   0.001270
      887 0.000016  -0.001269
      769 0.000016   0.001263
      558 0.000016  -0.001258
      791 0.000016   0.001250
      763 0.000016   0.001247
      368 0.000016   0.001245
      157 0.000016  -0.001243
       84 0.000015   0.001241
      458 0.000015   0.001240
       40 0.000015  -0.001237
      514 0.000015   0.001215
      201 0.000015  -0.001211
      232 0.000015  -0.001208
       54 0.000015   0.001206
      810 0.000015   0.001205
      270 0.000015   0.001204
      983 0.000015   0.001199
      934 0.000015  -0.001197
      833 0.000015  -0.001193
       56 0.000015  -0.001191
       77 0.000015   0.001185
      378 0.000015  -0.001180
      616 0.000015  -0.001179
      619 0.000015   0.001179
       42 0.000015  -0.001169
      685 0.000015  -0.001166
      479 0.000015   0.001165
      642 0.000015  -0.001163
       90 0.000014  -0.001152
      450 0.000014  -0.001151
       58 0.000014   0.001145
       43 0.000014  -0.001141
      141 0.000014   0.001140
      106 0.000014   0.001133
      755 0.000014  -0.001132
      875 0.000014   0.001122
      977 0.000014   0.001122
      376 0.000014   0.001112
      206 0.000014   0.001102
     1010 0.000014   0.001085
      780 0.000014  -0.001082
      152 0.000013  -0.001074
      177 0.000013  -0.001065
      551 0.000013   0.001060
      478 0.000013   0.001054
      125 0.000013   0.001044
      902 0.000013  -0.001042
      550 0.000013   0.001038
       33 0.000013  -0.001033
       36 0.000013   0.001028
      127 0.000013  -0.001027
       83 0.000013   0.001023
      462 0.000013   0.001019
      534 0.000013  -0.001015
      149 0.000013  -0.001011
      118 0.000013   0.001009
      188 0.000013  -0.001008
      876 0.000013   0.001007
     1073 0.000013  -0.001001
      334 0.000012   0.000993
      381 0.000012   0.000985
      114 0.000012  -0.000982
       35 0.000012   0.000964
      888 0.000012  -0.000962
      237 0.000012  -0.000961
      949 0.000012   0.000961
     1009 0.000012  -0.000953
      644 0.000012  -0.000952
       41 0.000012   0.000950
       62 0.000012   0.000950
       37 0.000012   0.000943
       34 0.000012   0.000939
      732 0.000012   0.000927
      483 0.000012  -0.000925
      634 0.000012  -0.000923
      752 0.000011   0.000920
      405 0.000011  -0.000914
      655 0.000011  -0.000908
      691 0.000011  -0.000905
      135 0.000011   0.000900
      510 0.000011  -0.000899
      109 0.000011  -0.000892
      779 0.000011   0.000889
      648 0.000011  -0.000883
       86 0.000011  -0.000881
      365 0.000011  -0.000879
       85 0.000011   0.000865
      849 0.000011  -0.000863
      916 0.000011  -0.000853
      426 0.000011   0.000852
       92 0.000011   0.000848
       31 0.000011   0.000842
      418 0.000010  -0.000841
       48 0.000010  -0.000836
      202 0.000010   0.000833
      899 0.000010  -0.000829
      133 0.000010   0.000825
      994 0.000010  -0.000823
      200 0.000010  -0.000823
      883 0.000010   0.000823
      637 0.000010   0.000822
     1047 0.000010   0.000819
       44 0.000010   0.000815
       19 0.000010   0.000810
     1020 0.000010  -0.000803
euclid. distance of OLC and linear combination of EV * x_coef: 0.007192978606317753

Generate samples based on objective loadcase 485
nr_to_generate: 25

Parameter variation distribution settings
distribution: uniform
low: 0.7
high: 1.3

Total process runtime: 0:00:01.450042
