Date and Time:2023-05-12 14:24:53.462724

Initial Settings:
similarity_model: <function cosine_similarity at 0x000001D005A6E5E0>
similarity_threshold: 1e-05
nr_eigv_to_select: None
distribution: uniform
deviation: 0.3
nr_to_generate: 25
recompute: False

Selected eigenvectors and similarity score w.r.t objective loadcase:
objective_loadcase_nr: 859
similarity_model: cosine_similarity
similarity_threshold: 1e-05
nr_eigv_to_select: None
nr_eigv_selected: 453
approximation parameter model: lstsq
similarity score and approx. param. value
:  eigv_idx    score      value
        3 0.584901  45.629058
        1 0.517573  40.376734
        2 0.510791 -39.847621
        0 0.356885  27.841177
        6 0.027828   2.170917
       39 0.027141   2.117285
        4 0.012540   0.978300
      639 0.003246   0.253216
      218 0.002428  -0.189374
      593 0.002003  -0.156261
      186 0.001933  -0.150810
      586 0.001877   0.146437
      612 0.001867  -0.145640
      710 0.001626  -0.126848
       68 0.001361  -0.106194
      187 0.001271  -0.099175
      595 0.001225   0.095561
      716 0.001203   0.093871
      663 0.001058  -0.082572
      618 0.001052   0.082096
      626 0.001047   0.081649
      668 0.001035   0.080726
      686 0.000935  -0.072980
      143 0.000868   0.067697
      388 0.000867  -0.067637
      194 0.000854   0.066584
      749 0.000849  -0.066220
      688 0.000796  -0.062116
      659 0.000758  -0.059104
      617 0.000735   0.057355
      599 0.000733   0.057199
      621 0.000701  -0.054696
      562 0.000691  -0.053900
      582 0.000687  -0.053625
      635 0.000674   0.052595
      670 0.000665   0.051913
      704 0.000643  -0.050129
      183 0.000608   0.047434
      578 0.000596   0.046512
      341 0.000581   0.045316
      718 0.000562  -0.043812
      733 0.000559   0.043599
      567 0.000547  -0.042656
      606 0.000535  -0.041755
      577 0.000525  -0.040983
      602 0.000509  -0.039707
      579 0.000498   0.038878
      735 0.000497  -0.038799
      708 0.000495   0.038651
      253 0.000481  -0.037499
      698 0.000477  -0.037222
      267 0.000476  -0.037161
      220 0.000449  -0.035062
      153 0.000447   0.034892
      696 0.000444  -0.034644
       69 0.000438   0.034188
      666 0.000433  -0.033743
      575 0.000431   0.033658
      258 0.000429  -0.033502
      709 0.000416  -0.032466
      620 0.000413  -0.032204
      174 0.000411   0.032044
      753 0.000391  -0.030488
      707 0.000383  -0.029861
      601 0.000376   0.029306
      641 0.000369  -0.028766
      230 0.000366  -0.028529
       71 0.000361   0.028133
      683 0.000353   0.027574
      700 0.000346   0.027016
      848 0.000342  -0.026693
      227 0.000332   0.025939
      412 0.000332  -0.025904
      583 0.000331  -0.025819
      756 0.000327  -0.025494
      699 0.000327  -0.025485
      273 0.000318  -0.024845
      210 0.000318  -0.024819
      419 0.000305  -0.023766
      793 0.000303  -0.023643
      807 0.000292   0.022780
      403 0.000291   0.022735
      853 0.000288  -0.022476
      587 0.000287   0.022416
      269 0.000282  -0.021966
      383 0.000281   0.021959
      631 0.000278  -0.021652
      759 0.000277  -0.021645
      362 0.000276  -0.021510
      763 0.000273   0.021330
      182 0.000269  -0.020979
      243 0.000268   0.020897
      757 0.000263  -0.020548
      235 0.000262  -0.020454
      239 0.000260   0.020278
      263 0.000259  -0.020189
      137 0.000255  -0.019861
       70 0.000251   0.019570
      726 0.000250  -0.019514
      741 0.000245   0.019146
      570 0.000245  -0.019137
      299 0.000243   0.018967
      739 0.000233  -0.018196
      184 0.000226  -0.017616
      750 0.000223   0.017403
      204 0.000220   0.017185
      361 0.000216   0.016883
      206 0.000215   0.016804
      377 0.000204  -0.015926
      743 0.000203  -0.015802
      818 0.000199  -0.015554
      857 0.000193  -0.015045
      301 0.000193  -0.015031
      787 0.000192   0.014984
      132 0.000188   0.014655
      199 0.000187  -0.014573
      228 0.000187  -0.014565
      427 0.000186  -0.014491
      742 0.000186  -0.014473
      824 0.000183   0.014243
      855 0.000182  -0.014234
      576 0.000182  -0.014191
      312 0.000181  -0.014143
      247 0.000181   0.014115
      564 0.000178  -0.013913
      549 0.000178  -0.013895
      373 0.000177  -0.013830
      580 0.000176  -0.013728
      604 0.000176  -0.013717
      658 0.000174   0.013611
      223 0.000174   0.013560
      400 0.000173  -0.013527
      800 0.000171  -0.013326
      795 0.000169   0.013208
      591 0.000168   0.013144
      392 0.000168   0.013138
      175 0.000163  -0.012741
      553 0.000163  -0.012737
      369 0.000161   0.012566
      337 0.000160  -0.012477
      290 0.000159   0.012443
      829 0.000156   0.012136
      332 0.000154  -0.012013
      784 0.000153  -0.011911
      711 0.000153   0.011907
      859 0.000153   0.011901
      778 0.000152  -0.011896
      667 0.000150   0.011737
      775 0.000149   0.011640
      574 0.000148  -0.011567
      275 0.000147  -0.011456
      665 0.000145  -0.011326
      828 0.000144  -0.011271
      820 0.000142  -0.011109
      628 0.000141   0.011032
      585 0.000141  -0.011026
      605 0.000139  -0.010820
      616 0.000138  -0.010766
      770 0.000137   0.010656
      941 0.000136  -0.010641
      790 0.000136   0.010616
      736 0.000132  -0.010327
      179 0.000129   0.010088
      808 0.000128   0.009949
      277 0.000127   0.009883
      279 0.000123  -0.009561
      298 0.000120  -0.009353
      557 0.000120  -0.009345
      423 0.000118  -0.009227
      431 0.000117  -0.009148
      257 0.000116  -0.009015
      329 0.000115  -0.009004
      398 0.000115  -0.008949
      255 0.000114  -0.008904
      687 0.000114   0.008900
      566 0.000114   0.008864
      380 0.000113   0.008830
      354 0.000113   0.008799
      201 0.000111  -0.008693
      171 0.000111  -0.008673
      241 0.000111   0.008662
      217 0.000111  -0.008653
      271 0.000108   0.008461
      697 0.000107   0.008358
      769 0.000107   0.008309
      645 0.000105   0.008205
      690 0.000104   0.008138
      355 0.000104   0.008129
      294 0.000104  -0.008084
      295 0.000104  -0.008081
      638 0.000102  -0.007935
      864 0.000102   0.007932
       88 0.000102  -0.007920
      251 0.000101  -0.007861
      744 0.000101  -0.007844
      799 0.000100  -0.007811
      356 0.000100  -0.007789
      815 0.000100  -0.007765
      728 0.000098  -0.007638
      569 0.000098   0.007606
      600 0.000097  -0.007575
      353 0.000096  -0.007488
      908 0.000096  -0.007470
      943 0.000096   0.007457
      762 0.000095  -0.007392
      321 0.000092  -0.007216
      684 0.000092  -0.007186
      782 0.000091  -0.007102
      773 0.000091   0.007078
      234 0.000090   0.007047
      436 0.000090   0.007042
      734 0.000087  -0.006772
      611 0.000085  -0.006665
       93 0.000085  -0.006658
      292 0.000085  -0.006626
      884 0.000084  -0.006578
      948 0.000084   0.006548
      367 0.000084   0.006544
      581 0.000083  -0.006469
      325 0.000082  -0.006402
      974 0.000082   0.006397
      266 0.000081  -0.006330
      847 0.000081   0.006320
      573 0.000080   0.006267
      840 0.000080  -0.006258
      629 0.000080  -0.006245
      285 0.000080   0.006231
      594 0.000079  -0.006202
      937 0.000079  -0.006192
      723 0.000077  -0.006043
      844 0.000077  -0.006032
      860 0.000077  -0.006011
      281 0.000076   0.005944
      261 0.000076  -0.005913
      843 0.000076  -0.005890
      880 0.000075   0.005890
      694 0.000073   0.005688
      107 0.000071  -0.005516
      104 0.000071   0.005508
      978 0.000070   0.005443
      560 0.000070  -0.005429
      823 0.000069   0.005411
      342 0.000067   0.005245
      870 0.000067  -0.005238
      589 0.000067  -0.005210
      654 0.000066   0.005181
      826 0.000066  -0.005163
      283 0.000065   0.005099
      268 0.000065  -0.005097
      262 0.000065  -0.005096
      572 0.000065  -0.005079
      319 0.000065   0.005052
      302 0.000065  -0.005041
      801 0.000063  -0.004948
      632 0.000063   0.004895
      722 0.000063  -0.004883
      291 0.000062   0.004874
      552 0.000062  -0.004849
      792 0.000062   0.004823
      584 0.000061  -0.004747
      289 0.000061   0.004734
      701 0.000060  -0.004710
      138 0.000059  -0.004614
     1095 0.000059  -0.004580
      765 0.000058   0.004539
      539 0.000058   0.004530
      308 0.000057  -0.004480
      780 0.000057   0.004476
     1005 0.000057   0.004473
      390 0.000056   0.004360
      913 0.000056  -0.004352
      561 0.000055   0.004328
      627 0.000055   0.004305
      590 0.000055  -0.004296
      596 0.000055  -0.004287
      882 0.000055   0.004285
      428 0.000055   0.004279
      545 0.000055  -0.004257
      614 0.000054   0.004203
      895 0.000054   0.004178
      425 0.000053   0.004170
      386 0.000053   0.004120
      414 0.000052   0.004021
      323 0.000051  -0.004016
      343 0.000051  -0.004008
      315 0.000051   0.003969
      894 0.000051  -0.003959
      318 0.000051  -0.003948
      874 0.000051  -0.003941
      935 0.000050  -0.003915
      831 0.000050   0.003867
      528 0.000050   0.003865
      413 0.000048  -0.003739
      957 0.000047   0.003670
      322 0.000047  -0.003666
      535 0.000045   0.003494
      789 0.000045   0.003481
      922 0.000044  -0.003425
       91 0.000044  -0.003414
      650 0.000043  -0.003380
      821 0.000043  -0.003326
      169 0.000042  -0.003301
      841 0.000042   0.003292
      748 0.000042  -0.003238
      833 0.000041  -0.003224
      278 0.000041   0.003215
      244 0.000040  -0.003159
      988 0.000040  -0.003142
      942 0.000040   0.003124
      198 0.000040  -0.003121
      842 0.000040  -0.003098
      830 0.000040   0.003095
      964 0.000039   0.003072
      374 0.000039   0.003048
      955 0.000039   0.003040
      193 0.000039   0.003020
      313 0.000039  -0.003019
     1096 0.000038   0.002983
      161 0.000038   0.002930
      950 0.000037  -0.002905
      971 0.000037  -0.002884
      798 0.000036  -0.002834
      881 0.000036  -0.002793
      394 0.000036   0.002789
      491 0.000034   0.002681
     1073 0.000034  -0.002643
      518 0.000034   0.002634
      838 0.000033  -0.002592
      904 0.000033   0.002574
      921 0.000032  -0.002488
      407 0.000032  -0.002477
      488 0.000031   0.002433
      532 0.000031   0.002433
      832 0.000031   0.002424
      727 0.000031  -0.002401
      540 0.000030  -0.002370
      286 0.000030   0.002316
      284 0.000029   0.002284
      597 0.000029  -0.002270
      409 0.000029  -0.002269
      983 0.000029   0.002265
      835 0.000028  -0.002186
      977 0.000028   0.002184
      448 0.000028   0.002177
      879 0.000028  -0.002176
      805 0.000028  -0.002173
      794 0.000028   0.002157
      310 0.000028  -0.002156
      636 0.000027  -0.002144
      131 0.000027   0.002144
      410 0.000027  -0.002138
      649 0.000027  -0.002132
      297 0.000027  -0.002132
      643 0.000027  -0.002101
      933 0.000027   0.002093
      445 0.000027  -0.002086
      811 0.000027   0.002081
      475 0.000026  -0.002059
      524 0.000026  -0.002031
      685 0.000026  -0.001992
      542 0.000025   0.001936
      236 0.000025   0.001914
      366 0.000024   0.001900
      927 0.000024  -0.001888
      928 0.000024  -0.001850
     1034 0.000023  -0.001826
     1009 0.000023  -0.001808
      526 0.000023   0.001806
      856 0.000023   0.001788
     1010 0.000023   0.001776
      592 0.000023   0.001765
     1032 0.000022   0.001752
      530 0.000022   0.001723
      424 0.000022  -0.001715
      810 0.000022   0.001694
      868 0.000021   0.001671
      934 0.000021  -0.001667
      959 0.000021  -0.001667
      677 0.000021   0.001652
      987 0.000020   0.001597
      791 0.000019   0.001504
      479 0.000019   0.001493
      646 0.000019   0.001493
      916 0.000019  -0.001479
      898 0.000019   0.001465
      514 0.000019   0.001461
      333 0.000018  -0.001440
     1001 0.000018  -0.001421
      809 0.000018   0.001404
     1016 0.000018  -0.001402
     1003 0.000018  -0.001386
      849 0.000018   0.001367
      764 0.000017  -0.001354
      776 0.000017  -0.001340
      608 0.000017  -0.001325
      432 0.000017   0.001310
      536 0.000017  -0.001309
      232 0.000017  -0.001304
      437 0.000017   0.001295
      463 0.000016  -0.001281
      455 0.000016  -0.001274
      249 0.000016   0.001273
     1020 0.000016  -0.001246
      519 0.000016   0.001244
      680 0.000016   0.001243
      502 0.000016   0.001228
      610 0.000016  -0.001222
      713 0.000016   0.001218
      714 0.000015  -0.001201
      779 0.000015  -0.001192
      669 0.000015   0.001186
      938 0.000015   0.001179
      324 0.000015  -0.001178
      512 0.000015  -0.001173
      640 0.000015  -0.001162
      148 0.000015   0.001151
      803 0.000014   0.001125
     1040 0.000014  -0.001124
      903 0.000014   0.001120
     1025 0.000014   0.001115
      346 0.000014   0.001112
      397 0.000014  -0.001101
      949 0.000014   0.001078
      984 0.000014  -0.001077
      740 0.000014   0.001061
      458 0.000013   0.001050
      489 0.000013   0.001036
      384 0.000013  -0.001033
      732 0.000013   0.001025
      406 0.000013  -0.001017
     1017 0.000013   0.001008
      814 0.000013   0.001002
      316 0.000013  -0.000979
      222 0.000012  -0.000974
      802 0.000012   0.000962
      907 0.000012   0.000961
      328 0.000012  -0.000956
      839 0.000012   0.000955
      450 0.000012  -0.000955
      505 0.000012   0.000934
      852 0.000012   0.000897
      837 0.000011  -0.000883
      662 0.000011  -0.000877
      382 0.000011  -0.000854
      603 0.000010   0.000813
      487 0.000010  -0.000813
      478 0.000010   0.000813
      760 0.000010  -0.000810
       98 0.000010  -0.000810
      588 0.000010   0.000800
     1052 0.000010   0.000792
      917 0.000010   0.000789
     1061 0.000010  -0.000788
euclid. distance of OLC and linear combination of EV * x_coef: 0.006161456896150212

Generate samples based on objective loadcase 859
nr_to_generate: 25

Parameter variation distribution settings
distribution: uniform
low: 0.7
high: 1.3

Total process runtime: 0:00:01.272960
