Date and Time:2023-05-12 14:19:17.560106

Initial Settings:
similarity_model: <function cosine_similarity at 0x000001D005A6E5E0>
similarity_threshold: 1e-05
nr_eigv_to_select: None
distribution: uniform
deviation: 0.3
nr_to_generate: 25
recompute: False

Selected eigenvectors and similarity score w.r.t objective loadcase:
objective_loadcase_nr: 609
similarity_model: cosine_similarity
similarity_threshold: 1e-05
nr_eigv_to_select: None
nr_eigv_selected: 672
approximation parameter model: lstsq
similarity score and approx. param. value
:  eigv_idx    score      value
        3 0.558965  55.487545
        1 0.544444  54.046076
        2 0.489745 -48.616145
        0 0.386118  38.329341
        6 0.040068   3.977442
       39 0.020316   2.016706
        4 0.010921   1.084098
      639 0.003031   0.300924
      186 0.002343  -0.232551
      593 0.001777  -0.176445
      612 0.001768  -0.175477
      710 0.001680  -0.166797
      586 0.001635   0.162344
      218 0.001596  -0.158446
      187 0.001590  -0.157829
      716 0.001463   0.145252
      143 0.001354   0.134452
      618 0.001279   0.127005
      668 0.001196   0.118772
       71 0.001151   0.114239
      663 0.001075  -0.106682
       69 0.001060   0.105224
      595 0.001023   0.101514
      194 0.001022   0.101470
      749 0.000991  -0.098413
      686 0.000961  -0.095352
      659 0.000859  -0.085281
      688 0.000848  -0.084173
      626 0.000781   0.077536
      617 0.000773   0.076748
      388 0.000773  -0.076693
      183 0.000755   0.074900
      599 0.000735   0.072929
      582 0.000684  -0.067874
      562 0.000648  -0.064288
      579 0.000606   0.060142
      635 0.000596   0.059117
      670 0.000562   0.055816
      735 0.000558  -0.055387
      708 0.000544   0.054013
      621 0.000540  -0.053612
      228 0.000535  -0.053080
      174 0.000533   0.052885
      153 0.000526   0.052238
      578 0.000510   0.050602
      602 0.000508  -0.050469
      700 0.000504   0.050079
      341 0.000501   0.049724
      666 0.000491  -0.048757
      182 0.000488  -0.048395
      683 0.000485   0.048126
      733 0.000483   0.047980
      253 0.000478  -0.047403
      606 0.000476  -0.047222
       68 0.000452  -0.044831
      709 0.000442  -0.043903
      698 0.000442  -0.043855
      567 0.000431  -0.042808
      756 0.000401  -0.039803
      184 0.000396  -0.039350
      137 0.000390  -0.038687
      267 0.000384  -0.038071
      220 0.000383  -0.037980
      620 0.000381  -0.037825
      718 0.000372  -0.036947
      741 0.000371   0.036863
      575 0.000369   0.036592
      757 0.000361  -0.035823
      641 0.000360  -0.035784
      577 0.000352  -0.034900
      704 0.000344  -0.034140
      243 0.000333   0.033075
      362 0.000330  -0.032711
      853 0.000313  -0.031085
      699 0.000297  -0.029478
      210 0.000284  -0.028156
      739 0.000283  -0.028121
      787 0.000281   0.027893
      576 0.000280  -0.027821
      583 0.000280  -0.027791
      848 0.000276  -0.027415
      412 0.000274  -0.027158
      750 0.000273   0.027149
      419 0.000271  -0.026854
      807 0.000269   0.026742
      587 0.000256   0.025413
      204 0.000243   0.024130
      707 0.000243  -0.024105
      258 0.000242  -0.024060
      403 0.000242   0.024051
      753 0.000240  -0.023808
      277 0.000239   0.023721
      696 0.000239  -0.023691
      269 0.000230  -0.022864
      273 0.000227  -0.022568
      658 0.000225   0.022384
      361 0.000225   0.022382
      631 0.000222  -0.022075
      132 0.000221   0.021978
      236 0.000221   0.021952
      726 0.000216  -0.021490
      400 0.000216  -0.021403
      601 0.000215   0.021318
      628 0.000213   0.021148
      580 0.000210  -0.020846
      570 0.000208  -0.020685
      383 0.000206   0.020408
      234 0.000202   0.020091
      857 0.000201  -0.019985
      377 0.000201  -0.019962
      175 0.000197  -0.019549
      255 0.000196  -0.019415
      179 0.000195   0.019324
      299 0.000182   0.018073
      605 0.000182  -0.018073
      743 0.000181  -0.018009
      818 0.000177  -0.017577
      373 0.000177  -0.017577
      793 0.000170  -0.016846
      574 0.000168  -0.016691
      251 0.000167  -0.016530
      301 0.000163  -0.016227
      171 0.000163  -0.016172
      824 0.000162   0.016041
      790 0.000160   0.015853
      427 0.000159  -0.015829
      564 0.000159  -0.015796
      815 0.000159  -0.015789
      254 0.000157   0.015551
      312 0.000157  -0.015547
      355 0.000156   0.015437
      800 0.000154  -0.015333
      604 0.000154  -0.015291
      247 0.000154   0.015276
      941 0.000154  -0.015269
      828 0.000154  -0.015247
      566 0.000153   0.015149
      629 0.000152  -0.015092
      199 0.000151  -0.015017
      549 0.000151  -0.015016
      859 0.000149   0.014781
      588 0.000147  -0.014636
      241 0.000147   0.014569
      573 0.000146   0.014482
      367 0.000143   0.014227
      684 0.000141  -0.013992
      392 0.000140   0.013899
      820 0.000139  -0.013750
      263 0.000137  -0.013625
      398 0.000137  -0.013583
      855 0.000137  -0.013579
      847 0.000134   0.013291
      161 0.000133   0.013229
      829 0.000133   0.013177
      638 0.000132  -0.013110
      380 0.000131   0.013046
      690 0.000131   0.013008
      770 0.000130   0.012922
      271 0.000130   0.012909
      557 0.000129  -0.012766
      294 0.000128  -0.012689
      222 0.000126  -0.012459
      711 0.000124   0.012267
      784 0.000123  -0.012257
      801 0.000120  -0.011897
      667 0.000119   0.011770
      665 0.000118  -0.011739
      591 0.000115   0.011447
      795 0.000115   0.011398
      687 0.000114   0.011338
      808 0.000114   0.011295
      436 0.000110   0.010955
      616 0.000110  -0.010909
      742 0.000108  -0.010708
      353 0.000106  -0.010508
      423 0.000105  -0.010448
      431 0.000104  -0.010352
      908 0.000104  -0.010292
      734 0.000102  -0.010138
      553 0.000102  -0.010103
      778 0.000102  -0.010094
      103 0.000101   0.010008
       74 0.000099  -0.009872
      594 0.000099  -0.009788
      281 0.000098   0.009768
       75 0.000097  -0.009676
      390 0.000097   0.009602
      160 0.000096  -0.009502
      552 0.000096  -0.009494
      217 0.000095  -0.009475
      569 0.000095   0.009466
      364 0.000095  -0.009421
       63 0.000094  -0.009364
      744 0.000094  -0.009341
      632 0.000094   0.009336
      974 0.000094   0.009333
       60 0.000094   0.009328
      107 0.000093  -0.009233
       70 0.000093   0.009220
      640 0.000093  -0.009200
      627 0.000092   0.009132
      645 0.000092   0.009101
      291 0.000091   0.009068
      292 0.000091  -0.009058
      322 0.000091  -0.009047
      840 0.000090  -0.008928
      799 0.000090  -0.008897
      354 0.000088   0.008784
       86 0.000088  -0.008782
      882 0.000087   0.008673
      584 0.000087  -0.008653
      142 0.000087   0.008588
       93 0.000086  -0.008572
      209 0.000086  -0.008561
       88 0.000085  -0.008482
      843 0.000085  -0.008426
      257 0.000084  -0.008360
      723 0.000084  -0.008354
      864 0.000083   0.008259
      650 0.000083  -0.008254
      773 0.000083   0.008200
      128 0.000082   0.008181
      232 0.000082  -0.008120
       87 0.000082  -0.008119
      844 0.000082  -0.008092
      722 0.000081  -0.008012
      130 0.000081   0.007992
      114 0.000081  -0.007991
      337 0.000080  -0.007940
      369 0.000080   0.007917
      288 0.000080  -0.007911
      198 0.000078   0.007781
      302 0.000077  -0.007660
      297 0.000077  -0.007655
      736 0.000077  -0.007639
      154 0.000077   0.007638
      597 0.000077  -0.007625
      131 0.000077   0.007615
      360 0.000077   0.007608
      782 0.000076  -0.007574
      105 0.000076   0.007563
      596 0.000076   0.007551
      227 0.000076   0.007544
       89 0.000075  -0.007483
      654 0.000075   0.007473
      386 0.000074   0.007371
      611 0.000074  -0.007366
      728 0.000073  -0.007277
      943 0.000073   0.007264
       59 0.000073   0.007258
      268 0.000073  -0.007208
      581 0.000072  -0.007195
      223 0.000072   0.007136
     1095 0.000072  -0.007136
      235 0.000072  -0.007111
      332 0.000071  -0.007082
      407 0.000071  -0.007039
      290 0.000071   0.007036
      101 0.000070   0.006993
      826 0.000070  -0.006990
      697 0.000070   0.006981
      295 0.000070  -0.006981
      701 0.000070  -0.006967
      357 0.000070  -0.006940
      138 0.000069  -0.006860
      798 0.000068   0.006799
      287 0.000068   0.006791
      428 0.000068   0.006771
      608 0.000068  -0.006725
      321 0.000068  -0.006708
      144 0.000068   0.006706
       64 0.000067   0.006654
       76 0.000067   0.006649
      823 0.000065   0.006471
      803 0.000065   0.006457
      414 0.000065   0.006447
      266 0.000065  -0.006432
      560 0.000064  -0.006382
      259 0.000064  -0.006360
      978 0.000064   0.006305
      156 0.000063   0.006253
      343 0.000062  -0.006192
      545 0.000062  -0.006183
      118 0.000062  -0.006179
      649 0.000062  -0.006166
      150 0.000062  -0.006137
     1005 0.000062   0.006107
      600 0.000061  -0.006082
      112 0.000061   0.006074
      158 0.000061   0.006061
      200 0.000061   0.006051
      937 0.000061  -0.006027
       83 0.000060   0.005977
      870 0.000060  -0.005938
      589 0.000060  -0.005931
      152 0.000059   0.005880
      329 0.000059  -0.005855
       78 0.000059   0.005846
      955 0.000059   0.005835
      904 0.000058   0.005793
      948 0.000058   0.005772
      880 0.000058   0.005769
      884 0.000058  -0.005753
      610 0.000058  -0.005731
      293 0.000057   0.005683
      425 0.000057   0.005679
      325 0.000057  -0.005674
      308 0.000057  -0.005651
      195 0.000057   0.005637
       79 0.000057  -0.005621
      765 0.000057   0.005609
      350 0.000056   0.005606
      245 0.000056  -0.005576
      625 0.000056   0.005546
      913 0.000056  -0.005534
      129 0.000056  -0.005523
      285 0.000056   0.005514
      740 0.000055  -0.005504
      789 0.000055   0.005490
      342 0.000055   0.005441
      894 0.000055  -0.005436
       77 0.000055   0.005415
      802 0.000054   0.005364
      860 0.000054  -0.005356
      289 0.000053   0.005299
      148 0.000053   0.005283
      230 0.000053  -0.005250
      264 0.000053  -0.005223
      330 0.000053   0.005223
      922 0.000052  -0.005182
      139 0.000052   0.005119
      874 0.000052  -0.005118
      123 0.000051   0.005090
      879 0.000051  -0.005079
      221 0.000051  -0.005020
       17 0.000050   0.004995
      349 0.000050  -0.004973
      572 0.000050  -0.004972
      561 0.000050   0.004968
      104 0.000050   0.004951
      805 0.000050  -0.004948
      539 0.000050   0.004939
      397 0.000050  -0.004936
      239 0.000050   0.004935
      260 0.000050   0.004928
      646 0.000049   0.004912
      216 0.000049   0.004900
      832 0.000049   0.004883
      830 0.000049   0.004858
      197 0.000049  -0.004841
      366 0.000049   0.004834
      895 0.000048   0.004759
      108 0.000048   0.004753
      776 0.000048  -0.004718
       52 0.000047   0.004646
      358 0.000046  -0.004613
      891 0.000046  -0.004613
       82 0.000046   0.004613
      677 0.000046   0.004610
       19 0.000046  -0.004563
      226 0.000046   0.004532
       95 0.000045  -0.004438
      528 0.000044   0.004403
      568 0.000044   0.004384
      318 0.000044  -0.004379
      313 0.000044  -0.004336
      120 0.000043  -0.004315
      133 0.000043   0.004295
       73 0.000043  -0.004276
       91 0.000043  -0.004265
      763 0.000043   0.004238
       96 0.000043  -0.004230
      821 0.000042  -0.004213
      409 0.000042  -0.004208
      326 0.000042  -0.004206
      942 0.000042   0.004193
      181 0.000042  -0.004153
      261 0.000042  -0.004136
      724 0.000041  -0.004110
      225 0.000041   0.004081
      224 0.000041  -0.004063
      331 0.000041   0.004039
      748 0.000041  -0.004035
      155 0.000040   0.003999
       72 0.000040   0.003995
      950 0.000040  -0.003939
      695 0.000039   0.003881
      356 0.000039  -0.003881
      196 0.000039   0.003874
      535 0.000039   0.003872
      792 0.000039   0.003841
      598 0.000039   0.003835
      359 0.000039   0.003824
      113 0.000038  -0.003821
      141 0.000038  -0.003820
       53 0.000038  -0.003819
       50 0.000038  -0.003790
      382 0.000038  -0.003762
      262 0.000038  -0.003762
      344 0.000038   0.003745
      284 0.000038   0.003724
      282 0.000037  -0.003715
      345 0.000037  -0.003690
       21 0.000037  -0.003685
      106 0.000037  -0.003645
      542 0.000037   0.003635
      159 0.000036   0.003619
      938 0.000036   0.003615
      831 0.000036   0.003600
      540 0.000036  -0.003594
      964 0.000035   0.003487
      881 0.000035  -0.003475
      374 0.000035   0.003464
       62 0.000035   0.003462
      279 0.000035  -0.003448
      319 0.000035   0.003426
      387 0.000034   0.003412
      192 0.000034  -0.003411
      863 0.000034  -0.003408
      712 0.000034  -0.003406
      201 0.000034  -0.003391
       98 0.000034  -0.003371
       15 0.000034  -0.003350
      662 0.000034  -0.003334
      334 0.000033   0.003324
      559 0.000033  -0.003318
      613 0.000033   0.003311
      275 0.000033  -0.003297
      448 0.000033   0.003294
      642 0.000033  -0.003240
      636 0.000033  -0.003227
      762 0.000032   0.003221
      320 0.000032   0.003213
      928 0.000032  -0.003189
      375 0.000032   0.003168
      310 0.000032  -0.003137
      987 0.000031   0.003125
      518 0.000031   0.003099
      957 0.000031   0.003090
      811 0.000031   0.003067
      384 0.000031  -0.003066
      935 0.000031  -0.003058
      556 0.000031   0.003051
      140 0.000031  -0.003047
      833 0.000030  -0.003009
      491 0.000030   0.003004
      314 0.000030   0.002991
      614 0.000030   0.002986
      276 0.000030   0.002979
      338 0.000029  -0.002924
       99 0.000029   0.002920
      532 0.000029   0.002910
      298 0.000029  -0.002890
      775 0.000029   0.002887
     1001 0.000029  -0.002885
       81 0.000029  -0.002884
      100 0.000029   0.002876
      177 0.000028  -0.002811
      971 0.000028  -0.002809
      841 0.000028   0.002779
      376 0.000028   0.002760
      488 0.000028   0.002749
      769 0.000028   0.002740
      399 0.000028  -0.002734
      988 0.000027  -0.002727
      671 0.000027   0.002706
      644 0.000027  -0.002704
      702 0.000027  -0.002686
      396 0.000027  -0.002684
      328 0.000027  -0.002680
      395 0.000027   0.002673
      265 0.000027   0.002664
      146 0.000027   0.002664
      530 0.000027   0.002647
      727 0.000027  -0.002640
      309 0.000027  -0.002637
      888 0.000027   0.002635
      410 0.000026  -0.002603
      681 0.000026   0.002586
      324 0.000026  -0.002583
      899 0.000026   0.002571
      565 0.000026   0.002563
      169 0.000026  -0.002563
      933 0.000026   0.002559
      102 0.000026  -0.002556
      623 0.000026   0.002550
      759 0.000025   0.002528
      609 0.000025   0.002523
      867 0.000025   0.002516
      810 0.000025   0.002500
      149 0.000025   0.002484
      809 0.000025   0.002475
      858 0.000025  -0.002456
      445 0.000025  -0.002449
      558 0.000025   0.002435
     1032 0.000024   0.002417
     1096 0.000024   0.002412
      475 0.000024  -0.002409
      835 0.000024  -0.002392
       90 0.000024  -0.002372
      524 0.000024  -0.002361
      147 0.000024   0.002340
      363 0.000024   0.002338
      249 0.000024  -0.002338
      780 0.000024  -0.002337
     1025 0.000023   0.002331
      993 0.000023   0.002321
      424 0.000023  -0.002311
      215 0.000023   0.002309
      432 0.000023   0.002309
      685 0.000023  -0.002296
      585 0.000023   0.002284
      921 0.000023  -0.002255
      887 0.000023   0.002251
      307 0.000023   0.002245
      145 0.000023  -0.002244
       26 0.000022   0.002221
      664 0.000022  -0.002220
      233 0.000022  -0.002215
       85 0.000022   0.002206
      151 0.000022   0.002185
      402 0.000022   0.002180
      339 0.000022  -0.002179
      231 0.000022  -0.002149
      317 0.000022  -0.002148
      842 0.000022  -0.002142
      378 0.000022  -0.002135
       97 0.000021   0.002133
      348 0.000021  -0.002121
       67 0.000021  -0.002120
       22 0.000021   0.002116
       18 0.000021  -0.002112
      127 0.000021  -0.002079
      675 0.000021   0.002078
       33 0.000021   0.002076
      669 0.000021   0.002071
      111 0.000021  -0.002060
      178 0.000021   0.002054
       48 0.000021   0.002051
      713 0.000021   0.002046
      983 0.000021   0.002037
       54 0.000020  -0.002031
      927 0.000020  -0.002021
     1034 0.000020  -0.002010
     1017 0.000020   0.002007
      126 0.000020   0.002007
      977 0.000020   0.002006
      340 0.000020   0.001990
      554 0.000020  -0.001983
      852 0.000020   0.001974
       55 0.000020  -0.001972
       25 0.000020  -0.001971
      526 0.000020   0.001958
      902 0.000020   0.001951
      206 0.000020   0.001946
      934 0.000020  -0.001944
      115 0.000020  -0.001943
      296 0.000019  -0.001924
      238 0.000019  -0.001913
      134 0.000019   0.001903
      729 0.000019  -0.001894
      714 0.000019  -0.001889
      185 0.000019   0.001889
      119 0.000019  -0.001888
       31 0.000019  -0.001879
       92 0.000019   0.001875
      272 0.000019   0.001868
      900 0.000019  -0.001861
      404 0.000019   0.001848
      434 0.000019   0.001843
      839 0.000018  -0.001834
      755 0.000018  -0.001832
      643 0.000018   0.001831
      519 0.000018   0.001830
      502 0.000018   0.001825
      110 0.000018   0.001783
       34 0.000018  -0.001775
      965 0.000018  -0.001773
      316 0.000018  -0.001760
       66 0.000018   0.001758
      936 0.000018  -0.001752
      856 0.000018   0.001750
      229 0.000018  -0.001739
       57 0.000017   0.001725
        5 0.000017  -0.001720
      673 0.000017   0.001715
      653 0.000017   0.001700
      315 0.000017   0.001697
      505 0.000017   0.001682
      814 0.000017   0.001665
      455 0.000016  -0.001615
      479 0.000016   0.001607
      917 0.000016   0.001594
       84 0.000016   0.001588
      514 0.000016   0.001586
      173 0.000016  -0.001585
      124 0.000016  -0.001571
      489 0.000016   0.001563
      536 0.000016  -0.001562
      463 0.000016  -0.001552
      270 0.000016  -0.001551
      250 0.000016  -0.001539
      437 0.000015   0.001534
      458 0.000015   0.001532
      214 0.000015  -0.001529
      837 0.000015   0.001523
      648 0.000015  -0.001520
      401 0.000015   0.001484
     1073 0.000015  -0.001482
      379 0.000015   0.001474
      512 0.000015  -0.001472
      796 0.000015   0.001454
      949 0.000015   0.001453
     1052 0.000014   0.001414
      385 0.000014  -0.001393
     1009 0.000014  -0.001382
       12 0.000014   0.001382
      372 0.000014  -0.001376
      191 0.000014   0.001361
      548 0.000014  -0.001359
      703 0.000014   0.001355
       36 0.000014  -0.001348
       28 0.000014  -0.001342
      676 0.000013   0.001339
     1020 0.000013  -0.001336
      966 0.000013   0.001335
       29 0.000013   0.001329
      981 0.000013  -0.001329
     1010 0.000013   0.001327
      335 0.000013   0.001311
      193 0.000013   0.001309
      555 0.000013   0.001305
      725 0.000013  -0.001299
      248 0.000013   0.001292
      163 0.000013   0.001289
      242 0.000013  -0.001284
       35 0.000013  -0.001272
      656 0.000013   0.001249
      405 0.000012   0.001238
      452 0.000012  -0.001231
      655 0.000012  -0.001218
      972 0.000012  -0.001210
     1016 0.000012  -0.001204
      551 0.000012   0.001201
      916 0.000012  -0.001199
      450 0.000012  -0.001198
      794 0.000012   0.001192
      647 0.000012  -0.001187
       51 0.000012   0.001185
       23 0.000012  -0.001170
      394 0.000012   0.001168
      680 0.000012   0.001151
       32 0.000012  -0.001147
      883 0.000011   0.001131
       20 0.000011  -0.001109
      483 0.000011  -0.001108
      393 0.000011   0.001101
      994 0.000011  -0.001100
      381 0.000011   0.001099
      751 0.000011  -0.001062
       11 0.000011  -0.001057
      478 0.000011   0.001052
      973 0.000011   0.001047
       58 0.000010   0.001042
      252 0.000010   0.001039
      694 0.000010  -0.001032
      420 0.000010   0.001031
      188 0.000010   0.001029
     1003 0.000010  -0.001025
      240 0.000010  -0.001021
      371 0.000010  -0.001005
      205 0.000010  -0.001002
euclid. distance of OLC and linear combination of EV * x_coef: 0.008677318650612272

Generate samples based on objective loadcase 609
nr_to_generate: 25

Parameter variation distribution settings
distribution: uniform
low: 0.7
high: 1.3

Total process runtime: 0:00:01.380784
