Date and Time:2023-05-12 14:07:43.640080

Initial Settings:
similarity_model: <function cosine_similarity at 0x000001D005A6E5E0>
similarity_threshold: 1e-05
nr_eigv_to_select: None
distribution: uniform
deviation: 0.3
nr_to_generate: 25
recompute: False

Selected eigenvectors and similarity score w.r.t objective loadcase:
objective_loadcase_nr: 86
similarity_model: cosine_similarity
similarity_threshold: 1e-05
nr_eigv_to_select: None
nr_eigv_selected: 484
approximation parameter model: lstsq
similarity score and approx. param. value
:  eigv_idx    score      value
        1 0.547229  53.609485
        3 0.545222  53.412790
        2 0.497986 -48.785390
        0 0.389926  38.199226
        6 0.051251   5.020818
       39 0.020537   2.011943
        4 0.010699   1.048112
      639 0.003693   0.361809
      186 0.002349  -0.230150
      593 0.002122  -0.207922
      612 0.002083  -0.204036
      586 0.001933   0.189407
      218 0.001834  -0.179671
      716 0.001619   0.158590
      710 0.001580  -0.154823
      187 0.001577  -0.154513
       68 0.001393  -0.136498
      618 0.001382   0.135402
      663 0.001377  -0.134943
      668 0.001308   0.128132
      595 0.001227   0.120222
      194 0.001055   0.103377
      659 0.000980  -0.096052
      143 0.000967   0.094774
      686 0.000966  -0.094625
      626 0.000957   0.093754
      388 0.000922  -0.090347
      617 0.000896   0.087758
      599 0.000826   0.080946
      688 0.000824  -0.080678
      182 0.000798  -0.078211
      582 0.000776  -0.076055
      562 0.000767  -0.075115
      635 0.000765   0.074973
      670 0.000745   0.072985
      183 0.000723   0.070848
      621 0.000691  -0.067692
      700 0.000672   0.065785
      578 0.000659   0.064564
      749 0.000657  -0.064404
      579 0.000650   0.063695
      733 0.000629   0.061639
      698 0.000620  -0.060781
      683 0.000616   0.060347
      184 0.000609  -0.059709
      341 0.000592   0.057947
      602 0.000561  -0.054942
      704 0.000554  -0.054277
      718 0.000553  -0.054163
      666 0.000541  -0.052962
      253 0.000524  -0.051357
      606 0.000504  -0.049409
      567 0.000494  -0.048364
      153 0.000493   0.048251
      708 0.000492   0.048162
      174 0.000481   0.047118
      577 0.000451  -0.044202
      575 0.000433   0.042422
      735 0.000429  -0.042074
      699 0.000428  -0.041977
      641 0.000420  -0.041117
      620 0.000409  -0.040082
      709 0.000397  -0.038885
      220 0.000394  -0.038567
      267 0.000382  -0.037418
      228 0.000377  -0.036977
      210 0.000377  -0.036934
      583 0.000367  -0.035932
      707 0.000356  -0.034914
      362 0.000341  -0.033360
       69 0.000337   0.033015
      848 0.000336  -0.032873
      807 0.000331   0.032397
      179 0.000329   0.032233
      696 0.000328  -0.032123
      601 0.000327   0.032049
      412 0.000326  -0.031917
      631 0.000324  -0.031719
      419 0.000322  -0.031552
      258 0.000303  -0.029699
       71 0.000300   0.029416
      403 0.000300   0.029404
      756 0.000298  -0.029199
      137 0.000296  -0.029008
      757 0.000290  -0.028440
      587 0.000289   0.028318
      753 0.000284  -0.027825
      171 0.000284  -0.027820
      243 0.000277   0.027143
      604 0.000272  -0.026628
      576 0.000255  -0.025008
      383 0.000253   0.024789
      570 0.000250  -0.024462
      377 0.000240  -0.023487
      361 0.000237   0.023211
      273 0.000234  -0.022883
      580 0.000232  -0.022736
       70 0.000232   0.022717
      741 0.000232   0.022686
      204 0.000230   0.022545
      400 0.000223  -0.021884
      628 0.000223   0.021864
      853 0.000223  -0.021850
      793 0.000217  -0.021221
      658 0.000212   0.020797
      564 0.000211  -0.020647
      815 0.000210  -0.020550
      132 0.000206   0.020135
      739 0.000203  -0.019920
      800 0.000195  -0.019089
      573 0.000195   0.019059
      941 0.000194  -0.018983
      199 0.000192  -0.018842
      787 0.000192   0.018841
      301 0.000191  -0.018704
      373 0.000191  -0.018696
      254 0.000191   0.018680
      427 0.000190  -0.018566
      175 0.000188  -0.018439
      828 0.000186  -0.018184
      549 0.000185  -0.018114
      665 0.000185  -0.018103
      269 0.000183  -0.017911
      227 0.000183   0.017903
      271 0.000182   0.017854
      574 0.000182  -0.017820
      299 0.000180   0.017590
      255 0.000178  -0.017480
      820 0.000178  -0.017478
      247 0.000174   0.017027
      230 0.000172  -0.016845
      355 0.000169   0.016593
      277 0.000169   0.016554
      784 0.000168  -0.016458
      667 0.000167   0.016340
      557 0.000166  -0.016241
      743 0.000165  -0.016150
      750 0.000164   0.016056
      711 0.000163   0.015975
      687 0.000162   0.015822
      566 0.000155   0.015218
      855 0.000154  -0.015085
      234 0.000152   0.014859
      726 0.000152  -0.014852
      392 0.000152   0.014848
      235 0.000151  -0.014822
      161 0.000151   0.014765
      398 0.000150  -0.014698
      857 0.000145  -0.014162
      380 0.000142   0.013899
      808 0.000142   0.013865
      257 0.000141  -0.013800
      236 0.000140   0.013692
      795 0.000138   0.013550
      367 0.000137   0.013417
      294 0.000137  -0.013394
      605 0.000136  -0.013322
      312 0.000135  -0.013264
      690 0.000134   0.013099
      790 0.000134   0.013079
      239 0.000132   0.012962
      818 0.000131  -0.012805
      847 0.000130   0.012774
      553 0.000130  -0.012694
      263 0.000128  -0.012560
      908 0.000127  -0.012444
      217 0.000127  -0.012411
      423 0.000125  -0.012281
      645 0.000125   0.012207
      431 0.000125  -0.012199
      697 0.000124   0.012160
      241 0.000121   0.011894
      148 0.000121   0.011858
      974 0.000121   0.011836
      616 0.000120  -0.011800
      591 0.000119   0.011673
      742 0.000117  -0.011497
      436 0.000117   0.011463
      354 0.000116   0.011342
      295 0.000116  -0.011327
      353 0.000114  -0.011195
      736 0.000114  -0.011153
      778 0.000114  -0.011138
      638 0.000113  -0.011031
      275 0.000112  -0.011000
      799 0.000112  -0.010996
      684 0.000112  -0.010979
      369 0.000111   0.010861
      882 0.000110   0.010768
      251 0.000108  -0.010615
      859 0.000108   0.010585
      629 0.000108  -0.010532
      840 0.000107  -0.010495
      581 0.000107  -0.010480
      569 0.000107   0.010474
      584 0.000107  -0.010472
      640 0.000104  -0.010193
      292 0.000104  -0.010190
      266 0.000102  -0.009959
      262 0.000101  -0.009920
      824 0.000100   0.009781
      600 0.000099  -0.009698
      198 0.000098   0.009625
      281 0.000098   0.009569
      844 0.000096  -0.009431
      585 0.000095  -0.009346
      390 0.000095   0.009342
      611 0.000094  -0.009189
      798 0.000094   0.009187
      740 0.000093  -0.009067
      594 0.000092  -0.009061
      261 0.000092  -0.009053
      723 0.000092  -0.008971
     1095 0.000090  -0.008818
      223 0.000089   0.008725
      734 0.000088  -0.008641
      728 0.000088  -0.008579
      107 0.000087  -0.008505
      829 0.000085   0.008373
      759 0.000085   0.008350
      744 0.000084  -0.008200
      561 0.000083   0.008148
      337 0.000082  -0.008061
      298 0.000081  -0.007975
      279 0.000081  -0.007956
      701 0.000081  -0.007912
      302 0.000080  -0.007865
      572 0.000080  -0.007863
      552 0.000080  -0.007850
      560 0.000080  -0.007837
      832 0.000080   0.007815
      955 0.000078   0.007657
      308 0.000078  -0.007643
      632 0.000075   0.007334
      937 0.000074  -0.007280
      762 0.000074   0.007228
     1005 0.000074   0.007208
      386 0.000074   0.007207
       88 0.000073  -0.007172
      978 0.000073   0.007116
      268 0.000072  -0.007096
      364 0.000072  -0.007059
      291 0.000072   0.007054
      249 0.000072  -0.007009
      428 0.000071   0.006949
      329 0.000070  -0.006867
      332 0.000070  -0.006840
      843 0.000070  -0.006826
      913 0.000069  -0.006796
      879 0.000068  -0.006688
      748 0.000066  -0.006506
      414 0.000066   0.006478
      922 0.000066  -0.006471
      654 0.000066   0.006420
      545 0.000065  -0.006406
      425 0.000065   0.006404
       91 0.000065  -0.006399
      782 0.000065  -0.006322
      356 0.000064  -0.006253
      891 0.000064  -0.006236
      232 0.000063  -0.006160
      826 0.000062  -0.006121
      863 0.000062  -0.006101
      803 0.000062   0.006083
      948 0.000062   0.006062
      597 0.000061  -0.006023
      342 0.000061   0.005980
      539 0.000060   0.005914
      789 0.000060   0.005830
      722 0.000059  -0.005755
      104 0.000058   0.005668
      226 0.000058   0.005664
       93 0.000057  -0.005582
      313 0.000057  -0.005580
      895 0.000056   0.005503
      770 0.000056   0.005473
      801 0.000056  -0.005451
      325 0.000055  -0.005425
      225 0.000055   0.005406
      407 0.000055  -0.005394
      343 0.000055  -0.005344
      802 0.000054   0.005276
      821 0.000054  -0.005241
      359 0.000053   0.005186
      397 0.000053  -0.005179
      319 0.000052   0.005133
      528 0.000052   0.005131
      374 0.000052   0.005097
      831 0.000052   0.005095
      322 0.000052  -0.005069
      323 0.000052  -0.005066
      776 0.000051  -0.005040
      290 0.000051   0.005027
      614 0.000051   0.005023
      245 0.000049  -0.004802
      765 0.000049   0.004796
      805 0.000048  -0.004688
      209 0.000048  -0.004658
      860 0.000047  -0.004653
      349 0.000047  -0.004570
      775 0.000046   0.004523
      542 0.000045   0.004442
      823 0.000045   0.004376
      535 0.000044   0.004353
      627 0.000044   0.004334
      366 0.000044   0.004329
      864 0.000044   0.004294
      357 0.000043  -0.004252
      870 0.000043  -0.004213
      792 0.000043   0.004211
      773 0.000043   0.004194
      169 0.000042  -0.004109
      540 0.000041  -0.004043
      694 0.000041   0.004032
      588 0.000041  -0.004018
      222 0.000041  -0.004008
      867 0.000041   0.004006
      987 0.000041   0.004004
      928 0.000040  -0.003965
      409 0.000040  -0.003927
      589 0.000039  -0.003869
      881 0.000039  -0.003856
      650 0.000039  -0.003819
      289 0.000039   0.003791
      858 0.000038  -0.003741
      240 0.000038  -0.003721
      904 0.000038   0.003678
      874 0.000037  -0.003642
      193 0.000037  -0.003638
      677 0.000036   0.003575
      518 0.000036   0.003575
      448 0.000036   0.003545
     1001 0.000036  -0.003499
      491 0.000036   0.003497
      321 0.000036  -0.003486
      224 0.000035  -0.003433
      943 0.000034   0.003362
      360 0.000034   0.003357
      350 0.000034   0.003345
      894 0.000034  -0.003344
      297 0.000034  -0.003318
      206 0.000034   0.003318
      610 0.000034  -0.003296
      933 0.000034   0.003291
      394 0.000034   0.003284
      237 0.000033   0.003281
      532 0.000033   0.003252
      603 0.000033  -0.003235
      965 0.000033  -0.003202
      315 0.000032   0.003156
      488 0.000032   0.003137
      410 0.000032  -0.003090
      310 0.000031  -0.003080
      993 0.000031   0.003069
      643 0.000031  -0.003047
     1025 0.000031   0.003015
      445 0.000030  -0.002984
      636 0.000030  -0.002982
      950 0.000030  -0.002973
     1032 0.000030   0.002958
      830 0.000030   0.002921
      942 0.000030   0.002917
      530 0.000030   0.002911
      880 0.000029   0.002876
      475 0.000029  -0.002875
      382 0.000029  -0.002824
      596 0.000029  -0.002799
      524 0.000028  -0.002770
      590 0.000028  -0.002753
      424 0.000027  -0.002635
      608 0.000027  -0.002599
      138 0.000026   0.002508
     1017 0.000025   0.002479
      900 0.000025  -0.002444
      814 0.000025   0.002443
      842 0.000025  -0.002420
      685 0.000024  -0.002328
     1034 0.000024  -0.002314
      938 0.000023   0.002296
      384 0.000023  -0.002278
      662 0.000023  -0.002260
      201 0.000023  -0.002258
      727 0.000023  -0.002254
      432 0.000023   0.002236
      526 0.000022   0.002162
      917 0.000022   0.002120
      285 0.000022   0.002116
      568 0.000021   0.002092
      216 0.000021   0.002084
      649 0.000021  -0.002056
      884 0.000021  -0.002045
      502 0.000021   0.002026
      519 0.000021   0.002017
      794 0.000020   0.002005
      714 0.000020  -0.001984
      680 0.000020   0.001976
      455 0.000020  -0.001966
      347 0.000020   0.001943
      856 0.000020   0.001918
      479 0.000019   0.001888
      536 0.000019  -0.001870
      131 0.000019   0.001853
      283 0.000019   0.001833
      514 0.000019   0.001833
      284 0.000019   0.001832
      463 0.000018  -0.001806
      437 0.000018   0.001799
      791 0.000018   0.001770
      489 0.000018   0.001755
      512 0.000018  -0.001755
     1052 0.000018   0.001747
      242 0.000018  -0.001735
      949 0.000018   0.001732
      505 0.000017   0.001700
      286 0.000017   0.001670
      248 0.000017   0.001625
      458 0.000017   0.001624
      215 0.000017   0.001620
      838 0.000016   0.001615
      592 0.000016  -0.001609
      769 0.000016   0.001571
      907 0.000016   0.001559
      221 0.000016  -0.001541
      333 0.000015  -0.001515
      278 0.000015   0.001514
      538 0.000015   0.001512
      646 0.000015   0.001487
      811 0.000015   0.001486
      229 0.000015  -0.001475
      244 0.000015  -0.001429
      324 0.000015  -0.001428
      387 0.000015   0.001427
      450 0.000014  -0.001414
      214 0.000014  -0.001413
      669 0.000014   0.001410
     1010 0.000014   0.001401
      123 0.000014  -0.001400
      883 0.000014   0.001382
      732 0.000014   0.001366
      780 0.000014  -0.001361
      125 0.000014   0.001341
      609 0.000014   0.001323
      816 0.000013   0.001318
      351 0.000013   0.001310
      927 0.000013  -0.001291
      810 0.000013   0.001281
      619 0.000013   0.001279
      318 0.000013  -0.001275
      839 0.000013  -0.001267
     1073 0.000013  -0.001238
       45 0.000013   0.001235
      483 0.000013  -0.001226
      112 0.000012   0.001215
       43 0.000012  -0.001202
      935 0.000012  -0.001193
      921 0.000012  -0.001160
      713 0.000012   0.001156
      934 0.000012  -0.001155
      260 0.000012   0.001150
      971 0.000012  -0.001148
     1047 0.000012   0.001143
      478 0.000012   0.001141
      462 0.000012   0.001132
       99 0.000012   0.001132
       98 0.000011  -0.001125
      966 0.000011   0.001111
      634 0.000011  -0.001097
      346 0.000011   0.001066
      296 0.000011  -0.001044
      868 0.000011  -0.001043
      888 0.000011   0.001040
      110 0.000011  -0.001040
      368 0.000011   0.001035
      487 0.000011  -0.001034
      534 0.000010  -0.001017
      473 0.000010  -0.001015
      101 0.000010   0.001009
      188 0.000010  -0.000995
      849 0.000010   0.000995
      418 0.000010  -0.000994
      779 0.000010   0.000994
      510 0.000010  -0.000983
      763 0.000010   0.000983
     1061 0.000010  -0.000982
euclid. distance of OLC and linear combination of EV * x_coef: 0.00865479284485615

Generate samples based on objective loadcase 86
nr_to_generate: 25

Parameter variation distribution settings
distribution: uniform
low: 0.7
high: 1.3

Total process runtime: 0:00:01.374715
