Date and Time:2023-05-12 14:08:58.443887

Initial Settings:
similarity_model: <function cosine_similarity at 0x000001D005A6E5E0>
similarity_threshold: 1e-05
nr_eigv_to_select: None
distribution: uniform
deviation: 0.3
nr_to_generate: 25
recompute: False

Selected eigenvectors and similarity score w.r.t objective loadcase:
objective_loadcase_nr: 143
similarity_model: cosine_similarity
similarity_threshold: 1e-05
nr_eigv_to_select: None
nr_eigv_selected: 597
approximation parameter model: lstsq
similarity score and approx. param. value
:  eigv_idx    score      value
        1 0.550149  45.036367
        3 0.542728  44.428841
        2 0.494911 -40.514437
        0 0.393116  32.181293
        6 0.052583   4.304529
       39 0.018613   1.523686
        4 0.010520   0.861162
      639 0.003688   0.301875
       68 0.002760  -0.225945
      186 0.002415  -0.197662
      612 0.002063  -0.168865
      593 0.002057  -0.168403
      586 0.001863   0.152470
      218 0.001770  -0.144927
      716 0.001626   0.133108
      187 0.001615  -0.132170
      710 0.001595  -0.130597
      618 0.001456   0.119153
      663 0.001414  -0.115758
      668 0.001363   0.111619
      595 0.001181   0.096654
      194 0.001102   0.090191
      659 0.001030  -0.084287
      686 0.000976  -0.079887
      617 0.000940   0.076971
      388 0.000900  -0.073643
      626 0.000888   0.072696
      688 0.000829  -0.067892
      599 0.000813   0.066545
      143 0.000809   0.066205
      183 0.000786   0.064374
      562 0.000759  -0.062096
      635 0.000744   0.060882
      582 0.000744  -0.060881
      670 0.000743   0.060826
      182 0.000738  -0.060375
      700 0.000735   0.060198
      578 0.000705   0.057704
      579 0.000696   0.057004
      621 0.000665  -0.054444
      698 0.000641  -0.052473
      733 0.000640   0.052389
      749 0.000634  -0.051863
      683 0.000631   0.051651
      184 0.000626  -0.051205
      253 0.000612  -0.050065
      704 0.000602  -0.049308
       71 0.000601  -0.049192
      666 0.000589  -0.048237
      718 0.000585  -0.047897
      341 0.000566   0.046338
      602 0.000551  -0.045084
      708 0.000506   0.041381
      567 0.000473  -0.038739
       70 0.000471   0.038524
      174 0.000469   0.038372
      606 0.000463  -0.037914
      153 0.000456   0.037302
      577 0.000455  -0.037279
      210 0.000446  -0.036528
      699 0.000441  -0.036069
      735 0.000440  -0.035986
      641 0.000430  -0.035217
       69 0.000420  -0.034408
      709 0.000407  -0.033332
      620 0.000397  -0.032463
      220 0.000396  -0.032420
      583 0.000381  -0.031163
      575 0.000372   0.030472
      362 0.000351  -0.028760
      267 0.000350  -0.028626
      707 0.000349  -0.028577
      228 0.000338  -0.027633
      848 0.000331  -0.027068
      204 0.000330   0.026994
      412 0.000319  -0.026079
      419 0.000316  -0.025864
      601 0.000313   0.025640
      179 0.000308   0.025213
      696 0.000304  -0.024881
      756 0.000301  -0.024674
      171 0.000294  -0.024065
      807 0.000293   0.024026
      403 0.000293   0.023962
      631 0.000292  -0.023868
      243 0.000288   0.023563
      757 0.000287  -0.023473
      604 0.000280  -0.022889
      576 0.000278  -0.022740
      258 0.000277  -0.022712
      383 0.000274   0.022449
      587 0.000271   0.022175
      753 0.000259  -0.021219
      570 0.000257  -0.021068
      628 0.000254   0.020786
      199 0.000246  -0.020174
      137 0.000244  -0.019983
      377 0.000236  -0.019340
      400 0.000236  -0.019284
      787 0.000227   0.018564
      269 0.000222  -0.018172
      658 0.000219   0.017965
      815 0.000219  -0.017949
      580 0.000218  -0.017878
      853 0.000218  -0.017829
      665 0.000216  -0.017652
      273 0.000214  -0.017479
      564 0.000211  -0.017303
      573 0.000211   0.017288
      549 0.000204  -0.016734
      741 0.000202   0.016564
      230 0.000200  -0.016344
      132 0.000195   0.015940
      941 0.000188  -0.015389
      427 0.000187  -0.015340
      277 0.000187   0.015298
      301 0.000184  -0.015085
      739 0.000184  -0.015066
      227 0.000183   0.015001
      687 0.000181   0.014831
      175 0.000181  -0.014817
      667 0.000178   0.014538
      711 0.000177   0.014502
      299 0.000173   0.014151
      800 0.000172  -0.014107
      255 0.000171  -0.014033
      361 0.000171   0.014010
      161 0.000170   0.013930
      793 0.000170  -0.013908
      828 0.000166  -0.013619
      295 0.000166  -0.013591
      247 0.000163   0.013317
      750 0.000161   0.013220
      271 0.000160   0.013125
      857 0.000160  -0.013116
      820 0.000159  -0.012982
      574 0.000157  -0.012844
      726 0.000155  -0.012687
      784 0.000153  -0.012552
      373 0.000153  -0.012509
      398 0.000152  -0.012461
      369 0.000150   0.012312
      380 0.000150   0.012281
      743 0.000149  -0.012159
      640 0.000147  -0.012055
      234 0.000147   0.012008
      629 0.000146  -0.011981
      148 0.000146   0.011941
      236 0.000145   0.011858
      356 0.000145  -0.011836
      257 0.000144  -0.011828
      790 0.000144   0.011770
      557 0.000142  -0.011602
      254 0.000139   0.011387
      353 0.000138  -0.011272
      585 0.000137  -0.011227
      818 0.000137  -0.011177
      239 0.000136   0.011130
      392 0.000135   0.011052
      223 0.000135   0.011025
      217 0.000134  -0.010944
      697 0.000133   0.010895
      561 0.000132   0.010838
      847 0.000132   0.010814
      263 0.000131  -0.010730
      859 0.000131   0.010716
      312 0.000130  -0.010626
      605 0.000129  -0.010595
       91 0.000127  -0.010383
      908 0.000124  -0.010141
      638 0.000124  -0.010111
      795 0.000123   0.010100
      355 0.000123   0.010099
      423 0.000123  -0.010081
      431 0.000123  -0.010078
      436 0.000123   0.010051
      690 0.000122   0.009987
      566 0.000120   0.009852
      759 0.000120   0.009826
      107 0.000119  -0.009768
      974 0.000119   0.009712
      268 0.000118  -0.009657
      235 0.000117  -0.009570
      251 0.000117  -0.009544
      808 0.000113   0.009285
      553 0.000112  -0.009203
      645 0.000112   0.009161
      736 0.000112  -0.009151
      367 0.000112   0.009137
      354 0.000111   0.009127
      855 0.000111  -0.009049
      798 0.000109   0.008913
      801 0.000108  -0.008819
      298 0.000105  -0.008635
      572 0.000104  -0.008492
      241 0.000104   0.008484
      308 0.000103  -0.008455
      600 0.000103  -0.008413
      581 0.000102  -0.008387
      281 0.000102   0.008374
      742 0.000102  -0.008345
      840 0.000101  -0.008302
      206 0.000101   0.008294
      275 0.000100  -0.008204
      778 0.000099  -0.008120
      294 0.000099  -0.008102
      824 0.000098   0.007998
      844 0.000098  -0.007982
      591 0.000097   0.007938
      632 0.000097   0.007932
      829 0.000097   0.007929
      584 0.000096  -0.007867
      882 0.000096   0.007857
      614 0.000095   0.007793
      799 0.000095  -0.007791
      740 0.000095  -0.007775
      611 0.000094  -0.007730
      266 0.000094  -0.007705
      262 0.000094  -0.007690
      684 0.000092  -0.007570
      803 0.000091   0.007412
      261 0.000089  -0.007280
     1095 0.000087  -0.007145
      594 0.000087  -0.007128
      723 0.000085  -0.006918
      302 0.000084  -0.006879
      728 0.000083  -0.006814
      279 0.000083  -0.006805
      569 0.000082   0.006692
      826 0.000081  -0.006655
      734 0.000081  -0.006653
      832 0.000080   0.006586
      597 0.000080  -0.006565
      386 0.000080   0.006524
      343 0.000080  -0.006512
      292 0.000079  -0.006451
      232 0.000078  -0.006422
      802 0.000076   0.006248
      291 0.000076   0.006211
      744 0.000075  -0.006156
      955 0.000075   0.006107
      428 0.000075   0.006099
      319 0.000074   0.006092
      627 0.000074   0.006062
      748 0.000074  -0.006028
      722 0.000073  -0.005943
      937 0.000072  -0.005900
     1005 0.000071   0.005852
      654 0.000071   0.005830
      616 0.000071  -0.005814
      390 0.000070   0.005757
      337 0.000070  -0.005736
      762 0.000070   0.005719
      425 0.000070   0.005707
      289 0.000069   0.005669
      414 0.000069   0.005668
      978 0.000069   0.005645
      545 0.000069  -0.005621
      913 0.000068  -0.005581
      805 0.000068  -0.005581
      608 0.000067  -0.005466
      596 0.000066  -0.005412
      650 0.000065  -0.005351
      222 0.000065  -0.005327
      552 0.000065  -0.005327
      701 0.000065  -0.005309
      843 0.000064  -0.005267
      374 0.000064   0.005223
      776 0.000064  -0.005200
      922 0.000063  -0.005190
      286 0.000063   0.005179
      560 0.000063  -0.005175
      394 0.000062   0.005046
      770 0.000062   0.005035
      782 0.000061  -0.005012
      407 0.000060  -0.004942
      539 0.000060   0.004921
      315 0.000060   0.004901
      332 0.000060  -0.004885
      863 0.000058  -0.004789
      879 0.000058  -0.004783
      870 0.000058  -0.004744
      864 0.000057   0.004703
      948 0.000055   0.004542
      895 0.000055   0.004537
      322 0.000055  -0.004489
      252 0.000055   0.004480
      694 0.000054   0.004408
      589 0.000054  -0.004403
      325 0.000052  -0.004276
      891 0.000052  -0.004276
      528 0.000052   0.004228
      406 0.000051   0.004161
      283 0.000050   0.004125
      209 0.000050  -0.004104
      320 0.000049  -0.004015
      138 0.000048   0.003968
      858 0.000048  -0.003946
      765 0.000048   0.003913
      250 0.000048  -0.003905
      201 0.000048  -0.003901
      874 0.000047  -0.003865
      773 0.000047   0.003856
      821 0.000046  -0.003796
      397 0.000046  -0.003788
      542 0.000046   0.003766
      789 0.000046   0.003747
      831 0.000045   0.003711
      249 0.000045  -0.003695
      313 0.000045  -0.003680
      792 0.000045   0.003653
      540 0.000044  -0.003568
      880 0.000043   0.003556
      649 0.000043  -0.003517
      409 0.000043  -0.003492
      535 0.000042   0.003474
      867 0.000041   0.003375
       87 0.000041   0.003356
      884 0.000041  -0.003325
      193 0.000040  -0.003311
      987 0.000040   0.003296
      342 0.000040   0.003270
      677 0.000040   0.003259
      860 0.000040  -0.003250
      259 0.000040  -0.003249
      603 0.000039  -0.003224
      646 0.000039   0.003212
      928 0.000039  -0.003182
      823 0.000038   0.003145
      943 0.000038   0.003139
      881 0.000038  -0.003137
      448 0.000038   0.003106
      214 0.000037  -0.003068
      609 0.000037  -0.003062
      331 0.000036  -0.002988
      264 0.000036  -0.002985
      518 0.000036   0.002970
      402 0.000036   0.002953
      329 0.000036  -0.002936
      950 0.000035  -0.002890
      590 0.000035  -0.002874
      636 0.000035  -0.002865
      894 0.000035  -0.002851
      216 0.000035   0.002843
     1001 0.000034  -0.002808
      321 0.000034  -0.002805
      491 0.000034   0.002780
      310 0.000034  -0.002760
       93 0.000034  -0.002758
      405 0.000033  -0.002725
      904 0.000033   0.002725
       86 0.000033   0.002720
      290 0.000033   0.002711
      933 0.000033   0.002707
      349 0.000033  -0.002701
      335 0.000033   0.002688
      625 0.000033   0.002677
      780 0.000033  -0.002664
      445 0.000032  -0.002619
      323 0.000032  -0.002608
      410 0.000032  -0.002583
      532 0.000031   0.002565
      530 0.000031   0.002533
      993 0.000031   0.002518
      830 0.000030   0.002487
      488 0.000030   0.002484
      942 0.000030   0.002475
      598 0.000030   0.002470
      965 0.000030  -0.002465
      842 0.000030  -0.002461
     1025 0.000030   0.002448
       73 0.000030  -0.002425
      359 0.000030  -0.002423
      213 0.000029  -0.002408
      169 0.000029  -0.002373
      338 0.000029   0.002366
       98 0.000029  -0.002364
      237 0.000029  -0.002350
     1032 0.000029   0.002348
      592 0.000029  -0.002340
      568 0.000028  -0.002319
      424 0.000028  -0.002309
      475 0.000028  -0.002287
      146 0.000028  -0.002263
      642 0.000028  -0.002261
      849 0.000027  -0.002245
      225 0.000027  -0.002237
       60 0.000027   0.002221
      364 0.000027   0.002219
      524 0.000027  -0.002218
      240 0.000026   0.002166
       63 0.000026  -0.002148
      304 0.000026   0.002145
      839 0.000026  -0.002140
      151 0.000026   0.002139
      938 0.000026   0.002133
      226 0.000026  -0.002107
      318 0.000025   0.002086
     1017 0.000025   0.002080
      348 0.000025  -0.002058
       99 0.000025  -0.002012
      284 0.000025   0.002009
      755 0.000024  -0.002001
      152 0.000024   0.002000
      814 0.000024   0.001962
      432 0.000024   0.001955
       66 0.000024  -0.001949
      804 0.000024  -0.001948
      293 0.000023  -0.001923
      330 0.000023  -0.001917
      358 0.000023  -0.001916
      363 0.000023   0.001914
      333 0.000023   0.001911
      114 0.000023  -0.001904
      685 0.000023  -0.001897
      324 0.000023  -0.001886
     1034 0.000023  -0.001881
      401 0.000023  -0.001880
      296 0.000023   0.001880
      142 0.000023  -0.001877
      215 0.000023   0.001865
      680 0.000023   0.001860
      763 0.000023  -0.001845
      502 0.000022   0.001806
       94 0.000022  -0.001796
      145 0.000022   0.001784
      351 0.000022  -0.001777
      519 0.000022   0.001771
      900 0.000022  -0.001769
      662 0.000022  -0.001764
      366 0.000021   0.001751
      556 0.000021   0.001728
       74 0.000021  -0.001715
      526 0.000021   0.001713
      105 0.000021   0.001703
      101 0.000021  -0.001683
      917 0.000021   0.001680
      244 0.000020  -0.001678
      455 0.000020  -0.001654
      714 0.000020  -0.001647
      505 0.000020   0.001645
      681 0.000020  -0.001644
       80 0.000020   0.001643
       53 0.000020  -0.001634
      837 0.000020   0.001631
      309 0.000020  -0.001625
      339 0.000020   0.001624
      656 0.000020  -0.001620
      278 0.000020   0.001618
      536 0.000020  -0.001616
       92 0.000020   0.001599
      125 0.000019   0.001593
      949 0.000019   0.001591
      147 0.000019  -0.001590
       59 0.000019   0.001590
       84 0.000019  -0.001579
      144 0.000019  -0.001579
       52 0.000019   0.001569
      489 0.000019   0.001564
      136 0.000019   0.001559
      350 0.000019   0.001554
      118 0.000019  -0.001553
      835 0.000019  -0.001538
      437 0.000019   0.001532
      159 0.000018  -0.001501
      434 0.000018   0.001493
      109 0.000018   0.001486
       82 0.000018  -0.001485
      538 0.000018   0.001484
      512 0.000018  -0.001473
      463 0.000018  -0.001468
       38 0.000018  -0.001451
      260 0.000018   0.001445
      479 0.000018   0.001440
       96 0.000018   0.001439
       79 0.000018   0.001435
       55 0.000018  -0.001433
      274 0.000017   0.001431
      794 0.000017   0.001427
      198 0.000017   0.001426
      155 0.000017   0.001422
      368 0.000017   0.001410
     1052 0.000017   0.001409
      655 0.000017   0.001403
      371 0.000017  -0.001398
       45 0.000017  -0.001395
      185 0.000017  -0.001390
      514 0.000017   0.001387
      458 0.000017   0.001386
      875 0.000017   0.001381
       58 0.000017   0.001369
       81 0.000017  -0.001362
      272 0.000017  -0.001360
      558 0.000017  -0.001358
      852 0.000017   0.001354
      610 0.000016   0.001349
      150 0.000016  -0.001348
      876 0.000016   0.001347
      623 0.000016   0.001341
      170 0.000016  -0.001309
      128 0.000016   0.001308
       95 0.000016  -0.001302
      664 0.000016  -0.001297
      344 0.000016  -0.001278
      838 0.000016   0.001273
       51 0.000015   0.001259
      559 0.000015  -0.001249
      775 0.000015   0.001242
      297 0.000015  -0.001227
      732 0.000015   0.001225
       36 0.000015   0.001216
      964 0.000015   0.001211
      133 0.000015  -0.001202
      370 0.000015  -0.001195
       88 0.000015  -0.001194
      450 0.000015  -0.001191
      935 0.000014  -0.001186
      619 0.000014   0.001168
      856 0.000014   0.001162
      340 0.000014  -0.001157
      921 0.000014  -0.001152
      334 0.000014   0.001150
      287 0.000014   0.001135
      713 0.000014   0.001133
      224 0.000014  -0.001130
      907 0.000014   0.001126
      134 0.000014  -0.001126
      927 0.000014  -0.001126
      404 0.000014  -0.001124
      613 0.000014  -0.001115
       90 0.000014   0.001109
      285 0.000014   0.001106
      317 0.000014   0.001105
      565 0.000013  -0.001090
      988 0.000013  -0.001088
      644 0.000013  -0.001081
      971 0.000013  -0.001080
      140 0.000013   0.001075
      314 0.000013   0.001069
      181 0.000013   0.001064
      548 0.000013  -0.001062
      399 0.000013   0.001058
      478 0.000013   0.001046
      221 0.000013  -0.001043
      449 0.000013  -0.001041
     1010 0.000013   0.001041
      727 0.000013  -0.001041
      462 0.000013   0.001036
      483 0.000013  -0.001035
      104 0.000013   0.001029
      233 0.000013  -0.001027
      534 0.000013  -0.001025
        8 0.000012  -0.001022
      816 0.000012   0.001019
      256 0.000012  -0.001014
      695 0.000012  -0.001012
      326 0.000012   0.001010
      345 0.000012   0.001010
       62 0.000012   0.001010
      957 0.000012   0.001008
        7 0.000012   0.001007
      156 0.000012   0.001007
       50 0.000012  -0.001001
      676 0.000012  -0.000995
      346 0.000012   0.000994
      675 0.000012   0.000987
      934 0.000012  -0.000987
      110 0.000012   0.000985
      154 0.000012   0.000971
      307 0.000012  -0.000965
       29 0.000012   0.000950
      372 0.000012  -0.000949
      395 0.000012  -0.000947
       44 0.000011   0.000941
     1047 0.000011   0.000940
       78 0.000011  -0.000930
      360 0.000011   0.000927
      796 0.000011   0.000926
      550 0.000011  -0.000921
       54 0.000011  -0.000910
      418 0.000011  -0.000907
      245 0.000011  -0.000894
      510 0.000011  -0.000893
      231 0.000011   0.000888
      702 0.000011  -0.000878
      966 0.000011   0.000877
      473 0.000011  -0.000869
      396 0.000011   0.000867
     1073 0.000011  -0.000863
      202 0.000010   0.000856
      554 0.000010  -0.000853
      883 0.000010   0.000845
      180 0.000010   0.000845
      124 0.000010  -0.000839
      164 0.000010  -0.000837
        5 0.000010   0.000834
      634 0.000010  -0.000831
euclid. distance of OLC and linear combination of EV * x_coef: 0.007097994347551973

Generate samples based on objective loadcase 143
nr_to_generate: 25

Parameter variation distribution settings
distribution: uniform
low: 0.7
high: 1.3

Total process runtime: 0:00:01.360108
