Date and Time:2023-05-12 14:14:22.637649

Initial Settings:
similarity_model: <function cosine_similarity at 0x000001D005A6E5E0>
similarity_threshold: 1e-05
nr_eigv_to_select: None
distribution: uniform
deviation: 0.3
nr_to_generate: 25
recompute: False

Selected eigenvectors and similarity score w.r.t objective loadcase:
objective_loadcase_nr: 386
similarity_model: cosine_similarity
similarity_threshold: 1e-05
nr_eigv_to_select: None
nr_eigv_selected: 636
approximation parameter model: lstsq
similarity score and approx. param. value
:  eigv_idx    score      value
        3 0.553434  55.056204
        1 0.542899  54.008150
        2 0.498064 -49.547892
        0 0.384896  38.289860
        6 0.045496   4.525998
       39 0.022255   2.213961
        4 0.010986   1.092892
      639 0.003452   0.343446
      186 0.002527  -0.251361
      593 0.002067  -0.205602
      612 0.001978  -0.196800
      218 0.001867  -0.185754
      586 0.001863   0.185289
      187 0.001684  -0.167479
      710 0.001648  -0.163951
      716 0.001568   0.156031
      618 0.001311   0.130429
      663 0.001231  -0.122417
      668 0.001227   0.122071
      595 0.001168   0.116204
      194 0.001112   0.110654
       71 0.001052   0.104686
       69 0.000986   0.098039
      686 0.000975  -0.096993
      626 0.000945   0.094028
      143 0.000942   0.093666
      659 0.000916  -0.091124
      388 0.000885  -0.088086
      688 0.000834  -0.082986
      599 0.000805   0.080131
      617 0.000805   0.080051
      183 0.000765   0.076056
      749 0.000758  -0.075378
      582 0.000749  -0.074553
      635 0.000734   0.073028
      562 0.000725  -0.072133
      670 0.000689   0.068503
      621 0.000650  -0.064712
      579 0.000609   0.060633
      578 0.000591   0.058775
      341 0.000577   0.057421
      733 0.000577   0.057354
      700 0.000570   0.056673
      698 0.000554  -0.055105
      602 0.000543  -0.053982
      153 0.000539   0.053665
      666 0.000535  -0.053177
      704 0.000534  -0.053169
      174 0.000534   0.053105
      708 0.000521   0.051806
      718 0.000518  -0.051553
      606 0.000518  -0.051535
      683 0.000518   0.051514
      567 0.000486  -0.048354
      253 0.000466  -0.046371
      735 0.000456  -0.045398
      575 0.000452   0.045000
      577 0.000445  -0.044261
      620 0.000430  -0.042822
      709 0.000419  -0.041653
      182 0.000405  -0.040262
      641 0.000397  -0.039466
      699 0.000377  -0.037464
      210 0.000375  -0.037329
      220 0.000357  -0.035510
      267 0.000356  -0.035414
      707 0.000354  -0.035211
      696 0.000345  -0.034337
      258 0.000338  -0.033601
      583 0.000328  -0.032592
      362 0.000326  -0.032413
      848 0.000325  -0.032326
      601 0.000324   0.032230
      412 0.000317  -0.031528
      756 0.000313  -0.031154
      807 0.000313   0.031149
      419 0.000309  -0.030786
      757 0.000304  -0.030285
      184 0.000303  -0.030176
      631 0.000303  -0.030162
      228 0.000292  -0.029075
      753 0.000288  -0.028691
      243 0.000288   0.028610
      587 0.000284   0.028246
      403 0.000281   0.027970
      741 0.000256   0.025432
      361 0.000254   0.025237
      227 0.000253   0.025155
      853 0.000252  -0.025029
      204 0.000247   0.024593
       68 0.000245  -0.024371
      383 0.000241   0.023999
      230 0.000237  -0.023609
      580 0.000235  -0.023345
      273 0.000234  -0.023325
      739 0.000232  -0.023095
      377 0.000230  -0.022841
      793 0.000229  -0.022734
      576 0.000228  -0.022668
      570 0.000227  -0.022546
      137 0.000219  -0.021784
      400 0.000211  -0.020972
      604 0.000204  -0.020305
      787 0.000204   0.020279
      269 0.000203  -0.020227
      658 0.000203   0.020218
      628 0.000201   0.019951
      373 0.000200  -0.019909
      255 0.000199  -0.019776
      564 0.000199  -0.019755
      175 0.000193  -0.019213
      299 0.000192   0.019056
      726 0.000191  -0.018975
      574 0.000190  -0.018862
      254 0.000188   0.018731
      199 0.000187  -0.018643
      301 0.000187  -0.018643
      750 0.000187   0.018554
      815 0.000185  -0.018442
      941 0.000183  -0.018254
      247 0.000183   0.018217
      427 0.000183  -0.018203
      665 0.000183  -0.018198
      800 0.000181  -0.018002
      820 0.000180  -0.017880
      277 0.000179   0.017830
      271 0.000179   0.017800
      566 0.000178   0.017673
      828 0.000177  -0.017568
      355 0.000173   0.017251
      557 0.000172  -0.017113
      549 0.000170  -0.016895
      179 0.000168   0.016672
      784 0.000165  -0.016383
      855 0.000163  -0.016248
      743 0.000163  -0.016213
      667 0.000161   0.016043
      818 0.000161  -0.016035
      616 0.000161  -0.016000
      605 0.000160  -0.015910
      251 0.000160  -0.015897
      857 0.000160  -0.015869
      573 0.000158   0.015686
      235 0.000158  -0.015669
      711 0.000156   0.015566
      234 0.000154   0.015280
      392 0.000152   0.015133
      398 0.000150  -0.014875
      132 0.000149   0.014836
      241 0.000149   0.014826
      687 0.000149   0.014814
      263 0.000146  -0.014538
      171 0.000145  -0.014391
      294 0.000142  -0.014128
      553 0.000140  -0.013966
      795 0.000140   0.013964
      236 0.000140   0.013956
      790 0.000140   0.013946
      367 0.000139   0.013820
      257 0.000139  -0.013808
      217 0.000136  -0.013555
      808 0.000135   0.013402
      742 0.000131  -0.013004
      380 0.000130   0.012912
      239 0.000129   0.012847
      591 0.000127   0.012670
      847 0.000122   0.012175
      908 0.000121  -0.012081
      223 0.000121   0.012067
      824 0.000120   0.011977
      423 0.000120  -0.011955
      859 0.000119   0.011846
      431 0.000119  -0.011831
      684 0.000118  -0.011743
      262 0.000117  -0.011686
      569 0.000115   0.011422
      690 0.000112   0.011140
      974 0.000112   0.011105
      312 0.000112  -0.011094
      436 0.000110   0.010970
      723 0.000110  -0.010904
      354 0.000109   0.010835
      736 0.000108  -0.010734
      584 0.000107  -0.010689
      629 0.000106  -0.010526
      799 0.000104  -0.010368
      353 0.000104  -0.010317
       88 0.000103  -0.010276
      882 0.000101   0.010074
      364 0.000101  -0.010033
      829 0.000101   0.010032
      728 0.000100  -0.009992
      298 0.000100  -0.009945
      778 0.000100  -0.009944
      268 0.000100  -0.009899
      734 0.000099  -0.009885
      581 0.000099  -0.009859
      600 0.000099  -0.009801
       93 0.000098  -0.009775
      840 0.000098  -0.009748
      390 0.000098   0.009737
      369 0.000098   0.009702
      697 0.000094   0.009393
      279 0.000094  -0.009346
      337 0.000094  -0.009342
      645 0.000093   0.009287
      610 0.000093  -0.009223
      281 0.000092   0.009107
      701 0.000091  -0.009005
      844 0.000090  -0.008936
      329 0.000090  -0.008907
      161 0.000088   0.008801
      292 0.000088  -0.008790
      638 0.000088  -0.008787
      313 0.000088  -0.008742
      588 0.000087  -0.008611
      332 0.000086  -0.008574
      359 0.000085   0.008450
      275 0.000085  -0.008443
      245 0.000084  -0.008403
      291 0.000084   0.008378
      611 0.000084  -0.008376
      560 0.000084  -0.008359
     1095 0.000084  -0.008352
      295 0.000083  -0.008306
      323 0.000083  -0.008216
      744 0.000081  -0.008028
      261 0.000079  -0.007836
      552 0.000079  -0.007820
      266 0.000077  -0.007679
      770 0.000077   0.007616
      302 0.000076  -0.007529
      782 0.000075  -0.007458
      937 0.000074  -0.007338
      654 0.000073   0.007294
      131 0.000073   0.007234
      955 0.000072   0.007212
      640 0.000072  -0.007176
      107 0.000072  -0.007119
      843 0.000071  -0.007069
      798 0.000071   0.007045
      978 0.000070   0.006978
     1005 0.000070   0.006975
      832 0.000069   0.006903
       80 0.000069   0.006896
      773 0.000069   0.006896
      775 0.000069   0.006885
      594 0.000069  -0.006865
      632 0.000069   0.006865
      386 0.000068   0.006806
      748 0.000068  -0.006739
      572 0.000067  -0.006691
      428 0.000067   0.006662
      913 0.000067  -0.006657
      597 0.000067  -0.006623
      289 0.000066   0.006613
      104 0.000066   0.006612
      146 0.000066  -0.006609
      342 0.000066   0.006596
      206 0.000066   0.006591
      308 0.000066  -0.006576
      740 0.000066  -0.006549
      158 0.000066   0.006532
       81 0.000066  -0.006528
      226 0.000065   0.006480
      826 0.000065  -0.006478
       73 0.000064  -0.006399
      922 0.000064  -0.006354
      128 0.000064  -0.006326
       66 0.000063  -0.006305
      414 0.000063   0.006241
      948 0.000063   0.006240
      879 0.000062  -0.006212
      545 0.000062  -0.006197
      789 0.000062   0.006186
      198 0.000062   0.006176
      425 0.000061   0.006086
      225 0.000061   0.006053
      609 0.000060   0.006006
      864 0.000060   0.005954
      283 0.000059   0.005846
      776 0.000058  -0.005759
      138 0.000057  -0.005702
      290 0.000057   0.005701
      650 0.000057  -0.005675
      539 0.000057   0.005666
      805 0.000056  -0.005604
      895 0.000056   0.005573
      860 0.000055  -0.005451
      891 0.000055  -0.005426
      105 0.000054  -0.005401
      407 0.000054  -0.005375
      357 0.000054  -0.005339
      201 0.000054  -0.005332
      722 0.000054  -0.005331
      763 0.000053   0.005322
      821 0.000053  -0.005316
      286 0.000053   0.005284
      801 0.000053  -0.005269
      831 0.000053   0.005264
      103 0.000053  -0.005251
      765 0.000053   0.005247
       59 0.000053   0.005237
      232 0.000052  -0.005200
      803 0.000052   0.005183
      589 0.000052  -0.005159
      285 0.000052   0.005145
      823 0.000051   0.005094
      325 0.000051  -0.005080
      762 0.000051   0.005079
      366 0.000051   0.005030
      528 0.000050   0.005023
      159 0.000050   0.004987
      114 0.000049   0.004917
      145 0.000049   0.004900
      130 0.000049  -0.004874
      382 0.000049  -0.004868
      284 0.000048   0.004822
      274 0.000048   0.004798
      677 0.000048   0.004760
      343 0.000048  -0.004759
      568 0.000047   0.004685
      561 0.000047   0.004671
       70 0.000047   0.004652
      802 0.000047   0.004649
      694 0.000046   0.004621
      636 0.000046  -0.004582
      649 0.000046  -0.004571
      118 0.000046   0.004564
      349 0.000046  -0.004552
      152 0.000046   0.004541
       95 0.000046   0.004531
      272 0.000045  -0.004516
      309 0.000045  -0.004498
      613 0.000045   0.004466
      585 0.000045  -0.004464
      870 0.000045  -0.004456
      535 0.000044   0.004425
       60 0.000044   0.004423
      139 0.000044  -0.004404
      943 0.000044   0.004376
      863 0.000044  -0.004367
       74 0.000043  -0.004315
      108 0.000042  -0.004214
      792 0.000042   0.004189
      319 0.000041   0.004122
      727 0.000041  -0.004116
      542 0.000041   0.004107
      397 0.000041  -0.004107
      318 0.000041  -0.004094
      136 0.000040  -0.004007
      374 0.000040   0.004006
      904 0.000040   0.003975
      240 0.000040  -0.003945
      881 0.000038  -0.003813
      409 0.000038  -0.003798
      304 0.000038   0.003798
      928 0.000038  -0.003779
      347 0.000038   0.003776
      296 0.000038  -0.003753
       57 0.000038   0.003743
      540 0.000037  -0.003693
      894 0.000037  -0.003667
      322 0.000037  -0.003649
      348 0.000037   0.003648
      260 0.000037   0.003645
      880 0.000037   0.003638
      221 0.000036  -0.003616
      627 0.000036   0.003615
       90 0.000036   0.003613
      320 0.000036   0.003609
      110 0.000036  -0.003601
      874 0.000036  -0.003597
      987 0.000036   0.003587
      209 0.000036  -0.003567
      160 0.000036  -0.003561
      406 0.000036  -0.003557
       64 0.000036  -0.003534
      518 0.000035   0.003517
      356 0.000035  -0.003486
      685 0.000035  -0.003461
      491 0.000035   0.003459
      321 0.000035  -0.003456
      950 0.000034  -0.003423
      330 0.000034  -0.003394
       87 0.000034   0.003377
       78 0.000034  -0.003371
      448 0.000034   0.003368
      224 0.000033  -0.003327
      333 0.000033  -0.003285
      532 0.000033   0.003276
      646 0.000033   0.003242
      933 0.000032   0.003221
       98 0.000032  -0.003213
      237 0.000032   0.003195
      249 0.000032  -0.003190
      129 0.000032   0.003176
      830 0.000032   0.003155
      942 0.000032   0.003146
      259 0.000032  -0.003141
     1001 0.000031  -0.003133
      376 0.000031  -0.003132
      488 0.000031   0.003086
       84 0.000031  -0.003061
       99 0.000031   0.003056
       20 0.000031  -0.003053
      155 0.000031  -0.003047
      769 0.000031   0.003046
      867 0.000031   0.003034
      884 0.000030  -0.003029
      148 0.000030   0.002975
       82 0.000030  -0.002970
      410 0.000030  -0.002948
      191 0.000030   0.002935
      965 0.000029  -0.002929
      282 0.000029  -0.002919
      351 0.000029   0.002885
      842 0.000029  -0.002864
     1032 0.000029   0.002853
      310 0.000029  -0.002843
      938 0.000028   0.002833
      475 0.000028  -0.002825
      558 0.000028   0.002824
      445 0.000028  -0.002817
      858 0.000028  -0.002814
       18 0.000028  -0.002811
       94 0.000028   0.002807
      394 0.000028   0.002797
      759 0.000028   0.002786
     1025 0.000028   0.002782
      350 0.000028   0.002772
      530 0.000028   0.002751
       79 0.000028   0.002750
      331 0.000028  -0.002748
      524 0.000028  -0.002746
      195 0.000028   0.002746
      169 0.000027  -0.002701
      200 0.000027   0.002700
      147 0.000027  -0.002683
      216 0.000027   0.002676
      713 0.000027   0.002669
      196 0.000027   0.002642
      197 0.000026  -0.002634
      278 0.000026   0.002628
      993 0.000026   0.002612
      100 0.000026  -0.002602
      424 0.000026  -0.002578
       67 0.000026  -0.002564
      181 0.000026  -0.002557
      192 0.000026  -0.002541
      162 0.000025   0.002532
      178 0.000025   0.002529
       56 0.000025  -0.002526
      336 0.000025   0.002513
      252 0.000025  -0.002501
      379 0.000025  -0.002488
      120 0.000025   0.002472
      385 0.000024   0.002428
     1034 0.000024  -0.002371
      360 0.000024   0.002370
      712 0.000024  -0.002363
      231 0.000024  -0.002354
      814 0.000024   0.002348
      164 0.000024   0.002344
       22 0.000024   0.002339
      238 0.000023  -0.002324
      102 0.000023   0.002307
      242 0.000023  -0.002293
      724 0.000023  -0.002290
      151 0.000023   0.002289
      185 0.000023   0.002278
      900 0.000023  -0.002276
      112 0.000023  -0.002249
      526 0.000022   0.002233
     1017 0.000022   0.002226
      335 0.000022  -0.002224
      113 0.000022   0.002203
      123 0.000022  -0.002190
      233 0.000022  -0.002183
      248 0.000022   0.002164
      888 0.000022   0.002161
       58 0.000022   0.002142
      432 0.000022   0.002139
      142 0.000021  -0.002137
      791 0.000021   0.002112
      402 0.000021  -0.002108
      555 0.000021   0.002097
      794 0.000021   0.002084
      193 0.000021   0.002080
      229 0.000021  -0.002069
      856 0.000021   0.002067
      592 0.000021  -0.002058
      106 0.000020   0.002018
      917 0.000020   0.001996
      358 0.000020   0.001983
      157 0.000020   0.001981
      307 0.000020  -0.001980
      596 0.000020   0.001974
       76 0.000020  -0.001955
      502 0.000019   0.001935
      177 0.000019  -0.001933
      714 0.000019  -0.001931
      401 0.000019  -0.001931
      949 0.000019   0.001909
      519 0.000019   0.001907
      479 0.000019   0.001906
      514 0.000019   0.001906
      455 0.000019  -0.001867
      536 0.000019  -0.001856
      669 0.000019   0.001851
      811 0.000018   0.001828
      109 0.000018  -0.001824
       85 0.000018  -0.001823
      365 0.000018  -0.001822
      680 0.000018   0.001815
      691 0.000018   0.001815
       31 0.000018  -0.001810
       48 0.000018   0.001801
       89 0.000018   0.001793
      363 0.000018  -0.001788
      935 0.000018  -0.001784
      887 0.000018   0.001780
       43 0.000018  -0.001775
      463 0.000018  -0.001757
       65 0.000018   0.001756
      875 0.000017  -0.001732
      115 0.000017   0.001713
      437 0.000017   0.001713
      512 0.000017  -0.001709
      876 0.000017  -0.001702
      434 0.000017   0.001701
      849 0.000017   0.001700
      489 0.000017   0.001699
       91 0.000017  -0.001697
      971 0.000017  -0.001683
      244 0.000017  -0.001654
      297 0.000017  -0.001653
      384 0.000016  -0.001641
      265 0.000016   0.001636
      810 0.000016   0.001634
     1052 0.000016   0.001623
       23 0.000016  -0.001618
     1073 0.000016  -0.001610
       46 0.000016   0.001609
      190 0.000016   0.001602
       50 0.000016  -0.001592
      125 0.000016  -0.001589
      988 0.000016  -0.001589
      505 0.000016   0.001587
     1010 0.000016   0.001581
       45 0.000016   0.001580
      375 0.000016  -0.001579
      964 0.000016   0.001577
       29 0.000016   0.001571
      458 0.000016   0.001558
      215 0.000015   0.001538
       21 0.000015  -0.001534
       47 0.000015  -0.001517
      326 0.000015   0.001517
      270 0.000015   0.001500
      927 0.000015  -0.001497
      907 0.000015   0.001497
      345 0.000015   0.001493
      662 0.000015  -0.001486
       86 0.000015   0.001473
       33 0.000014   0.001439
      565 0.000014   0.001434
      172 0.000014  -0.001428
      637 0.000014   0.001425
      966 0.000014   0.001413
      921 0.000014  -0.001395
       55 0.000014   0.001394
      737 0.000014  -0.001393
      176 0.000014   0.001393
      372 0.000014   0.001389
      695 0.000014   0.001382
      590 0.000014  -0.001382
      625 0.000014  -0.001369
      450 0.000014  -0.001359
      276 0.000014   0.001357
      554 0.000014  -0.001354
      664 0.000014  -0.001351
      608 0.000013  -0.001342
      314 0.000013   0.001340
      934 0.000013  -0.001333
      124 0.000013   0.001328
      150 0.000013  -0.001328
      656 0.000013  -0.001293
       49 0.000013   0.001291
      167 0.000013   0.001282
        7 0.000013   0.001279
      816 0.000013   0.001270
        8 0.000013  -0.001264
      841 0.000012   0.001238
       41 0.000012   0.001237
      327 0.000012   0.001235
      675 0.000012   0.001232
      548 0.000012  -0.001232
       13 0.000012   0.001226
      835 0.000012  -0.001216
      883 0.000012   0.001207
      483 0.000012  -0.001205
      705 0.000012   0.001201
      642 0.000012  -0.001199
       16 0.000012  -0.001199
      344 0.000012  -0.001193
      141 0.000012   0.001188
      899 0.000012   0.001182
       40 0.000012  -0.001177
       97 0.000012   0.001163
      732 0.000012   0.001153
      538 0.000012   0.001150
        5 0.000012  -0.001147
      180 0.000011  -0.001129
      634 0.000011  -0.001127
       14 0.000011  -0.001119
     1047 0.000011   0.001104
      462 0.000011   0.001078
      644 0.000011  -0.001077
      957 0.000011   0.001054
      487 0.000011  -0.001051
      117 0.000010   0.001042
       63 0.000010  -0.001040
      165 0.000010   0.001039
       24 0.000010   0.001031
      405 0.000010  -0.001031
      140 0.000010   0.001029
      478 0.000010   0.001018
      633 0.000010  -0.001017
      135 0.000010  -0.001012
      338 0.000010  -0.001011
      563 0.000010  -0.001010
       52 0.000010   0.001004
      473 0.000010  -0.001002
      550 0.000010  -0.001000
      619 0.000010   0.000999
euclid. distance of OLC and linear combination of EV * x_coef: 0.008450880346463692

Generate samples based on objective loadcase 386
nr_to_generate: 25

Parameter variation distribution settings
distribution: uniform
low: 0.7
high: 1.3

Total process runtime: 0:00:01.388913
