Date and Time:2023-05-12 14:26:58.068888

Initial Settings:
similarity_model: <function cosine_similarity at 0x000001D005A6E5E0>
similarity_threshold: 1e-05
nr_eigv_to_select: None
distribution: uniform
deviation: 0.3
nr_to_generate: 25
recompute: False

Selected eigenvectors and similarity score w.r.t objective loadcase:
objective_loadcase_nr: 952
similarity_model: cosine_similarity
similarity_threshold: 1e-05
nr_eigv_to_select: None
nr_eigv_selected: 586
approximation parameter model: lstsq
similarity score and approx. param. value
:  eigv_idx    score      value
        1 0.564208  50.304871
        3 0.528280  47.101488
        2 0.481412 -42.922699
        0 0.408709  36.440505
        6 0.058539   5.219381
       39 0.013424   1.196873
        4 0.009615   0.857276
       68 0.003801  -0.338861
      639 0.003566   0.317937
      186 0.002243  -0.199950
      612 0.001988  -0.177212
      593 0.001881  -0.167707
      586 0.001697   0.151288
      716 0.001665   0.148448
      618 0.001605   0.143081
      710 0.001530  -0.136450
      663 0.001447  -0.129002
      187 0.001439  -0.128290
      668 0.001433   0.127783
      182 0.001404  -0.125207
      218 0.001392  -0.124078
       71 0.001188  -0.105923
      143 0.001175   0.104741
      595 0.001076   0.095959
      659 0.001060  -0.094487
      194 0.001036   0.092365
       69 0.000963  -0.085903
      184 0.000962  -0.085770
      617 0.000933   0.083209
      686 0.000925  -0.082461
      688 0.000827  -0.073723
      388 0.000823  -0.073376
      700 0.000813   0.072497
      749 0.000804  -0.071694
      683 0.000769   0.068588
      579 0.000762   0.067919
      599 0.000759   0.067689
      562 0.000726  -0.064763
      635 0.000711   0.063397
      626 0.000707   0.063011
      582 0.000705  -0.062885
      578 0.000662   0.059006
      670 0.000643   0.057367
      183 0.000636   0.056662
       70 0.000632   0.056317
      666 0.000577  -0.051458
      733 0.000574   0.051143
      698 0.000570  -0.050845
      621 0.000554  -0.049393
      228 0.000545  -0.048627
      253 0.000543  -0.048414
      179 0.000535   0.047660
      735 0.000530  -0.047212
      137 0.000495  -0.044091
      341 0.000494   0.044041
      602 0.000474  -0.042224
      174 0.000471   0.041983
      708 0.000465   0.041462
      171 0.000456  -0.040629
      153 0.000430   0.038321
      699 0.000411  -0.036622
      718 0.000403  -0.035906
      567 0.000400  -0.035676
      641 0.000398  -0.035523
      709 0.000390  -0.034756
      606 0.000384  -0.034227
      362 0.000383  -0.034134
      210 0.000375  -0.033403
      583 0.000375  -0.033394
      575 0.000371   0.033087
      756 0.000365  -0.032528
      620 0.000363  -0.032393
      577 0.000357  -0.031829
      757 0.000343  -0.030555
      204 0.000341   0.030414
      220 0.000338  -0.030094
      267 0.000333  -0.029663
      604 0.000329  -0.029343
      243 0.000317   0.028249
      628 0.000307   0.027416
      741 0.000307   0.027391
      403 0.000305   0.027158
      576 0.000300  -0.026706
      807 0.000294   0.026195
      132 0.000293   0.026147
      601 0.000288   0.025651
      199 0.000285  -0.025393
      254 0.000285   0.025393
      631 0.000285  -0.025389
      161 0.000284   0.025348
      419 0.000283  -0.025201
      848 0.000281  -0.025081
      704 0.000270  -0.024037
      573 0.000269   0.024027
      383 0.000269   0.024020
      739 0.000268  -0.023938
      148 0.000268   0.023925
      400 0.000263  -0.023424
      412 0.000261  -0.023264
      759 0.000256   0.022863
      853 0.000255  -0.022750
      787 0.000255   0.022737
      271 0.000250   0.022287
      356 0.000247  -0.022007
      587 0.000243   0.021679
      570 0.000237  -0.021106
      815 0.000231  -0.020633
      377 0.000224  -0.019940
      255 0.000223  -0.019866
      658 0.000222   0.019804
      580 0.000219  -0.019568
      750 0.000215   0.019173
      707 0.000214  -0.019109
      277 0.000214   0.019050
      640 0.000201  -0.017930
      941 0.000195  -0.017406
      557 0.000194  -0.017267
      665 0.000188  -0.016798
      564 0.000186  -0.016604
      175 0.000186  -0.016570
      687 0.000181   0.016135
      138 0.000179   0.015969
      828 0.000179  -0.015934
      800 0.000177  -0.015767
      236 0.000175   0.015589
      753 0.000174  -0.015486
      217 0.000173  -0.015404
      234 0.000170   0.015148
      798 0.000169   0.015045
      369 0.000169   0.015035
      566 0.000168   0.015017
       91 0.000168  -0.014976
      273 0.000167  -0.014926
      380 0.000165   0.014707
      258 0.000164  -0.014629
      193 0.000164  -0.014619
      667 0.000164   0.014602
      585 0.000161  -0.014346
      301 0.000160  -0.014223
      629 0.000159  -0.014171
      857 0.000159  -0.014161
      427 0.000156  -0.013891
      711 0.000155   0.013849
      241 0.000153   0.013679
      847 0.000153   0.013669
      574 0.000150  -0.013392
      820 0.000150  -0.013347
      790 0.000147   0.013123
      209 0.000147  -0.013086
      353 0.000144  -0.012880
      784 0.000144  -0.012860
      743 0.000141  -0.012590
      247 0.000139   0.012426
      251 0.000138  -0.012265
      690 0.000137   0.012246
      763 0.000137  -0.012180
      292 0.000134  -0.011949
      645 0.000134   0.011929
      398 0.000134  -0.011923
      107 0.000133  -0.011898
      638 0.000133  -0.011880
      394 0.000133   0.011870
      354 0.000133   0.011858
      605 0.000133  -0.011842
      740 0.000131  -0.011670
      436 0.000130   0.011624
      855 0.000129  -0.011542
      552 0.000127  -0.011316
      818 0.000126  -0.011254
      908 0.000125  -0.011176
      793 0.000123  -0.010982
      281 0.000123   0.010938
      762 0.000122   0.010915
      291 0.000122   0.010868
      974 0.000122   0.010858
      308 0.000121  -0.010809
      808 0.000118   0.010555
      294 0.000118  -0.010491
      726 0.000117  -0.010456
      882 0.000116   0.010362
      859 0.000116   0.010351
      295 0.000116  -0.010332
      581 0.000115  -0.010218
      553 0.000114  -0.010194
      257 0.000114  -0.010179
      832 0.000113   0.010099
      801 0.000112  -0.009962
      697 0.000112   0.009954
      235 0.000112  -0.009943
      313 0.000110  -0.009816
      423 0.000110  -0.009807
      549 0.000108  -0.009587
      364 0.000107   0.009571
      600 0.000107  -0.009559
      840 0.000107  -0.009552
      299 0.000107   0.009512
      431 0.000106  -0.009491
      824 0.000106   0.009410
      594 0.000105  -0.009353
      386 0.000105   0.009350
      632 0.000103   0.009194
      359 0.000101  -0.009004
      736 0.000101  -0.008973
      799 0.000100  -0.008900
      222 0.000100  -0.008875
      829 0.000099   0.008862
      701 0.000097  -0.008647
      373 0.000096  -0.008548
      361 0.000095   0.008470
      343 0.000095  -0.008468
      795 0.000095   0.008439
      596 0.000094  -0.008372
      367 0.000094   0.008352
      584 0.000093  -0.008258
      696 0.000092  -0.008223
     1095 0.000092  -0.008194
      844 0.000092  -0.008182
      302 0.000091  -0.008157
      803 0.000089   0.007919
      597 0.000088  -0.007837
      249 0.000088  -0.007835
      955 0.000088   0.007818
      374 0.000087   0.007715
      266 0.000086  -0.007696
      611 0.000085  -0.007590
      773 0.000085   0.007545
      734 0.000085  -0.007542
      569 0.000085   0.007534
      269 0.000083  -0.007406
      843 0.000083  -0.007384
      428 0.000081   0.007251
      863 0.000081  -0.007189
      684 0.000080  -0.007105
      414 0.000079   0.007013
      322 0.000079  -0.007011
      776 0.000079  -0.007008
      770 0.000078   0.006991
      560 0.000077  -0.006884
      742 0.000076  -0.006811
      355 0.000076   0.006765
      802 0.000075   0.006711
      879 0.000074  -0.006612
      748 0.000073  -0.006549
      262 0.000073  -0.006527
      335 0.000073  -0.006519
      350 0.000073  -0.006517
      392 0.000073   0.006489
      782 0.000073  -0.006474
      891 0.000073  -0.006473
      723 0.000071  -0.006368
     1005 0.000071   0.006347
      413 0.000070   0.006214
      937 0.000069  -0.006173
      913 0.000069  -0.006167
      744 0.000069  -0.006148
      805 0.000068  -0.006081
      333 0.000068  -0.006069
      610 0.000068  -0.006055
      545 0.000066  -0.005881
      627 0.000066   0.005848
      922 0.000065  -0.005835
      826 0.000065  -0.005833
      978 0.000065   0.005756
      216 0.000064  -0.005746
      616 0.000064  -0.005738
      728 0.000063  -0.005603
      561 0.000062   0.005525
      406 0.000061  -0.005481
      320 0.000061   0.005480
      572 0.000061  -0.005455
      357 0.000061   0.005411
      298 0.000060  -0.005338
      789 0.000060   0.005318
      654 0.000058   0.005215
      603 0.000058  -0.005185
      539 0.000058   0.005164
      279 0.000057  -0.005041
      765 0.000056   0.005006
      425 0.000056   0.004995
      589 0.000056  -0.004977
      402 0.000056  -0.004967
      722 0.000055  -0.004916
      780 0.000054  -0.004825
      264 0.000054  -0.004813
      214 0.000054   0.004771
      831 0.000053   0.004768
      821 0.000052  -0.004670
      867 0.000052   0.004618
      239 0.000051   0.004574
      226 0.000051  -0.004571
      261 0.000051  -0.004552
      390 0.000051   0.004542
      778 0.000051  -0.004533
      334 0.000051   0.004506
      895 0.000050   0.004496
      542 0.000050   0.004468
      259 0.000050  -0.004467
      245 0.000050  -0.004433
      591 0.000048   0.004318
      225 0.000048  -0.004283
      198 0.000047   0.004222
      540 0.000047  -0.004195
      948 0.000047   0.004191
      325 0.000047  -0.004157
      588 0.000047   0.004156
      528 0.000046   0.004145
      864 0.000046   0.004141
      870 0.000046  -0.004091
      232 0.000045  -0.004031
      330 0.000045  -0.004022
      858 0.000045  -0.004000
      987 0.000045   0.003972
      276 0.000044   0.003949
      407 0.000044  -0.003943
      904 0.000044   0.003920
      874 0.000044  -0.003903
      965 0.000042  -0.003781
      268 0.000042  -0.003781
      215 0.000042  -0.003716
      296 0.000042  -0.003701
      928 0.000041  -0.003697
      360 0.000041  -0.003697
      409 0.000041  -0.003695
      405 0.000041   0.003656
      224 0.000040  -0.003603
      347 0.000040  -0.003600
      894 0.000040  -0.003593
     1001 0.000039  -0.003510
      448 0.000039   0.003504
      312 0.000038  -0.003373
      993 0.000038   0.003370
      609 0.000038   0.003352
      881 0.000037  -0.003340
      169 0.000036  -0.003228
      314 0.000036  -0.003201
      329 0.000036  -0.003195
      349 0.000036   0.003174
      681 0.000035  -0.003150
      535 0.000035   0.003135
      131 0.000035  -0.003126
      328 0.000035  -0.003105
      613 0.000035   0.003089
      680 0.000035   0.003085
      590 0.000034  -0.003070
     1025 0.000034   0.003063
      326 0.000034   0.003052
      643 0.000034  -0.003043
      310 0.000034  -0.003021
      206 0.000034   0.003011
      625 0.000034   0.002987
      933 0.000033   0.002945
      293 0.000033   0.002943
      382 0.000033   0.002940
      164 0.000033   0.002932
      943 0.000033   0.002924
      592 0.000033  -0.002918
      491 0.000033   0.002917
      368 0.000033  -0.002911
      275 0.000033  -0.002909
      530 0.000032   0.002896
      488 0.000032   0.002883
      880 0.000032   0.002868
      518 0.000032   0.002849
       64 0.000032   0.002836
      823 0.000032   0.002834
      213 0.000031   0.002794
       60 0.000031   0.002788
      410 0.000031  -0.002782
      263 0.000031  -0.002766
      950 0.000031  -0.002758
      860 0.000031  -0.002749
      363 0.000031   0.002738
       86 0.000031   0.002721
      285 0.000030  -0.002703
      399 0.000030  -0.002702
     1032 0.000030   0.002689
      432 0.000030   0.002683
       87 0.000030   0.002674
      397 0.000030  -0.002672
      248 0.000030  -0.002669
      475 0.000030  -0.002666
       81 0.000030   0.002656
      532 0.000030   0.002637
      769 0.000029  -0.002581
      900 0.000029  -0.002566
      814 0.000029   0.002547
      146 0.000028   0.002534
      942 0.000028   0.002524
      837 0.000028  -0.002485
      318 0.000028  -0.002476
       63 0.000028  -0.002468
      221 0.000027   0.002444
      260 0.000027   0.002441
     1017 0.000027   0.002440
      142 0.000027  -0.002422
      250 0.000027   0.002421
       59 0.000027   0.002420
      524 0.000027  -0.002412
      223 0.000027   0.002410
      792 0.000027   0.002397
      307 0.000027  -0.002394
      636 0.000027  -0.002376
      201 0.000027   0.002363
      309 0.000026   0.002358
      884 0.000026  -0.002356
      272 0.000026   0.002343
      118 0.000026  -0.002330
      420 0.000026   0.002313
      158 0.000026   0.002312
      230 0.000026  -0.002296
      694 0.000026   0.002288
       80 0.000026  -0.002274
      685 0.000025  -0.002273
      242 0.000025   0.002205
      365 0.000025   0.002185
      144 0.000024  -0.002180
      304 0.000024  -0.002173
      123 0.000024   0.002161
      125 0.000024  -0.002138
      705 0.000024  -0.002126
      917 0.000024   0.002106
      145 0.000023  -0.002034
      445 0.000023  -0.002034
      424 0.000023  -0.002015
      274 0.000023  -0.002012
      297 0.000022  -0.002006
       73 0.000022   0.002005
      396 0.000022   0.001993
      712 0.000022   0.001987
      371 0.000022   0.001972
      283 0.000022  -0.001967
      165 0.000022   0.001941
      519 0.000022   0.001938
      538 0.000022   0.001924
       95 0.000021   0.001917
      114 0.000021  -0.001907
      479 0.000021   0.001893
      289 0.000021   0.001878
      159 0.000021   0.001867
      714 0.000021  -0.001857
      155 0.000021   0.001854
      724 0.000021   0.001849
      229 0.000021   0.001849
      502 0.000021   0.001835
      849 0.000020   0.001826
      868 0.000020  -0.001823
       83 0.000020  -0.001821
     1034 0.000020  -0.001814
      170 0.000020   0.001813
       89 0.000020   0.001804
      233 0.000020   0.001791
       66 0.000020   0.001790
      614 0.000020   0.001751
      141 0.000020   0.001747
      401 0.000019   0.001729
      536 0.000019  -0.001716
     1052 0.000019   0.001705
      455 0.000019  -0.001701
      512 0.000019  -0.001688
      336 0.000019   0.001660
      489 0.000018   0.001649
      324 0.000018  -0.001640
      452 0.000018  -0.001634
      650 0.000018  -0.001632
      938 0.000018   0.001631
      338 0.000018  -0.001627
      554 0.000018  -0.001626
      323 0.000018  -0.001624
       99 0.000018   0.001615
      346 0.000018   0.001614
      458 0.000018   0.001612
      695 0.000018  -0.001610
      463 0.000018  -0.001586
      623 0.000018   0.001586
      119 0.000018   0.001568
      852 0.000017  -0.001557
      838 0.000017   0.001546
      157 0.000017  -0.001546
      191 0.000017   0.001540
      555 0.000017   0.001533
      966 0.000017   0.001532
       88 0.000017   0.001530
      514 0.000017   0.001516
      526 0.000017   0.001513
      128 0.000017  -0.001510
      729 0.000017   0.001508
      883 0.000017   0.001505
       76 0.000017   0.001483
      775 0.000016  -0.001449
      856 0.000016   0.001442
      244 0.000016  -0.001437
       77 0.000016  -0.001422
       74 0.000016   0.001405
      437 0.000016   0.001404
      505 0.000016   0.001403
      337 0.000016  -0.001391
      903 0.000016  -0.001388
      112 0.000016   0.001388
      693 0.000016   0.001384
      404 0.000015   0.001367
      816 0.000015   0.001355
      804 0.000015  -0.001349
      619 0.000015   0.001329
      732 0.000015   0.001328
      358 0.000015  -0.001317
      949 0.000015   0.001311
      483 0.000014  -0.001289
      543 0.000014  -0.001286
      387 0.000014  -0.001284
       57 0.000014   0.001271
      117 0.000014  -0.001266
      351 0.000014  -0.001233
      115 0.000014  -0.001232
      121 0.000014   0.001228
      162 0.000014   0.001225
       90 0.000014   0.001215
      964 0.000014   0.001204
       14 0.000013   0.001185
      154 0.000013   0.001185
       13 0.000013  -0.001180
      101 0.000013   0.001177
      147 0.000013   0.001175
      677 0.000013   0.001168
      450 0.000013  -0.001164
      927 0.000013  -0.001163
      959 0.000013   0.001152
      238 0.000013   0.001149
      907 0.000013   0.001142
      287 0.000013  -0.001137
      662 0.000013  -0.001132
      265 0.000013   0.001132
       93 0.000013   0.001129
      352 0.000012   0.001112
      534 0.000012  -0.001110
      156 0.000012   0.001108
      316 0.000012   0.001100
      395 0.000012  -0.001095
      240 0.000012   0.001092
      935 0.000012  -0.001082
      379 0.000012  -0.001080
      172 0.000012   0.001075
      839 0.000012   0.001068
      934 0.000012  -0.001067
      192 0.000012  -0.001066
     1047 0.000012   0.001063
       55 0.000012   0.001047
      842 0.000012  -0.001045
      653 0.000012  -0.001044
      565 0.000012  -0.001038
      473 0.000012  -0.001034
      130 0.000012  -0.001026
      181 0.000011   0.001023
      691 0.000011   0.001023
      888 0.000011   0.001017
      109 0.000011  -0.001003
      344 0.000011   0.001001
      178 0.000011  -0.001001
      100 0.000011  -0.000994
      921 0.000011  -0.000992
      487 0.000011  -0.000990
       82 0.000011  -0.000981
      384 0.000011   0.000974
      811 0.000011   0.000973
      370 0.000011   0.000973
      177 0.000011   0.000970
       94 0.000011   0.000966
       78 0.000011   0.000965
      669 0.000011   0.000960
      440 0.000011  -0.000960
      462 0.000011   0.000959
      160 0.000011   0.000951
      875 0.000011  -0.000951
      671 0.000010  -0.000934
      461 0.000010   0.000934
      339 0.000010  -0.000928
       65 0.000010  -0.000923
      971 0.000010  -0.000921
      152 0.000010   0.000918
      317 0.000010  -0.000917
      393 0.000010  -0.000907
      796 0.000010   0.000906
      746 0.000010  -0.000905
      755 0.000010  -0.000900
      794 0.000010   0.000896
      270 0.000010  -0.000895
       54 0.000010  -0.000894
euclid. distance of OLC and linear combination of EV * x_coef: 0.009113888643287627

Generate samples based on objective loadcase 952
nr_to_generate: 25

Parameter variation distribution settings
distribution: uniform
low: 0.7
high: 1.3

Total process runtime: 0:00:01.360440
