Date and Time:2023-05-12 14:24:07.636553

Initial Settings:
similarity_model: <function cosine_similarity at 0x000001D005A6E5E0>
similarity_threshold: 1e-05
nr_eigv_to_select: None
distribution: uniform
deviation: 0.3
nr_to_generate: 25
recompute: False

Selected eigenvectors and similarity score w.r.t objective loadcase:
objective_loadcase_nr: 825
similarity_model: cosine_similarity
similarity_threshold: 1e-05
nr_eigv_to_select: None
nr_eigv_selected: 470
approximation parameter model: lstsq
similarity score and approx. param. value
:  eigv_idx    score      value
        3 0.569072  55.575815
        1 0.527450  51.510983
        2 0.510079 -49.814546
        0 0.367996  35.938662
        6 0.038666   3.776139
       39 0.025311   2.471870
        4 0.011933   1.165374
      639 0.003599   0.351464
      218 0.002241  -0.218818
      593 0.002161  -0.211014
      186 0.002087  -0.203800
      612 0.002039  -0.199095
      586 0.002002   0.195500
      710 0.001576  -0.153932
      187 0.001392  -0.135919
      716 0.001386   0.135374
      595 0.001293   0.126230
      663 0.001249  -0.121954
       68 0.001210  -0.118198
      618 0.001176   0.114873
      668 0.001147   0.112058
      626 0.001084   0.105909
      143 0.000958   0.093517
      686 0.000951  -0.092881
      388 0.000938  -0.091572
      194 0.000931   0.090895
      659 0.000858  -0.083788
      599 0.000814   0.079468
      617 0.000804   0.078553
      688 0.000801  -0.078184
      582 0.000759  -0.074135
      562 0.000758  -0.073981
      670 0.000755   0.073728
      635 0.000744   0.072677
      621 0.000741  -0.072318
      749 0.000687  -0.067141
      704 0.000677  -0.066083
      183 0.000655   0.064003
      578 0.000655   0.063981
      733 0.000628   0.061354
      341 0.000617   0.060215
      718 0.000607  -0.059282
      698 0.000582  -0.056865
      602 0.000562  -0.054906
      606 0.000556  -0.054275
      567 0.000555  -0.054228
      579 0.000550   0.053691
      182 0.000531  -0.051887
       69 0.000531   0.051813
      577 0.000529  -0.051651
       71 0.000491   0.047932
      700 0.000489   0.047763
      708 0.000485   0.047327
      253 0.000482  -0.047076
      666 0.000478  -0.046681
      683 0.000475   0.046409
      153 0.000463   0.045204
      267 0.000451  -0.044024
      575 0.000450   0.043996
      696 0.000447  -0.043645
      620 0.000444  -0.043388
      174 0.000438   0.042805
      220 0.000431  -0.042078
      735 0.000429  -0.041921
      184 0.000424  -0.041405
      707 0.000409  -0.039902
      641 0.000407  -0.039793
      699 0.000401  -0.039123
      709 0.000399  -0.038948
      258 0.000388  -0.037901
      753 0.000372  -0.036360
      601 0.000371   0.036200
      848 0.000367  -0.035824
      583 0.000362  -0.035323
      412 0.000350  -0.034211
      210 0.000339  -0.033110
      807 0.000335   0.032700
      419 0.000329  -0.032167
      631 0.000309  -0.030157
      403 0.000306   0.029849
      230 0.000306  -0.029845
      587 0.000303   0.029611
      362 0.000295  -0.028839
      273 0.000294  -0.028707
      137 0.000293  -0.028653
      227 0.000292   0.028538
      793 0.000291  -0.028466
      756 0.000287  -0.028046
      383 0.000286   0.027933
      243 0.000278   0.027138
      570 0.000264  -0.025788
      228 0.000263  -0.025733
      757 0.000254  -0.024775
      269 0.000251  -0.024536
      853 0.000238  -0.023215
      235 0.000236  -0.023073
      377 0.000233  -0.022786
      179 0.000230   0.022481
      299 0.000225   0.021994
      204 0.000225   0.021927
      361 0.000225   0.021925
      604 0.000222  -0.021695
       70 0.000213   0.020838
      741 0.000210   0.020533
      239 0.000210   0.020463
      580 0.000204  -0.019913
      576 0.000204  -0.019904
      564 0.000203  -0.019792
      263 0.000202  -0.019755
      301 0.000202  -0.019751
      132 0.000199   0.019478
      427 0.000199  -0.019434
      739 0.000199  -0.019400
      549 0.000199  -0.019399
      171 0.000197  -0.019215
      726 0.000196  -0.019165
      800 0.000195  -0.019040
      743 0.000193  -0.018824
      373 0.000193  -0.018817
      658 0.000191   0.018624
      400 0.000188  -0.018405
      199 0.000188  -0.018397
      247 0.000187   0.018305
      763 0.000176   0.017230
      750 0.000175   0.017121
      855 0.000175  -0.017053
      784 0.000174  -0.016977
      392 0.000173   0.016925
      175 0.000173  -0.016908
      828 0.000172  -0.016803
      665 0.000172  -0.016794
      941 0.000171  -0.016717
      820 0.000170  -0.016605
      795 0.000169   0.016545
      312 0.000169  -0.016540
      574 0.000168  -0.016409
      787 0.000166   0.016200
      667 0.000164   0.015995
      742 0.000163  -0.015944
      628 0.000162   0.015844
      818 0.000161  -0.015707
      591 0.000161   0.015689
      553 0.000156  -0.015191
      369 0.000155   0.015171
      711 0.000155   0.015164
      857 0.000155  -0.015123
      815 0.000154  -0.015042
      616 0.000154  -0.015026
      778 0.000150  -0.014615
      255 0.000147  -0.014329
      275 0.000146  -0.014238
      687 0.000144   0.014109
      277 0.000143   0.014006
      557 0.000143  -0.013988
      223 0.000143   0.013972
      206 0.000141   0.013733
      808 0.000138   0.013517
      271 0.000136   0.013312
      337 0.000136  -0.013306
      605 0.000136  -0.013273
      759 0.000135  -0.013152
      398 0.000133  -0.013004
      824 0.000131   0.012805
      355 0.000130   0.012656
      736 0.000129  -0.012628
      573 0.000128   0.012526
      423 0.000128  -0.012503
      431 0.000127  -0.012444
      697 0.000127   0.012439
      790 0.000127   0.012375
      585 0.000125  -0.012230
      380 0.000125   0.012221
      241 0.000125   0.012220
      354 0.000125   0.012196
      257 0.000123  -0.012010
      294 0.000121  -0.011866
      566 0.000121   0.011790
      332 0.000120  -0.011768
      217 0.000120  -0.011706
      859 0.000120   0.011701
      690 0.000117   0.011428
      775 0.000117   0.011379
      908 0.000116  -0.011345
      645 0.000115   0.011213
      290 0.000112   0.010975
      799 0.000112  -0.010952
      234 0.000112   0.010899
      279 0.000109  -0.010665
      829 0.000108   0.010595
      295 0.000108  -0.010579
      638 0.000107  -0.010438
      298 0.000106  -0.010392
      569 0.000106   0.010348
      974 0.000105   0.010247
      684 0.000104  -0.010141
      353 0.000100  -0.009790
      367 0.000100   0.009788
      436 0.000100   0.009778
      744 0.000099  -0.009697
      254 0.000099   0.009672
      329 0.000099  -0.009660
       88 0.000098  -0.009571
      251 0.000098  -0.009530
      847 0.000097   0.009485
      728 0.000096  -0.009398
      840 0.000096  -0.009371
      600 0.000095  -0.009269
      629 0.000095  -0.009254
      581 0.000095  -0.009235
      356 0.000094  -0.009216
      161 0.000094   0.009133
      611 0.000092  -0.008988
      266 0.000091  -0.008855
      844 0.000089  -0.008725
      292 0.000088  -0.008633
      262 0.000087  -0.008452
      882 0.000086   0.008426
      770 0.000086   0.008411
      594 0.000086  -0.008397
      584 0.000085  -0.008319
      261 0.000084  -0.008175
      281 0.000081   0.007939
       93 0.000081  -0.007875
      937 0.000081  -0.007862
      107 0.000080  -0.007798
      734 0.000079  -0.007726
      572 0.000078  -0.007578
      769 0.000077   0.007493
      561 0.000077   0.007485
     1095 0.000077  -0.007473
      782 0.000076  -0.007445
      723 0.000076  -0.007433
      948 0.000076   0.007429
      236 0.000076   0.007412
      978 0.000074   0.007243
      654 0.000074   0.007202
      560 0.000074  -0.007178
      201 0.000073  -0.007167
      325 0.000072  -0.007037
      321 0.000071  -0.006905
      302 0.000070  -0.006798
      843 0.000069  -0.006759
     1005 0.000068   0.006641
      390 0.000067   0.006580
      104 0.000067   0.006541
      632 0.000067   0.006521
      864 0.000066   0.006441
      308 0.000066  -0.006427
      722 0.000065  -0.006392
      913 0.000065  -0.006359
      291 0.000065   0.006344
      748 0.000064  -0.006269
      860 0.000064  -0.006262
      148 0.000064   0.006261
      268 0.000064  -0.006236
      694 0.000063   0.006199
      792 0.000063   0.006186
      701 0.000063  -0.006129
      342 0.000062   0.006101
      319 0.000062   0.006030
      826 0.000062  -0.006019
      539 0.000062   0.006012
      425 0.000061   0.006006
      773 0.000061   0.005911
      428 0.000060   0.005875
      552 0.000060  -0.005858
      955 0.000060   0.005839
      943 0.000059   0.005788
      545 0.000059  -0.005779
      386 0.000059   0.005758
      895 0.000058   0.005700
      922 0.000057  -0.005587
      343 0.000056  -0.005474
      832 0.000056   0.005446
      414 0.000056   0.005430
      289 0.000055   0.005410
      614 0.000055   0.005404
      285 0.000055   0.005357
      323 0.000055  -0.005351
      627 0.000054   0.005243
      831 0.000053   0.005219
      528 0.000053   0.005215
      821 0.000053  -0.005180
      823 0.000053   0.005148
      879 0.000051  -0.005012
      765 0.000051   0.004950
       91 0.000050  -0.004929
      870 0.000050  -0.004903
      322 0.000049  -0.004778
      589 0.000049  -0.004770
      535 0.000047   0.004629
      880 0.000047   0.004628
      283 0.000046   0.004489
      590 0.000046  -0.004478
      884 0.000046  -0.004477
      313 0.000046  -0.004465
      801 0.000045  -0.004349
      650 0.000044  -0.004290
      315 0.000044   0.004274
      169 0.000043  -0.004219
      789 0.000042   0.004137
      597 0.000042  -0.004109
      407 0.000042  -0.004085
      596 0.000042  -0.004063
      374 0.000040   0.003881
      894 0.000039  -0.003858
      874 0.000039  -0.003846
      881 0.000039  -0.003836
      640 0.000038  -0.003704
      891 0.000037  -0.003651
      518 0.000037   0.003601
      491 0.000037   0.003571
      904 0.000036   0.003520
      244 0.000036  -0.003501
      540 0.000035  -0.003446
      842 0.000035  -0.003445
      413 0.000035  -0.003412
      318 0.000034  -0.003359
      830 0.000034   0.003341
      542 0.000034   0.003337
      532 0.000034   0.003291
      740 0.000033  -0.003268
      409 0.000033  -0.003253
      928 0.000033  -0.003241
      762 0.000033  -0.003231
      950 0.000033  -0.003227
      366 0.000033   0.003223
      776 0.000033  -0.003215
      488 0.000033   0.003193
      942 0.000033   0.003185
      803 0.000033   0.003184
      394 0.000033   0.003182
      397 0.000032  -0.003155
      677 0.000032   0.003100
      987 0.000031   0.003071
      780 0.000031   0.003069
      933 0.000031   0.003062
      448 0.000031   0.003057
      278 0.000031   0.003020
      445 0.000030  -0.002978
      410 0.000030  -0.002972
      131 0.000030   0.002949
      297 0.000030  -0.002943
      249 0.000030  -0.002926
      636 0.000030  -0.002916
      649 0.000029  -0.002881
      232 0.000029  -0.002879
      863 0.000029  -0.002805
      245 0.000029  -0.002805
      475 0.000029  -0.002784
      310 0.000028  -0.002781
      524 0.000028  -0.002748
      643 0.000028  -0.002742
      802 0.000028   0.002722
      138 0.000028  -0.002708
     1001 0.000028  -0.002701
      608 0.000028  -0.002692
      935 0.000028  -0.002687
      794 0.000027   0.002678
     1032 0.000027   0.002662
      610 0.000027  -0.002632
      530 0.000025   0.002478
      424 0.000025  -0.002471
     1073 0.000025  -0.002469
     1034 0.000025  -0.002434
      286 0.000025   0.002420
      526 0.000024   0.002370
      957 0.000024   0.002325
      349 0.000024  -0.002300
      805 0.000023  -0.002275
      727 0.000023  -0.002244
     1025 0.000023   0.002233
      988 0.000022  -0.002192
      856 0.000022   0.002177
      841 0.000022   0.002170
      198 0.000022   0.002165
      971 0.000022  -0.002162
      938 0.000022   0.002161
      685 0.000022  -0.002153
      964 0.000022   0.002114
      858 0.000021  -0.002029
      835 0.000021  -0.002014
      226 0.000020   0.001975
      867 0.000020   0.001965
      364 0.000020  -0.001962
      921 0.000020  -0.001952
      209 0.000020  -0.001945
     1010 0.000020   0.001921
      514 0.000020   0.001920
     1017 0.000020   0.001919
      225 0.000020   0.001919
      224 0.000020  -0.001909
      479 0.000020   0.001907
      993 0.000019   0.001886
      284 0.000019   0.001884
      455 0.000019  -0.001831
      437 0.000018   0.001800
      833 0.000018  -0.001790
      502 0.000018   0.001785
      536 0.000018  -0.001771
      519 0.000018   0.001770
     1096 0.000018   0.001767
      463 0.000018  -0.001760
      432 0.000018   0.001755
      965 0.000018  -0.001738
      588 0.000018  -0.001730
      662 0.000018  -0.001719
      852 0.000018   0.001717
      714 0.000018  -0.001717
      949 0.000018   0.001716
      927 0.000017  -0.001691
      512 0.000017  -0.001634
      346 0.000017   0.001626
      222 0.000016  -0.001607
      917 0.000016   0.001600
      811 0.000016   0.001587
      814 0.000016   0.001585
      333 0.000016  -0.001556
      900 0.000016  -0.001539
      934 0.000015  -0.001507
      646 0.000015   0.001494
      489 0.000015   0.001489
      359 0.000015   0.001487
      732 0.000015   0.001446
      791 0.000015   0.001443
      458 0.000015   0.001442
      505 0.000015   0.001438
      240 0.000015  -0.001426
      357 0.000015  -0.001425
      237 0.000015   0.001422
      324 0.000014  -0.001411
      983 0.000014   0.001405
     1052 0.000014   0.001402
      384 0.000014  -0.001399
      977 0.000014   0.001391
      382 0.000014  -0.001376
      450 0.000014  -0.001356
      907 0.000013   0.001294
      804 0.000013  -0.001263
      798 0.000013   0.001260
      755 0.000013  -0.001259
      888 0.000013   0.001259
      810 0.000013   0.001257
      350 0.000013   0.001236
      809 0.000013   0.001235
      816 0.000012   0.001212
       98 0.000012  -0.001203
     1009 0.000012  -0.001198
      478 0.000012   0.001175
      264 0.000012   0.001167
      916 0.000012  -0.001161
      680 0.000012   0.001145
      675 0.000011   0.001118
      887 0.000011   0.001096
      669 0.000011   0.001094
      483 0.000011  -0.001080
      216 0.000011   0.001066
      487 0.000011  -0.001058
      634 0.000011  -0.001055
      538 0.000011   0.001053
      966 0.000011   0.001044
      402 0.000011   0.001043
      619 0.000011   0.001036
      764 0.000011  -0.001030
      839 0.000010  -0.001014
     1061 0.000010  -0.001012
      959 0.000010  -0.001000
      461 0.000010   0.000998
      462 0.000010   0.000990
      360 0.000010   0.000977
euclid. distance of OLC and linear combination of EV * x_coef: 0.007417068356353127

Generate samples based on objective loadcase 825
nr_to_generate: 25

Parameter variation distribution settings
distribution: uniform
low: 0.7
high: 1.3

Total process runtime: 0:00:01.279909
