Date and Time:2023-05-12 14:16:19.928841

Initial Settings:
similarity_model: <function cosine_similarity at 0x000001D005A6E5E0>
similarity_threshold: 1e-05
nr_eigv_to_select: None
distribution: uniform
deviation: 0.3
nr_to_generate: 25
recompute: False

Selected eigenvectors and similarity score w.r.t objective loadcase:
objective_loadcase_nr: 474
similarity_model: cosine_similarity
similarity_threshold: 1e-05
nr_eigv_to_select: None
nr_eigv_selected: 511
approximation parameter model: lstsq
similarity score and approx. param. value
:  eigv_idx    score      value
        3 0.551989  39.731048
        1 0.543710  39.135097
        2 0.498008 -35.845562
        0 0.385836  27.771692
        6 0.046827   3.370481
       39 0.020483   1.474336
        4 0.010942   0.787602
      639 0.003572   0.257087
      186 0.002128  -0.153158
       68 0.002110  -0.151874
      593 0.002028  -0.145988
      612 0.002025  -0.145751
      218 0.001860  -0.133901
      586 0.001855   0.133523
      710 0.001542  -0.110992
      716 0.001496   0.107697
      187 0.001388  -0.099887
      618 0.001349   0.097121
      663 0.001325  -0.095359
      668 0.001253   0.090218
      595 0.001198   0.086259
      143 0.001063   0.076509
      194 0.000962   0.069254
      659 0.000929  -0.066858
      686 0.000923  -0.066411
      182 0.000919  -0.066118
      626 0.000904   0.065060
      388 0.000887  -0.063814
      617 0.000858   0.061744
      688 0.000804  -0.057886
      749 0.000769  -0.055322
      599 0.000768   0.055286
      635 0.000744   0.053533
      562 0.000739  -0.053192
      582 0.000721  -0.051862
      670 0.000688   0.049536
      184 0.000682  -0.049075
      578 0.000679   0.048861
      183 0.000657   0.047285
      621 0.000655  -0.047178
      579 0.000642   0.046227
      700 0.000624   0.044888
      683 0.000607   0.043668
      733 0.000594   0.042778
      698 0.000560  -0.040338
      341 0.000558   0.040147
      666 0.000521  -0.037469
      253 0.000498  -0.035856
      718 0.000492  -0.035421
      602 0.000491  -0.035354
      606 0.000489  -0.035224
      735 0.000485  -0.034925
      567 0.000481  -0.034595
      708 0.000479   0.034470
      153 0.000471   0.033875
      577 0.000465  -0.033464
      704 0.000462  -0.033231
      174 0.000449   0.032339
      228 0.000431  -0.030988
      220 0.000415  -0.029896
      575 0.000410   0.029516
      641 0.000396  -0.028495
      620 0.000394  -0.028384
      709 0.000394  -0.028365
      699 0.000390  -0.028091
      137 0.000387  -0.027855
      583 0.000378  -0.027189
      267 0.000374  -0.026919
      179 0.000367   0.026393
       70 0.000360   0.025887
      210 0.000339  -0.024389
      601 0.000334   0.024048
      756 0.000333  -0.023973
      362 0.000331  -0.023801
      848 0.000326  -0.023430
      258 0.000322  -0.023185
      403 0.000313   0.022549
      171 0.000312  -0.022457
      807 0.000311   0.022392
      412 0.000308  -0.022196
      419 0.000307  -0.022118
      757 0.000305  -0.021921
      204 0.000302   0.021773
      631 0.000298  -0.021420
      383 0.000296   0.021316
      707 0.000296  -0.021285
      243 0.000281   0.020250
      753 0.000281  -0.020244
      604 0.000274  -0.019697
      587 0.000272   0.019554
      741 0.000270   0.019454
      696 0.000270  -0.019443
      570 0.000257  -0.018501
      199 0.000255  -0.018325
      853 0.000253  -0.018177
      739 0.000245  -0.017656
      576 0.000236  -0.016961
      628 0.000230   0.016584
      377 0.000226  -0.016238
      132 0.000224   0.016108
      400 0.000221  -0.015898
      273 0.000218  -0.015684
      787 0.000214   0.015420
      793 0.000212  -0.015265
      564 0.000206  -0.014829
      235 0.000203  -0.014647
      750 0.000201   0.014503
      580 0.000201  -0.014457
      658 0.000200   0.014398
      573 0.000200   0.014382
      269 0.000197  -0.014170
      356 0.000196  -0.014075
      277 0.000193   0.013917
      815 0.000185  -0.013333
      254 0.000184   0.013245
      301 0.000183  -0.013137
      800 0.000182  -0.013124
      271 0.000182   0.013107
      665 0.000181  -0.013026
      585 0.000180  -0.012986
      743 0.000180  -0.012922
      427 0.000179  -0.012851
      299 0.000178   0.012790
      941 0.000177  -0.012763
      175 0.000177  -0.012749
      369 0.000175   0.012604
      828 0.000174  -0.012528
      255 0.000167  -0.012019
      247 0.000166   0.011975
      687 0.000162   0.011638
      857 0.000162  -0.011631
      726 0.000161  -0.011598
      230 0.000161  -0.011573
      820 0.000159  -0.011457
      667 0.000156   0.011195
      605 0.000155  -0.011168
      549 0.000155  -0.011148
      784 0.000155  -0.011148
      161 0.000155   0.011145
      557 0.000153  -0.011025
      711 0.000153   0.011006
      818 0.000153  -0.010984
      855 0.000153  -0.010983
      574 0.000146  -0.010541
      361 0.000144   0.010359
      263 0.000144  -0.010341
      380 0.000143   0.010292
      217 0.000143  -0.010277
      148 0.000141   0.010154
      234 0.000141   0.010148
      257 0.000140  -0.010064
      566 0.000139   0.010016
      392 0.000138   0.009900
      241 0.000137   0.009887
       71 0.000137  -0.009855
      373 0.000136  -0.009799
      795 0.000135   0.009698
      239 0.000135   0.009689
      790 0.000135   0.009686
      553 0.000134  -0.009657
      312 0.000134  -0.009648
      742 0.000131  -0.009448
      354 0.000130   0.009357
      353 0.000126  -0.009054
      824 0.000124   0.008942
      808 0.000124   0.008914
      690 0.000123   0.008882
      847 0.000123   0.008849
      859 0.000123   0.008833
      398 0.000122  -0.008802
      295 0.000120  -0.008672
      423 0.000120  -0.008612
      431 0.000118  -0.008465
      908 0.000117  -0.008424
      294 0.000117  -0.008421
      736 0.000117  -0.008404
      236 0.000116   0.008342
      697 0.000116   0.008325
      629 0.000115  -0.008270
      206 0.000114   0.008240
      640 0.000113  -0.008142
      645 0.000113   0.008111
      436 0.000112   0.008074
      974 0.000111   0.008017
      227 0.000110   0.007920
      829 0.000110   0.007883
       91 0.000107  -0.007695
      591 0.000106   0.007598
      778 0.000105  -0.007531
      581 0.000104  -0.007508
      799 0.000103  -0.007403
      262 0.000103  -0.007378
      251 0.000101  -0.007242
      107 0.000101  -0.007234
      209 0.000100  -0.007188
      638 0.000099  -0.007160
      596 0.000099  -0.007148
      281 0.000099   0.007133
      840 0.000098  -0.007020
      684 0.000097  -0.006966
      222 0.000096  -0.006941
      882 0.000096   0.006932
      275 0.000094  -0.006792
      552 0.000094  -0.006734
      616 0.000093  -0.006703
      611 0.000092  -0.006633
      600 0.000092  -0.006597
      292 0.000091  -0.006569
      308 0.000091  -0.006517
      844 0.000090  -0.006477
      223 0.000090   0.006476
      594 0.000090  -0.006454
      561 0.000090   0.006450
      266 0.000089  -0.006424
      261 0.000089  -0.006374
      744 0.000088  -0.006367
      367 0.000087   0.006280
      193 0.000087  -0.006275
      632 0.000087   0.006270
      770 0.000087   0.006251
      337 0.000087  -0.006249
      569 0.000086   0.006190
      268 0.000086  -0.006163
      832 0.000085   0.006115
      798 0.000085   0.006110
      355 0.000084   0.006074
      291 0.000083   0.006009
      734 0.000083  -0.005973
     1095 0.000082  -0.005918
      584 0.000082  -0.005912
      343 0.000081  -0.005842
      302 0.000080  -0.005742
      801 0.000080  -0.005729
      332 0.000078  -0.005649
      728 0.000076  -0.005502
      740 0.000076  -0.005471
      394 0.000076   0.005454
      937 0.000076  -0.005448
      843 0.000075  -0.005401
      723 0.000075  -0.005375
      782 0.000075  -0.005371
      364 0.000074   0.005307
      560 0.000074  -0.005291
      773 0.000073   0.005260
      386 0.000073   0.005249
      325 0.000072  -0.005212
      748 0.000070  -0.005072
      978 0.000070   0.005043
      955 0.000070   0.005018
      701 0.000070  -0.005009
      428 0.000069   0.004962
     1005 0.000069   0.004959
      572 0.000069  -0.004942
      290 0.000068   0.004862
      654 0.000067   0.004837
      374 0.000067   0.004820
      948 0.000067   0.004806
      913 0.000066  -0.004729
      279 0.000066  -0.004719
      414 0.000066   0.004717
      138 0.000065   0.004678
      249 0.000065  -0.004644
      826 0.000064  -0.004632
      329 0.000064  -0.004572
      722 0.000063  -0.004508
      545 0.000062  -0.004438
      803 0.000061   0.004423
      864 0.000060   0.004321
      539 0.000060   0.004302
      922 0.000059  -0.004260
      297 0.000059  -0.004219
      879 0.000058  -0.004193
      298 0.000058  -0.004185
      289 0.000058   0.004175
      359 0.000058  -0.004142
      425 0.000058   0.004141
      589 0.000057  -0.004083
      776 0.000057  -0.004081
      831 0.000056   0.004017
      313 0.000054  -0.003881
      765 0.000054   0.003873
      943 0.000053   0.003814
      775 0.000053   0.003811
      895 0.000053   0.003787
      802 0.000053   0.003782
      169 0.000053  -0.003781
      590 0.000052  -0.003744
      614 0.000052   0.003719
      597 0.000051  -0.003703
      860 0.000051  -0.003700
      588 0.000051   0.003698
      226 0.000051  -0.003683
      891 0.000051  -0.003652
      870 0.000050  -0.003624
      627 0.000050   0.003608
      528 0.000050   0.003597
      821 0.000049  -0.003556
      225 0.000049  -0.003531
      319 0.000049   0.003508
      863 0.000048  -0.003481
      792 0.000047   0.003380
      789 0.000046   0.003293
      322 0.000045  -0.003249
      823 0.000045   0.003223
      874 0.000044  -0.003183
      880 0.000043   0.003129
      357 0.000042   0.003023
      894 0.000042  -0.003009
      535 0.000042   0.003005
      245 0.000041  -0.002985
      805 0.000041  -0.002964
      636 0.000041  -0.002949
      542 0.000041   0.002947
      884 0.000041  -0.002925
      360 0.000041  -0.002920
      104 0.000040   0.002902
      763 0.000040   0.002889
      540 0.000040  -0.002871
       88 0.000040  -0.002854
       93 0.000040  -0.002847
      650 0.000039  -0.002830
      407 0.000039  -0.002802
      603 0.000039  -0.002787
      390 0.000038   0.002771
      904 0.000038   0.002745
      881 0.000038  -0.002726
      694 0.000037   0.002645
      350 0.000037  -0.002636
      987 0.000036   0.002623
      397 0.000036  -0.002620
      409 0.000036  -0.002590
      928 0.000036  -0.002562
      216 0.000035  -0.002521
      491 0.000035   0.002509
      323 0.000035  -0.002507
      448 0.000034   0.002480
      867 0.000034   0.002473
      518 0.000034   0.002469
      333 0.000034  -0.002419
      759 0.000033   0.002369
     1001 0.000032  -0.002319
      488 0.000032   0.002315
      942 0.000032   0.002315
      310 0.000032  -0.002294
      532 0.000032   0.002289
      933 0.000032   0.002282
      858 0.000032  -0.002272
      250 0.000031   0.002239
      410 0.000031  -0.002224
      315 0.000031   0.002211
      610 0.000031  -0.002207
      769 0.000031   0.002202
      677 0.000030   0.002158
      321 0.000030  -0.002149
      950 0.000030  -0.002139
      283 0.000029   0.002115
      762 0.000029   0.002112
      201 0.000029  -0.002109
      475 0.000029  -0.002106
      649 0.000029  -0.002055
       69 0.000029  -0.002054
      530 0.000028   0.002046
      286 0.000028   0.002036
     1032 0.000028   0.002026
      347 0.000027  -0.001978
      524 0.000027  -0.001976
     1025 0.000027   0.001975
      342 0.000027   0.001956
      965 0.000027  -0.001938
      214 0.000027   0.001931
      445 0.000027  -0.001915
      993 0.000026   0.001900
      842 0.000026  -0.001895
      240 0.000025   0.001801
      328 0.000025  -0.001792
      252 0.000025  -0.001790
      935 0.000025  -0.001779
      285 0.000025   0.001778
      215 0.000025  -0.001771
      224 0.000025  -0.001765
      324 0.000024  -0.001727
      424 0.000024  -0.001695
      432 0.000023   0.001683
      272 0.000023  -0.001658
     1034 0.000023  -0.001652
     1017 0.000022   0.001616
      814 0.000022   0.001551
      479 0.000021   0.001512
      274 0.000021   0.001506
      237 0.000021  -0.001495
      526 0.000021   0.001488
      643 0.000021  -0.001488
      284 0.000021   0.001478
      244 0.000020  -0.001470
      346 0.000020   0.001460
      900 0.000020  -0.001451
      685 0.000020  -0.001439
      938 0.000020   0.001437
      248 0.000020  -0.001429
      662 0.000020  -0.001416
      519 0.000020   0.001407
      131 0.000019   0.001396
      856 0.000019   0.001385
       87 0.000019   0.001379
      714 0.000019  -0.001375
      335 0.000019  -0.001372
      502 0.000019   0.001372
      351 0.000019  -0.001371
      917 0.000019   0.001355
      455 0.000019  -0.001347
      536 0.000019  -0.001340
       86 0.000018   0.001320
      964 0.000018   0.001318
      514 0.000018   0.001311
      318 0.000018  -0.001306
      957 0.000018   0.001300
      463 0.000018  -0.001291
      320 0.000018   0.001286
      988 0.000018  -0.001285
      921 0.000018  -0.001282
      971 0.000018  -0.001280
      213 0.000018   0.001276
      512 0.000018  -0.001270
      382 0.000017   0.001245
      437 0.000017   0.001243
      811 0.000017   0.001228
      402 0.000017  -0.001224
      489 0.000017   0.001207
      229 0.000017   0.001207
      221 0.000017   0.001203
      927 0.000017  -0.001195
      680 0.000017   0.001191
      794 0.000016   0.001179
     1052 0.000016   0.001166
      458 0.000016   0.001162
      334 0.000016   0.001145
      349 0.000016   0.001136
      804 0.000016  -0.001130
      348 0.000016  -0.001129
      830 0.000016   0.001127
     1073 0.000016  -0.001127
      592 0.000016  -0.001124
      755 0.000016  -0.001122
      331 0.000015   0.001109
     1010 0.000015   0.001101
      538 0.000015   0.001100
      406 0.000015  -0.001093
      732 0.000015   0.001081
      934 0.000015  -0.001060
       98 0.000015  -0.001058
      568 0.000015  -0.001049
      368 0.000014  -0.001036
      505 0.000014   0.001035
      949 0.000014   0.001034
      809 0.000014   0.001030
      907 0.000014   0.001029
      363 0.000014   0.001011
      142 0.000014   0.001006
      452 0.000014  -0.000992
      164 0.000014   0.000985
      413 0.000014   0.000979
      450 0.000013  -0.000962
      608 0.000013  -0.000961
      841 0.000013   0.000946
      242 0.000013   0.000924
      727 0.000013  -0.000904
      816 0.000012   0.000898
     1096 0.000012   0.000896
      152 0.000012   0.000878
      883 0.000012   0.000877
      160 0.000012   0.000876
      966 0.000012   0.000873
      128 0.000012   0.000870
      810 0.000012   0.000870
      188 0.000012  -0.000851
      483 0.000012  -0.000850
      420 0.000012   0.000840
      270 0.000012   0.000837
      837 0.000012  -0.000835
      646 0.000012   0.000834
      702 0.000012  -0.000829
      110 0.000012  -0.000829
       74 0.000011   0.000826
      426 0.000011   0.000807
      165 0.000011   0.000804
      144 0.000011   0.000803
      705 0.000011  -0.000800
      634 0.000011  -0.000789
      287 0.000011   0.000779
      833 0.000011  -0.000777
      619 0.000011   0.000766
      461 0.000011   0.000765
      487 0.000011  -0.000764
       75 0.000011   0.000763
      983 0.000011   0.000762
      681 0.000011  -0.000762
      259 0.000011  -0.000759
      534 0.000011  -0.000757
      154 0.000010  -0.000755
      780 0.000010  -0.000753
     1047 0.000010   0.000748
      729 0.000010   0.000747
      977 0.000010   0.000747
      130 0.000010   0.000747
       90 0.000010   0.000746
      288 0.000010  -0.000741
      105 0.000010  -0.000737
      365 0.000010   0.000736
      473 0.000010  -0.000735
      916 0.000010  -0.000734
      478 0.000010   0.000724
euclid. distance of OLC and linear combination of EV * x_coef: 0.0064750650273685565

Generate samples based on objective loadcase 474
nr_to_generate: 25

Parameter variation distribution settings
distribution: uniform
low: 0.7
high: 1.3

Total process runtime: 0:00:01.268743
