Date and Time:2023-05-12 14:14:20.064039

Initial Settings:
similarity_model: <function cosine_similarity at 0x000001D005A6E5E0>
similarity_threshold: 1e-05
nr_eigv_to_select: None
distribution: uniform
deviation: 0.3
nr_to_generate: 25
recompute: False

Selected eigenvectors and similarity score w.r.t objective loadcase:
objective_loadcase_nr: 384
similarity_model: cosine_similarity
similarity_threshold: 1e-05
nr_eigv_to_select: None
nr_eigv_selected: 509
approximation parameter model: lstsq
similarity score and approx. param. value
:  eigv_idx    score      value
        3 0.557848  54.531084
        1 0.539950  52.781447
        2 0.499143 -48.792475
        0 0.381566  37.299021
        6 0.043044   4.207697
       39 0.021820   2.132937
        4 0.011182   1.093063
      639 0.003443   0.336520
      186 0.002140  -0.209231
      593 0.002018  -0.197285
      612 0.001972  -0.192737
      218 0.001895  -0.185200
      586 0.001837   0.179538
      710 0.001573  -0.153777
      716 0.001455   0.142250
      187 0.001454  -0.142167
       68 0.001292  -0.126301
      618 0.001275   0.124603
      663 0.001243  -0.121466
      668 0.001202   0.117541
      595 0.001157   0.113134
      143 0.001150   0.112390
      194 0.000953   0.093154
      686 0.000927  -0.090606
      626 0.000912   0.089169
      659 0.000883  -0.086352
      388 0.000871  -0.085128
      749 0.000829  -0.081033
      617 0.000825   0.080676
      688 0.000808  -0.079032
      599 0.000776   0.075866
      182 0.000733  -0.071659
      582 0.000728  -0.071135
      562 0.000720  -0.070364
      635 0.000703   0.068765
      183 0.000684   0.066840
      670 0.000661   0.064663
      621 0.000648  -0.063367
      579 0.000613   0.059891
      578 0.000611   0.059688
      184 0.000578  -0.056549
      733 0.000566   0.055336
      341 0.000564   0.055114
      602 0.000560  -0.054713
      700 0.000555   0.054299
      683 0.000552   0.054007
      698 0.000526  -0.051440
      253 0.000518  -0.050600
      735 0.000497  -0.048562
      666 0.000495  -0.048385
      606 0.000494  -0.048274
      708 0.000490   0.047855
      567 0.000478  -0.046721
      153 0.000470   0.045990
      718 0.000470  -0.045915
       69 0.000464   0.045335
      174 0.000461   0.045021
      704 0.000448  -0.043798
       71 0.000439   0.042894
      577 0.000435  -0.042547
      228 0.000429  -0.041962
      267 0.000426  -0.041635
      575 0.000425   0.041498
      220 0.000419  -0.040961
      641 0.000401  -0.039184
      709 0.000396  -0.038716
      620 0.000389  -0.038045
      137 0.000370  -0.036149
      699 0.000360  -0.035221
      583 0.000342  -0.033442
      756 0.000340  -0.033226
      362 0.000327  -0.032007
      757 0.000316  -0.030892
      210 0.000315  -0.030767
      848 0.000312  -0.030475
      412 0.000312  -0.030466
      807 0.000308   0.030094
      601 0.000307   0.030011
      419 0.000305  -0.029779
      179 0.000304   0.029753
      631 0.000299  -0.029226
      741 0.000298   0.029170
      243 0.000296   0.028913
      707 0.000293  -0.028651
      753 0.000291  -0.028415
      258 0.000290  -0.028351
      403 0.000287   0.028087
      696 0.000286  -0.027956
      587 0.000278   0.027164
      853 0.000274  -0.026826
      171 0.000259  -0.025359
      273 0.000258  -0.025258
      739 0.000252  -0.024640
      361 0.000246   0.024029
      576 0.000242  -0.023679
      132 0.000240   0.023462
      570 0.000236  -0.023108
      383 0.000235   0.022947
      604 0.000235  -0.022933
       70 0.000225   0.021985
      793 0.000222  -0.021736
      787 0.000221   0.021617
      750 0.000218   0.021285
      377 0.000217  -0.021177
      400 0.000213  -0.020856
      269 0.000211  -0.020622
      628 0.000211   0.020585
      580 0.000208  -0.020361
      204 0.000200   0.019535
      564 0.000197  -0.019257
      658 0.000196   0.019198
      743 0.000187  -0.018256
      373 0.000185  -0.018057
      301 0.000183  -0.017842
      299 0.000182   0.017790
      800 0.000182  -0.017784
      175 0.000181  -0.017733
      427 0.000181  -0.017665
      726 0.000179  -0.017532
      549 0.000179  -0.017477
      277 0.000177   0.017338
      573 0.000172   0.016856
      857 0.000172  -0.016808
      815 0.000172  -0.016804
      828 0.000171  -0.016762
      255 0.000171  -0.016743
      941 0.000169  -0.016557
      355 0.000169   0.016532
      247 0.000164   0.016071
      820 0.000164  -0.016068
      227 0.000161   0.015743
      234 0.000160   0.015674
      665 0.000160  -0.015673
      574 0.000160  -0.015618
      818 0.000160  -0.015610
      855 0.000158  -0.015448
      392 0.000155   0.015174
      566 0.000154   0.015050
      199 0.000153  -0.014990
      711 0.000153   0.014970
      161 0.000151   0.014779
      263 0.000150  -0.014614
      784 0.000149  -0.014568
      271 0.000149   0.014562
      687 0.000147   0.014415
      236 0.000146   0.014316
      312 0.000146  -0.014315
      667 0.000146   0.014271
      557 0.000141  -0.013821
      795 0.000138   0.013526
      380 0.000138   0.013443
      790 0.000137   0.013425
      367 0.000136   0.013312
      239 0.000136   0.013305
      230 0.000136  -0.013264
      742 0.000135  -0.013161
      824 0.000133   0.012995
      808 0.000133   0.012989
      398 0.000132  -0.012860
      605 0.000130  -0.012751
      254 0.000130   0.012729
      235 0.000130  -0.012713
      859 0.000127   0.012446
      294 0.000127  -0.012379
      847 0.000126   0.012326
      553 0.000124  -0.012099
      251 0.000120  -0.011719
      690 0.000119   0.011653
      645 0.000119   0.011609
      423 0.000119  -0.011603
      431 0.000118  -0.011557
      638 0.000118  -0.011491
      591 0.000115   0.011271
      241 0.000114   0.011165
      778 0.000114  -0.011164
      908 0.000113  -0.011027
      148 0.000111   0.010888
      292 0.000111  -0.010809
      436 0.000110   0.010723
      829 0.000108   0.010576
      736 0.000107  -0.010494
      629 0.000107  -0.010450
      799 0.000106  -0.010389
      974 0.000106   0.010365
      353 0.000105  -0.010234
      684 0.000104  -0.010163
      354 0.000104   0.010140
      257 0.000102  -0.009948
      295 0.000102  -0.009942
      697 0.000102   0.009930
      369 0.000101   0.009889
      275 0.000100  -0.009797
      600 0.000100  -0.009781
      616 0.000099  -0.009677
      770 0.000099   0.009670
      217 0.000099  -0.009655
      581 0.000098  -0.009606
      198 0.000097   0.009435
      744 0.000096  -0.009428
      281 0.000096   0.009388
      840 0.000096  -0.009364
      337 0.000095  -0.009315
      390 0.000095   0.009302
      882 0.000094   0.009219
      640 0.000092  -0.009027
      734 0.000092  -0.008960
      569 0.000091   0.008914
      364 0.000091  -0.008881
      266 0.000089  -0.008703
      584 0.000088  -0.008621
      611 0.000088  -0.008613
      723 0.000088  -0.008612
      107 0.000087  -0.008513
      332 0.000086  -0.008386
      844 0.000086  -0.008377
      728 0.000085  -0.008290
      308 0.000084  -0.008220
      223 0.000084   0.008203
      290 0.000084   0.008170
      232 0.000082  -0.008004
      552 0.000081  -0.007923
       88 0.000079  -0.007741
     1095 0.000079  -0.007693
      843 0.000078  -0.007636
      329 0.000078  -0.007616
      279 0.000076  -0.007446
      594 0.000076  -0.007431
      302 0.000076  -0.007408
      763 0.000076   0.007402
      561 0.000076   0.007385
      801 0.000074  -0.007266
      782 0.000074  -0.007260
      701 0.000074  -0.007249
      588 0.000074  -0.007198
      386 0.000073   0.007140
      773 0.000073   0.007137
      291 0.000072   0.007032
      937 0.000072  -0.007026
      298 0.000071  -0.006923
      222 0.000071  -0.006893
      325 0.000071  -0.006893
      560 0.000070  -0.006809
      978 0.000069   0.006789
      359 0.000069   0.006741
      632 0.000068   0.006688
      948 0.000068   0.006636
      428 0.000067   0.006575
      864 0.000067   0.006514
     1005 0.000067   0.006511
      798 0.000067   0.006501
      342 0.000066   0.006469
      775 0.000066   0.006405
      955 0.000065   0.006392
      832 0.000064   0.006287
      261 0.000064  -0.006286
      414 0.000063   0.006204
       91 0.000063  -0.006200
      913 0.000063  -0.006117
      545 0.000063  -0.006112
      740 0.000062  -0.006099
      826 0.000061  -0.005986
      104 0.000061   0.005954
      943 0.000061   0.005926
      572 0.000060  -0.005879
       93 0.000060  -0.005827
      425 0.000059   0.005813
      585 0.000059  -0.005786
      614 0.000059   0.005760
      589 0.000059  -0.005751
      539 0.000057   0.005614
      789 0.000057   0.005607
      226 0.000057   0.005596
      922 0.000057  -0.005588
      262 0.000057  -0.005569
      748 0.000057  -0.005563
      879 0.000057  -0.005531
      627 0.000056   0.005512
      654 0.000056   0.005489
      407 0.000056  -0.005479
      319 0.000056   0.005441
      823 0.000056   0.005438
      860 0.000055  -0.005410
      397 0.000055  -0.005334
      225 0.000054   0.005296
      357 0.000054  -0.005241
      765 0.000054   0.005232
      343 0.000053  -0.005210
      722 0.000053  -0.005168
      597 0.000052  -0.005101
      895 0.000052   0.005044
      870 0.000051  -0.005005
      803 0.000051   0.004948
      349 0.000050  -0.004927
      350 0.000050   0.004880
      831 0.000050   0.004869
      891 0.000050  -0.004861
      528 0.000050   0.004848
      821 0.000049  -0.004802
      268 0.000049  -0.004796
      297 0.000049  -0.004790
      209 0.000049  -0.004759
      374 0.000049   0.004751
      313 0.000048  -0.004704
      880 0.000047   0.004629
      792 0.000047   0.004593
      894 0.000046  -0.004523
      805 0.000046  -0.004454
      366 0.000045   0.004396
      904 0.000045   0.004392
      874 0.000045  -0.004382
      323 0.000045  -0.004359
      608 0.000044  -0.004319
      884 0.000044  -0.004280
      650 0.000043  -0.004247
      776 0.000043  -0.004203
      535 0.000043   0.004163
      802 0.000042   0.004067
      863 0.000041  -0.004024
      249 0.000041  -0.004006
      360 0.000041   0.003981
      169 0.000041  -0.003977
      315 0.000040   0.003879
      409 0.000039  -0.003813
      356 0.000039  -0.003796
      830 0.000039   0.003770
      321 0.000038  -0.003759
      240 0.000038  -0.003742
      542 0.000038   0.003739
      382 0.000038  -0.003739
      540 0.000038  -0.003682
      769 0.000037   0.003659
      206 0.000037   0.003638
      881 0.000037  -0.003617
      322 0.000037  -0.003592
      224 0.000036  -0.003525
      942 0.000036   0.003514
      285 0.000035   0.003437
      694 0.000035   0.003433
      518 0.000035   0.003375
      928 0.000034  -0.003366
      987 0.000034   0.003355
      491 0.000034   0.003322
      237 0.000034   0.003307
      448 0.000033   0.003264
      201 0.000033  -0.003187
      216 0.000032   0.003145
      950 0.000032  -0.003099
      532 0.000031   0.003075
      310 0.000031  -0.003067
      677 0.000031   0.003015
      289 0.000031   0.003008
      933 0.000030   0.002979
     1001 0.000030  -0.002958
      250 0.000030  -0.002943
      488 0.000030   0.002935
      245 0.000029  -0.002879
      867 0.000029   0.002877
      272 0.000029   0.002875
      410 0.000029  -0.002869
      445 0.000029  -0.002824
      762 0.000029   0.002804
      475 0.000028  -0.002690
     1032 0.000027   0.002670
      935 0.000027  -0.002655
      530 0.000027   0.002654
      685 0.000027  -0.002623
      727 0.000027  -0.002613
      524 0.000026  -0.002577
      643 0.000026  -0.002551
      858 0.000026  -0.002515
     1025 0.000026   0.002502
      842 0.000025  -0.002487
      646 0.000025   0.002479
      568 0.000025   0.002476
      221 0.000025  -0.002466
      603 0.000025  -0.002446
      424 0.000025  -0.002417
      259 0.000025  -0.002412
      993 0.000025   0.002403
      662 0.000024  -0.002365
      215 0.000024   0.002343
      252 0.000024   0.002329
      964 0.000023   0.002272
      965 0.000023  -0.002256
      384 0.000023  -0.002249
      938 0.000023   0.002217
     1034 0.000022  -0.002175
      324 0.000022  -0.002171
      432 0.000022   0.002167
      214 0.000022  -0.002163
      957 0.000022   0.002158
      293 0.000022   0.002151
      200 0.000022   0.002149
      274 0.000022  -0.002128
      811 0.000022   0.002110
     1017 0.000021   0.002087
      971 0.000021  -0.002083
      195 0.000021   0.002080
      610 0.000021  -0.002069
      988 0.000021  -0.002060
      526 0.000021   0.002049
      264 0.000021  -0.002046
      248 0.000021   0.002043
      598 0.000020   0.001988
      288 0.000020  -0.001955
      856 0.000020   0.001952
      347 0.000020   0.001950
      636 0.000020  -0.001929
      900 0.000020  -0.001913
      131 0.000019   0.001892
      502 0.000019   0.001864
      921 0.000019  -0.001860
      649 0.000019  -0.001854
      197 0.000019  -0.001852
      260 0.000019   0.001843
      841 0.000019   0.001834
      519 0.000019   0.001834
      810 0.000019   0.001813
      455 0.000018  -0.001808
      814 0.000018   0.001807
      714 0.000018  -0.001796
      270 0.000018  -0.001795
      479 0.000018   0.001794
      927 0.000018  -0.001756
      917 0.000018   0.001748
      794 0.000018   0.001746
      514 0.000018   0.001740
      590 0.000018  -0.001733
      335 0.000018   0.001726
     1073 0.000018  -0.001713
      437 0.000017   0.001705
      193 0.000017  -0.001696
      463 0.000017  -0.001696
      536 0.000017  -0.001693
      213 0.000017  -0.001688
      278 0.000017   0.001662
      276 0.000017   0.001652
      713 0.000017   0.001631
      489 0.000017   0.001624
     1096 0.000017   0.001622
      512 0.000016  -0.001611
      229 0.000016  -0.001598
      265 0.000016   0.001596
     1010 0.000016   0.001554
      680 0.000016   0.001551
      505 0.000016   0.001550
      934 0.000016  -0.001543
      334 0.000016   0.001542
      791 0.000016   0.001522
      458 0.000015   0.001503
      242 0.000015  -0.001502
     1052 0.000015   0.001499
      196 0.000015   0.001487
      304 0.000015  -0.001471
      244 0.000015  -0.001469
      592 0.000015  -0.001465
      318 0.000015  -0.001425
      394 0.000015   0.001421
      724 0.000015  -0.001421
      287 0.000014   0.001394
       53 0.000014  -0.001391
      565 0.000014  -0.001378
      192 0.000014  -0.001373
      559 0.000014   0.001340
      983 0.000014   0.001339
      949 0.000014   0.001327
      450 0.000014  -0.001324
      833 0.000013  -0.001313
      977 0.000013   0.001298
      619 0.000013   0.001294
       95 0.000013   0.001275
      669 0.000013   0.001274
      712 0.000013  -0.001260
      839 0.000013  -0.001243
      538 0.000013   0.001225
      883 0.000013   0.001225
      966 0.000012   0.001215
      907 0.000012   0.001215
       43 0.000012  -0.001184
      309 0.000012   0.001175
      732 0.000012   0.001159
      478 0.000012   0.001155
      675 0.000012   0.001153
      110 0.000012  -0.001140
      809 0.000012   0.001138
      402 0.000011   0.001117
      330 0.000011   0.001110
       80 0.000011   0.001110
      352 0.000011  -0.001109
       45 0.000011   0.001106
     1009 0.000011  -0.001096
      816 0.000011   0.001091
      838 0.000011   0.001088
      835 0.000011  -0.001086
      379 0.000011  -0.001079
      483 0.000011  -0.001072
      916 0.000011  -0.001067
       55 0.000011  -0.001064
      125 0.000011   0.001053
       99 0.000011   0.001034
      637 0.000011  -0.001030
      316 0.000011  -0.001027
      796 0.000010   0.000998
      462 0.000010   0.000998
      284 0.000010   0.000997
      405 0.000010  -0.000997
      401 0.000010  -0.000990
      452 0.000010  -0.000984
      487 0.000010  -0.000979
euclid. distance of OLC and linear combination of EV * x_coef: 0.008943069573216854

Generate samples based on objective loadcase 384
nr_to_generate: 25

Parameter variation distribution settings
distribution: uniform
low: 0.7
high: 1.3

Total process runtime: 0:00:01.321602
