Date and Time:2023-05-12 14:22:43.664826

Initial Settings:
similarity_model: <function cosine_similarity at 0x000001D005A6E5E0>
similarity_threshold: 1e-05
nr_eigv_to_select: None
distribution: uniform
deviation: 0.3
nr_to_generate: 25
recompute: False

Selected eigenvectors and similarity score w.r.t objective loadcase:
objective_loadcase_nr: 763
similarity_model: cosine_similarity
similarity_threshold: 1e-05
nr_eigv_to_select: None
nr_eigv_selected: 468
approximation parameter model: lstsq
similarity score and approx. param. value
:  eigv_idx    score      value
        3 0.551002  53.818755
        1 0.544106  53.145253
        2 0.498183 -48.659693
        0 0.386314  37.732939
        6 0.048311   4.718793
       39 0.019641   1.918421
        4 0.010910   1.065665
      639 0.003632   0.354718
       68 0.002926  -0.285752
      186 0.002190  -0.213913
      593 0.002051  -0.200302
      612 0.002026  -0.197925
      586 0.001880   0.183661
      218 0.001839  -0.179617
      710 0.001573  -0.153680
      716 0.001526   0.149033
      187 0.001467  -0.143304
      618 0.001398   0.136583
      663 0.001373  -0.134127
      668 0.001316   0.128544
      595 0.001197   0.116895
      194 0.000995   0.097194
      143 0.000993   0.097033
      659 0.000989  -0.096588
      686 0.000965  -0.094301
      626 0.000929   0.090719
      617 0.000901   0.087988
      388 0.000895  -0.087461
      182 0.000862  -0.084219
      688 0.000822  -0.080331
      599 0.000795   0.077673
      562 0.000748  -0.073097
      670 0.000745   0.072763
      635 0.000744   0.072629
      582 0.000737  -0.071945
      183 0.000690   0.067407
      621 0.000676  -0.065984
      184 0.000672  -0.065621
      700 0.000671   0.065498
      749 0.000667  -0.065191
      578 0.000666   0.065055
      579 0.000661   0.064611
      733 0.000634   0.061882
      698 0.000624  -0.060938
      683 0.000602   0.058757
      704 0.000599  -0.058528
       71 0.000582  -0.056870
      718 0.000582  -0.056812
      341 0.000571   0.055728
      602 0.000551  -0.053786
      666 0.000546  -0.053332
      253 0.000522  -0.050975
       70 0.000495   0.048307
      708 0.000491   0.047976
      567 0.000485  -0.047339
      606 0.000481  -0.047012
      577 0.000455  -0.044474
      735 0.000448  -0.043737
      153 0.000445   0.043429
      174 0.000435   0.042530
      228 0.000435  -0.042480
      699 0.000431  -0.042098
      641 0.000415  -0.040529
       69 0.000409  -0.039966
      620 0.000407  -0.039756
      220 0.000404  -0.039508
      575 0.000403   0.039372
      709 0.000397  -0.038764
      267 0.000386  -0.037684
      583 0.000371  -0.036280
      210 0.000366  -0.035749
      137 0.000364  -0.035552
      707 0.000363  -0.035408
      179 0.000357   0.034889
      362 0.000340  -0.033256
      848 0.000334  -0.032588
      696 0.000332  -0.032389
      171 0.000325  -0.031783
      601 0.000321   0.031338
      412 0.000320  -0.031209
      631 0.000314  -0.030683
      419 0.000314  -0.030654
      243 0.000303   0.029619
      258 0.000303  -0.029570
      756 0.000300  -0.029295
      807 0.000298   0.029090
      753 0.000289  -0.028186
      403 0.000285   0.027792
      757 0.000282  -0.027530
      587 0.000277   0.027032
      604 0.000264  -0.025793
      576 0.000260  -0.025426
      383 0.000259   0.025280
      204 0.000250   0.024440
      570 0.000245  -0.023975
      132 0.000241   0.023571
      628 0.000234   0.022841
      377 0.000230  -0.022496
      853 0.000229  -0.022415
      273 0.000228  -0.022278
      400 0.000226  -0.022078
      787 0.000220   0.021511
      580 0.000213  -0.020843
      741 0.000213   0.020835
      658 0.000210   0.020518
      199 0.000203  -0.019812
      564 0.000201  -0.019636
      815 0.000201  -0.019622
      739 0.000199  -0.019442
      361 0.000198   0.019379
      793 0.000196  -0.019123
      549 0.000191  -0.018702
      665 0.000191  -0.018652
      573 0.000187   0.018284
      271 0.000186   0.018170
      427 0.000186  -0.018155
      301 0.000185  -0.018097
      299 0.000183   0.017898
      269 0.000182  -0.017763
      277 0.000182   0.017731
      941 0.000177  -0.017263
      254 0.000175   0.017137
      800 0.000174  -0.016986
      161 0.000174   0.016979
      373 0.000173  -0.016859
      175 0.000171  -0.016727
      750 0.000168   0.016405
      687 0.000166   0.016254
      743 0.000165  -0.016103
      247 0.000164   0.016033
      857 0.000164  -0.016029
      667 0.000163   0.015900
      711 0.000161   0.015736
      828 0.000161  -0.015734
      574 0.000161  -0.015695
      235 0.000160  -0.015653
      726 0.000159  -0.015500
      234 0.000157   0.015334
      148 0.000156   0.015247
      820 0.000153  -0.014928
      236 0.000152   0.014869
      255 0.000152  -0.014866
      230 0.000151  -0.014761
      557 0.000151  -0.014735
      398 0.000151  -0.014730
      784 0.000151  -0.014713
      227 0.000148   0.014487
      380 0.000148   0.014452
      392 0.000148   0.014423
      790 0.000142   0.013830
      818 0.000139  -0.013583
      369 0.000138   0.013457
      566 0.000138   0.013445
      257 0.000135  -0.013179
      312 0.000134  -0.013070
      795 0.000134   0.013052
      605 0.000133  -0.013024
      859 0.000132   0.012931
      355 0.000132   0.012923
      690 0.000132   0.012883
      697 0.000131   0.012796
      295 0.000130  -0.012679
       91 0.000129  -0.012582
      263 0.000129  -0.012557
      241 0.000127   0.012397
      855 0.000125  -0.012251
      742 0.000125  -0.012211
      847 0.000123   0.012022
      553 0.000122  -0.011946
      423 0.000122  -0.011934
      353 0.000122  -0.011895
      431 0.000122  -0.011887
      629 0.000121  -0.011812
      217 0.000120  -0.011756
      239 0.000120   0.011729
      640 0.000120  -0.011698
      275 0.000120  -0.011672
      585 0.000118  -0.011559
      436 0.000118   0.011517
      367 0.000118   0.011492
      294 0.000118  -0.011491
      808 0.000117   0.011461
      908 0.000117  -0.011404
      354 0.000115   0.011226
      736 0.000115  -0.011204
      107 0.000114  -0.011166
      645 0.000114   0.011162
      591 0.000113   0.011074
      638 0.000112  -0.010974
      356 0.000112  -0.010925
      778 0.000110  -0.010764
      581 0.000110  -0.010733
      974 0.000110   0.010719
      824 0.000109   0.010615
      684 0.000108  -0.010577
      600 0.000104  -0.010153
      829 0.000102   0.010009
      801 0.000101  -0.009857
      616 0.000101  -0.009841
      262 0.000100  -0.009737
      266 0.000099  -0.009701
      281 0.000099   0.009670
      799 0.000098  -0.009540
      561 0.000095   0.009304
      840 0.000095  -0.009304
      594 0.000094  -0.009197
      337 0.000094  -0.009189
      308 0.000093  -0.009110
      223 0.000093   0.009077
      728 0.000093  -0.009055
      261 0.000093  -0.009051
      844 0.000092  -0.009004
      611 0.000092  -0.008942
      882 0.000090   0.008791
      572 0.000090  -0.008785
      584 0.000089  -0.008709
      569 0.000089   0.008700
      292 0.000089  -0.008658
      249 0.000085  -0.008275
      744 0.000084  -0.008201
      798 0.000083   0.008150
      723 0.000082  -0.008016
      740 0.000082  -0.007967
      302 0.000081  -0.007908
      734 0.000081  -0.007886
     1095 0.000080  -0.007843
      390 0.000079   0.007748
      251 0.000079  -0.007715
      298 0.000078  -0.007658
      826 0.000078  -0.007603
      386 0.000077   0.007526
      748 0.000076  -0.007433
      803 0.000076   0.007423
      832 0.000076   0.007383
      332 0.000075  -0.007299
      552 0.000074  -0.007185
      343 0.000073  -0.007179
      770 0.000073   0.007121
      279 0.000073  -0.007091
      632 0.000073   0.007089
      428 0.000072   0.006997
      222 0.000071  -0.006972
      937 0.000070  -0.006860
      843 0.000070  -0.006847
      654 0.000070   0.006817
      138 0.000069   0.006759
      291 0.000069   0.006740
     1005 0.000068   0.006607
      978 0.000067   0.006590
      955 0.000067   0.006580
      614 0.000067   0.006578
      560 0.000067  -0.006542
      414 0.000067   0.006522
      701 0.000066  -0.006495
      802 0.000066   0.006441
      425 0.000066   0.006412
      545 0.000065  -0.006390
      913 0.000065  -0.006318
      198 0.000064   0.006299
      722 0.000064  -0.006218
      206 0.000063   0.006120
      329 0.000063  -0.006107
      407 0.000062  -0.006097
      782 0.000062  -0.006056
      864 0.000062   0.006043
      597 0.000062  -0.006023
      870 0.000061  -0.005916
      539 0.000060   0.005899
      805 0.000060  -0.005837
      922 0.000060  -0.005823
      773 0.000060   0.005812
      268 0.000059  -0.005718
      948 0.000058   0.005673
      313 0.000058  -0.005622
      319 0.000057   0.005603
      322 0.000056  -0.005433
      209 0.000054  -0.005289
      879 0.000054  -0.005287
      290 0.000054   0.005284
      895 0.000053   0.005192
      589 0.000053  -0.005171
      765 0.000052   0.005090
      325 0.000052  -0.005080
      776 0.000052  -0.005078
      374 0.000052   0.005066
      863 0.000051  -0.005028
      528 0.000051   0.005014
      874 0.000051  -0.004938
      880 0.000051   0.004933
      943 0.000050   0.004879
      193 0.000049  -0.004808
      232 0.000049  -0.004751
      596 0.000049  -0.004751
      884 0.000048  -0.004714
      627 0.000048   0.004714
      323 0.000048  -0.004660
      289 0.000048   0.004647
      821 0.000048  -0.004644
      608 0.000047  -0.004620
      891 0.000047  -0.004565
      792 0.000047   0.004543
      775 0.000046   0.004489
      789 0.000046   0.004471
      342 0.000045   0.004423
      321 0.000045  -0.004419
      397 0.000045  -0.004410
      860 0.000045  -0.004382
      394 0.000045   0.004377
      823 0.000044   0.004346
      759 0.000043   0.004191
      535 0.000043   0.004185
      831 0.000042   0.004144
      540 0.000042  -0.004122
      409 0.000042  -0.004096
      542 0.000042   0.004082
      894 0.000042  -0.004077
      858 0.000041  -0.004037
      650 0.000041  -0.004003
      904 0.000040   0.003917
      169 0.000040  -0.003882
      297 0.000040  -0.003875
      762 0.000039   0.003818
      694 0.000038   0.003722
      950 0.000038  -0.003678
      867 0.000036   0.003564
      881 0.000036  -0.003557
      448 0.000036   0.003551
      677 0.000036   0.003540
      928 0.000036  -0.003531
      518 0.000036   0.003507
      987 0.000036   0.003506
      349 0.000036  -0.003500
      763 0.000035   0.003429
      603 0.000035  -0.003412
      366 0.000034   0.003342
      491 0.000034   0.003322
      830 0.000034   0.003310
      590 0.000034  -0.003309
      942 0.000034   0.003303
      315 0.000033   0.003264
      310 0.000032  -0.003125
      532 0.000031   0.003077
      933 0.000031   0.003065
      410 0.000031  -0.003017
      488 0.000031   0.002993
      445 0.000030  -0.002978
     1001 0.000030  -0.002975
      224 0.000030  -0.002950
      201 0.000030  -0.002919
      104 0.000030   0.002918
      649 0.000030  -0.002911
       88 0.000030  -0.002899
      530 0.000030   0.002886
      402 0.000029   0.002795
      842 0.000029  -0.002789
      636 0.000028  -0.002747
      475 0.000028  -0.002718
      406 0.000028   0.002705
      245 0.000028  -0.002704
     1032 0.000027   0.002650
      524 0.000027  -0.002644
      424 0.000027  -0.002634
     1025 0.000027   0.002589
      938 0.000026   0.002548
      993 0.000026   0.002507
      965 0.000024  -0.002375
      839 0.000024  -0.002340
      769 0.000023   0.002289
       93 0.000023  -0.002289
      432 0.000023   0.002267
      216 0.000023   0.002265
     1017 0.000023   0.002231
      214 0.000023  -0.002226
     1034 0.000023  -0.002220
      662 0.000023  -0.002209
      283 0.000023   0.002201
      964 0.000023   0.002199
      286 0.000022   0.002172
      502 0.000021   0.002061
      643 0.000021  -0.002058
      526 0.000021   0.002049
      598 0.000021   0.002025
      988 0.000021  -0.002003
      519 0.000020   0.002000
      755 0.000020  -0.001989
      814 0.000020   0.001972
      957 0.000020   0.001954
      935 0.000020  -0.001939
      900 0.000020  -0.001926
      455 0.000020  -0.001911
      849 0.000019  -0.001901
      588 0.000019  -0.001886
      804 0.000019  -0.001882
      714 0.000019  -0.001875
      505 0.000019   0.001837
      917 0.000019   0.001832
      536 0.000019  -0.001831
      971 0.000019  -0.001826
      727 0.000019  -0.001822
      841 0.000019   0.001816
      215 0.000018   0.001803
      949 0.000018   0.001793
      685 0.000018  -0.001791
      278 0.000018   0.001774
      794 0.000018   0.001773
      437 0.000018   0.001771
      489 0.000018   0.001767
      837 0.000018   0.001753
      479 0.000018   0.001747
      463 0.000018  -0.001726
      514 0.000018   0.001724
      213 0.000018  -0.001716
      512 0.000018  -0.001713
      646 0.000017   0.001682
      838 0.000017   0.001653
      921 0.000017  -0.001635
      346 0.000017   0.001620
      538 0.000016   0.001611
      458 0.000016   0.001602
      675 0.000016   0.001598
      856 0.000016   0.001586
      335 0.000016   0.001572
      780 0.000016  -0.001566
      285 0.000016   0.001565
      927 0.000016  -0.001540
     1052 0.000016   0.001537
      244 0.000016  -0.001518
      350 0.000015   0.001504
      732 0.000015   0.001453
      833 0.000015  -0.001432
     1010 0.000014   0.001397
     1073 0.000014  -0.001390
      320 0.000014  -0.001380
      450 0.000014  -0.001374
     1096 0.000014   0.001366
      934 0.000014  -0.001354
      324 0.000014  -0.001349
      610 0.000014  -0.001342
      226 0.000014   0.001329
      852 0.000013   0.001313
      835 0.000013  -0.001239
      359 0.000013   0.001233
      619 0.000013   0.001226
      483 0.000013  -0.001221
      384 0.000012  -0.001210
      680 0.000012   0.001205
      729 0.000012   0.001199
      816 0.000012   0.001181
      966 0.000012   0.001163
      462 0.000012   0.001162
      478 0.000012   0.001147
      907 0.000012   0.001138
      225 0.000012   0.001125
      534 0.000011  -0.001121
      702 0.000011  -0.001108
      364 0.000011  -0.001092
      883 0.000011   0.001092
      405 0.000011  -0.001086
      347 0.000011   0.001070
      592 0.000011  -0.001065
      634 0.000011  -0.001027
      357 0.000010  -0.001023
      510 0.000010  -0.001017
     1047 0.000010   0.001015
      473 0.000010  -0.001015
      418 0.000010  -0.001008
      487 0.000010  -0.000982
      899 0.000010   0.000980
euclid. distance of OLC and linear combination of EV * x_coef: 0.008301148319326246

Generate samples based on objective loadcase 763
nr_to_generate: 25

Parameter variation distribution settings
distribution: uniform
low: 0.7
high: 1.3

Total process runtime: 0:00:01.544376
