Date and Time:2023-05-12 14:11:24.801409

Initial Settings:
similarity_model: <function cosine_similarity at 0x000001D005A6E5E0>
similarity_threshold: 1e-05
nr_eigv_to_select: None
distribution: uniform
deviation: 0.3
nr_to_generate: 25
recompute: False

Selected eigenvectors and similarity score w.r.t objective loadcase:
objective_loadcase_nr: 253
similarity_model: cosine_similarity
similarity_threshold: 1e-05
nr_eigv_to_select: None
nr_eigv_selected: 584
approximation parameter model: lstsq
similarity score and approx. param. value
:  eigv_idx    score      value
        3 0.571505  56.062890
        1 0.530042  51.995496
        2 0.503139 -49.356380
        0 0.370493  36.344259
        6 0.034462   3.380591
       39 0.025112   2.463376
        4 0.011802   1.157744
      639 0.003222   0.316107
      186 0.002284  -0.224072
      218 0.002203  -0.216104
      593 0.001941  -0.190404
      612 0.001881  -0.184553
      586 0.001813   0.177843
      710 0.001687  -0.165482
      187 0.001511  -0.148231
      716 0.001379   0.135258
      595 0.001195   0.117212
      618 0.001125   0.110389
      668 0.001105   0.108350
      663 0.001073  -0.105268
      194 0.001020   0.100106
      686 0.000963  -0.094463
      626 0.000958   0.093978
      749 0.000855  -0.083849
      388 0.000853  -0.083658
      688 0.000822  -0.080648
      659 0.000812  -0.079627
      617 0.000795   0.078015
       69 0.000794   0.077867
      183 0.000784   0.076916
       71 0.000763   0.074802
      143 0.000740   0.072586
      599 0.000698   0.068476
      562 0.000680  -0.066673
      582 0.000677  -0.066407
      621 0.000661  -0.064870
      635 0.000647   0.063500
      578 0.000636   0.062421
      670 0.000635   0.062274
      704 0.000582  -0.057087
      253 0.000575  -0.056427
      341 0.000557   0.054633
      579 0.000541   0.053060
      733 0.000539   0.052894
       68 0.000532  -0.052155
      708 0.000522   0.051198
      718 0.000518  -0.050833
      602 0.000508  -0.049809
      606 0.000507  -0.049756
      735 0.000505  -0.049499
      567 0.000504  -0.049465
      577 0.000499  -0.048974
      666 0.000491  -0.048143
      153 0.000483   0.047387
      174 0.000475   0.046639
      698 0.000472  -0.046346
      267 0.000447  -0.043890
      709 0.000435  -0.042688
      700 0.000426   0.041818
      210 0.000426  -0.041780
      220 0.000417  -0.040930
      230 0.000409  -0.040162
      683 0.000391   0.038373
      620 0.000385  -0.037750
      696 0.000381  -0.037403
      641 0.000380  -0.037287
      601 0.000375   0.036781
      575 0.000366   0.035887
      204 0.000353   0.034677
      258 0.000352  -0.034534
      756 0.000346  -0.033905
      227 0.000344   0.033789
      583 0.000341  -0.033495
      848 0.000337  -0.033094
      707 0.000333  -0.032654
      753 0.000330  -0.032337
      412 0.000327  -0.032052
      699 0.000326  -0.032016
      269 0.000308  -0.030226
      383 0.000305   0.029897
      419 0.000304  -0.029836
      807 0.000301   0.029567
      362 0.000292  -0.028615
      853 0.000288  -0.028239
      243 0.000286   0.028024
      757 0.000284  -0.027902
      570 0.000280  -0.027447
      273 0.000275  -0.027001
      403 0.000274   0.026908
      587 0.000272   0.026703
      793 0.000262  -0.025724
      206 0.000262   0.025703
      741 0.000256   0.025144
      199 0.000256  -0.025072
      239 0.000253   0.024784
      739 0.000248  -0.024376
      726 0.000244  -0.023982
      299 0.000240   0.023507
      631 0.000239  -0.023454
      750 0.000226   0.022172
      576 0.000221  -0.021704
      223 0.000215   0.021085
      549 0.000213  -0.020901
      263 0.000210  -0.020581
      564 0.000206  -0.020224
      369 0.000206   0.020183
      235 0.000204  -0.019981
      377 0.000203  -0.019939
      787 0.000201   0.019728
      818 0.000197  -0.019354
      184 0.000191  -0.018776
      356 0.000190  -0.018665
      175 0.000189  -0.018552
      427 0.000188  -0.018395
      658 0.000187   0.018365
      301 0.000187  -0.018361
      400 0.000186  -0.018270
      857 0.000185  -0.018104
      580 0.000181  -0.017781
      800 0.000173  -0.017007
      585 0.000172  -0.016862
      824 0.000170   0.016647
      665 0.000170  -0.016629
      743 0.000169  -0.016585
      711 0.000168   0.016506
      628 0.000167   0.016425
      247 0.000165   0.016138
      277 0.000164   0.016120
      763 0.000162   0.015915
      392 0.000161   0.015758
      855 0.000159  -0.015567
      604 0.000158  -0.015533
      605 0.000157  -0.015443
      828 0.000157  -0.015413
      784 0.000156  -0.015333
      667 0.000156   0.015272
      941 0.000154  -0.015113
      332 0.000153  -0.015022
      337 0.000153  -0.015009
      795 0.000152   0.014863
      591 0.000151   0.014793
      742 0.000151  -0.014786
      553 0.000150  -0.014737
      255 0.000149  -0.014633
      312 0.000147  -0.014463
      574 0.000143  -0.014029
      829 0.000143   0.014017
      859 0.000142   0.013881
      820 0.000141  -0.013847
      361 0.000140   0.013775
      778 0.000140  -0.013709
      132 0.000139   0.013667
      759 0.000138  -0.013533
      790 0.000136   0.013351
      373 0.000136  -0.013314
      217 0.000135  -0.013254
      295 0.000134  -0.013174
      380 0.000134   0.013152
      398 0.000134  -0.013128
      298 0.000132  -0.012982
      201 0.000131  -0.012890
      687 0.000131   0.012807
      600 0.000129  -0.012650
       70 0.000129   0.012619
      573 0.000127   0.012504
      251 0.000125  -0.012244
      815 0.000123  -0.012072
      561 0.000122   0.011979
      770 0.000122   0.011969
      638 0.000122  -0.011958
      629 0.000121  -0.011885
      431 0.000121  -0.011823
      557 0.000120  -0.011799
      137 0.000120  -0.011769
      353 0.000119  -0.011671
      423 0.000119  -0.011658
      736 0.000118  -0.011527
      354 0.000116   0.011366
      198 0.000112  -0.010971
      808 0.000111   0.010912
      275 0.000110  -0.010742
      614 0.000109   0.010699
       93 0.000108  -0.010608
      697 0.000107   0.010530
      908 0.000107  -0.010527
      138 0.000105  -0.010334
      289 0.000103   0.010115
      290 0.000103   0.010102
      775 0.000102   0.010002
      268 0.000101  -0.009951
      566 0.000098   0.009591
      728 0.000098  -0.009574
      690 0.000097   0.009528
      799 0.000097  -0.009526
      436 0.000097   0.009522
      974 0.000096   0.009429
      847 0.000096   0.009387
      645 0.000095   0.009361
      182 0.000095  -0.009337
      294 0.000095  -0.009321
      596 0.000095  -0.009311
      279 0.000095  -0.009302
      364 0.000094   0.009246
      228 0.000094  -0.009212
      594 0.000093  -0.009166
      782 0.000093  -0.009137
      632 0.000092   0.009032
       88 0.000092  -0.008996
      627 0.000091   0.008966
      840 0.000090  -0.008848
      864 0.000090   0.008808
      241 0.000089   0.008752
      616 0.000089  -0.008743
      257 0.000089  -0.008731
      773 0.000088   0.008619
      329 0.000087  -0.008546
      611 0.000086  -0.008390
      734 0.000085  -0.008313
      744 0.000085  -0.008310
      569 0.000084   0.008268
      271 0.000084   0.008259
      321 0.000083  -0.008163
      844 0.000083  -0.008160
      319 0.000083   0.008131
      281 0.000082   0.008086
      937 0.000082  -0.008013
      694 0.000080   0.007890
      226 0.000080  -0.007882
      225 0.000080  -0.007837
      325 0.000079  -0.007770
      581 0.000078  -0.007669
      769 0.000078   0.007652
      948 0.000078   0.007650
      107 0.000078  -0.007614
      684 0.000077  -0.007563
      943 0.000076   0.007504
      650 0.000076  -0.007447
      801 0.000076  -0.007439
      308 0.000076  -0.007421
      843 0.000076  -0.007415
      723 0.000075  -0.007337
      283 0.000075   0.007319
      266 0.000074  -0.007307
      343 0.000074  -0.007278
      882 0.000073   0.007131
      252 0.000073   0.007115
      315 0.000072   0.007045
      978 0.000070   0.006898
      302 0.000070  -0.006859
      860 0.000070  -0.006851
     1095 0.000070  -0.006829
      286 0.000070   0.006823
      240 0.000069   0.006782
      584 0.000069  -0.006735
      654 0.000067   0.006612
      234 0.000067   0.006588
      722 0.000066  -0.006501
      826 0.000066  -0.006432
      359 0.000065  -0.006398
      608 0.000064  -0.006312
      792 0.000064   0.006298
      884 0.000064  -0.006281
      425 0.000064   0.006255
      171 0.000064  -0.006242
      748 0.000063  -0.006183
     1005 0.000063   0.006154
      291 0.000063   0.006140
      545 0.000061  -0.006028
      913 0.000061  -0.006011
      572 0.000061  -0.005956
      823 0.000061   0.005955
      237 0.000061  -0.005948
      285 0.000061   0.005947
      765 0.000060   0.005883
      590 0.000060  -0.005874
      179 0.000060   0.005856
      589 0.000060  -0.005854
      880 0.000059   0.005825
      428 0.000059   0.005762
      394 0.000059   0.005758
      560 0.000058  -0.005718
      762 0.000058  -0.005686
      355 0.000058   0.005649
      895 0.000057   0.005584
      244 0.000056  -0.005537
      539 0.000055   0.005415
      609 0.000055  -0.005370
      870 0.000055  -0.005363
      414 0.000055   0.005350
      701 0.000054  -0.005313
      250 0.000054  -0.005299
      367 0.000053   0.005240
      386 0.000053   0.005231
      261 0.000053  -0.005220
      831 0.000053   0.005187
      374 0.000053   0.005178
      955 0.000053   0.005153
      852 0.000051   0.005046
      406 0.000051   0.005045
      922 0.000051  -0.005009
      320 0.000051  -0.004987
      331 0.000050  -0.004948
      646 0.000050   0.004893
      649 0.000050  -0.004864
      323 0.000049  -0.004843
      262 0.000049  -0.004835
      528 0.000049   0.004810
      104 0.000049   0.004809
      357 0.000049   0.004787
      832 0.000049   0.004776
      131 0.000049   0.004759
      413 0.000047  -0.004657
      264 0.000047  -0.004632
      360 0.000047  -0.004615
      625 0.000047   0.004597
      640 0.000047  -0.004576
      568 0.000046  -0.004516
      821 0.000046  -0.004493
      193 0.000046   0.004468
      342 0.000045   0.004399
      313 0.000044  -0.004336
      535 0.000044   0.004332
       98 0.000044  -0.004326
      287 0.000044   0.004315
      309 0.000043  -0.004216
      407 0.000043  -0.004171
      232 0.000042  -0.004153
      894 0.000042  -0.004095
      879 0.000041  -0.004062
      322 0.000041  -0.004021
      935 0.000041  -0.003980
      874 0.000040  -0.003947
      610 0.000040   0.003927
      402 0.000040   0.003890
      288 0.000039  -0.003864
      881 0.000039  -0.003821
      292 0.000039  -0.003803
      314 0.000039   0.003786
      284 0.000038   0.003737
      296 0.000037   0.003674
      841 0.000036   0.003576
      334 0.000036  -0.003574
      304 0.000036   0.003514
      803 0.000036   0.003511
      161 0.000036   0.003494
      842 0.000036  -0.003490
      259 0.000035  -0.003482
      776 0.000035  -0.003460
      588 0.000035   0.003418
      518 0.000035   0.003388
      833 0.000034  -0.003297
      942 0.000033   0.003249
      409 0.000033  -0.003246
      169 0.000033  -0.003223
      830 0.000033   0.003221
      950 0.000033  -0.003215
      491 0.000033   0.003197
      540 0.000032  -0.003188
      957 0.000032   0.003185
      849 0.000032  -0.003177
      445 0.000032  -0.003158
      636 0.000032  -0.003137
      542 0.000032   0.003106
      382 0.000031   0.003035
      904 0.000031   0.003027
      310 0.000031  -0.003016
      317 0.000031   0.003001
      532 0.000031   0.002996
      780 0.000030   0.002961
      802 0.000030   0.002953
      603 0.000030   0.002927
       87 0.000030   0.002919
      448 0.000030   0.002915
      933 0.000029   0.002893
      368 0.000029  -0.002884
      376 0.000029   0.002881
      245 0.000029   0.002837
      988 0.000029  -0.002803
      928 0.000028  -0.002794
      835 0.000028  -0.002789
      642 0.000028  -0.002774
      987 0.000028   0.002733
      488 0.000028   0.002723
      365 0.000028   0.002711
      330 0.000028  -0.002708
      236 0.000028   0.002703
      410 0.000028  -0.002703
      971 0.000027  -0.002697
      345 0.000027   0.002692
      351 0.000027  -0.002692
      677 0.000027   0.002669
      755 0.000027  -0.002667
      613 0.000027  -0.002654
      249 0.000027   0.002653
      789 0.000027   0.002647
      424 0.000027  -0.002636
      964 0.000027   0.002630
      681 0.000027  -0.002608
      363 0.000027   0.002603
      921 0.000026  -0.002592
     1073 0.000026  -0.002587
      214 0.000026  -0.002565
      524 0.000026  -0.002539
      558 0.000026   0.002529
      475 0.000026  -0.002519
      804 0.000026  -0.002512
       45 0.000025  -0.002501
      385 0.000025  -0.002486
      598 0.000025   0.002486
     1001 0.000025  -0.002485
     1096 0.000025   0.002480
      938 0.000025   0.002475
      794 0.000025   0.002470
      891 0.000025  -0.002466
     1032 0.000025   0.002465
      346 0.000025   0.002421
       91 0.000025  -0.002412
      350 0.000025  -0.002408
      324 0.000024  -0.002389
      530 0.000024   0.002377
       84 0.000024  -0.002365
      680 0.000023   0.002302
      875 0.000023   0.002289
     1034 0.000023  -0.002282
      779 0.000023  -0.002250
      685 0.000022  -0.002168
      526 0.000022   0.002142
      344 0.000021  -0.002098
      216 0.000021   0.002051
      556 0.000021  -0.002044
      927 0.000021  -0.002034
      876 0.000020   0.002005
      335 0.000020   0.002002
      242 0.000020   0.001986
     1025 0.000020   0.001980
      856 0.000020   0.001976
      983 0.000020   0.001958
      977 0.000020   0.001920
      336 0.000020   0.001915
     1010 0.000019   0.001909
       92 0.000019   0.001902
      390 0.000019   0.001895
      399 0.000019   0.001890
      352 0.000019  -0.001889
      655 0.000019   0.001884
      623 0.000019   0.001864
      656 0.000019  -0.001849
      387 0.000019   0.001847
      809 0.000019   0.001822
      375 0.000018   0.001802
      934 0.000018  -0.001799
      571 0.000018  -0.001791
       51 0.000018   0.001791
      552 0.000018  -0.001789
      502 0.000018   0.001778
      479 0.000018   0.001774
      248 0.000018  -0.001761
      213 0.000018  -0.001760
      437 0.000018   0.001757
      514 0.000018   0.001734
      714 0.000018  -0.001728
      455 0.000018  -0.001727
      229 0.000018   0.001727
       38 0.000018  -0.001726
     1017 0.000018   0.001724
      339 0.000018   0.001721
      180 0.000018   0.001718
      222 0.000017  -0.001716
      165 0.000017  -0.001713
      278 0.000017   0.001703
       63 0.000017  -0.001701
      597 0.000017  -0.001700
      727 0.000017  -0.001698
       89 0.000017  -0.001694
      519 0.000017   0.001689
      379 0.000017   0.001670
      536 0.000017  -0.001667
       43 0.000017   0.001658
      993 0.000017   0.001644
      565 0.000017   0.001643
       95 0.000017  -0.001625
      432 0.000017   0.001624
     1009 0.000017  -0.001623
      505 0.000016   0.001617
      463 0.000016  -0.001614
      489 0.000016   0.001602
      272 0.000016   0.001594
      695 0.000016  -0.001590
      702 0.000016  -0.001578
       55 0.000016  -0.001574
      371 0.000016   0.001572
      916 0.000016  -0.001569
      449 0.000016  -0.001558
      746 0.000016  -0.001521
      139 0.000015   0.001508
      592 0.000015   0.001502
      949 0.000015   0.001502
      811 0.000015   0.001490
      512 0.000015  -0.001489
      965 0.000015  -0.001484
      839 0.000015  -0.001482
      838 0.000015  -0.001476
       90 0.000015   0.001471
      358 0.000015   0.001464
       97 0.000015   0.001451
      224 0.000015   0.001442
      397 0.000015  -0.001426
      644 0.000014  -0.001414
       86 0.000014   0.001413
      868 0.000014   0.001409
       81 0.000014  -0.001405
      837 0.000014   0.001392
      907 0.000014   0.001379
       53 0.000014  -0.001378
       36 0.000014   0.001368
      426 0.000014   0.001362
      662 0.000014  -0.001355
      676 0.000014  -0.001347
      917 0.000014   0.001345
      705 0.000014  -0.001342
       54 0.000014  -0.001341
      458 0.000014   0.001337
      333 0.000014   0.001335
      293 0.000014  -0.001327
      338 0.000013   0.001322
      450 0.000013  -0.001320
       48 0.000013  -0.001315
      732 0.000013   0.001312
       57 0.000013  -0.001295
       74 0.000013  -0.001276
      145 0.000013  -0.001271
      671 0.000013  -0.001269
     1052 0.000013   0.001249
      256 0.000013  -0.001248
      555 0.000013   0.001247
      202 0.000013   0.001246
     1016 0.000013  -0.001243
       64 0.000013   0.001235
      664 0.000012  -0.001223
      858 0.000012  -0.001223
      164 0.000012  -0.001219
     1003 0.000012  -0.001219
      959 0.000012  -0.001214
      307 0.000012  -0.001208
      478 0.000012   0.001206
      125 0.000012  -0.001206
      340 0.000012  -0.001205
      747 0.000012  -0.001201
      181 0.000012  -0.001189
      282 0.000012  -0.001171
     1020 0.000012  -0.001170
      396 0.000012   0.001166
      130 0.000012   0.001156
      713 0.000012   0.001150
      740 0.000012  -0.001139
      219 0.000011   0.001127
      123 0.000011   0.001126
      966 0.000011   0.001126
      559 0.000011   0.001120
      197 0.000011   0.001114
       52 0.000011   0.001108
      900 0.000011  -0.001097
      372 0.000011  -0.001095
       46 0.000011  -0.001072
       83 0.000011   0.001068
       77 0.000011   0.001065
      462 0.000011   0.001064
      643 0.000011   0.001060
      378 0.000011  -0.001047
      178 0.000011  -0.001044
       44 0.000011   0.001042
      238 0.000011   0.001040
      297 0.000010  -0.001028
      231 0.000010   0.001027
      348 0.000010  -0.001027
      155 0.000010  -0.001026
      898 0.000010   0.001025
     1040 0.000010  -0.001020
      816 0.000010   0.001008
      810 0.000010   0.001008
      196 0.000010  -0.001006
      418 0.000010  -0.001003
      647 0.000010  -0.000987
      159 0.000010   0.000987
euclid. distance of OLC and linear combination of EV * x_coef: 0.009310061588926513

Generate samples based on objective loadcase 253
nr_to_generate: 25

Parameter variation distribution settings
distribution: uniform
low: 0.7
high: 1.3

Total process runtime: 0:00:01.362451
