Date and Time:2023-05-12 14:21:49.328010

Initial Settings:
similarity_model: <function cosine_similarity at 0x000001D005A6E5E0>
similarity_threshold: 1e-05
nr_eigv_to_select: None
distribution: uniform
deviation: 0.3
nr_to_generate: 25
recompute: False

Selected eigenvectors and similarity score w.r.t objective loadcase:
objective_loadcase_nr: 722
similarity_model: cosine_similarity
similarity_threshold: 1e-05
nr_eigv_to_select: None
nr_eigv_selected: 507
approximation parameter model: lstsq
similarity score and approx. param. value
:  eigv_idx    score      value
        1 0.547301  48.895169
        3 0.547040  48.871897
        2 0.496156 -44.325988
        0 0.389878  34.831227
        6 0.050008   4.467639
       39 0.018117   1.618561
        4 0.010708   0.956682
       68 0.003827  -0.341892
      639 0.003700   0.330513
      186 0.002120  -0.189403
      612 0.002069  -0.184830
      593 0.002011  -0.179659
      586 0.001848   0.165082
      218 0.001757  -0.156974
      716 0.001480   0.132181
      710 0.001470  -0.131291
      618 0.001445   0.129137
      187 0.001443  -0.128889
      663 0.001435  -0.128196
      668 0.001305   0.116631
       71 0.001259  -0.112497
      595 0.001154   0.103070
      182 0.001038  -0.092751
      143 0.001025   0.091592
       69 0.000994  -0.088825
      194 0.000970   0.086618
      659 0.000968  -0.086496
      617 0.000907   0.081073
      388 0.000878  -0.078424
      686 0.000878  -0.078423
      626 0.000844   0.075430
      184 0.000819  -0.073161
      599 0.000789   0.070517
      688 0.000779  -0.069631
      749 0.000774  -0.069141
      635 0.000766   0.068391
      562 0.000750  -0.067035
      582 0.000741  -0.066168
      700 0.000701   0.062589
      579 0.000699   0.062405
      683 0.000694   0.062019
      670 0.000691   0.061747
      183 0.000683   0.061063
      578 0.000680   0.060791
      621 0.000645  -0.057640
       70 0.000642   0.057333
      733 0.000603   0.053860
      698 0.000581  -0.051910
      341 0.000552   0.049314
      602 0.000550  -0.049138
      666 0.000534  -0.047666
      253 0.000505  -0.045091
      735 0.000498  -0.044517
      228 0.000488  -0.043617
      718 0.000479  -0.042835
      708 0.000469   0.041891
      606 0.000455  -0.040641
      567 0.000445  -0.039761
      179 0.000435   0.038882
      220 0.000433  -0.038658
      153 0.000432   0.038601
      641 0.000420  -0.037542
      137 0.000414  -0.037012
      577 0.000413  -0.036923
      174 0.000406   0.036284
      171 0.000406  -0.036246
      704 0.000405  -0.036193
      699 0.000395  -0.035255
      575 0.000385   0.034433
      583 0.000383  -0.034202
      709 0.000373  -0.033328
      620 0.000369  -0.033008
      362 0.000360  -0.032147
      210 0.000356  -0.031841
      267 0.000356  -0.031837
      756 0.000334  -0.029836
      631 0.000329  -0.029409
      243 0.000329   0.029378
      848 0.000315  -0.028168
      757 0.000311  -0.027805
      419 0.000309  -0.027565
      412 0.000306  -0.027365
      601 0.000303   0.027060
      258 0.000297  -0.026509
      807 0.000295   0.026364
      604 0.000294  -0.026274
      576 0.000291  -0.026012
      403 0.000286   0.025558
      741 0.000275   0.024586
      628 0.000273   0.024403
      587 0.000272   0.024297
      707 0.000267  -0.023876
      132 0.000260   0.023237
      853 0.000257  -0.022990
      753 0.000256  -0.022871
      383 0.000249   0.022231
      400 0.000242  -0.021636
      787 0.000242   0.021622
      377 0.000233  -0.020852
      739 0.000230  -0.020579
      204 0.000226   0.020170
      573 0.000223   0.019941
      570 0.000221  -0.019738
      361 0.000218   0.019504
      254 0.000218   0.019437
      271 0.000215   0.019217
      277 0.000212   0.018925
      658 0.000207   0.018488
      161 0.000205   0.018283
      815 0.000204  -0.018244
      564 0.000204  -0.018230
      750 0.000203   0.018153
      580 0.000200  -0.017908
      696 0.000198  -0.017729
      148 0.000198   0.017725
      549 0.000195  -0.017455
      273 0.000191  -0.017074
      665 0.000187  -0.016664
      941 0.000185  -0.016492
      199 0.000185  -0.016486
      236 0.000182   0.016286
      427 0.000182  -0.016227
      743 0.000179  -0.016023
      301 0.000178  -0.015921
      687 0.000178   0.015882
      800 0.000175  -0.015650
      793 0.000175  -0.015625
      373 0.000175  -0.015623
       91 0.000174  -0.015562
      299 0.000174   0.015520
      234 0.000172   0.015358
      828 0.000169  -0.015119
      640 0.000167  -0.014948
      857 0.000165  -0.014741
      355 0.000162   0.014505
      820 0.000159  -0.014175
      175 0.000157  -0.014055
      566 0.000157   0.014036
      269 0.000154  -0.013790
      255 0.000153  -0.013679
      667 0.000153   0.013667
      247 0.000149   0.013339
      367 0.000149   0.013270
      557 0.000146  -0.013062
      711 0.000145   0.012968
      398 0.000144  -0.012889
      392 0.000143   0.012784
      726 0.000140  -0.012532
      257 0.000140  -0.012517
      380 0.000140   0.012497
      818 0.000140  -0.012468
      784 0.000140  -0.012467
      790 0.000139   0.012411
      574 0.000139  -0.012405
      855 0.000138  -0.012320
      312 0.000135  -0.012078
      295 0.000132  -0.011788
      605 0.000131  -0.011695
      353 0.000131  -0.011676
      847 0.000130   0.011639
      249 0.000130  -0.011630
      294 0.000128  -0.011435
      107 0.000127  -0.011316
      859 0.000127   0.011305
      690 0.000124   0.011107
      235 0.000124  -0.011080
      808 0.000124   0.011051
      795 0.000124   0.011039
      645 0.000123   0.010994
      436 0.000123   0.010990
      262 0.000123  -0.010964
      138 0.000122   0.010936
      908 0.000122  -0.010919
      431 0.000121  -0.010785
      423 0.000121  -0.010765
      742 0.000118  -0.010581
      585 0.000117  -0.010463
      798 0.000115   0.010291
      222 0.000115  -0.010281
      974 0.000115   0.010230
      824 0.000113   0.010084
      629 0.000113  -0.010081
      241 0.000111   0.009894
      275 0.000110  -0.009842
      308 0.000108  -0.009683
      281 0.000108   0.009664
      600 0.000108  -0.009655
      198 0.000107   0.009584
      684 0.000107  -0.009538
      581 0.000106  -0.009513
      230 0.000105  -0.009353
      697 0.000105   0.009349
      829 0.000104   0.009302
      638 0.000104  -0.009259
      553 0.000103  -0.009233
      736 0.000103  -0.009228
      217 0.000103  -0.009191
      801 0.000103  -0.009164
      561 0.000102   0.009138
      263 0.000102  -0.009124
      840 0.000101  -0.009063
      799 0.000100  -0.008966
      882 0.000100   0.008952
      369 0.000099   0.008884
      266 0.000099  -0.008850
      261 0.000099  -0.008806
      778 0.000098  -0.008713
      354 0.000097   0.008639
      611 0.000096  -0.008604
      572 0.000096  -0.008568
      239 0.000093   0.008327
      390 0.000092   0.008257
      723 0.000090  -0.007998
      734 0.000088  -0.007882
      594 0.000088  -0.007874
      844 0.000088  -0.007868
      591 0.000088   0.007848
      744 0.000088  -0.007842
      302 0.000085  -0.007603
      759 0.000085   0.007561
     1095 0.000085  -0.007560
      227 0.000084   0.007532
      770 0.000084   0.007503
      740 0.000083  -0.007379
      584 0.000081  -0.007260
      843 0.000081  -0.007234
      552 0.000080  -0.007181
      386 0.000079   0.007063
      223 0.000078   0.006994
      614 0.000078   0.006947
      728 0.000076  -0.006810
      803 0.000076   0.006801
      428 0.000076   0.006777
      955 0.000075   0.006712
      937 0.000075  -0.006689
      337 0.000074  -0.006630
      701 0.000074  -0.006622
      292 0.000074  -0.006614
      773 0.000074   0.006614
      356 0.000074  -0.006568
      632 0.000073   0.006561
      343 0.000073  -0.006493
      832 0.000072   0.006421
      414 0.000072   0.006408
      407 0.000071  -0.006372
     1005 0.000070   0.006235
      597 0.000070  -0.006211
      826 0.000069  -0.006199
      978 0.000068   0.006115
      319 0.000068   0.006109
      913 0.000068  -0.006072
      805 0.000068  -0.006068
      545 0.000067  -0.006020
      193 0.000067  -0.006020
      332 0.000065  -0.005821
      802 0.000065   0.005810
      782 0.000065  -0.005788
      748 0.000065  -0.005778
      654 0.000064   0.005733
      425 0.000063   0.005653
      397 0.000062  -0.005548
      922 0.000062  -0.005538
      569 0.000062   0.005522
      864 0.000061   0.005490
      879 0.000061  -0.005485
      539 0.000061   0.005470
      762 0.000061   0.005460
      209 0.000061  -0.005426
      297 0.000060  -0.005399
      268 0.000060  -0.005351
      948 0.000060   0.005323
      722 0.000058  -0.005196
      364 0.000058  -0.005144
      298 0.000057  -0.005121
      560 0.000057  -0.005048
      251 0.000056  -0.004989
      323 0.000056  -0.004987
      374 0.000055   0.004954
      789 0.000055   0.004921
      895 0.000055   0.004917
      765 0.000055   0.004914
      603 0.000055  -0.004904
      232 0.000055  -0.004882
      349 0.000054  -0.004805
      891 0.000053  -0.004775
      289 0.000053   0.004754
      589 0.000053  -0.004752
      863 0.000053  -0.004726
      823 0.000052   0.004636
      342 0.000051   0.004518
      528 0.000050   0.004511
      870 0.000050  -0.004499
      291 0.000050   0.004488
      313 0.000050  -0.004434
      776 0.000049  -0.004383
      359 0.000048   0.004284
      860 0.000047  -0.004213
      608 0.000046  -0.004117
      943 0.000046   0.004114
      409 0.000046  -0.004070
      169 0.000045  -0.004038
      596 0.000045  -0.004008
      315 0.000045   0.003987
      831 0.000044   0.003975
      874 0.000044  -0.003926
      279 0.000044  -0.003912
      540 0.000043  -0.003879
      880 0.000043   0.003876
      325 0.000043  -0.003876
      402 0.000043   0.003859
      821 0.000043  -0.003855
      335 0.000043   0.003832
      329 0.000043  -0.003826
      542 0.000043   0.003802
      322 0.000043  -0.003801
      884 0.000042  -0.003773
      830 0.000042   0.003736
      616 0.000042  -0.003716
      320 0.000041  -0.003647
      535 0.000041   0.003622
      350 0.000041   0.003621
      894 0.000040  -0.003583
      881 0.000040  -0.003533
      792 0.000039   0.003528
      366 0.000039   0.003513
      214 0.000039  -0.003504
      406 0.000039   0.003476
      987 0.000039   0.003473
      904 0.000038   0.003413
      677 0.000038   0.003406
      928 0.000038  -0.003372
      448 0.000037   0.003321
      216 0.000037   0.003306
      867 0.000036   0.003231
      650 0.000036  -0.003204
      357 0.000036  -0.003202
      627 0.000035   0.003169
      518 0.000035   0.003156
      775 0.000035   0.003145
      310 0.000035  -0.003103
      226 0.000035   0.003089
      858 0.000034  -0.003013
     1001 0.000034  -0.003000
      213 0.000034  -0.002998
      491 0.000033   0.002980
      933 0.000033   0.002935
      264 0.000032   0.002901
      950 0.000032  -0.002897
      318 0.000032   0.002863
      225 0.000032   0.002855
      445 0.000032  -0.002821
      410 0.000031  -0.002789
      394 0.000031   0.002774
      530 0.000030   0.002711
      532 0.000030   0.002701
      942 0.000030   0.002694
      965 0.000030  -0.002682
      993 0.000030   0.002641
      488 0.000030   0.002640
      286 0.000029   0.002620
      321 0.000029  -0.002614
      259 0.000029   0.002613
     1025 0.000029   0.002611
      224 0.000029  -0.002611
      215 0.000029   0.002598
      290 0.000029   0.002564
      382 0.000029  -0.002555
      590 0.000028  -0.002545
     1032 0.000028   0.002536
      636 0.000028  -0.002514
      296 0.000028   0.002503
      131 0.000028  -0.002479
      475 0.000028  -0.002478
      360 0.000027   0.002457
      524 0.000026  -0.002364
      424 0.000026  -0.002332
      432 0.000026   0.002319
      727 0.000026  -0.002316
      347 0.000025   0.002269
      839 0.000025  -0.002265
      276 0.000025  -0.002249
     1017 0.000024   0.002176
      780 0.000024  -0.002154
      662 0.000024  -0.002134
      838 0.000023   0.002078
      643 0.000023  -0.002053
      245 0.000023  -0.002048
      206 0.000023   0.002039
      283 0.000023   0.002022
      938 0.000023   0.002013
     1034 0.000022  -0.002005
      333 0.000022   0.001934
      900 0.000021  -0.001909
      502 0.000021   0.001892
      384 0.000021  -0.001882
      814 0.000021   0.001879
      519 0.000021   0.001858
      713 0.000021   0.001848
      964 0.000020   0.001819
      455 0.000020  -0.001808
      685 0.000020  -0.001789
      260 0.000020  -0.001779
      649 0.000020  -0.001779
      842 0.000020  -0.001778
      917 0.000020   0.001768
      935 0.000020  -0.001766
      293 0.000020  -0.001759
      505 0.000020   0.001752
      526 0.000019   0.001722
      250 0.000019  -0.001720
      609 0.000019  -0.001719
      489 0.000019   0.001693
      536 0.000019  -0.001692
      538 0.000019   0.001680
      405 0.000019  -0.001656
      714 0.000018  -0.001643
      437 0.000018   0.001642
      463 0.000018  -0.001590
      837 0.000018   0.001586
      512 0.000018  -0.001579
      856 0.000018   0.001577
      613 0.000018  -0.001570
      479 0.000017   0.001554
      988 0.000017  -0.001538
     1052 0.000017   0.001515
      675 0.000017   0.001493
      971 0.000016  -0.001472
      514 0.000016   0.001469
      330 0.000016   0.001469
      458 0.000016   0.001456
      221 0.000016  -0.001449
      104 0.000016   0.001434
      921 0.000015  -0.001383
      314 0.000015   0.001375
      588 0.000015  -0.001373
      248 0.000015   0.001360
       93 0.000015   0.001344
      949 0.000015   0.001341
      927 0.000015  -0.001328
      841 0.000015   0.001316
      233 0.000015  -0.001314
      957 0.000015   0.001300
      334 0.000015   0.001296
      450 0.000015  -0.001296
       87 0.000014   0.001288
      164 0.000014  -0.001280
      598 0.000014   0.001275
      387 0.000014   0.001266
      966 0.000014   0.001255
      852 0.000014   0.001252
      326 0.000014  -0.001243
      755 0.000014  -0.001235
      712 0.000014  -0.001227
      732 0.000014   0.001206
      811 0.000013   0.001202
     1010 0.000013   0.001201
      724 0.000013  -0.001200
       13 0.000013  -0.001194
       14 0.000013   0.001191
      934 0.000013  -0.001188
       86 0.000013   0.001186
      272 0.000013  -0.001171
      114 0.000013  -0.001148
      449 0.000013  -0.001138
      680 0.000013   0.001122
      478 0.000013   0.001117
      534 0.000012  -0.001111
      619 0.000012   0.001107
      646 0.000012   0.001101
      779 0.000012   0.001089
      242 0.000012  -0.001081
      483 0.000012  -0.001076
      462 0.000012   0.001073
      413 0.000012   0.001065
      835 0.000012  -0.001052
       81 0.000012   0.001051
      112 0.000012   0.001050
      420 0.000012   0.001048
      351 0.000012   0.001044
      791 0.000012   0.001041
     1073 0.000012  -0.001040
      123 0.000012   0.001038
     1096 0.000012   0.001033
      810 0.000012   0.001029
      592 0.000011  -0.001024
      165 0.000011  -0.001014
      907 0.000011   0.001006
      401 0.000011  -0.000983
      883 0.000011   0.000977
     1047 0.000011   0.000975
      634 0.000011  -0.000972
      274 0.000011   0.000964
       43 0.000011  -0.000959
      796 0.000011   0.000955
      158 0.000011   0.000954
      510 0.000011  -0.000953
      694 0.000011   0.000941
      285 0.000011   0.000940
      229 0.000011  -0.000939
      252 0.000011   0.000938
      625 0.000010  -0.000929
      816 0.000010   0.000927
       40 0.000010  -0.000904
      201 0.000010  -0.000904
      473 0.000010  -0.000903
      125 0.000010  -0.000903
      794 0.000010   0.000895
euclid. distance of OLC and linear combination of EV * x_coef: 0.009013041476769672

Generate samples based on objective loadcase 722
nr_to_generate: 25

Parameter variation distribution settings
distribution: uniform
low: 0.7
high: 1.3

Total process runtime: 0:00:01.301215
