Date and Time:2023-05-12 14:14:24.028573

Initial Settings:
similarity_model: <function cosine_similarity at 0x000001D005A6E5E0>
similarity_threshold: 1e-05
nr_eigv_to_select: None
distribution: uniform
deviation: 0.3
nr_to_generate: 25
recompute: False

Selected eigenvectors and similarity score w.r.t objective loadcase:
objective_loadcase_nr: 387
similarity_model: cosine_similarity
similarity_threshold: 1e-05
nr_eigv_to_select: None
nr_eigv_selected: 571
approximation parameter model: lstsq
similarity score and approx. param. value
:  eigv_idx    score      value
        3 0.574765  42.565860
        1 0.528794  39.161334
        2 0.501993 -37.176489
        0 0.369005  27.327732
        6 0.032678   2.420057
       39 0.024182   1.790899
        4 0.011884   0.880139
      639 0.003123   0.231282
      186 0.002364  -0.175060
      218 0.002087  -0.154553
      593 0.001927  -0.142730
      612 0.001823  -0.134981
      586 0.001737   0.128674
      710 0.001690  -0.125160
      187 0.001548  -0.114630
      716 0.001330   0.098494
      618 0.001170   0.086616
      595 0.001119   0.082891
      668 0.001111   0.082243
      663 0.001053  -0.077992
      194 0.001031   0.076361
      143 0.000999   0.073979
      686 0.000955  -0.070708
      749 0.000935  -0.069268
      626 0.000913   0.067649
       71 0.000829   0.061386
      688 0.000826  -0.061164
       68 0.000824  -0.061037
      388 0.000821  -0.060824
      659 0.000804  -0.059528
       69 0.000798   0.059119
      617 0.000721   0.053379
      582 0.000713  -0.052800
      599 0.000710   0.052563
      183 0.000684   0.050640
      635 0.000675   0.049970
      562 0.000666  -0.049309
      621 0.000619  -0.045817
      670 0.000610   0.045205
      153 0.000562   0.041600
      341 0.000544   0.040260
      579 0.000543   0.040223
      578 0.000535   0.039632
      735 0.000533  -0.039488
      704 0.000519  -0.038423
      708 0.000518   0.038328
      733 0.000513   0.037997
      174 0.000502   0.037171
      567 0.000495  -0.036641
      606 0.000494  -0.036599
      602 0.000489  -0.036185
      718 0.000481  -0.035631
      253 0.000463  -0.034278
      698 0.000452  -0.033454
      666 0.000448  -0.033211
      577 0.000434  -0.032141
      709 0.000425  -0.031440
      258 0.000415  -0.030710
      700 0.000412   0.030486
      575 0.000411   0.030409
      683 0.000399   0.029553
      620 0.000388  -0.028749
      267 0.000358  -0.026537
      756 0.000358  -0.026500
      227 0.000357   0.026455
      210 0.000356  -0.026340
      696 0.000351  -0.025964
      601 0.000349   0.025832
      641 0.000344  -0.025460
      220 0.000333  -0.024659
      230 0.000331  -0.024512
      707 0.000320  -0.023720
      699 0.000311  -0.023034
      753 0.000310  -0.022944
      757 0.000309  -0.022909
      243 0.000307   0.022728
      631 0.000305  -0.022576
      853 0.000303  -0.022461
      362 0.000300  -0.022248
      412 0.000298  -0.022056
      741 0.000298   0.022042
      848 0.000296  -0.021931
      583 0.000288  -0.021298
      419 0.000284  -0.021061
      403 0.000284   0.021007
      807 0.000276   0.020464
      137 0.000275  -0.020394
      273 0.000272  -0.020180
      587 0.000269   0.019907
      235 0.000260  -0.019288
      739 0.000260  -0.019252
      361 0.000251   0.018561
      750 0.000248   0.018385
      726 0.000246  -0.018234
      787 0.000245   0.018122
      793 0.000238  -0.017638
      576 0.000237  -0.017536
      570 0.000223  -0.016537
      383 0.000217   0.016069
      377 0.000212  -0.015698
      239 0.000208   0.015428
      263 0.000207  -0.015365
      132 0.000205   0.015147
      373 0.000203  -0.015013
      857 0.000201  -0.014905
      228 0.000201  -0.014853
      580 0.000198  -0.014631
      400 0.000195  -0.014437
      175 0.000194  -0.014397
      271 0.000191   0.014144
      199 0.000186  -0.013747
      241 0.000185   0.013681
      818 0.000185  -0.013676
      628 0.000182   0.013514
      204 0.000182   0.013502
      247 0.000181   0.013379
      299 0.000181   0.013374
      269 0.000178  -0.013149
      301 0.000177  -0.013089
      743 0.000172  -0.012740
      312 0.000172  -0.012720
      658 0.000172   0.012713
      564 0.000169  -0.012515
      574 0.000168  -0.012470
      427 0.000168  -0.012430
      257 0.000166  -0.012325
      855 0.000165  -0.012212
      824 0.000165   0.012199
      800 0.000165  -0.012185
      604 0.000162  -0.012022
      605 0.000158  -0.011667
      790 0.000157   0.011599
      355 0.000156   0.011587
      711 0.000155   0.011515
      275 0.000155  -0.011485
      859 0.000154   0.011412
      566 0.000154   0.011391
      763 0.000152   0.011264
      941 0.000152  -0.011256
      828 0.000151  -0.011197
      251 0.000151  -0.011156
      292 0.000147  -0.010859
      820 0.000147  -0.010854
       70 0.000146   0.010841
      262 0.000145  -0.010765
      182 0.000145  -0.010752
      392 0.000144   0.010646
      279 0.000144  -0.010644
      784 0.000144  -0.010643
      553 0.000142  -0.010494
      742 0.000141  -0.010416
      795 0.000140   0.010392
      829 0.000139   0.010331
      367 0.000139   0.010324
      549 0.000139  -0.010290
      770 0.000138   0.010219
      290 0.000137   0.010113
      217 0.000134  -0.009926
      557 0.000134  -0.009914
      665 0.000133  -0.009840
      223 0.000132   0.009774
      206 0.000132   0.009749
      815 0.000129  -0.009546
      616 0.000128  -0.009511
      234 0.000128   0.009483
      808 0.000127   0.009428
       88 0.000127  -0.009394
      591 0.000124   0.009154
      687 0.000123   0.009120
      667 0.000121   0.008956
      778 0.000120  -0.008901
      277 0.000118   0.008766
      380 0.000117   0.008674
      847 0.000116   0.008591
      759 0.000115  -0.008522
      255 0.000112  -0.008309
      600 0.000112  -0.008306
      690 0.000112   0.008268
      684 0.000112  -0.008265
      364 0.000111  -0.008236
      736 0.000110  -0.008183
      423 0.000110  -0.008167
      261 0.000110  -0.008141
      398 0.000109  -0.008102
      298 0.000109  -0.008049
      431 0.000108  -0.008005
      569 0.000107   0.007926
      354 0.000105   0.007801
      908 0.000104  -0.007683
      573 0.000102   0.007586
      329 0.000102  -0.007530
      390 0.000102   0.007526
      337 0.000102  -0.007523
      552 0.000101  -0.007493
      801 0.000101  -0.007475
      775 0.000100   0.007417
      799 0.000100  -0.007400
      728 0.000100  -0.007379
      294 0.000099  -0.007361
      436 0.000099   0.007336
      773 0.000098   0.007268
      645 0.000097   0.007197
      295 0.000096  -0.007093
      864 0.000095   0.007007
      104 0.000094   0.006988
      266 0.000094  -0.006933
      974 0.000093   0.006872
      697 0.000092   0.006833
      734 0.000092  -0.006814
      610 0.000091  -0.006714
      281 0.000089   0.006577
      369 0.000089   0.006574
      245 0.000088  -0.006549
      332 0.000088  -0.006530
       93 0.000088  -0.006501
      840 0.000087  -0.006466
      782 0.000086  -0.006393
      744 0.000086  -0.006389
      318 0.000086  -0.006343
      201 0.000085  -0.006321
      353 0.000085  -0.006284
      589 0.000085  -0.006270
      226 0.000083   0.006150
      278 0.000082   0.006072
      225 0.000081   0.005974
      844 0.000081  -0.005974
      325 0.000080  -0.005895
      291 0.000079   0.005847
      723 0.000079  -0.005839
      611 0.000078  -0.005795
      943 0.000078   0.005792
      254 0.000078   0.005775
      560 0.000078  -0.005767
      386 0.000076   0.005657
      179 0.000076   0.005646
      843 0.000076  -0.005615
      638 0.000076  -0.005607
      584 0.000075  -0.005586
      138 0.000075  -0.005518
      252 0.000073  -0.005435
      882 0.000073   0.005431
      937 0.000073  -0.005430
      823 0.000073   0.005385
      884 0.000072  -0.005361
      240 0.000071  -0.005240
      308 0.000069  -0.005131
      357 0.000069  -0.005123
      360 0.000069   0.005090
      302 0.000069  -0.005087
      948 0.000068   0.005013
      880 0.000068   0.005012
     1095 0.000068  -0.005012
      629 0.000067  -0.004978
      342 0.000067   0.004969
      805 0.000066  -0.004901
      789 0.000065   0.004838
      609 0.000065   0.004837
      978 0.000065   0.004816
      594 0.000065  -0.004795
      860 0.000064  -0.004743
      870 0.000064  -0.004732
      585 0.000064  -0.004731
      701 0.000063  -0.004688
      826 0.000062  -0.004603
      268 0.000062  -0.004572
      428 0.000061   0.004539
      288 0.000061   0.004513
      769 0.000061   0.004497
      237 0.000061   0.004482
      184 0.000060  -0.004478
      359 0.000060   0.004460
      287 0.000060  -0.004411
      765 0.000060   0.004409
     1005 0.000059   0.004380
      414 0.000059   0.004350
      406 0.000059  -0.004347
      913 0.000059  -0.004335
      222 0.000058   0.004312
      321 0.000058  -0.004277
      545 0.000056  -0.004148
      107 0.000055  -0.004102
      322 0.000055  -0.004094
      171 0.000055  -0.004069
      955 0.000055   0.004065
      654 0.000055   0.004052
      315 0.000055   0.004037
      334 0.000054   0.004036
      285 0.000054   0.004003
      539 0.000054   0.003996
      722 0.000054  -0.003988
      588 0.000054  -0.003980
      193 0.000054   0.003975
      895 0.000054   0.003971
      272 0.000053  -0.003958
      169 0.000053  -0.003932
      894 0.000053  -0.003903
      821 0.000052  -0.003868
      640 0.000052  -0.003862
      568 0.000052   0.003830
      283 0.000051   0.003769
      366 0.000050   0.003737
      874 0.000050  -0.003731
      922 0.000050  -0.003715
      425 0.000049   0.003656
      314 0.000049  -0.003653
      250 0.000049   0.003652
      320 0.000049   0.003633
      581 0.000049  -0.003616
      831 0.000048   0.003584
      343 0.000048  -0.003555
      643 0.000047  -0.003469
      350 0.000047   0.003462
      296 0.000047  -0.003462
      625 0.000047  -0.003450
      264 0.000047   0.003445
      528 0.000046   0.003428
      572 0.000046  -0.003387
      274 0.000045   0.003363
      333 0.000045  -0.003322
      904 0.000045   0.003318
      879 0.000043  -0.003162
      792 0.000042   0.003094
      316 0.000042  -0.003083
      632 0.000042   0.003076
      535 0.000041   0.003066
      950 0.000040  -0.002981
      832 0.000040   0.002955
      407 0.000040  -0.002955
      613 0.000039   0.002895
      830 0.000038   0.002847
      402 0.000038  -0.002841
      748 0.000038  -0.002791
      942 0.000037   0.002771
      597 0.000037  -0.002765
      935 0.000037  -0.002758
      309 0.000037   0.002757
      131 0.000037   0.002730
      964 0.000037   0.002716
      209 0.000036   0.002697
      881 0.000036  -0.002673
      236 0.000036   0.002670
      319 0.000036   0.002640
      694 0.000035   0.002621
      397 0.000035  -0.002611
      988 0.000034  -0.002538
      849 0.000034   0.002517
      384 0.000034  -0.002515
      803 0.000033   0.002473
      491 0.000033   0.002461
      331 0.000033   0.002459
      842 0.000033  -0.002436
      409 0.000033  -0.002431
      540 0.000032  -0.002375
      957 0.000032   0.002361
      518 0.000032   0.002339
      336 0.000031  -0.002288
      488 0.000031   0.002283
     1096 0.000030   0.002234
      542 0.000030   0.002226
      448 0.000030   0.002221
      349 0.000030  -0.002217
      532 0.000030   0.002215
      358 0.000030  -0.002210
      310 0.000029  -0.002184
      224 0.000029  -0.002183
      971 0.000029  -0.002181
      928 0.000029  -0.002153
      242 0.000029  -0.002152
      802 0.000029   0.002144
      328 0.000028  -0.002108
      891 0.000028  -0.002105
      833 0.000028  -0.002083
      933 0.000028   0.002078
      987 0.000028   0.002069
      148 0.000028  -0.002057
      356 0.000028  -0.002050
      382 0.000027  -0.002036
      313 0.000027  -0.002011
      558 0.000027   0.001984
      410 0.000027  -0.001976
      475 0.000027  -0.001970
      791 0.000027   0.001967
      636 0.000027  -0.001963
      561 0.000026   0.001961
      603 0.000026   0.001949
      368 0.000026   0.001947
      780 0.000026   0.001924
      524 0.000026  -0.001891
      921 0.000025  -0.001862
      794 0.000025   0.001859
      395 0.000025  -0.001837
      238 0.000025  -0.001833
      841 0.000025   0.001828
      248 0.000025   0.001818
     1001 0.000024  -0.001812
      810 0.000024   0.001811
      326 0.000024   0.001810
      270 0.000024   0.001805
      530 0.000024   0.001773
      776 0.000024  -0.001771
      677 0.000024   0.001761
     1032 0.000024   0.001755
       45 0.000024   0.001750
      835 0.000024  -0.001748
      244 0.000024  -0.001741
      811 0.000023   0.001739
      685 0.000023  -0.001734
      727 0.000023  -0.001708
      371 0.000023  -0.001707
      387 0.000023   0.001703
      445 0.000023  -0.001692
       87 0.000023  -0.001688
      323 0.000023  -0.001687
      695 0.000022   0.001665
     1073 0.000022  -0.001643
      214 0.000022   0.001629
      198 0.000022   0.001610
      396 0.000022   0.001610
     1034 0.000022  -0.001609
      590 0.000021  -0.001586
      335 0.000021  -0.001585
      424 0.000021  -0.001568
      983 0.000021   0.001561
      432 0.000021   0.001559
      876 0.000021  -0.001559
      927 0.000021  -0.001542
      324 0.000021  -0.001538
      642 0.000021   0.001534
      260 0.000021   0.001530
      229 0.000021  -0.001526
      338 0.000021   0.001525
      856 0.000021   0.001520
      526 0.000020   0.001513
     1025 0.000020   0.001505
       64 0.000020  -0.001502
      875 0.000020  -0.001500
      655 0.000020  -0.001493
      394 0.000020   0.001453
       57 0.000020   0.001446
      966 0.000020   0.001445
      374 0.000019   0.001439
      348 0.000019  -0.001431
       84 0.000019   0.001425
       66 0.000019  -0.001417
      623 0.000019  -0.001405
      231 0.000019  -0.001404
      479 0.000019   0.001401
      304 0.000019  -0.001400
      938 0.000019   0.001400
      977 0.000019   0.001387
      934 0.000019  -0.001380
      286 0.000019   0.001378
       89 0.000018   0.001349
       83 0.000018  -0.001342
      188 0.000018  -0.001336
      965 0.000018  -0.001331
      592 0.000018  -0.001316
      681 0.000018   0.001310
      536 0.000018  -0.001307
     1009 0.000018  -0.001300
      993 0.000018   0.001297
      514 0.000017   0.001294
     1010 0.000017   0.001269
      858 0.000017  -0.001269
      213 0.000017   0.001239
      662 0.000017  -0.001237
      519 0.000017   0.001236
     1017 0.000017   0.001228
       48 0.000017   0.001225
      714 0.000016  -0.001219
      838 0.000016  -0.001207
      463 0.000016  -0.001201
      898 0.000016   0.001198
       43 0.000016  -0.001198
       55 0.000016   0.001195
      455 0.000016  -0.001193
      555 0.000016   0.001177
      297 0.000016  -0.001175
      164 0.000016   0.001168
      740 0.000016  -0.001163
      798 0.000016   0.001162
      502 0.000016   0.001161
       81 0.000016   0.001149
      837 0.000015  -0.001143
      512 0.000015  -0.001132
      452 0.000015  -0.001129
      437 0.000015   0.001122
      671 0.000015   0.001122
     1016 0.000015  -0.001115
       38 0.000015   0.001112
      233 0.000015  -0.001111
     1020 0.000015  -0.001103
      180 0.000015  -0.001084
       51 0.000015  -0.001080
       63 0.000015   0.001074
      649 0.000014  -0.001074
      385 0.000014  -0.001073
      458 0.000014   0.001064
      196 0.000014   0.001052
      916 0.000014  -0.001048
      191 0.000014   0.001047
      216 0.000014  -0.001045
       77 0.000014  -0.001043
      917 0.000014   0.001034
      647 0.000014   0.001029
      413 0.000014  -0.001015
      949 0.000014   0.001012
       56 0.000014  -0.001007
      133 0.000014  -0.001004
      178 0.000014   0.001003
       54 0.000014   0.001003
     1003 0.000013  -0.000999
      489 0.000013   0.000994
      608 0.000013   0.000993
      650 0.000013  -0.000985
       46 0.000013   0.000976
       90 0.000013  -0.000973
      675 0.000013   0.000970
      994 0.000013  -0.000964
      863 0.000013  -0.000962
      952 0.000013  -0.000962
      867 0.000013   0.000961
      814 0.000013   0.000947
      644 0.000013   0.000945
      125 0.000013   0.000934
     1052 0.000013   0.000934
       79 0.000013   0.000926
      712 0.000012  -0.000921
      197 0.000012  -0.000916
       53 0.000012   0.000913
      345 0.000012  -0.000906
      185 0.000012   0.000904
      202 0.000012  -0.000903
      669 0.000012   0.000900
       92 0.000012  -0.000895
      713 0.000012   0.000893
       36 0.000012  -0.000884
      900 0.000012  -0.000884
      691 0.000012   0.000873
       91 0.000012  -0.000870
      505 0.000012   0.000869
      676 0.000012   0.000868
      249 0.000012   0.000863
      450 0.000012  -0.000861
      813 0.000012   0.000856
      816 0.000012   0.000852
      420 0.000011   0.000848
      653 0.000011  -0.000847
      155 0.000011  -0.000846
      221 0.000011  -0.000846
     1040 0.000011  -0.000826
      868 0.000011   0.000820
       59 0.000011   0.000817
      762 0.000011  -0.000811
      559 0.000011   0.000809
       95 0.000011   0.000806
      634 0.000011  -0.000806
      401 0.000011  -0.000806
      732 0.000011   0.000805
      839 0.000011   0.000802
      487 0.000011  -0.000798
      673 0.000011   0.000794
      483 0.000011  -0.000785
      165 0.000010   0.000773
      461 0.000010   0.000770
      365 0.000010  -0.000758
      534 0.000010  -0.000757
       74 0.000010   0.000754
      144 0.000010  -0.000748
       49 0.000010   0.000746
      819 0.000010   0.000743
euclid. distance of OLC and linear combination of EV * x_coef: 0.007383994314319646

Generate samples based on objective loadcase 387
nr_to_generate: 25

Parameter variation distribution settings
distribution: uniform
low: 0.7
high: 1.3

Total process runtime: 0:00:01.329910
