Date and Time:2023-05-12 14:24:35.942198

Initial Settings:
similarity_model: <function cosine_similarity at 0x000001D005A6E5E0>
similarity_threshold: 1e-05
nr_eigv_to_select: None
distribution: uniform
deviation: 0.3
nr_to_generate: 25
recompute: False

Selected eigenvectors and similarity score w.r.t objective loadcase:
objective_loadcase_nr: 846
similarity_model: cosine_similarity
similarity_threshold: 1e-05
nr_eigv_to_select: None
nr_eigv_selected: 523
approximation parameter model: lstsq
similarity score and approx. param. value
:  eigv_idx    score      value
        3 0.584232  43.026044
        1 0.519440  38.254379
        2 0.508335 -37.436581
        0 0.358832  26.426352
        6 0.027562   2.029811
       39 0.026669   1.964015
        4 0.012439   0.916101
      639 0.003149   0.231929
      218 0.002418  -0.178049
      186 0.001961  -0.144397
      593 0.001948  -0.143433
      586 0.001828   0.134628
      612 0.001820  -0.134008
      710 0.001667  -0.122736
       68 0.001395  -0.102771
      187 0.001287  -0.094781
      716 0.001220   0.089818
      595 0.001196   0.088074
      618 0.001064   0.078335
      668 0.001049   0.077245
      663 0.001023  -0.075360
      626 0.001014   0.074666
      686 0.000951  -0.070065
      749 0.000874  -0.064350
      194 0.000866   0.063803
      388 0.000844  -0.062122
      688 0.000811  -0.059708
      143 0.000803   0.059114
      659 0.000762  -0.056141
      617 0.000739   0.054420
      599 0.000710   0.052253
      621 0.000684  -0.050371
      562 0.000676  -0.049816
      582 0.000670  -0.049379
      635 0.000657   0.048364
      670 0.000642   0.047315
      704 0.000632  -0.046559
      183 0.000597   0.043978
      578 0.000573   0.042173
      341 0.000567   0.041769
      718 0.000551  -0.040567
      733 0.000540   0.039794
      567 0.000533  -0.039248
      606 0.000519  -0.038216
      735 0.000513  -0.037775
      708 0.000510   0.037544
      253 0.000509  -0.037521
      577 0.000505  -0.037209
      579 0.000504   0.037093
      602 0.000488  -0.035913
      267 0.000482  -0.035527
      698 0.000465  -0.034274
      153 0.000455   0.033489
      220 0.000439  -0.032349
      696 0.000434  -0.031973
      666 0.000432  -0.031796
      709 0.000431  -0.031728
      575 0.000430   0.031685
      258 0.000417  -0.030705
      174 0.000413   0.030434
      620 0.000389  -0.028679
       69 0.000387   0.028522
      707 0.000382  -0.028133
      230 0.000382  -0.028106
      753 0.000377  -0.027751
      601 0.000373   0.027457
      641 0.000355  -0.026142
      700 0.000346   0.025503
      756 0.000339  -0.024989
      683 0.000338   0.024907
      848 0.000326  -0.024040
      210 0.000326  -0.024009
      227 0.000324   0.023831
      583 0.000321  -0.023671
      412 0.000321  -0.023639
      273 0.000315  -0.023216
      699 0.000313  -0.023073
       71 0.000307   0.022643
      419 0.000296  -0.021769
      853 0.000295  -0.021755
      793 0.000294  -0.021660
      403 0.000293   0.021558
      269 0.000290  -0.021329
      587 0.000280   0.020601
      362 0.000279  -0.020565
      383 0.000277   0.020389
      807 0.000276   0.020354
      631 0.000276  -0.020306
      263 0.000272  -0.020004
      239 0.000269   0.019838
      235 0.000269  -0.019823
      757 0.000269  -0.019783
      759 0.000265  -0.019534
      763 0.000262   0.019331
      726 0.000262  -0.019286
      243 0.000261   0.019235
       70 0.000253   0.018666
      741 0.000250   0.018404
      299 0.000243   0.017896
      739 0.000240  -0.017641
      182 0.000236  -0.017373
      750 0.000233   0.017127
      570 0.000231  -0.016990
      137 0.000226  -0.016679
      361 0.000221   0.016307
      206 0.000221   0.016306
      204 0.000213   0.015654
      787 0.000203   0.014986
      857 0.000201  -0.014795
      377 0.000201  -0.014788
      818 0.000198  -0.014611
      743 0.000190  -0.013990
      824 0.000189   0.013955
      301 0.000188  -0.013873
      199 0.000186  -0.013672
      855 0.000184  -0.013567
      658 0.000184   0.013521
      576 0.000183  -0.013445
      184 0.000181  -0.013332
      427 0.000179  -0.013200
      132 0.000179   0.013197
      742 0.000176  -0.012989
      580 0.000176  -0.012969
      400 0.000176  -0.012960
      312 0.000174  -0.012850
      247 0.000173   0.012734
      604 0.000173  -0.012706
      223 0.000171   0.012586
      373 0.000170  -0.012512
      564 0.000169  -0.012439
      591 0.000166   0.012236
      549 0.000165  -0.012154
      175 0.000165  -0.012137
      800 0.000164  -0.012058
      228 0.000162  -0.011945
      290 0.000162   0.011901
      795 0.000161   0.011887
      829 0.000160   0.011810
      332 0.000160  -0.011769
      711 0.000160   0.011754
      859 0.000160   0.011751
      553 0.000159  -0.011735
      392 0.000155   0.011400
      667 0.000151   0.011139
      784 0.000148  -0.010925
      574 0.000148  -0.010888
      337 0.000147  -0.010840
      369 0.000147   0.010821
      628 0.000146   0.010762
      770 0.000146   0.010737
      790 0.000144   0.010581
      778 0.000143  -0.010550
      275 0.000143  -0.010519
      775 0.000143   0.010498
      585 0.000142  -0.010481
      605 0.000141  -0.010375
      820 0.000140  -0.010337
      736 0.000139  -0.010248
      828 0.000138  -0.010177
      808 0.000133   0.009824
      616 0.000132  -0.009716
      941 0.000131  -0.009648
      665 0.000131  -0.009627
      277 0.000129   0.009486
      298 0.000127  -0.009316
      217 0.000125  -0.009170
      566 0.000120   0.008856
      179 0.000119   0.008752
      257 0.000118  -0.008696
      329 0.000117  -0.008606
      557 0.000117  -0.008582
      279 0.000116  -0.008523
      355 0.000115   0.008486
      423 0.000115  -0.008446
      645 0.000113   0.008354
      431 0.000113  -0.008343
      201 0.000113  -0.008294
      398 0.000109  -0.008025
      690 0.000107   0.007905
      295 0.000107  -0.007885
      864 0.000107   0.007846
      638 0.000106  -0.007820
      354 0.000106   0.007805
      380 0.000104   0.007685
       88 0.000104  -0.007628
      769 0.000102   0.007499
      687 0.000102   0.007494
      943 0.000101   0.007434
      600 0.000101  -0.007416
      294 0.000099  -0.007320
      684 0.000099  -0.007310
      799 0.000099  -0.007287
      255 0.000099  -0.007268
      697 0.000098   0.007187
      815 0.000097  -0.007180
      569 0.000097   0.007172
      353 0.000097  -0.007160
      171 0.000097  -0.007156
      285 0.000097   0.007142
      266 0.000096  -0.007105
      241 0.000096   0.007044
      744 0.000094  -0.006918
      734 0.000094  -0.006917
      728 0.000093  -0.006870
      782 0.000093  -0.006834
      271 0.000093   0.006832
      321 0.000092  -0.006791
      367 0.000092   0.006767
      908 0.000092  -0.006748
      436 0.000091   0.006684
      723 0.000091  -0.006667
      773 0.000090   0.006651
      884 0.000090  -0.006645
      356 0.000087  -0.006433
      251 0.000087  -0.006403
      581 0.000086  -0.006340
      611 0.000085  -0.006287
      325 0.000085  -0.006258
      292 0.000085  -0.006240
      594 0.000084  -0.006152
      847 0.000083   0.006137
      948 0.000082   0.006074
      261 0.000081  -0.005958
       93 0.000080  -0.005927
      762 0.000080  -0.005915
      880 0.000080   0.005897
      573 0.000079   0.005795
      974 0.000078   0.005779
      281 0.000078   0.005723
      234 0.000077   0.005685
      937 0.000077  -0.005678
      843 0.000077  -0.005646
      840 0.000076  -0.005624
      860 0.000076  -0.005589
      844 0.000075  -0.005501
      104 0.000074   0.005442
      552 0.000073  -0.005402
      823 0.000073   0.005386
      694 0.000073   0.005376
      342 0.000072   0.005311
      870 0.000072  -0.005305
      560 0.000072  -0.005266
      701 0.000071  -0.005259
      268 0.000069  -0.005046
      978 0.000068   0.005015
      629 0.000068  -0.005011
      589 0.000068  -0.005004
      289 0.000068   0.004999
      801 0.000068  -0.004991
      283 0.000068   0.004986
      826 0.000067  -0.004951
      654 0.000067   0.004904
      107 0.000066  -0.004885
      302 0.000065  -0.004819
      291 0.000064   0.004743
      572 0.000064  -0.004702
      390 0.000063   0.004665
      632 0.000063   0.004618
      319 0.000062   0.004603
      722 0.000060  -0.004452
      584 0.000060  -0.004401
      318 0.000059  -0.004373
      780 0.000058   0.004261
      590 0.000057  -0.004234
      789 0.000057   0.004216
      765 0.000057   0.004204
      138 0.000057  -0.004171
      539 0.000057   0.004170
     1095 0.000057  -0.004168
      596 0.000056  -0.004092
     1005 0.000056   0.004092
      428 0.000055   0.004087
      315 0.000055   0.004057
      386 0.000054   0.004009
      874 0.000054  -0.003993
      545 0.000054  -0.003978
      913 0.000053  -0.003940
      894 0.000053  -0.003923
      935 0.000053  -0.003909
      414 0.000053   0.003873
      792 0.000052   0.003817
      895 0.000051   0.003789
      425 0.000051   0.003739
      882 0.000051   0.003722
      957 0.000050   0.003717
      627 0.000050   0.003662
      262 0.000049  -0.003628
      323 0.000049  -0.003584
      308 0.000049  -0.003573
      528 0.000048   0.003539
      193 0.000048   0.003537
      830 0.000048   0.003526
      284 0.000048   0.003499
      322 0.000047  -0.003458
      805 0.000047  -0.003444
      313 0.000045  -0.003346
      831 0.000045   0.003332
      374 0.000045   0.003330
      561 0.000045   0.003278
      343 0.000044  -0.003265
      169 0.000044  -0.003219
      535 0.000043   0.003188
      833 0.000043  -0.003173
      988 0.000043  -0.003136
      841 0.000043   0.003133
      614 0.000042   0.003107
      413 0.000042  -0.003107
      942 0.000042   0.003094
      964 0.000042   0.003085
      394 0.000042   0.003082
      922 0.000042  -0.003082
      849 0.000041   0.003041
      244 0.000041  -0.003004
     1096 0.000040   0.002981
      821 0.000040  -0.002963
      971 0.000039  -0.002889
       91 0.000039  -0.002874
      842 0.000039  -0.002872
      643 0.000039  -0.002869
      950 0.000039  -0.002843
      406 0.000038  -0.002802
      727 0.000037  -0.002711
      278 0.000037   0.002704
      650 0.000037  -0.002695
      955 0.000036   0.002669
      286 0.000035   0.002545
      198 0.000034  -0.002519
      881 0.000034  -0.002511
      685 0.000034  -0.002491
      798 0.000034  -0.002490
      491 0.000034   0.002487
     1073 0.000034  -0.002481
      921 0.000034  -0.002473
      838 0.000033  -0.002435
      811 0.000033   0.002434
      904 0.000033   0.002410
      518 0.000032   0.002389
      364 0.000031  -0.002317
      983 0.000031   0.002287
      488 0.000031   0.002286
      532 0.000030   0.002232
      540 0.000030  -0.002224
      977 0.000030   0.002201
      791 0.000029   0.002122
      794 0.000029   0.002120
      810 0.000029   0.002115
      409 0.000028  -0.002083
      568 0.000028   0.002066
      448 0.000028   0.002056
      407 0.000028  -0.002025
      310 0.000027  -0.002024
      592 0.000027   0.001981
      410 0.000027  -0.001969
      835 0.000026  -0.001928
      713 0.000026   0.001928
      669 0.000026   0.001926
      597 0.000026  -0.001922
      475 0.000026  -0.001918
      636 0.000026  -0.001903
      933 0.000026   0.001896
      256 0.000026   0.001882
      524 0.000026  -0.001879
      927 0.000025  -0.001868
      445 0.000025  -0.001840
      254 0.000025  -0.001833
      161 0.000025   0.001833
      542 0.000025   0.001823
      879 0.000025  -0.001812
     1009 0.000025  -0.001806
      382 0.000024  -0.001799
      748 0.000024  -0.001798
      832 0.000024   0.001762
      333 0.000024  -0.001751
      680 0.000023   0.001727
      131 0.000023   0.001727
      856 0.000023   0.001697
      297 0.000023  -0.001684
      598 0.000023  -0.001665
     1010 0.000023   0.001664
      588 0.000022   0.001656
      928 0.000022  -0.001656
     1034 0.000022  -0.001653
      934 0.000022  -0.001647
      526 0.000022   0.001638
       63 0.000022  -0.001638
      530 0.000022   0.001625
      623 0.000022  -0.001624
      270 0.000022  -0.001614
      959 0.000022  -0.001612
     1032 0.000022   0.001603
      868 0.000021   0.001570
       48 0.000021  -0.001566
      839 0.000021   0.001561
      898 0.000021   0.001557
      238 0.000021  -0.001551
      424 0.000021  -0.001548
      677 0.000021   0.001546
      402 0.000021  -0.001531
      655 0.000021  -0.001528
       56 0.000021   0.001527
      764 0.000020  -0.001508
      649 0.000020  -0.001494
      916 0.000020  -0.001468
      837 0.000020  -0.001452
      259 0.000019   0.001419
      316 0.000019  -0.001419
      987 0.000019   0.001410
      876 0.000019  -0.001401
     1016 0.000019  -0.001399
      479 0.000019   0.001398
      384 0.000019  -0.001398
     1003 0.000019  -0.001398
      640 0.000019  -0.001386
      366 0.000019   0.001385
       50 0.000019   0.001383
       57 0.000019  -0.001381
      720 0.000019  -0.001371
      875 0.000019  -0.001370
       55 0.000018  -0.001358
      514 0.000018   0.001347
      610 0.000018  -0.001325
      248 0.000018   0.001317
      242 0.000018   0.001308
      432 0.000018   0.001299
      328 0.000018  -0.001293
       11 0.000017   0.001287
       12 0.000017  -0.001282
      324 0.000017  -0.001281
      691 0.000017   0.001256
     1001 0.000017  -0.001253
       54 0.000017  -0.001251
       47 0.000017   0.001242
      814 0.000017   0.001234
     1020 0.000017  -0.001233
      536 0.000017  -0.001231
      717 0.000017  -0.001221
      216 0.000017  -0.001216
      399 0.000016  -0.001210
      265 0.000016   0.001197
      637 0.000016  -0.001189
      463 0.000016  -0.001184
      225 0.000016   0.001178
      272 0.000016   0.001178
      455 0.000016  -0.001166
      437 0.000016   0.001166
      519 0.000016   0.001165
       73 0.000016  -0.001157
      609 0.000015   0.001134
      287 0.000015   0.001128
      502 0.000015   0.001126
      809 0.000015   0.001124
     1040 0.000015  -0.001121
      714 0.000015  -0.001121
      729 0.000015  -0.001112
      357 0.000015  -0.001109
      776 0.000015  -0.001103
       42 0.000015   0.001103
       23 0.000015   0.001102
      613 0.000015  -0.001101
      282 0.000015  -0.001087
      512 0.000015  -0.001085
      360 0.000015   0.001084
      903 0.000015   0.001082
      317 0.000015   0.001080
      209 0.000015   0.001068
      215 0.000014  -0.001064
       53 0.000014  -0.001062
      264 0.000014   0.001062
      984 0.000014  -0.001047
       28 0.000014   0.001041
      899 0.000014  -0.001012
      405 0.000014   0.001011
      226 0.000014   0.001009
      458 0.000014   0.000997
       17 0.000014   0.000995
     1025 0.000013   0.000992
      902 0.000013  -0.000984
      949 0.000013   0.000976
       78 0.000013  -0.000960
      489 0.000013   0.000951
       49 0.000013  -0.000948
      603 0.000013   0.000947
       46 0.000013  -0.000946
      804 0.000013   0.000945
      214 0.000013   0.000939
       62 0.000013   0.000937
      907 0.000013   0.000937
      738 0.000013  -0.000928
      732 0.000012   0.000918
      648 0.000012  -0.000915
      646 0.000012   0.000908
      625 0.000012  -0.000902
       83 0.000012  -0.000902
     1017 0.000012   0.000899
       60 0.000012   0.000888
      450 0.000012  -0.000866
      746 0.000012   0.000854
      188 0.000012  -0.000853
      760 0.000012  -0.000850
      309 0.000011  -0.000845
      397 0.000011  -0.000839
       66 0.000011  -0.000836
       40 0.000011   0.000834
      803 0.000011   0.000817
      304 0.000011   0.000816
      740 0.000011   0.000808
      505 0.000011   0.000808
       34 0.000011   0.000802
      330 0.000011  -0.000799
      452 0.000011  -0.000795
       25 0.000011  -0.000789
      858 0.000011  -0.000787
      487 0.000010  -0.000772
       76 0.000010  -0.000772
      671 0.000010   0.000760
      288 0.000010  -0.000756
      483 0.000010  -0.000749
      634 0.000010  -0.000748
      852 0.000010  -0.000748
      335 0.000010  -0.000748
      260 0.000010  -0.000741
      724 0.000010  -0.000738
     1061 0.000010  -0.000737
euclid. distance of OLC and linear combination of EV * x_coef: 0.0072915804539284024

Generate samples based on objective loadcase 846
nr_to_generate: 25

Parameter variation distribution settings
distribution: uniform
low: 0.7
high: 1.3

Total process runtime: 0:00:01.322351
