Date and Time:2023-05-12 14:18:10.158073

Initial Settings:
similarity_model: <function cosine_similarity at 0x000001D005A6E5E0>
similarity_threshold: 1e-05
nr_eigv_to_select: None
distribution: uniform
deviation: 0.3
nr_to_generate: 25
recompute: False

Selected eigenvectors and similarity score w.r.t objective loadcase:
objective_loadcase_nr: 558
similarity_model: cosine_similarity
similarity_threshold: 1e-05
nr_eigv_to_select: None
nr_eigv_selected: 469
approximation parameter model: lstsq
similarity score and approx. param. value
:  eigv_idx    score      value
        3 0.592857  36.622202
        2 0.516214 -31.887797
        1 0.509277  31.459290
        0 0.347935  21.492798
       39 0.028324   1.749626
        6 0.024124   1.490215
        4 0.013015   0.803992
      639 0.003302   0.203970
      218 0.002501  -0.154465
      593 0.002041  -0.126098
      586 0.001918   0.118505
      612 0.001907  -0.117816
      186 0.001810  -0.111797
       68 0.001675  -0.103450
      710 0.001573  -0.097146
      595 0.001251   0.077267
      187 0.001196  -0.073900
      716 0.001096   0.067726
      626 0.001071   0.066133
      663 0.001066  -0.065821
      143 0.001042   0.064337
      618 0.000995   0.061452
      668 0.000979   0.060456
      686 0.000904  -0.055845
      388 0.000886  -0.054734
      749 0.000871  -0.053789
      194 0.000797   0.049243
      688 0.000773  -0.047748
      599 0.000748   0.046206
      659 0.000715  -0.044193
      621 0.000710  -0.043828
      562 0.000703  -0.043429
      582 0.000693  -0.042787
      617 0.000691   0.042666
      635 0.000681   0.042057
      670 0.000674   0.041648
      704 0.000650  -0.040132
      578 0.000622   0.038435
      183 0.000598   0.036941
      341 0.000592   0.036541
      733 0.000568   0.035091
      718 0.000566  -0.034965
      567 0.000562  -0.034731
      606 0.000553  -0.034171
      577 0.000550  -0.033987
      602 0.000533  -0.032936
      735 0.000503  -0.031046
      267 0.000489  -0.030214
      708 0.000478   0.029527
      579 0.000475   0.029319
      698 0.000473  -0.029204
      220 0.000466  -0.028816
      696 0.000454  -0.028017
      258 0.000448  -0.027647
      253 0.000446  -0.027564
      620 0.000435  -0.026852
      153 0.000430   0.026534
      575 0.000429   0.026473
      666 0.000419  -0.025881
      753 0.000410  -0.025355
      709 0.000401  -0.024787
      174 0.000395   0.024420
       69 0.000390   0.024078
      641 0.000378  -0.023356
      601 0.000376   0.023256
      707 0.000376  -0.023240
      230 0.000370  -0.022828
      848 0.000358  -0.022121
      683 0.000348   0.021509
      227 0.000346   0.021380
      412 0.000344  -0.021251
      137 0.000343  -0.021214
      583 0.000343  -0.021166
      273 0.000330  -0.020371
      699 0.000326  -0.020165
      756 0.000323  -0.019976
      759 0.000320  -0.019775
      419 0.000313  -0.019342
      793 0.000310  -0.019176
       70 0.000309   0.019088
      763 0.000307   0.018941
      700 0.000304   0.018777
      243 0.000300   0.018550
      807 0.000298   0.018403
      383 0.000295   0.018239
      269 0.000295  -0.018216
       71 0.000294   0.018177
      587 0.000292   0.018060
      403 0.000291   0.018003
      853 0.000290  -0.017925
      210 0.000290  -0.017900
      235 0.000279  -0.017257
      631 0.000276  -0.017052
      182 0.000269  -0.016647
      362 0.000261  -0.016119
      757 0.000260  -0.016081
      570 0.000259  -0.015986
      263 0.000257  -0.015882
      239 0.000257   0.015847
      741 0.000255   0.015723
      299 0.000252   0.015548
      184 0.000251  -0.015506
      726 0.000247  -0.015265
      739 0.000237  -0.014669
      206 0.000234   0.014430
      750 0.000231   0.014246
      204 0.000226   0.013941
      132 0.000221   0.013654
      228 0.000219  -0.013544
      743 0.000219  -0.013542
      377 0.000206  -0.012756
      787 0.000203   0.012556
      818 0.000201  -0.012390
      549 0.000199  -0.012271
      742 0.000199  -0.012268
      301 0.000197  -0.012179
      857 0.000194  -0.011984
      427 0.000193  -0.011923
      361 0.000193   0.011903
      369 0.000190   0.011758
      312 0.000188  -0.011639
      247 0.000186   0.011466
      564 0.000185  -0.011430
      223 0.000184   0.011393
      199 0.000183  -0.011326
      824 0.000180   0.011101
      392 0.000180   0.011097
      337 0.000180  -0.011090
      795 0.000177   0.010941
      576 0.000177  -0.010937
      373 0.000174  -0.010762
      591 0.000174   0.010719
      855 0.000173  -0.010671
      800 0.000172  -0.010648
      604 0.000169  -0.010425
      553 0.000165  -0.010190
      400 0.000165  -0.010184
      290 0.000165   0.010178
      778 0.000163  -0.010099
      775 0.000162   0.010036
      332 0.000160  -0.009888
      658 0.000158   0.009752
      665 0.000158  -0.009743
      275 0.000157  -0.009713
      580 0.000156  -0.009667
      175 0.000156  -0.009645
      859 0.000155   0.009564
      829 0.000152   0.009397
      784 0.000149  -0.009203
      770 0.000146   0.009005
      667 0.000143   0.008843
      585 0.000143  -0.008826
      828 0.000142  -0.008771
      711 0.000140   0.008655
      820 0.000137  -0.008470
      277 0.000137   0.008440
      241 0.000136   0.008399
      628 0.000135   0.008357
      790 0.000135   0.008328
      605 0.000134  -0.008286
      941 0.000133  -0.008237
      356 0.000132  -0.008157
      179 0.000130   0.008037
      574 0.000128  -0.007920
      762 0.000128  -0.007896
      687 0.000128   0.007891
      279 0.000127  -0.007871
      736 0.000125  -0.007738
      616 0.000124  -0.007670
      423 0.000122  -0.007521
      431 0.000122  -0.007512
      298 0.000121  -0.007482
      354 0.000121   0.007470
      201 0.000119  -0.007378
      769 0.000118   0.007302
      171 0.000118  -0.007265
      380 0.000117   0.007243
      808 0.000115   0.007112
      255 0.000114  -0.007014
      557 0.000113  -0.006951
      697 0.000112   0.006916
      329 0.000111  -0.006859
      744 0.000111  -0.006835
      398 0.000109  -0.006711
      271 0.000109   0.006704
      773 0.000107   0.006604
      864 0.000104   0.006443
      251 0.000104  -0.006432
      728 0.000102  -0.006323
      295 0.000101  -0.006251
      943 0.000099   0.006130
      321 0.000098  -0.006084
      257 0.000098  -0.006084
      566 0.000098   0.006064
      234 0.000098   0.006037
      799 0.000097  -0.006020
      217 0.000097  -0.005963
       88 0.000096  -0.005936
      294 0.000096  -0.005910
      908 0.000095  -0.005861
      638 0.000094  -0.005803
      690 0.000093   0.005747
      645 0.000093   0.005739
      815 0.000092  -0.005710
      353 0.000092  -0.005677
      629 0.000091  -0.005644
      884 0.000091  -0.005599
      600 0.000091  -0.005591
      801 0.000089  -0.005517
      782 0.000088  -0.005408
       93 0.000087  -0.005355
      611 0.000086  -0.005311
      436 0.000086   0.005287
      948 0.000085   0.005254
      684 0.000084  -0.005210
      107 0.000084  -0.005207
      325 0.000083  -0.005131
      880 0.000082   0.005038
      974 0.000081   0.004974
      569 0.000080   0.004972
      937 0.000080  -0.004947
      573 0.000079   0.004885
      840 0.000079  -0.004879
      355 0.000078   0.004842
      847 0.000078   0.004799
      844 0.000077  -0.004760
      860 0.000077  -0.004759
      734 0.000077  -0.004733
      843 0.000076  -0.004712
      589 0.000076  -0.004691
      285 0.000075   0.004646
      581 0.000075  -0.004637
      262 0.000074  -0.004579
      792 0.000074   0.004554
      281 0.000074   0.004550
      292 0.000073  -0.004536
      594 0.000073  -0.004516
      308 0.000073  -0.004491
      319 0.000071   0.004381
      694 0.000071   0.004373
      870 0.000070  -0.004313
      978 0.000070   0.004299
      614 0.000069   0.004284
      654 0.000069   0.004266
      561 0.000069   0.004236
      289 0.000068   0.004184
      283 0.000068   0.004180
      266 0.000067  -0.004168
      826 0.000067  -0.004161
      722 0.000066  -0.004100
      367 0.000066   0.004080
      823 0.000066   0.004062
      138 0.000065  -0.004009
      261 0.000065  -0.004009
      343 0.000065  -0.004003
      627 0.000063   0.003894
       91 0.000063  -0.003885
      104 0.000062   0.003825
      572 0.000061  -0.003772
      302 0.000061  -0.003765
      765 0.000061   0.003756
      780 0.000061   0.003753
      291 0.000060   0.003735
      748 0.000060  -0.003688
      198 0.000060  -0.003679
      539 0.000059   0.003674
      723 0.000059  -0.003650
      342 0.000059   0.003649
      413 0.000059  -0.003648
      632 0.000059   0.003621
     1005 0.000057   0.003526
     1095 0.000057  -0.003518
      894 0.000056  -0.003465
      913 0.000056  -0.003438
      315 0.000056   0.003431
      560 0.000055  -0.003422
      590 0.000055  -0.003380
      895 0.000054   0.003353
      874 0.000054  -0.003341
      386 0.000054   0.003326
      545 0.000053  -0.003267
      425 0.000053   0.003265
      882 0.000053   0.003256
      323 0.000052  -0.003234
      428 0.000052   0.003219
      268 0.000052  -0.003199
      528 0.000051   0.003146
      650 0.000051  -0.003124
      935 0.000050  -0.003116
      957 0.000050   0.003107
      278 0.000050   0.003100
      596 0.000050  -0.003090
      831 0.000049   0.003055
      414 0.000049   0.003020
      841 0.000049   0.003005
      161 0.000049   0.003003
      798 0.000048  -0.002938
      584 0.000047  -0.002926
      244 0.000047  -0.002914
      535 0.000046   0.002857
      552 0.000046  -0.002817
      964 0.000045   0.002773
      988 0.000044  -0.002713
      701 0.000044  -0.002700
      833 0.000044  -0.002694
      821 0.000043  -0.002668
      322 0.000043  -0.002667
      922 0.000043  -0.002654
      852 0.000043   0.002626
      904 0.000043   0.002626
      318 0.000042  -0.002620
      169 0.000042  -0.002615
     1096 0.000042   0.002600
      842 0.000042  -0.002568
      608 0.000041  -0.002538
      942 0.000040   0.002488
      364 0.000040   0.002479
      950 0.000040  -0.002448
      390 0.000038   0.002367
      971 0.000038  -0.002346
      649 0.000038  -0.002340
      830 0.000038   0.002335
      407 0.000037  -0.002316
      193 0.000037   0.002292
      955 0.000037   0.002257
      236 0.000036   0.002250
      881 0.000036  -0.002229
     1073 0.000035  -0.002188
      313 0.000035  -0.002185
      518 0.000035   0.002163
      491 0.000035   0.002148
      286 0.000034   0.002071
      835 0.000033  -0.002047
      394 0.000033   0.002045
      832 0.000032   0.001998
      921 0.000032  -0.001975
      532 0.000032   0.001955
      838 0.000031  -0.001936
      983 0.000031   0.001913
      488 0.000031   0.001913
      297 0.000031  -0.001896
      374 0.000031   0.001894
      131 0.000030   0.001870
      597 0.000030  -0.001832
      409 0.000029  -0.001811
      540 0.000029  -0.001801
      445 0.000029  -0.001800
      977 0.000029   0.001783
      636 0.000028  -0.001727
      410 0.000028  -0.001720
      789 0.000027   0.001694
      310 0.000027  -0.001684
      879 0.000027  -0.001664
      933 0.000027   0.001652
      222 0.000027  -0.001639
      475 0.000026  -0.001625
      448 0.000026   0.001621
      524 0.000026  -0.001620
      794 0.000026   0.001617
      359 0.000026  -0.001612
      740 0.000025   0.001572
      646 0.000025   0.001556
      938 0.000025   0.001536
      779 0.000025  -0.001529
     1009 0.000024  -0.001504
      592 0.000024   0.001504
      677 0.000024   0.001503
      927 0.000024  -0.001501
     1034 0.000024  -0.001497
      226 0.000024  -0.001479
      526 0.000024   0.001478
      727 0.000024  -0.001464
      225 0.000024  -0.001463
      755 0.000023  -0.001451
      249 0.000023   0.001448
     1010 0.000023   0.001436
      959 0.000023  -0.001435
      868 0.000023   0.001425
      928 0.000023  -0.001416
      804 0.000022  -0.001383
      856 0.000022   0.001372
     1032 0.000022   0.001354
      424 0.000022  -0.001339
      934 0.000021  -0.001328
      148 0.000021   0.001328
      542 0.000021   0.001315
      406 0.000021   0.001310
      809 0.000021   0.001289
      530 0.000021   0.001278
      805 0.000021  -0.001277
      346 0.000020   0.001258
      366 0.000020   0.001253
      898 0.000020   0.001229
      849 0.000020  -0.001228
      987 0.000020   0.001212
     1016 0.000019  -0.001204
      360 0.000019  -0.001177
      479 0.000019   0.001168
      514 0.000019   0.001168
      803 0.000019   0.001165
      357 0.000019   0.001155
      916 0.000019  -0.001153
      811 0.000019   0.001150
     1003 0.000018  -0.001140
     1020 0.000018  -0.001117
      402 0.000018   0.001103
      437 0.000018   0.001082
      802 0.000017   0.001072
      702 0.000017  -0.001071
      240 0.000017   0.001063
     1001 0.000017  -0.001063
      328 0.000017  -0.001060
      598 0.000017   0.001047
      455 0.000017  -0.001031
      536 0.000017  -0.001030
      463 0.000017  -0.001028
      685 0.000017  -0.001026
      764 0.000016  -0.001005
      903 0.000016   0.000989
      237 0.000016  -0.000966
      432 0.000016   0.000961
     1040 0.000015  -0.000954
      502 0.000015   0.000953
      512 0.000015  -0.000932
      519 0.000015   0.000931
      984 0.000015  -0.000921
      568 0.000015  -0.000920
      899 0.000015   0.000920
      397 0.000015  -0.000901
      320 0.000014  -0.000895
      949 0.000014   0.000891
      714 0.000014  -0.000886
      776 0.000014  -0.000875
       98 0.000014  -0.000860
      732 0.000014   0.000855
      232 0.000013  -0.000823
      662 0.000013  -0.000821
     1025 0.000013   0.000820
      324 0.000013  -0.000803
      966 0.000013   0.000801
      746 0.000013  -0.000798
      489 0.000013   0.000797
      810 0.000013   0.000792
      450 0.000013  -0.000789
      675 0.000013   0.000787
      505 0.000013   0.000782
      248 0.000013  -0.000779
      296 0.000013   0.000776
      458 0.000013   0.000772
      256 0.000012  -0.000771
     1017 0.000012   0.000769
      643 0.000012  -0.000769
      640 0.000012  -0.000766
      609 0.000012  -0.000760
      994 0.000012  -0.000725
      478 0.000012   0.000725
       45 0.000011  -0.000705
      729 0.000011   0.000703
      902 0.000011   0.000702
      760 0.000011  -0.000675
      772 0.000011  -0.000660
      625 0.000011   0.000658
      316 0.000011  -0.000654
      656 0.000011  -0.000653
      747 0.000010  -0.000645
      487 0.000010  -0.000631
      335 0.000010   0.000627
       51 0.000010   0.000624
     1015 0.000010  -0.000623
euclid. distance of OLC and linear combination of EV * x_coef: 0.0055995566645534785

Generate samples based on objective loadcase 558
nr_to_generate: 25

Parameter variation distribution settings
distribution: uniform
low: 0.7
high: 1.3

Total process runtime: 0:00:01.242218
