Date and Time:2023-05-12 14:13:18.170386

Initial Settings:
similarity_model: <function cosine_similarity at 0x000001D005A6E5E0>
similarity_threshold: 1e-05
nr_eigv_to_select: None
distribution: uniform
deviation: 0.3
nr_to_generate: 25
recompute: False

Selected eigenvectors and similarity score w.r.t objective loadcase:
objective_loadcase_nr: 338
similarity_model: cosine_similarity
similarity_threshold: 1e-05
nr_eigv_to_select: None
nr_eigv_selected: 500
approximation parameter model: lstsq
similarity score and approx. param. value
:  eigv_idx    score      value
        1 0.567486  84.664565
        3 0.518070  77.291949
        2 0.484120 -72.226887
        0 0.412853  61.594519
        6 0.066241   9.882667
       39 0.011710   1.746972
        4 0.009350   1.394885
       68 0.005845  -0.871992
      639 0.004029   0.601152
       71 0.002670  -0.398300
      186 0.002505  -0.373707
       69 0.002224  -0.331833
      612 0.002174  -0.324330
      593 0.002010  -0.299857
      586 0.001825   0.272276
      618 0.001781   0.265738
      716 0.001724   0.257198
      663 0.001707  -0.254737
      187 0.001625  -0.242394
      668 0.001546   0.230640
      710 0.001434  -0.213987
      182 0.001379  -0.205747
      218 0.001297  -0.193462
      194 0.001180   0.176037
      659 0.001170  -0.174623
      595 0.001131   0.168759
      617 0.001043   0.155646
      700 0.000973   0.145102
       70 0.000965   0.143961
      184 0.000947  -0.141331
      686 0.000889  -0.132602
      683 0.000888   0.132445
      388 0.000880  -0.131287
      579 0.000852   0.127050
      599 0.000828   0.123501
      635 0.000817   0.121944
      143 0.000797   0.118939
      688 0.000785  -0.117069
      562 0.000781  -0.116459
      582 0.000773  -0.115294
      670 0.000754   0.112529
      626 0.000735   0.109601
      578 0.000721   0.107618
      228 0.000719  -0.107247
      183 0.000695   0.103715
      698 0.000689  -0.102857
      733 0.000662   0.098776
      666 0.000628  -0.093716
      621 0.000618  -0.092264
      749 0.000599  -0.089374
      253 0.000581  -0.086631
      602 0.000552  -0.082395
      179 0.000540   0.080634
      718 0.000526  -0.078531
      341 0.000524   0.078141
      171 0.000491  -0.073310
      699 0.000482  -0.071919
      174 0.000462   0.068898
      641 0.000455  -0.067901
      708 0.000455   0.067820
      210 0.000452  -0.067368
      735 0.000451  -0.067348
      362 0.000418  -0.062347
      704 0.000411  -0.061285
      583 0.000409  -0.061034
      567 0.000401  -0.059796
      153 0.000401   0.059777
      606 0.000386  -0.057626
      575 0.000384   0.057297
      604 0.000378  -0.056440
      137 0.000376  -0.056155
      620 0.000373  -0.055667
      709 0.000365  -0.054413
      628 0.000361   0.053849
      204 0.000360   0.053653
      577 0.000359  -0.053512
      631 0.000345  -0.051535
      576 0.000343  -0.051237
      220 0.000339  -0.050589
      254 0.000321   0.047861
      759 0.000318   0.047400
      243 0.000310   0.046280
      267 0.000309  -0.046119
      403 0.000309   0.046033
      757 0.000308  -0.045964
      756 0.000308  -0.045926
      848 0.000305  -0.045478
      573 0.000305   0.045445
      161 0.000303   0.045185
      148 0.000302   0.045075
      419 0.000302  -0.045053
      199 0.000300  -0.044692
      236 0.000292   0.043633
      400 0.000292  -0.043494
      601 0.000290   0.043340
      271 0.000290   0.043280
      807 0.000281   0.041891
      707 0.000280  -0.041775
      412 0.000277  -0.041275
      815 0.000273  -0.040708
      640 0.000272  -0.040552
      587 0.000262   0.039082
       91 0.000262  -0.039024
      787 0.000261   0.038945
      132 0.000261   0.038904
      383 0.000260   0.038794
      138 0.000243   0.036195
      377 0.000240  -0.035736
      658 0.000239   0.035711
      277 0.000238   0.035582
      580 0.000237  -0.035286
      665 0.000228  -0.033996
      570 0.000225  -0.033534
      234 0.000223   0.033218
      941 0.000218  -0.032459
      564 0.000216  -0.032270
      741 0.000207   0.030939
      798 0.000203   0.030219
      853 0.000201  -0.029951
      687 0.000199   0.029668
      356 0.000198  -0.029600
      566 0.000196   0.029268
      739 0.000192  -0.028587
      557 0.000191  -0.028481
      255 0.000190  -0.028345
      217 0.000188  -0.028004
      667 0.000188   0.027977
      175 0.000186  -0.027733
      753 0.000178  -0.026553
      828 0.000178  -0.026486
      763 0.000176  -0.026276
      380 0.000176   0.026247
      258 0.000169  -0.025184
      301 0.000167  -0.024848
      800 0.000166  -0.024821
      427 0.000166  -0.024770
      257 0.000165  -0.024626
      107 0.000160  -0.023855
      249 0.000159  -0.023757
      398 0.000158  -0.023598
      353 0.000158  -0.023562
      762 0.000158   0.023548
      711 0.000157   0.023402
      690 0.000156   0.023297
      574 0.000156  -0.023245
      629 0.000155  -0.023076
      820 0.000152  -0.022653
      847 0.000152   0.022636
      750 0.000151   0.022596
      790 0.000150   0.022375
      857 0.000148  -0.022069
      436 0.000147   0.021880
      645 0.000146   0.021746
      740 0.000144  -0.021458
      784 0.000143  -0.021333
      295 0.000142  -0.021257
      908 0.000141  -0.021041
      193 0.000141  -0.021026
      222 0.000141  -0.021005
      743 0.000139  -0.020792
      585 0.000139  -0.020743
      552 0.000139  -0.020686
      369 0.000138   0.020565
      361 0.000138   0.020528
      247 0.000138   0.020520
      974 0.000134   0.020065
      549 0.000133  -0.019782
      281 0.000132   0.019683
      697 0.000131   0.019594
      600 0.000131  -0.019550
      801 0.000131  -0.019521
      367 0.000130   0.019432
      273 0.000130  -0.019327
      581 0.000126  -0.018857
      803 0.000126   0.018725
      209 0.000125  -0.018588
      354 0.000125   0.018579
      294 0.000124  -0.018561
      394 0.000123   0.018318
      638 0.000123  -0.018309
      355 0.000123   0.018295
      241 0.000122   0.018240
      605 0.000122  -0.018159
      882 0.000120   0.017893
      299 0.000120   0.017851
      859 0.000120   0.017845
      308 0.000119  -0.017772
      373 0.000117  -0.017512
      423 0.000117  -0.017511
      832 0.000116   0.017288
      594 0.000116  -0.017281
      266 0.000116  -0.017279
      808 0.000115   0.017199
      431 0.000114  -0.016975
      840 0.000114  -0.016972
      386 0.000112   0.016728
      696 0.000111  -0.016567
      291 0.000111   0.016492
      736 0.000110  -0.016440
      855 0.000109  -0.016213
      802 0.000106   0.015855
      597 0.000105  -0.015707
      292 0.000105  -0.015674
      584 0.000104  -0.015556
      844 0.000104  -0.015454
      684 0.000103  -0.015301
      302 0.000102  -0.015170
      818 0.000100  -0.014884
     1095 0.000099  -0.014842
      805 0.000099  -0.014737
      553 0.000098  -0.014655
      611 0.000098  -0.014575
      230 0.000098   0.014565
      572 0.000097  -0.014546
      374 0.000097   0.014519
      561 0.000097   0.014506
      343 0.000097  -0.014443
      632 0.000096   0.014319
      313 0.000095  -0.014104
      829 0.000094   0.014002
      955 0.000094   0.013974
      799 0.000094  -0.013965
      262 0.000092  -0.013772
      776 0.000092  -0.013745
      261 0.000092  -0.013698
      701 0.000091  -0.013630
      428 0.000091   0.013549
      795 0.000091   0.013544
       88 0.000090   0.013467
      603 0.000089  -0.013283
      232 0.000088  -0.013126
      723 0.000088  -0.013057
      227 0.000087  -0.012977
      414 0.000087   0.012947
      793 0.000086  -0.012825
      863 0.000085  -0.012749
      780 0.000085  -0.012744
      390 0.000085   0.012737
      726 0.000084  -0.012527
      748 0.000082  -0.012236
      734 0.000081  -0.012099
      560 0.000081  -0.012056
       93 0.000080   0.011948
      392 0.000079   0.011723
      413 0.000078   0.011606
      826 0.000077  -0.011523
     1005 0.000077   0.011511
      913 0.000077  -0.011437
      742 0.000076  -0.011390
      131 0.000076  -0.011349
      879 0.000076  -0.011330
      922 0.000074  -0.011107
      569 0.000074   0.011079
      824 0.000073   0.010947
      596 0.000073  -0.010878
      891 0.000073  -0.010846
      545 0.000072  -0.010669
      744 0.000068  -0.010213
      937 0.000068  -0.010162
      251 0.000068  -0.010121
      978 0.000068   0.010090
      312 0.000066  -0.009865
      654 0.000066   0.009826
      728 0.000065  -0.009757
      722 0.000065  -0.009702
      539 0.000065   0.009679
      268 0.000065  -0.009671
      198 0.000064   0.009505
      843 0.000064  -0.009499
      269 0.000063  -0.009446
      407 0.000063  -0.009431
      425 0.000062   0.009267
      858 0.000061  -0.009106
      789 0.000061   0.009101
      895 0.000059   0.008843
      831 0.000057   0.008550
      867 0.000057   0.008549
      224 0.000057  -0.008540
      322 0.000057  -0.008529
      542 0.000056   0.008298
      364 0.000053   0.007921
      540 0.000053  -0.007843
      614 0.000052   0.007741
      528 0.000050   0.007489
      987 0.000050   0.007419
      285 0.000049  -0.007357
      782 0.000049  -0.007355
      409 0.000049  -0.007305
      627 0.000048   0.007232
      775 0.000048  -0.007217
      821 0.000047  -0.007078
      769 0.000047  -0.007076
      928 0.000047  -0.007064
      870 0.000047  -0.007051
      778 0.000047  -0.006989
      325 0.000046  -0.006883
      765 0.000046   0.006871
      397 0.000046  -0.006796
      773 0.000045   0.006788
      448 0.000045   0.006658
      275 0.000044  -0.006534
      359 0.000043  -0.006418
      881 0.000043  -0.006363
      216 0.000043  -0.006342
      333 0.000042  -0.006314
      965 0.000042  -0.006304
      297 0.000042  -0.006282
      298 0.000042  -0.006241
      993 0.000041   0.006172
     1001 0.000041  -0.006159
      589 0.000041  -0.006145
      289 0.000040   0.005996
      334 0.000040   0.005929
      874 0.000040  -0.005911
      263 0.000040  -0.005902
      864 0.000038   0.005725
      948 0.000038   0.005669
      406 0.000038  -0.005649
     1025 0.000038   0.005599
      245 0.000038  -0.005598
      530 0.000037   0.005545
      535 0.000037   0.005539
      320 0.000037   0.005513
      592 0.000037  -0.005490
      680 0.000037   0.005486
      214 0.000037   0.005473
      933 0.000036   0.005427
      591 0.000036   0.005387
      677 0.000036   0.005362
      226 0.000036  -0.005335
      310 0.000036  -0.005300
      950 0.000035  -0.005278
      770 0.000035   0.005257
      235 0.000035  -0.005210
      335 0.000035  -0.005190
      402 0.000034  -0.005129
      518 0.000034   0.005116
      410 0.000034  -0.005114
      432 0.000034   0.005065
      636 0.000034  -0.005064
      643 0.000034  -0.005001
      610 0.000033  -0.004993
      491 0.000033   0.004985
      225 0.000033  -0.004930
      608 0.000033  -0.004876
      488 0.000032   0.004823
      904 0.000032   0.004796
      279 0.000032  -0.004761
      350 0.000032  -0.004749
      290 0.000032  -0.004748
     1032 0.000032   0.004732
      360 0.000032  -0.004731
      357 0.000031   0.004676
      852 0.000031  -0.004672
      475 0.000031  -0.004668
     1017 0.000031   0.004644
      814 0.000031   0.004628
      323 0.000031  -0.004610
      900 0.000031  -0.004606
      532 0.000030   0.004540
      860 0.000030  -0.004453
      838 0.000029   0.004322
      215 0.000029  -0.004279
      524 0.000028  -0.004223
      264 0.000028  -0.004221
      420 0.000028   0.004203
      823 0.000028   0.004155
      538 0.000028   0.004150
      319 0.000028   0.004104
      276 0.000027   0.004021
      917 0.000026   0.003946
      445 0.000026  -0.003843
      424 0.000026  -0.003825
      938 0.000026   0.003806
      104 0.000026  -0.003805
      942 0.000025   0.003802
      239 0.000025  -0.003701
      894 0.000025  -0.003689
      296 0.000025  -0.003684
      347 0.000025  -0.003679
      519 0.000025   0.003670
      213 0.000024   0.003631
      283 0.000024  -0.003576
      650 0.000024  -0.003568
      502 0.000024   0.003539
      328 0.000023  -0.003442
      842 0.000023  -0.003409
      590 0.000023  -0.003407
      536 0.000023  -0.003406
      880 0.000023   0.003389
      278 0.000023  -0.003359
      616 0.000022  -0.003328
      868 0.000022  -0.003318
      324 0.000022  -0.003311
      329 0.000022  -0.003304
      489 0.000022   0.003293
     1034 0.000022  -0.003277
      169 0.000022  -0.003275
      779 0.000022   0.003266
      206 0.000022   0.003251
      455 0.000021  -0.003204
      714 0.000021  -0.003156
      399 0.000021  -0.003137
       66 0.000021  -0.003133
      685 0.000021  -0.003125
      512 0.000021  -0.003100
     1052 0.000021   0.003098
      884 0.000021  -0.003064
      681 0.000020  -0.003048
      479 0.000020   0.003031
      505 0.000020   0.003016
      662 0.000020  -0.003004
      949 0.000020   0.002994
      837 0.000020  -0.002965
      458 0.000020   0.002941
      201 0.000019   0.002896
      792 0.000019   0.002885
      452 0.000019  -0.002871
      221 0.000019   0.002843
      259 0.000019  -0.002839
      463 0.000019  -0.002783
      233 0.000018   0.002681
      543 0.000018  -0.002679
      191 0.000018   0.002637
      229 0.000017   0.002547
      437 0.000017   0.002528
      321 0.000017   0.002501
      526 0.000016   0.002423
      514 0.000016   0.002410
      849 0.000016   0.002394
      732 0.000016   0.002380
      534 0.000016  -0.002368
      483 0.000016  -0.002355
      382 0.000016   0.002353
      903 0.000016  -0.002323
      888 0.000016   0.002323
      351 0.000015  -0.002292
      192 0.000015  -0.002244
      619 0.000015   0.002190
      841 0.000014  -0.002135
      450 0.000014  -0.002109
     1047 0.000014   0.002060
      984 0.000014   0.002049
      248 0.000014  -0.002027
      816 0.000013   0.002012
      287 0.000013  -0.002009
      856 0.000013   0.001999
      346 0.000013   0.001990
      833 0.000013   0.001975
      669 0.000013   0.001966
      907 0.000013   0.001957
      286 0.000013   0.001956
      959 0.000013   0.001956
      588 0.000013   0.001952
      804 0.000013  -0.001936
      462 0.000013   0.001927
      348 0.000013  -0.001921
      242 0.000013   0.001920
      317 0.000013  -0.001908
      363 0.000012   0.001846
      293 0.000012   0.001819
      883 0.000012   0.001819
      760 0.000012   0.001802
      196 0.000012   0.001786
      473 0.000012  -0.001767
      634 0.000012  -0.001761
      330 0.000012  -0.001740
      875 0.000012  -0.001740
      705 0.000012  -0.001738
      197 0.000012  -0.001733
      625 0.000012   0.001733
      272 0.000012   0.001728
      796 0.000012   0.001722
     1074 0.000011   0.001705
      316 0.000011   0.001700
      237 0.000011   0.001693
      284 0.000011  -0.001691
      318 0.000011   0.001671
      307 0.000011  -0.001669
      405 0.000011   0.001656
      178 0.000011  -0.001643
      755 0.000011  -0.001621
      440 0.000011  -0.001618
      887 0.000011   0.001614
      305 0.000011   0.001610
      487 0.000011  -0.001602
      713 0.000011   0.001592
      238 0.000011   0.001585
       14 0.000010  -0.001556
      274 0.000010  -0.001555
      764 0.000010   0.001553
      609 0.000010   0.001530
      966 0.000010   0.001528
      342 0.000010   0.001524
      510 0.000010  -0.001515
       43 0.000010   0.001513
       74 0.000010  -0.001508
       13 0.000010   0.001506
      177 0.000010   0.001500
      729 0.000010   0.001500
euclid. distance of OLC and linear combination of EV * x_coef: 0.01403558652496935

Generate samples based on objective loadcase 338
nr_to_generate: 25

Parameter variation distribution settings
distribution: uniform
low: 0.7
high: 1.3

Total process runtime: 0:00:01.305363
