Date and Time:2023-05-12 14:20:38.862209

Initial Settings:
similarity_model: <function cosine_similarity at 0x000001D005A6E5E0>
similarity_threshold: 1e-05
nr_eigv_to_select: None
distribution: uniform
deviation: 0.3
nr_to_generate: 25
recompute: False

Selected eigenvectors and similarity score w.r.t objective loadcase:
objective_loadcase_nr: 671
similarity_model: cosine_similarity
similarity_threshold: 1e-05
nr_eigv_to_select: None
nr_eigv_selected: 511
approximation parameter model: lstsq
similarity score and approx. param. value
:  eigv_idx    score      value
        3 0.565653  42.058939
        1 0.532796  39.615869
        2 0.504179 -37.488050
        0 0.373700  27.786324
        6 0.038826   2.886908
       39 0.024603   1.829345
        4 0.011622   0.864150
      639 0.003407   0.253296
      186 0.002227  -0.165610
      218 0.002210  -0.164320
      593 0.002053  -0.152629
      612 0.001958  -0.145554
      586 0.001892   0.140698
      710 0.001657  -0.123192
      187 0.001481  -0.110084
      716 0.001443   0.107298
      595 0.001224   0.091001
      618 0.001185   0.088123
      663 0.001168  -0.086859
      668 0.001158   0.086071
      626 0.001005   0.074752
      194 0.000996   0.074084
      686 0.000974  -0.072428
      388 0.000893  -0.066381
      659 0.000861  -0.064050
      688 0.000824  -0.061244
      617 0.000817   0.060727
       68 0.000768  -0.057140
      599 0.000768   0.057109
      749 0.000757  -0.056256
      143 0.000747   0.055515
      582 0.000722  -0.053700
      183 0.000719   0.053468
      562 0.000716  -0.053219
      670 0.000695   0.051697
      635 0.000695   0.051697
      621 0.000691  -0.051410
      578 0.000632   0.046979
      704 0.000630  -0.046809
       71 0.000629   0.046774
       69 0.000625   0.046479
      341 0.000584   0.043445
      733 0.000584   0.043440
      718 0.000562  -0.041813
      579 0.000562   0.041804
      698 0.000534  -0.039724
      253 0.000533  -0.039667
      567 0.000526  -0.039120
      606 0.000524  -0.038957
      602 0.000524  -0.038939
      708 0.000514   0.038191
      577 0.000506  -0.037605
      666 0.000499  -0.037134
      700 0.000488   0.036252
      153 0.000466   0.034677
      735 0.000462  -0.034370
      174 0.000459   0.034104
      683 0.000441   0.032799
      220 0.000434  -0.032290
      709 0.000421  -0.031326
      267 0.000416  -0.030958
      575 0.000415   0.030851
      620 0.000414  -0.030748
      696 0.000409  -0.030397
      258 0.000409  -0.030387
      641 0.000394  -0.029268
      210 0.000388  -0.028829
      699 0.000369  -0.027466
      707 0.000369  -0.027410
      601 0.000362   0.026913
      848 0.000347  -0.025802
      583 0.000343  -0.025505
      753 0.000338  -0.025148
      182 0.000336  -0.025014
      412 0.000332  -0.024701
      230 0.000329  -0.024432
      227 0.000327   0.024291
      807 0.000321   0.023859
      184 0.000317  -0.023540
      419 0.000313  -0.023304
      756 0.000308  -0.022912
      362 0.000301  -0.022350
      273 0.000299  -0.022253
      587 0.000287   0.021307
      403 0.000282   0.020938
      204 0.000278   0.020691
      631 0.000274  -0.020370
      757 0.000273  -0.020288
      793 0.000273  -0.020267
      383 0.000265   0.019730
      570 0.000261  -0.019426
      853 0.000260  -0.019362
      269 0.000247  -0.018373
      741 0.000230   0.017110
      199 0.000226  -0.016822
      239 0.000225   0.016723
      243 0.000223   0.016609
      299 0.000219   0.016302
      377 0.000219  -0.016271
      739 0.000217  -0.016160
      726 0.000215  -0.016008
      576 0.000214  -0.015884
      263 0.000212  -0.015762
      235 0.000211  -0.015664
      580 0.000208  -0.015486
      604 0.000207  -0.015400
      564 0.000199  -0.014801
      400 0.000193  -0.014376
      361 0.000193   0.014322
      301 0.000192  -0.014308
      549 0.000191  -0.014187
      750 0.000191   0.014170
      427 0.000189  -0.014082
      658 0.000188   0.013964
      373 0.000187  -0.013905
      206 0.000186   0.013829
      247 0.000186   0.013828
      800 0.000185  -0.013785
      175 0.000180  -0.013376
      312 0.000180  -0.013365
      818 0.000179  -0.013305
      665 0.000178  -0.013260
      787 0.000177   0.013162
      392 0.000176   0.013109
      574 0.000173  -0.012831
      628 0.000171   0.012701
      828 0.000170  -0.012614
      743 0.000169  -0.012593
      857 0.000168  -0.012517
      369 0.000168   0.012467
      223 0.000168   0.012457
      941 0.000165  -0.012233
      784 0.000164  -0.012213
      228 0.000164  -0.012185
      855 0.000161  -0.011971
      179 0.000160   0.011883
      337 0.000159  -0.011856
      711 0.000158   0.011769
      820 0.000158  -0.011747
      795 0.000158   0.011729
      667 0.000157   0.011705
      137 0.000157  -0.011691
      257 0.000151  -0.011196
      553 0.000151  -0.011196
      591 0.000150   0.011185
      824 0.000148   0.011020
      275 0.000147  -0.010936
      742 0.000147  -0.010929
      687 0.000146   0.010870
      605 0.000145  -0.010750
      815 0.000144  -0.010738
      763 0.000144   0.010737
      380 0.000143   0.010664
      778 0.000142  -0.010560
      132 0.000142   0.010554
      398 0.000141  -0.010509
      557 0.000141  -0.010505
      255 0.000140  -0.010428
      171 0.000137  -0.010203
      295 0.000132  -0.009841
      290 0.000132   0.009793
      356 0.000132  -0.009787
      251 0.000130  -0.009700
      585 0.000130  -0.009693
      859 0.000130   0.009629
      271 0.000129   0.009573
      808 0.000128   0.009539
      279 0.000128  -0.009532
      790 0.000127   0.009450
      332 0.000126  -0.009363
      616 0.000124  -0.009256
      829 0.000124   0.009221
      573 0.000123   0.009175
       70 0.000123   0.009146
      566 0.000122   0.009089
      423 0.000122  -0.009065
      431 0.000122  -0.009035
      217 0.000121  -0.009012
      354 0.000121   0.008993
      697 0.000120   0.008958
      241 0.000118   0.008774
      629 0.000115  -0.008543
      908 0.000113  -0.008385
      638 0.000112  -0.008364
      569 0.000111   0.008220
      353 0.000111  -0.008218
      736 0.000110  -0.008204
      690 0.000109   0.008110
      775 0.000106   0.007896
      728 0.000106  -0.007888
      799 0.000105  -0.007802
      759 0.000103  -0.007691
      234 0.000103   0.007680
      277 0.000103   0.007664
      294 0.000103  -0.007652
      974 0.000102   0.007612
      436 0.000102   0.007607
      600 0.000102  -0.007601
      847 0.000102   0.007556
      292 0.000101  -0.007534
      262 0.000100  -0.007470
       88 0.000099  -0.007397
      645 0.000098   0.007311
      298 0.000097  -0.007222
      261 0.000097  -0.007221
      840 0.000097  -0.007190
      770 0.000094   0.007005
      329 0.000093  -0.006927
      201 0.000093  -0.006914
      268 0.000092  -0.006871
      355 0.000092   0.006856
      684 0.000091  -0.006759
      844 0.000088  -0.006557
      581 0.000088  -0.006524
      584 0.000088  -0.006515
      744 0.000087  -0.006449
      611 0.000087  -0.006432
      367 0.000086   0.006363
       93 0.000085  -0.006331
      281 0.000084   0.006262
      561 0.000083   0.006179
      782 0.000083  -0.006147
      882 0.000081   0.006048
      594 0.000081  -0.006026
      937 0.000081  -0.006014
      734 0.000081  -0.005988
      321 0.000080  -0.005920
      632 0.000079   0.005898
      614 0.000079   0.005838
      107 0.000078  -0.005802
      948 0.000078   0.005799
      560 0.000076  -0.005679
      266 0.000076  -0.005644
      572 0.000076  -0.005619
      773 0.000076   0.005618
      864 0.000075   0.005610
     1095 0.000075  -0.005593
      748 0.000075  -0.005573
      291 0.000075   0.005564
      978 0.000074   0.005471
      161 0.000072   0.005361
      302 0.000072  -0.005356
      843 0.000072  -0.005325
      723 0.000070  -0.005228
      654 0.000070   0.005197
      722 0.000067  -0.004989
     1005 0.000067   0.004983
      627 0.000066   0.004906
      769 0.000066   0.004892
      860 0.000066  -0.004884
      943 0.000066   0.004873
      325 0.000065  -0.004847
      319 0.000065   0.004847
      792 0.000064   0.004758
      913 0.000064  -0.004736
      596 0.000064  -0.004730
      826 0.000064  -0.004722
      425 0.000063   0.004719
      694 0.000062   0.004620
      254 0.000062   0.004619
      428 0.000062   0.004580
      322 0.000062  -0.004576
      545 0.000061  -0.004564
      386 0.000060   0.004484
      343 0.000060  -0.004479
      138 0.000060  -0.004462
      308 0.000060  -0.004449
      390 0.000060   0.004426
      650 0.000059  -0.004410
      765 0.000059   0.004379
      539 0.000058   0.004320
      232 0.000058  -0.004305
      955 0.000058   0.004277
      342 0.000057   0.004272
      104 0.000057   0.004257
      895 0.000057   0.004254
      414 0.000057   0.004240
      832 0.000056   0.004197
      823 0.000056   0.004173
      831 0.000056   0.004170
      922 0.000055  -0.004086
      283 0.000055   0.004077
      552 0.000054  -0.004038
      589 0.000053  -0.003933
      701 0.000052  -0.003851
      801 0.000052  -0.003839
      528 0.000051   0.003799
      870 0.000051  -0.003767
      884 0.000050  -0.003744
      880 0.000050   0.003723
      323 0.000050  -0.003715
      236 0.000049   0.003606
      821 0.000048  -0.003559
      879 0.000048  -0.003549
      407 0.000048  -0.003534
      640 0.000047  -0.003509
      131 0.000045   0.003356
      535 0.000045   0.003351
      590 0.000045  -0.003309
      649 0.000044  -0.003239
      597 0.000043  -0.003222
      289 0.000042   0.003109
      278 0.000041   0.003025
      315 0.000040   0.003010
      366 0.000040   0.002958
      148 0.000039   0.002904
      881 0.000039  -0.002881
      285 0.000039   0.002879
      874 0.000038  -0.002825
      608 0.000038  -0.002824
      894 0.000038  -0.002808
      169 0.000038  -0.002798
      852 0.000037   0.002767
      346 0.000037   0.002763
      803 0.000037   0.002753
      518 0.000036   0.002650
      409 0.000035  -0.002611
      542 0.000035   0.002609
      397 0.000035  -0.002585
      540 0.000035  -0.002577
      491 0.000035   0.002571
      776 0.000034  -0.002549
      646 0.000034   0.002544
      259 0.000034  -0.002535
      842 0.000034  -0.002530
      297 0.000034  -0.002525
      891 0.000034  -0.002503
      935 0.000034  -0.002503
      245 0.000033  -0.002420
      942 0.000033   0.002420
      532 0.000032   0.002394
      448 0.000032   0.002365
      789 0.000032   0.002364
      374 0.000032   0.002348
      928 0.000032  -0.002345
      413 0.000031  -0.002337
      198 0.000031  -0.002319
      904 0.000031   0.002293
      488 0.000031   0.002287
      933 0.000031   0.002286
      636 0.000031  -0.002284
      310 0.000031  -0.002280
       91 0.000031  -0.002277
      950 0.000031  -0.002276
      802 0.000031   0.002273
      987 0.000031   0.002271
      740 0.000030  -0.002264
      938 0.000030   0.002263
      830 0.000030   0.002255
      244 0.000030  -0.002250
      334 0.000030  -0.002223
      445 0.000030  -0.002213
      762 0.000029  -0.002189
      272 0.000029  -0.002189
      410 0.000029  -0.002152
      835 0.000028  -0.002084
      780 0.000028   0.002078
      249 0.000028   0.002077
     1001 0.000027  -0.002038
      475 0.000027  -0.002037
      524 0.000027  -0.002013
     1032 0.000027   0.001996
      677 0.000027   0.001987
      957 0.000027   0.001975
      794 0.000026   0.001927
      424 0.000026  -0.001926
      394 0.000026   0.001911
      530 0.000025   0.001888
      284 0.000025   0.001887
     1034 0.000025  -0.001868
     1073 0.000025  -0.001867
      318 0.000025  -0.001866
      274 0.000024   0.001790
      971 0.000024  -0.001782
      313 0.000024  -0.001757
      841 0.000024   0.001757
      921 0.000023  -0.001721
      526 0.000023   0.001716
      833 0.000023  -0.001710
      260 0.000023   0.001707
      252 0.000023   0.001690
     1025 0.000023   0.001678
      988 0.000022  -0.001668
      406 0.000022   0.001663
       73 0.000022  -0.001663
      250 0.000022  -0.001636
      286 0.000022   0.001603
       98 0.000021  -0.001557
      863 0.000021  -0.001556
       63 0.000021  -0.001545
      856 0.000021   0.001531
      798 0.000021   0.001525
      964 0.000020   0.001518
      193 0.000020   0.001517
      804 0.000020  -0.001502
      288 0.000020   0.001460
     1010 0.000020   0.001460
      858 0.000020  -0.001459
      402 0.000019   0.001429
     1017 0.000019   0.001424
      479 0.000019   0.001416
      993 0.000019   0.001413
      685 0.000019  -0.001409
      927 0.000019  -0.001404
      514 0.000019   0.001396
      714 0.000019  -0.001382
      502 0.000019   0.001380
     1096 0.000018   0.001376
      432 0.000018   0.001362
      287 0.000018  -0.001357
      755 0.000018  -0.001349
      519 0.000018   0.001348
      455 0.000018  -0.001343
      536 0.000018  -0.001335
      437 0.000018   0.001323
      809 0.000018   0.001311
      270 0.000018   0.001307
      349 0.000017  -0.001298
       54 0.000017  -0.001291
      463 0.000017  -0.001282
      598 0.000017   0.001263
      965 0.000017  -0.001256
      867 0.000017   0.001250
      977 0.000017   0.001247
      335 0.000017   0.001247
      934 0.000017  -0.001245
      838 0.000017  -0.001238
      625 0.000017   0.001231
      811 0.000017   0.001228
      949 0.000016   0.001225
      309 0.000016   0.001223
      320 0.000016  -0.001221
      512 0.000016  -0.001218
       74 0.000016  -0.001214
      907 0.000016   0.001212
      727 0.000016  -0.001202
      983 0.000016   0.001202
       61 0.000016  -0.001192
      505 0.000016   0.001185
      489 0.000016   0.001184
      214 0.000015  -0.001151
      917 0.000015   0.001150
      814 0.000015   0.001137
      216 0.000015   0.001136
      364 0.000015   0.001135
      656 0.000015  -0.001131
      458 0.000015   0.001108
      662 0.000015  -0.001094
      675 0.000015   0.001090
      702 0.000015  -0.001084
       80 0.000015   0.001083
      360 0.000015  -0.001079
      779 0.000014  -0.001064
      900 0.000014  -0.001060
     1052 0.000014   0.001058
       56 0.000014   0.001048
      916 0.000014  -0.001046
      324 0.000014  -0.001032
      264 0.000014  -0.001028
      330 0.000014   0.001021
       64 0.000014   0.001019
      849 0.000014  -0.001005
      732 0.000013   0.000998
      450 0.000013  -0.000997
     1009 0.000013  -0.000997
      387 0.000013   0.000965
      642 0.000013  -0.000962
      876 0.000013   0.000960
       62 0.000013   0.000951
       12 0.000013   0.000938
      333 0.000013  -0.000931
      405 0.000012  -0.000913
       75 0.000012  -0.000901
      256 0.000012  -0.000899
      609 0.000012  -0.000897
      619 0.000012   0.000894
      213 0.000012  -0.000885
       11 0.000012  -0.000885
      192 0.000012  -0.000877
      816 0.000012   0.000873
       65 0.000012  -0.000872
      478 0.000012   0.000870
      902 0.000012   0.000869
      215 0.000012   0.000868
      293 0.000012  -0.000864
      348 0.000012   0.000864
       79 0.000011   0.000837
      705 0.000011  -0.000837
      959 0.000011  -0.000817
      225 0.000011  -0.000812
      680 0.000011   0.000809
      483 0.000011  -0.000808
      729 0.000011   0.000799
      655 0.000011   0.000795
      209 0.000011  -0.000795
      810 0.000011   0.000790
      226 0.000011  -0.000783
      538 0.000011   0.000783
      462 0.000010   0.000781
      568 0.000010  -0.000780
        8 0.000010  -0.000777
       49 0.000010   0.000777
        7 0.000010   0.000769
      351 0.000010   0.000768
     1003 0.000010  -0.000764
      338 0.000010  -0.000761
      434 0.000010   0.000756
      664 0.000010  -0.000751
      487 0.000010  -0.000748
     1061 0.000010  -0.000746
      401 0.000010  -0.000745
euclid. distance of OLC and linear combination of EV * x_coef: 0.007492040496036251

Generate samples based on objective loadcase 671
nr_to_generate: 25

Parameter variation distribution settings
distribution: uniform
low: 0.7
high: 1.3

Total process runtime: 0:00:01.281286
