Date and Time:2023-05-12 14:18:03.563599

Initial Settings:
similarity_model: <function cosine_similarity at 0x000001D005A6E5E0>
similarity_threshold: 1e-05
nr_eigv_to_select: None
distribution: uniform
deviation: 0.3
nr_to_generate: 25
recompute: False

Selected eigenvectors and similarity score w.r.t objective loadcase:
objective_loadcase_nr: 553
similarity_model: cosine_similarity
similarity_threshold: 1e-05
nr_eigv_to_select: None
nr_eigv_selected: 528
approximation parameter model: lstsq
similarity score and approx. param. value
:  eigv_idx    score      value
        3 0.571175  35.097392
        1 0.530303  32.585929
        2 0.503018 -30.909305
        0 0.370782  22.783715
        6 0.035436   2.177439
       39 0.023881   1.467423
        4 0.011785   0.724161
      639 0.003259   0.200238
      186 0.002309  -0.141902
      218 0.002038  -0.125224
      593 0.001962  -0.120576
      612 0.001887  -0.115952
      586 0.001812   0.111373
      710 0.001647  -0.101186
      187 0.001531  -0.094061
      716 0.001358   0.083424
      618 0.001188   0.073014
      595 0.001163   0.071456
      668 0.001128   0.069301
      663 0.001120  -0.068837
      143 0.001090   0.066984
      194 0.001007   0.061878
      686 0.000946  -0.058105
      626 0.000933   0.057317
      749 0.000892  -0.054828
       68 0.000878  -0.053940
      388 0.000847  -0.052037
      659 0.000822  -0.050524
      688 0.000818  -0.050253
       71 0.000806   0.049538
       69 0.000787   0.048329
      599 0.000751   0.046174
      617 0.000748   0.045987
      582 0.000715  -0.043915
      183 0.000701   0.043100
      635 0.000692   0.042539
      562 0.000684  -0.042058
      621 0.000639  -0.039261
      670 0.000638   0.039228
      578 0.000562   0.034560
      341 0.000558   0.034314
      579 0.000555   0.034124
      733 0.000536   0.032941
      153 0.000533   0.032743
      602 0.000516  -0.031705
      735 0.000514  -0.031573
      704 0.000513  -0.031522
      708 0.000504   0.030985
      606 0.000502  -0.030864
      174 0.000497   0.030523
      567 0.000489  -0.030078
      718 0.000488  -0.029970
      698 0.000481  -0.029565
      666 0.000468  -0.028752
      253 0.000456  -0.028028
      700 0.000446   0.027431
      683 0.000446   0.027392
      577 0.000436  -0.026812
      575 0.000427   0.026225
      709 0.000415  -0.025515
      620 0.000398  -0.024482
      258 0.000386  -0.023710
      641 0.000367  -0.022543
      267 0.000365  -0.022417
      220 0.000363  -0.022301
      756 0.000347  -0.021298
      696 0.000345  -0.021190
      210 0.000343  -0.021056
      699 0.000334  -0.020524
      707 0.000323  -0.019860
      583 0.000316  -0.019410
      137 0.000314  -0.019324
      243 0.000314   0.019297
      601 0.000314   0.019285
      753 0.000311  -0.019108
      412 0.000311  -0.019085
      848 0.000307  -0.018871
      757 0.000307  -0.018834
      227 0.000305   0.018756
      362 0.000304  -0.018684
      419 0.000297  -0.018248
      807 0.000296   0.018216
      741 0.000293   0.018006
      631 0.000291  -0.017888
      182 0.000291  -0.017875
      853 0.000290  -0.017816
      403 0.000281   0.017265
      587 0.000280   0.017208
      230 0.000278  -0.017078
      228 0.000272  -0.016697
      739 0.000257  -0.015763
      273 0.000255  -0.015659
      793 0.000242  -0.014880
      383 0.000241   0.014824
      361 0.000240   0.014737
      570 0.000238  -0.014640
      576 0.000236  -0.014477
      750 0.000234   0.014378
      787 0.000234   0.014359
      726 0.000225  -0.013820
      377 0.000220  -0.013504
      604 0.000213  -0.013114
      235 0.000213  -0.013104
      184 0.000209  -0.012822
      132 0.000205   0.012614
      204 0.000203   0.012480
      269 0.000201  -0.012346
      400 0.000196  -0.012073
      373 0.000196  -0.012066
      580 0.000196  -0.012063
      299 0.000194   0.011921
      564 0.000194  -0.011917
      175 0.000193  -0.011838
      857 0.000189  -0.011628
      271 0.000186   0.011438
      263 0.000186  -0.011422
      628 0.000186   0.011419
      239 0.000183   0.011214
      301 0.000182  -0.011190
      247 0.000182   0.011160
      658 0.000181   0.011148
      199 0.000180  -0.011055
      427 0.000177  -0.010891
      743 0.000177  -0.010854
      800 0.000174  -0.010708
      818 0.000173  -0.010605
      241 0.000169   0.010415
      549 0.000167  -0.010267
      566 0.000165   0.010132
      855 0.000163  -0.010020
      251 0.000163  -0.009996
       70 0.000162   0.009933
      828 0.000162  -0.009931
      941 0.000161  -0.009889
      574 0.000161  -0.009868
      277 0.000160   0.009836
      820 0.000156  -0.009595
      711 0.000154   0.009462
      255 0.000153  -0.009427
      824 0.000153   0.009424
      355 0.000152   0.009360
      790 0.000150   0.009199
      784 0.000149  -0.009174
      665 0.000148  -0.009087
      553 0.000147  -0.009041
      392 0.000146   0.008976
      234 0.000146   0.008975
      557 0.000146  -0.008960
      795 0.000144   0.008837
      742 0.000143  -0.008788
      859 0.000143   0.008780
      815 0.000142  -0.008724
      257 0.000140  -0.008620
      591 0.000139   0.008537
      367 0.000137   0.008397
      605 0.000136  -0.008348
      667 0.000134   0.008251
      573 0.000133   0.008181
      312 0.000132  -0.008107
      763 0.000131   0.008072
      223 0.000131   0.008045
      687 0.000129   0.007947
      262 0.000129  -0.007909
      179 0.000129   0.007905
      808 0.000127   0.007833
      294 0.000126  -0.007740
      829 0.000126   0.007730
      398 0.000125  -0.007708
      616 0.000124  -0.007602
      770 0.000123   0.007559
      778 0.000122  -0.007514
      217 0.000121  -0.007464
      279 0.000120  -0.007402
      847 0.000120   0.007386
      275 0.000119  -0.007288
      380 0.000116   0.007149
      423 0.000115  -0.007096
      298 0.000115  -0.007073
      431 0.000115  -0.007040
      690 0.000113   0.006940
      206 0.000113   0.006922
      337 0.000112  -0.006890
      254 0.000110   0.006765
      736 0.000110  -0.006755
       88 0.000109  -0.006708
      908 0.000109  -0.006692
      354 0.000108   0.006640
      171 0.000107  -0.006600
      684 0.000107  -0.006545
      329 0.000103  -0.006327
      332 0.000103  -0.006303
      292 0.000102  -0.006262
      645 0.000101   0.006195
      436 0.000101   0.006183
      799 0.000100  -0.006171
      369 0.000099   0.006072
      697 0.000098   0.006025
      974 0.000098   0.006008
      728 0.000097  -0.005991
      569 0.000097   0.005988
      775 0.000095   0.005861
      290 0.000093   0.005736
      840 0.000093  -0.005733
      773 0.000093   0.005732
      801 0.000093  -0.005709
       93 0.000092  -0.005639
      734 0.000091  -0.005622
      353 0.000091  -0.005596
      744 0.000091  -0.005563
      390 0.000090   0.005506
      281 0.000089   0.005483
      364 0.000089  -0.005444
      638 0.000087  -0.005346
      594 0.000087  -0.005328
      629 0.000086  -0.005281
      759 0.000086  -0.005278
      308 0.000085  -0.005250
      844 0.000085  -0.005195
      261 0.000084  -0.005141
      611 0.000084  -0.005141
      882 0.000083   0.005112
      864 0.000083   0.005106
      236 0.000083   0.005070
      723 0.000082  -0.005016
      325 0.000081  -0.004983
      782 0.000081  -0.004974
      600 0.000081  -0.004949
      581 0.000080  -0.004922
      104 0.000080   0.004905
      245 0.000078  -0.004810
      268 0.000078  -0.004799
      584 0.000077  -0.004749
      266 0.000076  -0.004684
      295 0.000076  -0.004657
      843 0.000075  -0.004592
      560 0.000074  -0.004553
      201 0.000074  -0.004517
      937 0.000073  -0.004481
      552 0.000073  -0.004465
      291 0.000072   0.004439
     1095 0.000072  -0.004431
      386 0.000071   0.004335
      610 0.000070  -0.004295
      302 0.000070  -0.004276
      943 0.000070   0.004273
      701 0.000069  -0.004228
      342 0.000068   0.004161
      585 0.000067  -0.004125
      978 0.000067   0.004117
      107 0.000067  -0.004117
      948 0.000067   0.004094
      138 0.000065  -0.004004
      359 0.000065   0.003990
      226 0.000064   0.003961
      589 0.000063  -0.003889
     1005 0.000063   0.003847
      632 0.000062   0.003826
      428 0.000062   0.003808
      225 0.000062   0.003806
      823 0.000062   0.003803
      860 0.000062  -0.003788
      913 0.000061  -0.003738
      884 0.000060  -0.003694
      765 0.000059   0.003653
      880 0.000059   0.003651
      826 0.000059  -0.003638
      955 0.000059   0.003638
      313 0.000059  -0.003625
      414 0.000059   0.003622
      640 0.000059  -0.003610
      588 0.000059  -0.003609
      870 0.000058  -0.003579
      545 0.000058  -0.003561
      278 0.000057   0.003532
      283 0.000057   0.003496
      789 0.000056   0.003467
      654 0.000056   0.003458
      805 0.000056  -0.003429
      539 0.000056   0.003417
      240 0.000055  -0.003392
      769 0.000055   0.003383
      922 0.000054  -0.003331
      895 0.000054   0.003328
      425 0.000054   0.003326
      722 0.000053  -0.003287
      318 0.000053  -0.003263
      831 0.000051   0.003159
      131 0.000051   0.003146
      357 0.000051  -0.003130
      323 0.000051  -0.003129
      894 0.000051  -0.003122
      343 0.000050  -0.003080
      748 0.000050  -0.003074
      879 0.000049  -0.003029
      832 0.000049   0.003019
      321 0.000049  -0.003010
      315 0.000049   0.003008
      561 0.000049   0.002986
      528 0.000048   0.002967
      285 0.000048   0.002961
      904 0.000048   0.002938
      272 0.000048  -0.002935
      874 0.000048  -0.002921
      597 0.000047  -0.002901
      161 0.000047   0.002900
      366 0.000046   0.002840
      792 0.000046   0.002814
      407 0.000046  -0.002812
      237 0.000045   0.002792
      821 0.000045  -0.002776
      274 0.000045   0.002772
      609 0.000045   0.002758
      356 0.000045  -0.002735
      319 0.000044   0.002716
      694 0.000044   0.002710
      289 0.000044   0.002693
      535 0.000043   0.002641
      169 0.000042  -0.002575
      286 0.000042   0.002570
      950 0.000039  -0.002422
      568 0.000038   0.002361
      252 0.000038  -0.002336
      650 0.000038  -0.002331
      891 0.000038  -0.002316
      350 0.000037   0.002298
      881 0.000037  -0.002274
      942 0.000037   0.002249
      360 0.000036   0.002239
      803 0.000036   0.002233
      802 0.000036   0.002203
      572 0.000036  -0.002190
      296 0.000036  -0.002188
      830 0.000036   0.002187
      349 0.000035  -0.002169
      198 0.000035   0.002163
      382 0.000035  -0.002139
      409 0.000034  -0.002113
      636 0.000034  -0.002109
      260 0.000034   0.002107
      232 0.000034  -0.002076
      491 0.000033   0.002056
      540 0.000033  -0.002052
      518 0.000033   0.002042
      964 0.000033   0.002012
      320 0.000033   0.002002
      542 0.000032   0.001976
      394 0.000032   0.001972
      193 0.000032   0.001967
      928 0.000032  -0.001950
      842 0.000031  -0.001932
      322 0.000031  -0.001930
      532 0.000031   0.001904
      935 0.000031  -0.001900
      224 0.000031  -0.001877
      677 0.000031   0.001877
      406 0.000030  -0.001864
      448 0.000030   0.001864
      333 0.000030  -0.001861
      987 0.000030   0.001859
      798 0.000030   0.001844
      488 0.000030   0.001836
      627 0.000030   0.001833
      988 0.000030  -0.001828
      776 0.000030  -0.001826
      740 0.000030  -0.001824
      397 0.000029  -0.001811
      933 0.000029   0.001798
      613 0.000029   0.001786
      310 0.000029  -0.001781
       91 0.000029  -0.001781
      643 0.000029  -0.001755
      410 0.000028  -0.001709
      288 0.000028   0.001706
      334 0.000027   0.001685
      957 0.000027   0.001680
      445 0.000027  -0.001675
      475 0.000027  -0.001670
      374 0.000027   0.001660
      590 0.000027  -0.001647
      242 0.000027  -0.001641
     1001 0.000027  -0.001631
      971 0.000026  -0.001620
      524 0.000026  -0.001615
      727 0.000026  -0.001583
     1096 0.000025   0.001555
     1032 0.000025   0.001547
      530 0.000025   0.001508
      384 0.000024  -0.001477
      287 0.000024  -0.001473
      649 0.000024  -0.001467
      259 0.000024  -0.001458
      863 0.000024  -0.001448
      811 0.000024   0.001447
      685 0.000023  -0.001431
       87 0.000023  -0.001415
      662 0.000023  -0.001410
      794 0.000023   0.001405
      244 0.000022  -0.001380
     1034 0.000022  -0.001378
     1025 0.000022   0.001376
      526 0.000022   0.001355
       86 0.000022  -0.001350
      424 0.000022  -0.001349
      938 0.000022   0.001330
      250 0.000022   0.001325
      791 0.000022   0.001325
      833 0.000021  -0.001319
      921 0.000021  -0.001319
      330 0.000021  -0.001299
      835 0.000021  -0.001299
      625 0.000021  -0.001296
     1073 0.000021  -0.001286
      326 0.000021   0.001273
      856 0.000021   0.001272
      780 0.000021   0.001260
      432 0.000020   0.001254
      849 0.000020   0.001237
      965 0.000020  -0.001235
      810 0.000020   0.001231
      221 0.000020  -0.001218
      993 0.000020   0.001218
      858 0.000020  -0.001210
      841 0.000019   0.001193
      927 0.000019  -0.001177
      270 0.000019   0.001175
      248 0.000019   0.001173
      479 0.000019   0.001170
      814 0.000019   0.001170
      983 0.000019   0.001151
      413 0.000019  -0.001149
      399 0.000019  -0.001142
      238 0.000018  -0.001137
      966 0.000018   0.001129
      324 0.000018  -0.001125
      514 0.000018   0.001122
     1017 0.000018   0.001121
      867 0.000018   0.001115
      714 0.000018  -0.001108
       45 0.000018   0.001102
      316 0.000018  -0.001094
      536 0.000018  -0.001080
      455 0.000018  -0.001076
      614 0.000017   0.001065
      519 0.000017   0.001057
      197 0.000017  -0.001055
      191 0.000017   0.001054
      646 0.000017   0.001053
      934 0.000017  -0.001051
      502 0.000017   0.001049
      229 0.000017  -0.001045
      603 0.000017  -0.001042
     1010 0.000017   0.001041
      233 0.000017  -0.001040
      565 0.000017  -0.001034
      463 0.000017  -0.001031
      977 0.000017   0.001028
      196 0.000017   0.001022
      437 0.000016   0.001010
      314 0.000016  -0.000989
      387 0.000016   0.000983
      917 0.000016   0.000979
      335 0.000016  -0.000978
      900 0.000016  -0.000967
      512 0.000016  -0.000964
      178 0.000016   0.000959
      489 0.000015   0.000950
      949 0.000015   0.000941
      876 0.000015  -0.000938
      328 0.000015  -0.000933
     1009 0.000015  -0.000924
      101 0.000015   0.000924
      875 0.000015  -0.000920
       98 0.000015  -0.000913
      347 0.000015   0.000912
       43 0.000015  -0.000895
      458 0.000014   0.000862
      669 0.000014   0.000858
      505 0.000014   0.000857
      123 0.000014  -0.000849
      619 0.000014   0.000843
     1052 0.000014   0.000839
      192 0.000014  -0.000836
      405 0.000014   0.000831
      195 0.000013   0.000817
      200 0.000013   0.000808
      231 0.000013  -0.000807
      164 0.000013   0.000798
     1020 0.000013  -0.000797
     1016 0.000013  -0.000794
      282 0.000013  -0.000793
      671 0.000013   0.000792
      450 0.000013  -0.000787
      695 0.000013   0.000781
      724 0.000012  -0.000767
      737 0.000012  -0.000764
      916 0.000012  -0.000764
      125 0.000012   0.000762
      265 0.000012   0.000757
      713 0.000012   0.000756
      264 0.000012   0.000750
      352 0.000012  -0.000745
      112 0.000012   0.000744
      888 0.000012   0.000735
      338 0.000012   0.000730
       99 0.000012   0.000723
      994 0.000012  -0.000719
       48 0.000012   0.000717
     1003 0.000012  -0.000716
      222 0.000012   0.000714
      898 0.000012   0.000708
      307 0.000011  -0.000696
      732 0.000011   0.000695
      809 0.000011   0.000686
       51 0.000011  -0.000682
      816 0.000011   0.000678
      188 0.000011  -0.000663
      675 0.000011   0.000649
      887 0.000011   0.000649
      177 0.000010  -0.000642
      634 0.000010  -0.000641
      483 0.000010  -0.000635
       80 0.000010  -0.000630
      284 0.000010   0.000630
      426 0.000010   0.000629
      712 0.000010  -0.000618
      304 0.000010   0.000618
      571 0.000010   0.000618
      180 0.000010  -0.000617
euclid. distance of OLC and linear combination of EV * x_coef: 0.005946281048197589

Generate samples based on objective loadcase 553
nr_to_generate: 25

Parameter variation distribution settings
distribution: uniform
low: 0.7
high: 1.3

Total process runtime: 0:00:01.334246
