Date and Time:2023-05-12 14:06:05.695063

Initial Settings:
similarity_model: <function cosine_similarity at 0x000001D005A6E5E0>
similarity_threshold: 1e-05
nr_eigv_to_select: None
distribution: uniform
deviation: 0.3
nr_to_generate: 25
recompute: False

Selected eigenvectors and similarity score w.r.t objective loadcase:
objective_loadcase_nr: 13
similarity_model: cosine_similarity
similarity_threshold: 1e-05
nr_eigv_to_select: None
nr_eigv_selected: 663
approximation parameter model: lstsq
similarity score and approx. param. value
:  eigv_idx    score      value
        3 0.556382  62.203203
        1 0.543250  60.735089
        2 0.494527 -55.287905
        0 0.385066  43.050147
        6 0.042977   4.804757
       39 0.021190   2.369036
        4 0.010982   1.227729
      639 0.003249   0.363258
      186 0.002465  -0.275606
      218 0.001934  -0.216181
      593 0.001923  -0.215002
      612 0.001877  -0.209793
      586 0.001771   0.198017
      710 0.001730  -0.193411
      187 0.001614  -0.180442
      716 0.001543   0.172531
      618 0.001306   0.146064
      668 0.001264   0.141329
      663 0.001163  -0.130073
      595 0.001151   0.128678
      194 0.001101   0.123062
       68 0.001074  -0.120100
      686 0.001006  -0.112508
      659 0.000921  -0.102925
      626 0.000889   0.099360
      688 0.000857  -0.095853
      388 0.000839  -0.093759
      617 0.000834   0.093191
      143 0.000826   0.092387
      749 0.000803  -0.089755
      599 0.000713   0.079726
      582 0.000713  -0.079684
      635 0.000698   0.078015
      183 0.000696   0.077851
      562 0.000685  -0.076569
      670 0.000654   0.073126
      621 0.000635  -0.070939
      579 0.000607   0.067890
      253 0.000575  -0.064251
      700 0.000559   0.062470
      153 0.000555   0.062034
      733 0.000550   0.061545
      704 0.000547  -0.061118
      341 0.000546   0.061038
      578 0.000545   0.060981
       69 0.000541   0.060429
       71 0.000530   0.059297
      708 0.000529   0.059147
      698 0.000524  -0.058557
      718 0.000523  -0.058418
      174 0.000499   0.055841
      735 0.000494  -0.055242
      683 0.000482   0.053895
      602 0.000479  -0.053608
      666 0.000474  -0.053018
      606 0.000467  -0.052183
      567 0.000462  -0.051627
      575 0.000436   0.048765
      709 0.000430  -0.048123
      210 0.000413  -0.046139
      577 0.000408  -0.045600
      182 0.000402  -0.044930
      267 0.000387  -0.043276
      707 0.000371  -0.041434
      699 0.000367  -0.041023
      641 0.000353  -0.039452
      620 0.000352  -0.039323
      601 0.000347   0.038749
      696 0.000343  -0.038384
      756 0.000339  -0.037956
      258 0.000330  -0.036878
      362 0.000328  -0.036652
      220 0.000324  -0.036254
      631 0.000323  -0.036067
      583 0.000314  -0.035074
      230 0.000310  -0.034618
      227 0.000301   0.033702
      757 0.000300  -0.033557
      848 0.000299  -0.033465
      412 0.000293  -0.032723
      419 0.000290  -0.032396
      807 0.000281   0.031441
      243 0.000277   0.030975
      753 0.000272  -0.030373
      587 0.000268   0.029959
      853 0.000265  -0.029635
      403 0.000261   0.029228
      235 0.000253  -0.028243
      741 0.000250   0.027899
      273 0.000248  -0.027772
      361 0.000247   0.027590
      739 0.000244  -0.027235
      576 0.000241  -0.026936
      184 0.000239  -0.026750
      787 0.000227   0.025323
      580 0.000225  -0.025125
      604 0.000222  -0.024794
      793 0.000219  -0.024516
      383 0.000219   0.024481
      137 0.000218  -0.024363
      400 0.000215  -0.023989
      239 0.000212   0.023656
      726 0.000211  -0.023617
      570 0.000211  -0.023582
      628 0.000210   0.023478
      377 0.000210  -0.023446
      658 0.000208   0.023217
      175 0.000204  -0.022791
      750 0.000199   0.022195
      566 0.000197   0.022069
      199 0.000197  -0.022062
      228 0.000196  -0.021954
      373 0.000196  -0.021899
      204 0.000195   0.021853
      263 0.000191  -0.021341
      132 0.000189   0.021099
      574 0.000188  -0.021041
       70 0.000187   0.020922
      564 0.000183  -0.020438
      857 0.000180  -0.020144
      557 0.000179  -0.020011
      299 0.000178   0.019926
      301 0.000176  -0.019661
      179 0.000175   0.019602
      269 0.000173  -0.019355
      257 0.000172  -0.019281
      427 0.000168  -0.018731
      815 0.000167  -0.018674
      941 0.000166  -0.018560
      271 0.000163   0.018251
      800 0.000163  -0.018227
      247 0.000163   0.018224
      355 0.000161   0.017990
      828 0.000159  -0.017799
      855 0.000159  -0.017751
      392 0.000156   0.017471
      690 0.000155   0.017320
      711 0.000155   0.017292
      217 0.000153  -0.017124
      275 0.000152  -0.016985
      790 0.000149   0.016673
      784 0.000149  -0.016657
      818 0.000148  -0.016563
      605 0.000148  -0.016524
      820 0.000147  -0.016428
      398 0.000147  -0.016418
      367 0.000147   0.016387
      312 0.000145  -0.016266
      573 0.000145   0.016239
      824 0.000144   0.016118
      266 0.000144  -0.016108
      171 0.000141  -0.015714
      241 0.000140   0.015700
      859 0.000140   0.015641
      667 0.000140   0.015631
      380 0.000139   0.015503
      808 0.000139   0.015492
      553 0.000139  -0.015492
      277 0.000136   0.015254
      645 0.000136   0.015208
      294 0.000136  -0.015183
      743 0.000135  -0.015101
      292 0.000135  -0.015064
      549 0.000134  -0.014947
      261 0.000132  -0.014719
      591 0.000131   0.014619
      684 0.000130  -0.014538
      795 0.000130   0.014486
      829 0.000124   0.013898
      847 0.000124   0.013865
      742 0.000123  -0.013710
      600 0.000120  -0.013372
      569 0.000117   0.013124
      364 0.000116  -0.012980
      736 0.000114  -0.012789
      616 0.000114  -0.012771
      665 0.000114  -0.012742
      354 0.000113   0.012677
       88 0.000113  -0.012627
      423 0.000112  -0.012574
      728 0.000111  -0.012388
      436 0.000111   0.012369
      431 0.000110  -0.012334
      908 0.000110  -0.012282
      223 0.000110   0.012269
      723 0.000109  -0.012148
      778 0.000107  -0.011931
      594 0.000106  -0.011904
      337 0.000106  -0.011882
      290 0.000105   0.011770
      697 0.000105   0.011763
      687 0.000104   0.011650
      329 0.000104  -0.011620
      974 0.000104   0.011591
      734 0.000104  -0.011575
      552 0.000103  -0.011514
      234 0.000102   0.011395
      638 0.000101  -0.011240
      770 0.000099   0.011038
      799 0.000098  -0.010938
      359 0.000097   0.010899
      581 0.000097  -0.010852
      281 0.000097   0.010795
      332 0.000096  -0.010769
      390 0.000095   0.010642
      353 0.000095  -0.010636
      262 0.000095  -0.010601
      585 0.000095  -0.010576
      226 0.000094   0.010516
      225 0.000094   0.010471
      584 0.000093  -0.010426
      701 0.000093  -0.010419
       87 0.000092  -0.010257
      206 0.000091   0.010216
      104 0.000091   0.010199
      840 0.000091  -0.010157
      295 0.000090  -0.010043
      255 0.000089  -0.009950
      251 0.000089  -0.009902
      560 0.000088  -0.009869
      882 0.000086   0.009641
      844 0.000086  -0.009631
      801 0.000086  -0.009588
      611 0.000085  -0.009514
      279 0.000084  -0.009386
       73 0.000082   0.009139
      369 0.000082   0.009133
      640 0.000081  -0.009091
       86 0.000080  -0.008951
      773 0.000079   0.008872
      297 0.000078  -0.008761
      302 0.000078  -0.008704
      643 0.000077  -0.008610
     1095 0.000077  -0.008606
      843 0.000075  -0.008383
      782 0.000074  -0.008327
      805 0.000074  -0.008233
      313 0.000073  -0.008110
      864 0.000072   0.008066
      254 0.000072   0.008050
      937 0.000072  -0.008029
       80 0.000072  -0.008017
      291 0.000070   0.007821
      142 0.000069   0.007748
      386 0.000069   0.007696
      775 0.000068   0.007627
      428 0.000068   0.007596
      264 0.000068   0.007566
      978 0.000067   0.007535
      798 0.000067   0.007481
      323 0.000067  -0.007478
      610 0.000066  -0.007403
      406 0.000066  -0.007365
     1005 0.000065   0.007264
      740 0.000065  -0.007226
      414 0.000065   0.007223
      765 0.000064   0.007192
      342 0.000064   0.007157
      948 0.000064   0.007110
      955 0.000063   0.007051
      322 0.000063  -0.007000
       81 0.000062   0.006981
      943 0.000062   0.006951
      826 0.000062  -0.006949
      744 0.000062  -0.006931
       60 0.000062  -0.006924
      146 0.000061   0.006860
      913 0.000061  -0.006843
      832 0.000061   0.006828
      823 0.000061   0.006806
      114 0.000061   0.006796
      333 0.000060  -0.006754
      201 0.000060  -0.006751
      407 0.000060  -0.006714
      545 0.000060  -0.006711
      152 0.000060  -0.006707
      151 0.000059  -0.006640
      870 0.000059  -0.006618
      125 0.000059  -0.006568
      252 0.000059  -0.006564
       93 0.000059  -0.006548
       99 0.000058   0.006522
      320 0.000058   0.006512
      107 0.000058  -0.006482
      789 0.000057   0.006409
       74 0.000057   0.006377
      625 0.000057  -0.006368
      136 0.000057  -0.006357
      568 0.000057   0.006328
      198 0.000056   0.006281
      382 0.000056  -0.006230
      922 0.000056  -0.006219
      259 0.000056   0.006219
      366 0.000056   0.006211
      629 0.000055  -0.006205
      425 0.000055   0.006147
      539 0.000055   0.006132
      609 0.000055   0.006104
      222 0.000055   0.006101
      321 0.000055  -0.006098
      880 0.000054   0.006092
      318 0.000054  -0.006086
      101 0.000054   0.006069
       63 0.000054   0.006060
      860 0.000054  -0.006044
      237 0.000053   0.005972
      105 0.000053  -0.005971
      357 0.000053  -0.005956
      632 0.000053   0.005945
      169 0.000053  -0.005941
      144 0.000053   0.005937
      133 0.000053   0.005874
      145 0.000053  -0.005874
      240 0.000052  -0.005824
      589 0.000052  -0.005805
      884 0.000052  -0.005791
      572 0.000052  -0.005785
      285 0.000052   0.005768
      895 0.000052   0.005766
       66 0.000051   0.005750
      803 0.000051   0.005710
      748 0.000051  -0.005694
      879 0.000050  -0.005615
      268 0.000050  -0.005577
      874 0.000050  -0.005558
      348 0.000049   0.005521
      849 0.000049   0.005491
      159 0.000048   0.005395
       59 0.000048  -0.005375
      528 0.000048   0.005354
      308 0.000048  -0.005319
       79 0.000048  -0.005316
      110 0.000047  -0.005301
      325 0.000047  -0.005290
      654 0.000047   0.005264
      351 0.000047   0.005229
      655 0.000047  -0.005228
      331 0.000047   0.005209
      722 0.000046  -0.005189
      762 0.000046   0.005119
      343 0.000046  -0.005091
      894 0.000045  -0.005043
      831 0.000045   0.005030
      147 0.000045   0.004990
       94 0.000044   0.004930
      245 0.000044  -0.004924
      155 0.000044  -0.004886
      150 0.000044   0.004885
      118 0.000043   0.004840
      763 0.000043   0.004821
      891 0.000043  -0.004801
      338 0.000043  -0.004789
      397 0.000043  -0.004754
       45 0.000042   0.004709
      802 0.000042   0.004678
      821 0.000042  -0.004662
      249 0.000041  -0.004599
      109 0.000041  -0.004596
       52 0.000041  -0.004584
      134 0.000041   0.004584
      356 0.000041  -0.004576
      535 0.000041   0.004574
      727 0.000041  -0.004562
      596 0.000041  -0.004549
      374 0.000041   0.004543
      405 0.000040   0.004512
       82 0.000040   0.004490
      409 0.000039  -0.004410
      542 0.000039   0.004356
      185 0.000039   0.004352
      298 0.000039  -0.004319
       96 0.000039  -0.004315
      904 0.000038   0.004283
       92 0.000038  -0.004277
      128 0.000038  -0.004253
      250 0.000037   0.004181
      863 0.000037  -0.004155
       53 0.000037   0.004142
      792 0.000037   0.004121
      540 0.000037  -0.004108
      161 0.000037   0.004091
        8 0.000036   0.004063
      347 0.000036   0.004056
       78 0.000036   0.004052
      642 0.000036   0.004037
      108 0.000036  -0.004009
       84 0.000036   0.003991
      330 0.000036   0.003987
      590 0.000036  -0.003980
        7 0.000036  -0.003980
      140 0.000035  -0.003962
      830 0.000035   0.003936
       58 0.000035  -0.003896
       89 0.000035  -0.003893
      942 0.000034   0.003855
      304 0.000034  -0.003852
      852 0.000034  -0.003841
      776 0.000034  -0.003831
      987 0.000034   0.003810
       51 0.000034  -0.003805
      623 0.000034  -0.003781
      448 0.000034   0.003759
      881 0.000033  -0.003738
      950 0.000033  -0.003723
      181 0.000033  -0.003706
      928 0.000033  -0.003696
      518 0.000033   0.003687
      811 0.000033   0.003676
      491 0.000033   0.003674
      608 0.000032   0.003623
       38 0.000032   0.003582
      644 0.000032   0.003541
      558 0.000032   0.003538
      858 0.000031  -0.003516
      170 0.000031   0.003473
      349 0.000031  -0.003431
      532 0.000031   0.003413
      488 0.000030   0.003402
     1001 0.000030  -0.003395
      656 0.000030   0.003389
      209 0.000030   0.003375
      867 0.000030   0.003348
      310 0.000030  -0.003342
       29 0.000030  -0.003339
      278 0.000030   0.003326
      933 0.000030   0.003300
      597 0.000029  -0.003286
      317 0.000029  -0.003286
      358 0.000029   0.003283
      293 0.000029   0.003224
      154 0.000029  -0.003217
       55 0.000029   0.003213
      339 0.000029  -0.003204
      935 0.000029  -0.003201
       54 0.000029   0.003198
      384 0.000029  -0.003192
      248 0.000028   0.003181
       90 0.000028  -0.003163
      410 0.000028  -0.003145
      810 0.000028   0.003125
      475 0.000028  -0.003100
      319 0.000028   0.003099
      876 0.000028  -0.003093
      402 0.000027  -0.003060
      524 0.000027  -0.003038
     1032 0.000027   0.003031
      875 0.000027  -0.003014
      335 0.000027  -0.002996
      296 0.000027  -0.002980
      530 0.000027   0.002966
       18 0.000027   0.002965
      791 0.000026   0.002945
      676 0.000026   0.002942
      671 0.000026   0.002929
      814 0.000026   0.002905
      256 0.000026   0.002904
      842 0.000026  -0.002902
      598 0.000026  -0.002892
      399 0.000026  -0.002880
      309 0.000026   0.002875
     1025 0.000026   0.002862
       50 0.000025   0.002843
       43 0.000025  -0.002840
       36 0.000025  -0.002837
      224 0.000025  -0.002810
      193 0.000025   0.002782
      244 0.000025  -0.002775
      669 0.000025   0.002756
      238 0.000024  -0.002739
       62 0.000024  -0.002737
      445 0.000024  -0.002734
      694 0.000024   0.002734
      168 0.000024  -0.002733
      214 0.000024   0.002723
      993 0.000024   0.002721
      837 0.000024  -0.002714
      344 0.000024   0.002706
      964 0.000024   0.002706
      957 0.000024   0.002702
      231 0.000024  -0.002700
      363 0.000024  -0.002666
      794 0.000024   0.002663
      680 0.000024   0.002653
      156 0.000024  -0.002651
      685 0.000024  -0.002646
      695 0.000024   0.002641
       95 0.000024   0.002640
      124 0.000024   0.002629
       31 0.000024   0.002627
      148 0.000023   0.002624
      158 0.000023   0.002619
      424 0.000023  -0.002616
      213 0.000023   0.002613
      432 0.000023   0.002608
      115 0.000023   0.002581
      965 0.000023  -0.002556
      272 0.000023   0.002549
      559 0.000023   0.002532
      401 0.000023   0.002529
      971 0.000022  -0.002503
      556 0.000022  -0.002498
       91 0.000022  -0.002489
      387 0.000022   0.002473
      769 0.000022   0.002471
      988 0.000022  -0.002455
     1017 0.000022   0.002455
      691 0.000022   0.002451
      284 0.000022   0.002430
       44 0.000022  -0.002419
     1034 0.000021  -0.002353
      662 0.000021  -0.002351
      921 0.000021  -0.002347
      370 0.000021   0.002328
       20 0.000021   0.002317
       27 0.000021   0.002313
      637 0.000021  -0.002301
      833 0.000021  -0.002300
       61 0.000020   0.002287
      326 0.000020  -0.002282
      274 0.000020  -0.002258
      856 0.000020   0.002257
      394 0.000020   0.002229
      286 0.000020  -0.002228
      340 0.000020   0.002205
      526 0.000020   0.002203
       17 0.000020  -0.002187
      479 0.000020   0.002186
      260 0.000019  -0.002171
      636 0.000019  -0.002144
      164 0.000019   0.002143
      360 0.000019   0.002122
      714 0.000019  -0.002119
      536 0.000019  -0.002119
      664 0.000019   0.002090
      646 0.000019  -0.002089
      514 0.000019   0.002084
      502 0.000019   0.002075
      900 0.000018  -0.002033
      927 0.000018  -0.002032
      554 0.000018   0.002030
      588 0.000018  -0.002018
      519 0.000018   0.002015
      113 0.000018   0.002014
      138 0.000018  -0.001991
      112 0.000018  -0.001990
      455 0.000018  -0.001980
      188 0.000018  -0.001966
      713 0.000018   0.001963
      270 0.000017  -0.001940
     1096 0.000017   0.001939
      371 0.000017   0.001937
      550 0.000017   0.001922
      120 0.000017   0.001901
      841 0.000017   0.001896
      512 0.000017  -0.001894
      809 0.000017   0.001879
      463 0.000017  -0.001878
        5 0.000017  -0.001873
      180 0.000017  -0.001871
      649 0.000017   0.001871
       75 0.000017   0.001862
      917 0.000017   0.001854
      368 0.000017  -0.001854
      395 0.000017   0.001853
      372 0.000017   0.001847
      345 0.000016  -0.001844
      489 0.000016   0.001831
      934 0.000016  -0.001830
      375 0.000016   0.001826
       98 0.000016   0.001820
      378 0.000016  -0.001817
      127 0.000016  -0.001809
      216 0.000016  -0.001796
      712 0.000016  -0.001793
       46 0.000016   0.001778
      314 0.000016  -0.001772
      157 0.000016   0.001759
      767 0.000016   0.001752
       48 0.000016   0.001744
      458 0.000016   0.001744
      437 0.000016   0.001738
      404 0.000016   0.001737
      505 0.000015   0.001729
      141 0.000015  -0.001697
     1052 0.000015   0.001694
      346 0.000015   0.001685
      693 0.000015   0.001680
      123 0.000015   0.001676
      236 0.000015   0.001670
     1073 0.000015  -0.001669
     1010 0.000015   0.001655
      315 0.000014  -0.001618
       19 0.000014   0.001616
      396 0.000014  -0.001616
      759 0.000014   0.001611
       97 0.000014  -0.001609
      131 0.000014   0.001602
      563 0.000014  -0.001587
      938 0.000014   0.001574
       22 0.000014  -0.001572
      103 0.000014  -0.001568
      426 0.000014   0.001561
      173 0.000014   0.001559
      907 0.000014   0.001555
      327 0.000014   0.001554
      561 0.000014   0.001551
      192 0.000014   0.001530
      381 0.000014   0.001528
       76 0.000014   0.001526
       37 0.000014   0.001512
      202 0.000013  -0.001504
       67 0.000013   0.001500
      613 0.000013   0.001499
      365 0.000013  -0.001498
      452 0.000013  -0.001491
      648 0.000013  -0.001479
      977 0.000013   0.001478
      287 0.000013  -0.001465
      207 0.000013   0.001463
      219 0.000013  -0.001462
      983 0.000013   0.001448
      677 0.000013   0.001446
      289 0.000013   0.001443
      229 0.000013  -0.001439
      752 0.000013   0.001433
      949 0.000013   0.001425
      129 0.000013   0.001413
      966 0.000013   0.001401
      804 0.000012   0.001394
      450 0.000012  -0.001393
       24 0.000012   0.001387
      420 0.000012   0.001381
      916 0.000012  -0.001378
       21 0.000012   0.001372
       16 0.000012   0.001371
      483 0.000012  -0.001365
      661 0.000012   0.001365
      772 0.000012  -0.001362
      538 0.000012   0.001361
      246 0.000012  -0.001358
      413 0.000012   0.001347
      117 0.000012   0.001342
      102 0.000012   0.001317
      172 0.000012  -0.001304
      732 0.000012   0.001297
      839 0.000012   0.001288
      902 0.000011  -0.001256
      350 0.000011   0.001255
      634 0.000011  -0.001252
      816 0.000011   0.001246
      705 0.000011   0.001239
      619 0.000011   0.001229
      534 0.000011  -0.001224
     1009 0.000011  -0.001216
      487 0.000011  -0.001203
      555 0.000011   0.001193
      551 0.000011   0.001192
      774 0.000011   0.001175
      233 0.000010   0.001158
      196 0.000010   0.001145
     1047 0.000010   0.001141
      883 0.000010   0.001137
      473 0.000010  -0.001120
euclid. distance of OLC and linear combination of EV * x_coef: 0.009983946808605692

Generate samples based on objective loadcase 13
nr_to_generate: 25

Parameter variation distribution settings
distribution: uniform
low: 0.7
high: 1.3

Total process runtime: 0:00:01.488894
