Date and Time:2023-05-12 14:11:46.347412

Initial Settings:
similarity_model: <function cosine_similarity at 0x000001D005A6E5E0>
similarity_threshold: 1e-05
nr_eigv_to_select: None
distribution: uniform
deviation: 0.3
nr_to_generate: 25
recompute: False

Selected eigenvectors and similarity score w.r.t objective loadcase:
objective_loadcase_nr: 269
similarity_model: cosine_similarity
similarity_threshold: 1e-05
nr_eigv_to_select: None
nr_eigv_selected: 461
approximation parameter model: lstsq
similarity score and approx. param. value
:  eigv_idx    score      value
        3 0.593811  34.350893
        2 0.512446 -29.644041
        1 0.510955  29.557815
        0 0.349585  20.222863
       39 0.027104   1.567902
        6 0.023132   1.338167
        4 0.012929   0.747941
      639 0.003152   0.182318
      218 0.002390  -0.138266
       68 0.001997  -0.115510
      593 0.001956  -0.113153
      586 0.001838   0.106336
      612 0.001808  -0.104606
      186 0.001805  -0.104392
      710 0.001612  -0.093238
      595 0.001201   0.069466
      187 0.001188  -0.068744
      143 0.001160   0.067124
      716 0.001085   0.062767
      626 0.001040   0.060136
      663 0.001019  -0.058935
      618 0.001009   0.058392
      668 0.000998   0.057752
      686 0.000929  -0.053738
      749 0.000904  -0.052315
      388 0.000846  -0.048967
      688 0.000793  -0.045893
      194 0.000787   0.045508
      659 0.000727  -0.042033
      599 0.000713   0.041257
      617 0.000707   0.040921
      621 0.000692  -0.040028
      562 0.000672  -0.038857
      582 0.000669  -0.038698
      635 0.000655   0.037867
      670 0.000654   0.037809
      704 0.000643  -0.037206
      578 0.000579   0.033504
      183 0.000578   0.033423
      341 0.000571   0.033024
      718 0.000558  -0.032255
      733 0.000548   0.031702
      567 0.000540  -0.031243
      606 0.000528  -0.030521
      735 0.000519  -0.030051
      577 0.000519  -0.030035
      602 0.000496  -0.028703
      708 0.000483   0.027953
      579 0.000477   0.027610
      267 0.000466  -0.026954
      698 0.000461  -0.026682
      153 0.000451   0.026112
      696 0.000450  -0.026010
      220 0.000446  -0.025779
      253 0.000435  -0.025140
      575 0.000424   0.024545
      258 0.000423  -0.024488
      666 0.000418  -0.024155
      137 0.000414  -0.023965
      709 0.000411  -0.023753
      620 0.000409  -0.023632
      753 0.000401  -0.023169
      174 0.000400   0.023161
      707 0.000383  -0.022155
      601 0.000371   0.021450
       70 0.000366   0.021200
      641 0.000358  -0.020706
      230 0.000345  -0.019981
      756 0.000336  -0.019462
      243 0.000336   0.019451
      848 0.000333  -0.019285
      683 0.000329   0.019011
      412 0.000326  -0.018837
       69 0.000325   0.018807
      759 0.000324  -0.018729
      227 0.000323   0.018713
      583 0.000323  -0.018676
      699 0.000318  -0.018405
      273 0.000315  -0.018247
      763 0.000305   0.017639
      793 0.000301  -0.017426
      853 0.000299  -0.017282
      182 0.000297  -0.017209
      419 0.000297  -0.017188
      700 0.000296   0.017100
      403 0.000285   0.016480
      587 0.000281   0.016250
      807 0.000275   0.015888
      383 0.000274   0.015857
      269 0.000273  -0.015820
      210 0.000273  -0.015811
      631 0.000268  -0.015481
      362 0.000267  -0.015418
      757 0.000266  -0.015364
      741 0.000262   0.015178
      228 0.000260  -0.015015
      726 0.000259  -0.014963
      132 0.000255   0.014740
      239 0.000255   0.014729
      263 0.000254  -0.014700
      235 0.000252  -0.014591
      739 0.000244  -0.014099
      299 0.000239   0.013848
      184 0.000239  -0.013840
      570 0.000239  -0.013834
      750 0.000239   0.013816
       71 0.000224   0.012963
      361 0.000221   0.012773
      787 0.000220   0.012707
      743 0.000213  -0.012321
      857 0.000205  -0.011872
      206 0.000200   0.011560
      818 0.000197  -0.011389
      377 0.000197  -0.011386
      742 0.000197  -0.011370
      204 0.000192   0.011128
      301 0.000189  -0.010934
      824 0.000187   0.010807
      576 0.000183  -0.010558
      427 0.000181  -0.010490
      312 0.000180  -0.010401
      247 0.000179   0.010355
      373 0.000177  -0.010253
      855 0.000177  -0.010215
      564 0.000172  -0.009975
      549 0.000171  -0.009885
      795 0.000169   0.009804
      400 0.000168  -0.009740
      223 0.000168   0.009729
      199 0.000168  -0.009724
      658 0.000167   0.009671
      591 0.000167   0.009665
      392 0.000167   0.009654
      604 0.000167  -0.009650
      859 0.000165   0.009531
      553 0.000164  -0.009480
      829 0.000162   0.009353
      800 0.000161  -0.009290
      175 0.000160  -0.009236
      775 0.000159   0.009227
      337 0.000159  -0.009193
      770 0.000158   0.009129
      290 0.000158   0.009122
      580 0.000156  -0.009020
      369 0.000154   0.008908
      778 0.000153  -0.008872
      277 0.000152   0.008780
      332 0.000152  -0.008778
      711 0.000148   0.008575
      667 0.000148   0.008535
      790 0.000147   0.008530
      784 0.000144  -0.008310
      665 0.000141  -0.008161
      275 0.000140  -0.008095
      585 0.000139  -0.008038
      179 0.000137   0.007899
      628 0.000136   0.007845
      605 0.000135  -0.007837
      736 0.000132  -0.007650
      241 0.000132   0.007613
      616 0.000132  -0.007611
      828 0.000131  -0.007569
      574 0.000130  -0.007547
      820 0.000130  -0.007510
      271 0.000127   0.007350
      941 0.000125  -0.007242
      279 0.000123  -0.007095
      808 0.000121   0.007005
      171 0.000120  -0.006921
      566 0.000118   0.006832
      298 0.000118  -0.006815
      234 0.000117   0.006764
      557 0.000116  -0.006728
      423 0.000115  -0.006669
      329 0.000115  -0.006666
      251 0.000115  -0.006647
      255 0.000114  -0.006615
      431 0.000114  -0.006597
      769 0.000113   0.006543
      762 0.000112  -0.006490
      864 0.000111   0.006394
      380 0.000109   0.006317
      697 0.000108   0.006263
      773 0.000108   0.006225
      354 0.000107   0.006192
      687 0.000106   0.006152
      943 0.000106   0.006127
      355 0.000106   0.006114
      201 0.000105  -0.006084
      294 0.000104  -0.006036
      744 0.000104  -0.006010
      398 0.000104  -0.006001
      690 0.000104   0.005993
      884 0.000101  -0.005834
      645 0.000100   0.005810
      257 0.000099  -0.005747
      801 0.000099  -0.005746
      728 0.000098  -0.005691
      638 0.000098  -0.005653
       88 0.000096  -0.005526
      799 0.000094  -0.005463
      321 0.000092  -0.005302
      600 0.000092  -0.005297
      217 0.000091  -0.005250
      880 0.000091   0.005239
      353 0.000090  -0.005193
      782 0.000089  -0.005120
      908 0.000088  -0.005113
      367 0.000088   0.005100
      815 0.000088  -0.005066
      734 0.000088  -0.005063
      684 0.000087  -0.005032
      436 0.000086   0.004995
      356 0.000086  -0.004986
      569 0.000083   0.004816
      295 0.000083  -0.004815
      611 0.000083  -0.004782
       93 0.000083  -0.004775
      589 0.000082  -0.004760
      292 0.000082  -0.004746
      847 0.000082   0.004720
      107 0.000081  -0.004682
      325 0.000081  -0.004670
      948 0.000078   0.004531
      629 0.000078  -0.004511
      870 0.000078  -0.004510
      843 0.000078  -0.004487
      694 0.000077   0.004480
      285 0.000077   0.004440
      281 0.000075   0.004356
      974 0.000074   0.004289
      937 0.000074  -0.004265
      308 0.000074  -0.004259
      594 0.000074  -0.004258
      723 0.000073  -0.004217
      860 0.000073  -0.004212
      581 0.000073  -0.004209
      844 0.000073  -0.004201
      840 0.000072  -0.004173
      342 0.000072   0.004138
      823 0.000071   0.004119
      104 0.000070   0.004057
      573 0.000070   0.004044
      262 0.000068  -0.003960
       91 0.000068  -0.003960
      826 0.000067  -0.003889
      978 0.000065   0.003752
      552 0.000065  -0.003752
      266 0.000065  -0.003747
      283 0.000064   0.003719
      654 0.000064   0.003690
      894 0.000063  -0.003657
      319 0.000063   0.003635
      874 0.000062  -0.003594
      765 0.000062   0.003583
      302 0.000061  -0.003548
      780 0.000061   0.003538
      792 0.000061   0.003522
      560 0.000061  -0.003520
      632 0.000061   0.003520
      261 0.000061  -0.003510
      722 0.000060  -0.003478
      701 0.000059  -0.003427
      539 0.000057   0.003311
      291 0.000057   0.003310
      386 0.000057   0.003273
      289 0.000056   0.003246
      278 0.000056   0.003222
      590 0.000054  -0.003152
      627 0.000054   0.003144
      390 0.000054   0.003137
      957 0.000054   0.003127
      614 0.000054   0.003113
      428 0.000053   0.003066
      572 0.000053  -0.003054
     1005 0.000052   0.003030
      964 0.000052   0.003028
      323 0.000052  -0.003024
      935 0.000052  -0.003023
     1095 0.000052  -0.003020
      913 0.000052  -0.002992
      545 0.000051  -0.002973
      318 0.000051  -0.002956
      596 0.000051  -0.002955
      414 0.000050   0.002913
      798 0.000050  -0.002909
      343 0.000050  -0.002903
      895 0.000050   0.002901
      138 0.000050  -0.002886
      413 0.000050  -0.002873
      988 0.000050  -0.002864
      268 0.000049  -0.002853
      169 0.000049  -0.002839
      425 0.000049   0.002822
      315 0.000048   0.002805
      528 0.000048   0.002798
      882 0.000048   0.002765
     1096 0.000048   0.002748
      831 0.000047   0.002743
      805 0.000047  -0.002727
      841 0.000046   0.002671
      833 0.000045  -0.002629
      904 0.000045   0.002617
      950 0.000044  -0.002570
      942 0.000044   0.002546
      535 0.000044   0.002546
      584 0.000044  -0.002535
      313 0.000044  -0.002517
      650 0.000043  -0.002513
      236 0.000043   0.002491
      561 0.000043   0.002468
      789 0.000042   0.002451
      971 0.000041  -0.002399
      842 0.000040  -0.002333
      922 0.000040  -0.002322
      322 0.000040  -0.002320
      821 0.000039  -0.002228
      161 0.000039   0.002227
      838 0.000036  -0.002110
      748 0.000036  -0.002101
      222 0.000036  -0.002094
      244 0.000036  -0.002080
      830 0.000035   0.002048
      407 0.000034  -0.001983
      394 0.000034   0.001968
      955 0.000034   0.001962
      881 0.000034  -0.001946
      491 0.000034   0.001946
     1073 0.000034  -0.001942
      374 0.000033   0.001919
      983 0.000033   0.001919
      921 0.000033  -0.001908
      727 0.000033  -0.001904
      518 0.000033   0.001900
      832 0.000032   0.001855
      198 0.000032  -0.001853
      193 0.000031   0.001817
      488 0.000031   0.001773
      532 0.000030   0.001761
      977 0.000030   0.001751
      597 0.000030  -0.001714
      540 0.000030  -0.001707
      286 0.000029   0.001705
      297 0.000029  -0.001684
      409 0.000029  -0.001664
      794 0.000028   0.001629
      636 0.000028  -0.001619
      649 0.000028  -0.001599
      310 0.000027  -0.001564
      410 0.000027  -0.001542
      592 0.000026   0.001527
      448 0.000026   0.001524
      811 0.000026   0.001524
     1009 0.000026  -0.001521
      898 0.000026   0.001500
      643 0.000026  -0.001500
      475 0.000026  -0.001491
      445 0.000026  -0.001479
      927 0.000026  -0.001477
      524 0.000025  -0.001465
      835 0.000025  -0.001443
      366 0.000025   0.001441
      685 0.000025  -0.001438
      933 0.000025   0.001437
      849 0.000024   0.001407
      740 0.000023   0.001342
      879 0.000023  -0.001339
      526 0.000023   0.001320
      934 0.000023  -0.001304
      959 0.000022  -0.001274
      856 0.000022   0.001271
     1010 0.000022   0.001264
      868 0.000022   0.001263
     1034 0.000022  -0.001260
      810 0.000022   0.001259
     1016 0.000022  -0.001248
      928 0.000021  -0.001243
      839 0.000021   0.001218
      131 0.000021   0.001215
      232 0.000021  -0.001214
     1020 0.000021  -0.001206
      328 0.000021  -0.001203
      530 0.000021   0.001202
     1032 0.000020   0.001176
      646 0.000020   0.001172
     1003 0.000020  -0.001168
      542 0.000020   0.001168
      364 0.000020  -0.001163
      334 0.000020   0.001163
      424 0.000020  -0.001160
      791 0.000020   0.001153
      837 0.000020  -0.001139
      916 0.000019  -0.001102
      479 0.000019   0.001092
      148 0.000019   0.001090
      809 0.000019   0.001080
      514 0.000018   0.001065
      677 0.000018   0.001062
      764 0.000018  -0.001028
      987 0.000018   0.001023
      406 0.000017  -0.000991
     1040 0.000017  -0.000981
      432 0.000017   0.000974
      249 0.000017   0.000970
      608 0.000017  -0.000964
      680 0.000016   0.000948
      536 0.000016  -0.000930
      437 0.000016   0.000928
      316 0.000016  -0.000923
      463 0.000016  -0.000922
      966 0.000016   0.000917
      455 0.000016  -0.000908
      903 0.000015   0.000891
     1001 0.000015  -0.000888
      779 0.000015  -0.000883
      669 0.000015   0.000875
      610 0.000015  -0.000871
      519 0.000015   0.000869
      902 0.000015  -0.000863
      502 0.000015   0.000858
      803 0.000015   0.000855
      512 0.000015  -0.000840
      994 0.000014  -0.000837
      714 0.000014  -0.000816
      713 0.000014   0.000811
      384 0.000014  -0.000805
      984 0.000013  -0.000768
      802 0.000013   0.000764
      899 0.000013  -0.000744
      732 0.000013   0.000739
      458 0.000013   0.000733
      949 0.000013   0.000732
      489 0.000012   0.000720
      245 0.000012  -0.000719
      938 0.000012   0.000693
     1025 0.000012   0.000686
      382 0.000012  -0.000685
      450 0.000012  -0.000680
      814 0.000012   0.000673
      681 0.000012  -0.000666
      760 0.000011  -0.000661
      505 0.000011   0.000654
      662 0.000011  -0.000652
      254 0.000011   0.000651
      248 0.000011   0.000649
     1017 0.000011   0.000646
      397 0.000011  -0.000639
      324 0.000011  -0.000634
      226 0.000011   0.000629
      357 0.000011  -0.000626
      359 0.000011   0.000619
      188 0.000011  -0.000616
      238 0.000011  -0.000609
      952 0.000011  -0.000608
      772 0.000010  -0.000605
      225 0.000010   0.000604
      487 0.000010  -0.000594
      333 0.000010  -0.000589
      402 0.000010  -0.000586
      603 0.000010   0.000585
      588 0.000010   0.000585
euclid. distance of OLC and linear combination of EV * x_coef: 0.004665133533521032

Generate samples based on objective loadcase 269
nr_to_generate: 25

Parameter variation distribution settings
distribution: uniform
low: 0.7
high: 1.3

Total process runtime: 0:00:01.280818
