Date and Time:2023-05-12 14:08:57.141062

Initial Settings:
similarity_model: <function cosine_similarity at 0x000001D005A6E5E0>
similarity_threshold: 1e-05
nr_eigv_to_select: None
distribution: uniform
deviation: 0.3
nr_to_generate: 25
recompute: False

Selected eigenvectors and similarity score w.r.t objective loadcase:
objective_loadcase_nr: 142
similarity_model: cosine_similarity
similarity_threshold: 1e-05
nr_eigv_to_select: None
nr_eigv_selected: 466
approximation parameter model: lstsq
similarity score and approx. param. value
:  eigv_idx    score      value
        3 0.592671  35.168935
        2 0.514605 -30.536530
        1 0.510379  30.285762
        0 0.349068  20.713617
       39 0.027846   1.652355
        6 0.024020   1.425361
        4 0.012956   0.768802
      639 0.003248   0.192706
      218 0.002464  -0.146217
      593 0.002013  -0.119450
      586 0.001890   0.112146
      612 0.001867  -0.110792
      186 0.001822  -0.108095
       68 0.001763  -0.104588
      710 0.001589  -0.094307
      595 0.001234   0.073200
      187 0.001201  -0.071255
      716 0.001099   0.065209
      143 0.001065   0.063176
      626 0.001062   0.063023
      663 0.001050  -0.062319
      618 0.001006   0.059683
      668 0.000990   0.058762
      686 0.000913  -0.054166
      749 0.000881  -0.052267
      388 0.000870  -0.051644
      194 0.000797   0.047279
      688 0.000780  -0.046298
      599 0.000735   0.043618
      659 0.000721  -0.042762
      621 0.000708  -0.042022
      617 0.000701   0.041609
      562 0.000692  -0.041083
      582 0.000690  -0.040968
      635 0.000676   0.040124
      670 0.000666   0.039497
      704 0.000643  -0.038176
      578 0.000594   0.035247
      341 0.000586   0.034773
      183 0.000576   0.034202
      718 0.000563  -0.033415
      733 0.000559   0.033191
      567 0.000553  -0.032817
      606 0.000542  -0.032161
      577 0.000530  -0.031458
      602 0.000512  -0.030380
      735 0.000508  -0.030133
      267 0.000482  -0.028606
      708 0.000478   0.028361
      579 0.000475   0.028214
      698 0.000469  -0.027837
      220 0.000454  -0.026924
      696 0.000451  -0.026748
      153 0.000447   0.026518
      253 0.000443  -0.026263
      575 0.000438   0.025975
      258 0.000436  -0.025844
      620 0.000417  -0.024769
      666 0.000412  -0.024452
      753 0.000407  -0.024128
      709 0.000405  -0.024044
      174 0.000400   0.023717
      707 0.000385  -0.022842
      601 0.000380   0.022520
       69 0.000369   0.021884
      641 0.000368  -0.021809
      137 0.000364  -0.021601
      230 0.000361  -0.021421
      683 0.000344   0.020427
      848 0.000342  -0.020294
      227 0.000338   0.020030
      412 0.000334  -0.019830
      583 0.000331  -0.019643
      756 0.000330  -0.019579
      273 0.000324  -0.019255
       70 0.000324   0.019232
      699 0.000322  -0.019117
      759 0.000321  -0.019026
      243 0.000312   0.018514
      793 0.000309  -0.018342
      763 0.000306   0.018160
      419 0.000306  -0.018139
      700 0.000303   0.017983
      853 0.000293  -0.017396
      403 0.000293   0.017388
      587 0.000290   0.017187
      182 0.000287  -0.017012
      807 0.000286   0.016984
      269 0.000282  -0.016762
      210 0.000281  -0.016702
      383 0.000280   0.016639
      631 0.000280  -0.016593
       71 0.000272   0.016169
      235 0.000266  -0.015813
      362 0.000265  -0.015754
      239 0.000264   0.015640
      263 0.000263  -0.015634
      757 0.000262  -0.015565
      741 0.000257   0.015224
      726 0.000253  -0.014989
      299 0.000247   0.014642
      570 0.000244  -0.014503
      739 0.000239  -0.014183
      750 0.000233   0.013851
      132 0.000232   0.013760
      228 0.000232  -0.013738
      184 0.000230  -0.013651
      361 0.000228   0.013538
      743 0.000217  -0.012857
      787 0.000208   0.012366
      206 0.000207   0.012276
      377 0.000204  -0.012126
      857 0.000199  -0.011800
      742 0.000198  -0.011750
      818 0.000196  -0.011608
      301 0.000194  -0.011524
      204 0.000191   0.011355
      427 0.000186  -0.011062
      312 0.000184  -0.010934
      855 0.000184  -0.010932
      824 0.000183   0.010886
      373 0.000183  -0.010855
      247 0.000183   0.010853
      576 0.000180  -0.010672
      564 0.000177  -0.010498
      549 0.000176  -0.010451
      795 0.000173   0.010292
      604 0.000172  -0.010235
      223 0.000171   0.010174
      591 0.000171   0.010120
      392 0.000170   0.010112
      800 0.000168  -0.009949
      199 0.000168  -0.009940
      400 0.000167  -0.009931
      658 0.000167   0.009918
      553 0.000167  -0.009881
      290 0.000163   0.009670
      337 0.000163  -0.009649
      775 0.000161   0.009556
      580 0.000160  -0.009492
      175 0.000159  -0.009437
      859 0.000158   0.009401
      829 0.000157   0.009320
      778 0.000156  -0.009279
      332 0.000155  -0.009218
      369 0.000155   0.009180
      770 0.000150   0.008927
      667 0.000150   0.008875
      784 0.000149  -0.008819
      711 0.000148   0.008778
      275 0.000146  -0.008683
      277 0.000143   0.008469
      665 0.000142  -0.008423
      790 0.000142   0.008402
      828 0.000138  -0.008206
      585 0.000138  -0.008197
      820 0.000138  -0.008161
      628 0.000136   0.008047
      736 0.000135  -0.008024
      179 0.000135   0.008005
      605 0.000134  -0.007964
      574 0.000134  -0.007963
      616 0.000132  -0.007862
      941 0.000131  -0.007796
      808 0.000126   0.007474
      241 0.000125   0.007389
      279 0.000124  -0.007365
      298 0.000122  -0.007219
      329 0.000121  -0.007186
      557 0.000120  -0.007138
      271 0.000119   0.007043
      423 0.000119  -0.007040
      431 0.000117  -0.006969
      566 0.000117   0.006948
      171 0.000116  -0.006875
      769 0.000115   0.006837
      255 0.000114  -0.006754
      355 0.000112   0.006667
      354 0.000112   0.006642
      762 0.000111  -0.006606
      687 0.000110   0.006504
      201 0.000109  -0.006497
      294 0.000108  -0.006391
      697 0.000108   0.006382
      380 0.000107   0.006374
      744 0.000107  -0.006367
      251 0.000107  -0.006346
      864 0.000106   0.006319
      645 0.000106   0.006273
      234 0.000105   0.006246
      398 0.000105  -0.006208
      257 0.000103  -0.006114
      690 0.000102   0.006070
       88 0.000102  -0.006034
      773 0.000102   0.006024
      943 0.000101   0.006021
      799 0.000099  -0.005853
      728 0.000097  -0.005744
      638 0.000097  -0.005737
      217 0.000096  -0.005722
      321 0.000094  -0.005593
      884 0.000094  -0.005580
      908 0.000093  -0.005497
      600 0.000092  -0.005435
      815 0.000092  -0.005430
      367 0.000090   0.005331
      684 0.000089  -0.005284
      782 0.000088  -0.005246
      353 0.000087  -0.005188
      436 0.000086   0.005112
      569 0.000086   0.005107
      801 0.000086  -0.005092
      295 0.000086  -0.005089
       93 0.000086  -0.005081
      734 0.000086  -0.005074
      611 0.000085  -0.005066
      880 0.000084   0.004988
      325 0.000084  -0.004977
      292 0.000083  -0.004920
      948 0.000083   0.004919
      285 0.000083   0.004915
      356 0.000082  -0.004860
      847 0.000080   0.004772
      974 0.000078   0.004635
      937 0.000078  -0.004618
      589 0.000077  -0.004556
      860 0.000077  -0.004552
      840 0.000076  -0.004530
      694 0.000076   0.004522
      843 0.000076  -0.004519
      107 0.000076  -0.004486
      844 0.000075  -0.004461
      573 0.000075   0.004437
      281 0.000074   0.004421
      594 0.000074  -0.004409
      581 0.000074  -0.004403
      629 0.000074  -0.004383
      104 0.000073   0.004361
      723 0.000073  -0.004346
      870 0.000073  -0.004330
      342 0.000072   0.004263
      266 0.000071  -0.004238
      823 0.000070   0.004182
      978 0.000068   0.004047
      654 0.000066   0.003927
      283 0.000066   0.003924
      308 0.000066  -0.003921
      262 0.000066  -0.003895
      261 0.000066  -0.003893
      826 0.000065  -0.003883
      552 0.000065  -0.003833
      319 0.000063   0.003746
      792 0.000062   0.003703
      780 0.000062   0.003694
      560 0.000062  -0.003687
      302 0.000061  -0.003639
      701 0.000060  -0.003575
      722 0.000060  -0.003547
      765 0.000059   0.003517
      632 0.000059   0.003490
      539 0.000059   0.003488
      894 0.000058  -0.003448
      289 0.000058   0.003435
       91 0.000058  -0.003432
      291 0.000057   0.003395
      874 0.000057  -0.003386
      390 0.000056   0.003333
      386 0.000056   0.003298
     1095 0.000055  -0.003287
      318 0.000055  -0.003275
     1005 0.000055   0.003274
      138 0.000055  -0.003259
      572 0.000055  -0.003241
      590 0.000054  -0.003231
      913 0.000054  -0.003217
      323 0.000054  -0.003198
      428 0.000053   0.003131
      627 0.000053   0.003130
      895 0.000053   0.003123
      268 0.000052  -0.003074
      545 0.000052  -0.003058
      935 0.000051  -0.003041
      957 0.000051   0.003030
      882 0.000051   0.003029
      278 0.000051   0.003023
      614 0.000051   0.003001
      414 0.000050   0.002967
      528 0.000050   0.002953
      315 0.000050   0.002946
      413 0.000050  -0.002941
      343 0.000049  -0.002936
      425 0.000049   0.002914
      831 0.000049   0.002890
      584 0.000049  -0.002882
      798 0.000048  -0.002839
      596 0.000047  -0.002809
      964 0.000047   0.002804
      169 0.000047  -0.002791
      988 0.000046  -0.002714
      535 0.000045   0.002680
      841 0.000044   0.002627
     1096 0.000044   0.002602
      789 0.000043   0.002579
      833 0.000043  -0.002575
      561 0.000043   0.002554
      313 0.000042  -0.002519
      922 0.000042  -0.002497
      942 0.000042   0.002492
      650 0.000042  -0.002474
      821 0.000041  -0.002448
      322 0.000041  -0.002448
      950 0.000041  -0.002429
      842 0.000041  -0.002423
      805 0.000041  -0.002407
      904 0.000040   0.002391
      971 0.000040  -0.002344
      244 0.000039  -0.002324
      830 0.000038   0.002281
      748 0.000038  -0.002249
      193 0.000038   0.002241
      161 0.000037   0.002174
      955 0.000036   0.002146
      838 0.000036  -0.002145
      881 0.000035  -0.002091
     1073 0.000035  -0.002063
      491 0.000035   0.002053
      518 0.000034   0.002006
      407 0.000034  -0.002002
      236 0.000034   0.001993
      374 0.000033   0.001970
      394 0.000033   0.001934
      921 0.000032  -0.001918
      727 0.000032  -0.001915
      488 0.000032   0.001870
      983 0.000031   0.001868
      532 0.000031   0.001858
      198 0.000030  -0.001797
      643 0.000030  -0.001796
      832 0.000030   0.001770
      977 0.000029   0.001741
      540 0.000029  -0.001734
      597 0.000029  -0.001702
      409 0.000029  -0.001696
      286 0.000028   0.001664
      636 0.000028  -0.001654
      297 0.000028  -0.001640
      794 0.000028   0.001637
      410 0.000027  -0.001628
      310 0.000027  -0.001583
      835 0.000027  -0.001581
      811 0.000027   0.001577
      475 0.000027  -0.001574
      445 0.000026  -0.001568
      448 0.000026   0.001564
      524 0.000026  -0.001549
      933 0.000026   0.001545
      685 0.000026  -0.001516
      366 0.000025   0.001512
      649 0.000025  -0.001495
      879 0.000025  -0.001489
     1009 0.000025  -0.001483
      364 0.000025  -0.001476
      927 0.000025  -0.001472
      592 0.000025   0.001470
      131 0.000024   0.001449
      849 0.000023   0.001389
      526 0.000023   0.001388
      898 0.000023   0.001385
      740 0.000023   0.001366
      856 0.000023   0.001366
      868 0.000023   0.001356
     1034 0.000023  -0.001355
     1010 0.000023   0.001355
      222 0.000023  -0.001341
      959 0.000023  -0.001338
      928 0.000023  -0.001336
      810 0.000022   0.001317
      934 0.000022  -0.001300
     1032 0.000022   0.001277
      542 0.000021   0.001253
      530 0.000021   0.001233
      791 0.000021   0.001233
      677 0.000020   0.001213
      424 0.000020  -0.001199
     1016 0.000020  -0.001194
      610 0.000020  -0.001192
      479 0.000019   0.001147
      764 0.000019  -0.001140
     1003 0.000019  -0.001135
      514 0.000019   0.001122
     1020 0.000019  -0.001121
      987 0.000019   0.001121
      916 0.000019  -0.001119
      809 0.000019   0.001118
      406 0.000018  -0.001063
      839 0.000017   0.001017
      328 0.000017  -0.001009
      232 0.000017  -0.001002
      646 0.000017   0.000991
      536 0.000017  -0.000990
      432 0.000017   0.000988
      669 0.000017   0.000985
     1001 0.000017  -0.000984
      437 0.000017   0.000982
      463 0.000016  -0.000976
      455 0.000016  -0.000963
      680 0.000016   0.000952
     1040 0.000016  -0.000944
      903 0.000016   0.000932
      333 0.000016  -0.000930
      249 0.000016   0.000929
      779 0.000015  -0.000919
      837 0.000015  -0.000911
      316 0.000015  -0.000908
      148 0.000015   0.000898
      519 0.000015   0.000891
      512 0.000015  -0.000890
      284 0.000015   0.000888
      502 0.000015   0.000881
      713 0.000015   0.000880
      384 0.000015  -0.000874
      334 0.000014   0.000856
      714 0.000014  -0.000844
      382 0.000014  -0.000841
      984 0.000014  -0.000840
      357 0.000014  -0.000827
      225 0.000014   0.000824
      226 0.000014   0.000821
      359 0.000014   0.000820
      966 0.000014   0.000803
      397 0.000013  -0.000787
      803 0.000013   0.000786
      608 0.000013  -0.000786
      732 0.000013   0.000775
      949 0.000013   0.000768
     1025 0.000013   0.000761
      458 0.000013   0.000753
      324 0.000013  -0.000742
      994 0.000012  -0.000739
      489 0.000012   0.000737
      450 0.000012  -0.000722
      902 0.000012  -0.000716
      802 0.000012   0.000711
      209 0.000012   0.000710
      760 0.000012  -0.000709
      814 0.000012   0.000705
     1017 0.000012   0.000703
      245 0.000012  -0.000688
      505 0.000011   0.000670
      776 0.000011  -0.000663
      938 0.000011   0.000662
      188 0.000011  -0.000659
      662 0.000011  -0.000652
      640 0.000011  -0.000628
      899 0.000011  -0.000628
      487 0.000011  -0.000626
      568 0.000010   0.000618
      478 0.000010   0.000608
      603 0.000010   0.000608
      876 0.000010  -0.000602
      634 0.000010  -0.000599
      360 0.000010   0.000599
      863 0.000010   0.000599
      655 0.000010  -0.000598
     1061 0.000010  -0.000595
      461 0.000010   0.000595
euclid. distance of OLC and linear combination of EV * x_coef: 0.0048306554527629605

Generate samples based on objective loadcase 142
nr_to_generate: 25

Parameter variation distribution settings
distribution: uniform
low: 0.7
high: 1.3

Total process runtime: 0:00:01.300815
