Date and Time:2023-05-12 14:12:19.282783

Initial Settings:
similarity_model: <function cosine_similarity at 0x000001D005A6E5E0>
similarity_threshold: 1e-05
nr_eigv_to_select: None
distribution: uniform
deviation: 0.3
nr_to_generate: 25
recompute: False

Selected eigenvectors and similarity score w.r.t objective loadcase:
objective_loadcase_nr: 294
similarity_model: cosine_similarity
similarity_threshold: 1e-05
nr_eigv_to_select: None
nr_eigv_selected: 466
approximation parameter model: lstsq
similarity score and approx. param. value
:  eigv_idx    score      value
        3 0.592107  29.854853
        2 0.512613 -25.846680
        1 0.511948  25.813164
        0 0.350702  17.682873
       39 0.027326   1.377800
        6 0.024014   1.210824
        4 0.012870   0.648927
      639 0.003183   0.160507
      218 0.002415  -0.121763
      593 0.001971  -0.099368
      586 0.001853   0.093415
      612 0.001835  -0.092511
       68 0.001834  -0.092466
      186 0.001818  -0.091668
      710 0.001611  -0.081214
      595 0.001208   0.060907
      187 0.001204  -0.060726
      716 0.001108   0.055875
      143 0.001079   0.054428
      626 0.001039   0.052403
      663 0.001028  -0.051844
      618 0.001015   0.051165
      668 0.001000   0.050406
      686 0.000927  -0.046765
      749 0.000892  -0.044971
      388 0.000856  -0.043152
      194 0.000801   0.040368
      688 0.000792  -0.039958
      659 0.000731  -0.036846
      599 0.000722   0.036425
      617 0.000701   0.035361
      621 0.000687  -0.034629
      562 0.000678  -0.034204
      582 0.000668  -0.033661
      670 0.000658   0.033194
      635 0.000657   0.033111
      704 0.000646  -0.032590
      183 0.000600   0.030267
      578 0.000599   0.030220
      341 0.000571   0.028802
      718 0.000558  -0.028136
      733 0.000553   0.027875
      567 0.000544  -0.027427
      606 0.000536  -0.027012
      577 0.000533  -0.026871
      602 0.000519  -0.026148
      735 0.000515  -0.025962
      708 0.000489   0.024646
      579 0.000483   0.024359
      267 0.000475  -0.023930
      698 0.000464  -0.023402
      696 0.000449  -0.022659
      253 0.000449  -0.022634
      220 0.000447  -0.022534
      153 0.000433   0.021813
      258 0.000430  -0.021685
      666 0.000427  -0.021521
      620 0.000424  -0.021367
      575 0.000414   0.020877
      709 0.000411  -0.020700
      753 0.000399  -0.020110
      174 0.000398   0.020083
      707 0.000373  -0.018799
      137 0.000364  -0.018334
      641 0.000364  -0.018333
      601 0.000361   0.018223
      230 0.000352  -0.017765
      848 0.000348  -0.017537
       69 0.000343   0.017282
       70 0.000336   0.016946
      412 0.000333  -0.016801
      683 0.000331   0.016685
      756 0.000331  -0.016665
      583 0.000330  -0.016639
      227 0.000330   0.016627
      699 0.000320  -0.016123
      273 0.000318  -0.016028
      243 0.000314   0.015835
      759 0.000312  -0.015744
      700 0.000306   0.015424
      419 0.000303  -0.015255
      763 0.000299   0.015099
      793 0.000298  -0.015042
      853 0.000297  -0.014971
      210 0.000287  -0.014480
      807 0.000285   0.014388
      383 0.000285   0.014374
      269 0.000284  -0.014340
      587 0.000282   0.014237
      403 0.000280   0.014132
      235 0.000276  -0.013939
      182 0.000274  -0.013805
      631 0.000268  -0.013523
      362 0.000265  -0.013383
      757 0.000265  -0.013373
      741 0.000259   0.013061
      726 0.000254  -0.012798
      184 0.000252  -0.012700
      570 0.000250  -0.012583
      263 0.000247  -0.012443
       71 0.000246   0.012389
      299 0.000244   0.012293
      239 0.000243   0.012257
      739 0.000243  -0.012233
      228 0.000241  -0.012134
      750 0.000238   0.011988
      132 0.000230   0.011577
      206 0.000223   0.011268
      204 0.000223   0.011262
      787 0.000212   0.010708
      743 0.000211  -0.010629
      818 0.000206  -0.010367
      857 0.000201  -0.010146
      377 0.000200  -0.010090
      549 0.000194  -0.009796
      742 0.000191  -0.009647
      301 0.000191  -0.009610
      427 0.000187  -0.009420
      361 0.000184   0.009290
      369 0.000184   0.009281
      824 0.000184   0.009264
      199 0.000182  -0.009165
      312 0.000181  -0.009130
      576 0.000180  -0.009100
      247 0.000179   0.009020
      564 0.000178  -0.008988
      223 0.000174   0.008783
      392 0.000174   0.008779
      337 0.000174  -0.008770
      795 0.000171   0.008636
      591 0.000169   0.008519
      373 0.000168  -0.008488
      400 0.000168  -0.008461
      800 0.000165  -0.008306
      859 0.000162   0.008163
      855 0.000161  -0.008140
      658 0.000161   0.008124
      604 0.000160  -0.008092
      778 0.000158  -0.007983
      553 0.000158  -0.007971
      580 0.000158  -0.007959
      290 0.000158   0.007954
      175 0.000157  -0.007915
      775 0.000156   0.007873
      829 0.000156   0.007842
      275 0.000154  -0.007761
      332 0.000153  -0.007734
      770 0.000152   0.007681
      665 0.000152  -0.007664
      277 0.000145   0.007315
      241 0.000144   0.007250
      711 0.000143   0.007225
      784 0.000143  -0.007205
      790 0.000139   0.007033
      628 0.000137   0.006924
      667 0.000137   0.006890
      605 0.000137  -0.006887
      356 0.000134  -0.006766
      828 0.000134  -0.006762
      585 0.000134  -0.006738
      179 0.000132   0.006656
      820 0.000131  -0.006601
      616 0.000130  -0.006557
      574 0.000129  -0.006500
      762 0.000127  -0.006429
      941 0.000127  -0.006379
      687 0.000124   0.006273
      736 0.000121  -0.006124
      279 0.000120  -0.006032
      354 0.000119   0.006018
      171 0.000119  -0.005990
      380 0.000119   0.005983
      423 0.000118  -0.005932
      431 0.000118  -0.005929
      298 0.000117  -0.005889
      769 0.000116   0.005845
      201 0.000114  -0.005749
      271 0.000112   0.005637
      773 0.000111   0.005601
      398 0.000110  -0.005540
      697 0.000109   0.005520
      329 0.000109  -0.005509
      864 0.000108   0.005469
      808 0.000108   0.005467
      744 0.000108  -0.005452
      728 0.000107  -0.005398
      255 0.000106  -0.005370
      557 0.000106  -0.005366
      943 0.000104   0.005245
      251 0.000101  -0.005102
      234 0.000101   0.005085
      295 0.000101  -0.005079
      566 0.000100   0.005025
      217 0.000099  -0.004994
      801 0.000098  -0.004953
      257 0.000098  -0.004928
      884 0.000097  -0.004877
      690 0.000095   0.004790
      321 0.000095  -0.004790
      638 0.000095  -0.004775
      799 0.000093  -0.004677
      600 0.000092  -0.004636
      294 0.000092  -0.004636
      629 0.000092  -0.004631
       88 0.000091  -0.004606
      353 0.000090  -0.004562
      815 0.000090  -0.004546
      908 0.000090  -0.004533
      684 0.000090  -0.004528
      645 0.000089   0.004483
      782 0.000089  -0.004475
      107 0.000088  -0.004438
      880 0.000087   0.004401
      436 0.000087   0.004394
      611 0.000083  -0.004164
      325 0.000081  -0.004088
       93 0.000081  -0.004086
      948 0.000080   0.004053
      569 0.000080   0.004036
      847 0.000079   0.003992
      589 0.000079  -0.003989
      843 0.000078  -0.003944
      581 0.000076  -0.003855
      974 0.000076   0.003838
      734 0.000076  -0.003832
      308 0.000076  -0.003823
      937 0.000076  -0.003809
      355 0.000075   0.003796
      281 0.000075   0.003782
      262 0.000075  -0.003779
      594 0.000075  -0.003779
      840 0.000075  -0.003778
      870 0.000075  -0.003777
      844 0.000074  -0.003750
      285 0.000074   0.003741
      573 0.000074   0.003739
      292 0.000073  -0.003706
      860 0.000073  -0.003687
      792 0.000072   0.003627
      826 0.000071  -0.003595
      266 0.000070  -0.003541
      561 0.000070   0.003536
      343 0.000070  -0.003509
      367 0.000069   0.003484
       91 0.000069  -0.003475
      654 0.000068   0.003419
      823 0.000067   0.003403
      694 0.000067   0.003399
      319 0.000067   0.003385
      261 0.000066  -0.003339
      978 0.000066   0.003325
      289 0.000066   0.003318
      283 0.000065   0.003261
      614 0.000064   0.003231
      722 0.000064  -0.003207
      572 0.000062  -0.003132
      302 0.000062  -0.003121
      765 0.000061   0.003093
      291 0.000060   0.003044
      894 0.000060  -0.003033
      748 0.000060  -0.003024
      138 0.000060  -0.003004
      413 0.000059  -0.002985
      627 0.000059   0.002983
      723 0.000059  -0.002965
      874 0.000059  -0.002959
      104 0.000058   0.002943
      780 0.000058   0.002943
      539 0.000057   0.002895
      632 0.000057   0.002882
      386 0.000056   0.002821
      560 0.000055  -0.002755
     1005 0.000054   0.002725
      425 0.000054   0.002720
      545 0.000054  -0.002716
      315 0.000054   0.002706
      342 0.000054   0.002701
      198 0.000054  -0.002698
     1095 0.000053  -0.002697
      957 0.000053   0.002696
      428 0.000053   0.002676
      841 0.000053   0.002660
      913 0.000053  -0.002659
      278 0.000052   0.002633
      935 0.000052  -0.002623
      590 0.000052  -0.002615
      895 0.000052   0.002599
      161 0.000052   0.002599
      323 0.000051  -0.002567
      414 0.000050   0.002509
      528 0.000049   0.002480
      964 0.000049   0.002472
      882 0.000049   0.002455
      798 0.000048  -0.002416
      988 0.000047  -0.002390
      904 0.000047   0.002367
      268 0.000047  -0.002366
      650 0.000047  -0.002364
      244 0.000047  -0.002350
      833 0.000047  -0.002347
      584 0.000047  -0.002347
      552 0.000046  -0.002330
      596 0.000046  -0.002304
     1096 0.000045   0.002290
      831 0.000045   0.002263
      535 0.000045   0.002255
      701 0.000044  -0.002238
      852 0.000044   0.002233
      608 0.000043  -0.002171
      169 0.000043  -0.002166
      830 0.000043   0.002160
      950 0.000043  -0.002159
      322 0.000043  -0.002154
      942 0.000043   0.002147
      821 0.000042  -0.002112
      318 0.000041  -0.002088
      364 0.000041   0.002069
      922 0.000041  -0.002056
      842 0.000041  -0.002052
      971 0.000040  -0.002019
      236 0.000040   0.002015
      390 0.000040   0.001995
      407 0.000039  -0.001989
      649 0.000038  -0.001939
      313 0.000038  -0.001923
      193 0.000036   0.001806
      835 0.000035  -0.001758
     1073 0.000034  -0.001720
      955 0.000034   0.001707
      518 0.000034   0.001706
      881 0.000034  -0.001704
      491 0.000033   0.001689
      286 0.000033   0.001685
      921 0.000033  -0.001669
      983 0.000033   0.001652
      394 0.000033   0.001643
      297 0.000031  -0.001577
      532 0.000030   0.001537
      977 0.000030   0.001521
      409 0.000030  -0.001519
      374 0.000030   0.001511
      597 0.000030  -0.001506
      540 0.000030  -0.001501
      488 0.000030   0.001500
      832 0.000029   0.001479
      131 0.000029   0.001464
      445 0.000028  -0.001426
      310 0.000028  -0.001396
      222 0.000027  -0.001383
      838 0.000027  -0.001362
      789 0.000027   0.001361
      410 0.000027  -0.001354
      448 0.000027   0.001346
      794 0.000026   0.001335
      359 0.000026  -0.001331
      755 0.000026  -0.001309
      636 0.000026  -0.001305
     1009 0.000026  -0.001301
      677 0.000026   0.001300
      592 0.000025   0.001285
      933 0.000025   0.001278
      927 0.000025  -0.001274
      849 0.000025  -0.001272
      475 0.000025  -0.001271
      524 0.000025  -0.001271
      779 0.000025  -0.001246
      406 0.000025   0.001245
      938 0.000025   0.001241
      879 0.000024  -0.001231
      148 0.000024   0.001231
      805 0.000024  -0.001224
      740 0.000024   0.001221
      226 0.000024  -0.001214
      225 0.000024  -0.001196
      804 0.000023  -0.001179
     1034 0.000023  -0.001170
      526 0.000023   0.001167
      646 0.000023   0.001164
      959 0.000023  -0.001138
      934 0.000022  -0.001127
     1010 0.000022   0.001119
      424 0.000022  -0.001116
      928 0.000022  -0.001097
      868 0.000022   0.001094
      727 0.000021  -0.001077
      898 0.000021   0.001073
      542 0.000021   0.001066
      402 0.000021   0.001065
      530 0.000021   0.001061
      856 0.000021   0.001053
     1016 0.000021  -0.001052
      803 0.000021   0.001049
     1032 0.000021   0.001039
      366 0.000020   0.001027
      346 0.000020   0.000997
     1020 0.000020  -0.000995
     1003 0.000020  -0.000990
      802 0.000019   0.000983
      916 0.000019  -0.000970
      899 0.000019   0.000963
      809 0.000019   0.000955
      360 0.000019  -0.000948
      357 0.000019   0.000942
      987 0.000018   0.000921
      514 0.000018   0.000917
      598 0.000018   0.000916
      479 0.000018   0.000907
      811 0.000018   0.000891
      702 0.000018  -0.000890
      328 0.000017  -0.000881
      249 0.000017   0.000863
      437 0.000017   0.000855
      764 0.000017  -0.000849
      685 0.000017  -0.000842
      248 0.000017  -0.000836
     1040 0.000016  -0.000831
      675 0.000016   0.000814
      455 0.000016  -0.000811
      463 0.000016  -0.000807
      536 0.000016  -0.000805
      432 0.000016   0.000799
     1001 0.000016  -0.000798
      502 0.000016   0.000796
      837 0.000016   0.000792
      903 0.000015   0.000781
      519 0.000015   0.000774
      568 0.000015  -0.000774
      949 0.000015   0.000746
      902 0.000015   0.000744
      776 0.000015  -0.000743
      397 0.000015  -0.000736
      714 0.000015  -0.000735
      512 0.000014  -0.000729
      966 0.000014   0.000727
      662 0.000014  -0.000721
      240 0.000014   0.000721
      729 0.000014   0.000717
      984 0.000014  -0.000708
      746 0.000014  -0.000707
      732 0.000014   0.000687
      256 0.000013  -0.000677
      643 0.000013  -0.000664
      994 0.000013  -0.000663
      489 0.000013   0.000661
      505 0.000013   0.000656
      324 0.000013  -0.000648
      458 0.000013   0.000640
       98 0.000012  -0.000623
      450 0.000012  -0.000621
      610 0.000012  -0.000615
     1025 0.000012   0.000614
      810 0.000012   0.000610
      887 0.000012   0.000602
     1017 0.000012   0.000591
      237 0.000012  -0.000588
      296 0.000012   0.000585
      478 0.000011   0.000579
      320 0.000011  -0.000572
      747 0.000011  -0.000571
      640 0.000011  -0.000561
      760 0.000011  -0.000560
      316 0.000011  -0.000559
      693 0.000011  -0.000557
      888 0.000011   0.000546
      839 0.000011  -0.000545
      772 0.000010  -0.000521
euclid. distance of OLC and linear combination of EV * x_coef: 0.0046406705239508475

Generate samples based on objective loadcase 294
nr_to_generate: 25

Parameter variation distribution settings
distribution: uniform
low: 0.7
high: 1.3

Total process runtime: 0:00:01.300563
