Date and Time:2023-05-12 14:12:12.494076

Initial Settings:
similarity_model: <function cosine_similarity at 0x000001D005A6E5E0>
similarity_threshold: 1e-05
nr_eigv_to_select: None
distribution: uniform
deviation: 0.3
nr_to_generate: 25
recompute: False

Selected eigenvectors and similarity score w.r.t objective loadcase:
objective_loadcase_nr: 289
similarity_model: cosine_similarity
similarity_threshold: 1e-05
nr_eigv_to_select: None
nr_eigv_selected: 668
approximation parameter model: lstsq
similarity score and approx. param. value
:  eigv_idx    score      value
        3 0.549889  51.102463
        1 0.549683  51.083407
        2 0.488908 -45.435383
        0 0.392139  36.442417
        6 0.045869   4.262708
       39 0.019527   1.814716
        4 0.010575   0.982780
      639 0.003192   0.296598
      186 0.002657  -0.246957
      593 0.001899  -0.176498
      612 0.001843  -0.171257
      187 0.001777  -0.165112
      710 0.001706  -0.158507
      586 0.001684   0.156500
      716 0.001592   0.147978
      218 0.001580  -0.146856
      618 0.001374   0.127667
      668 0.001263   0.117398
      194 0.001163   0.108049
      663 0.001160  -0.107766
      143 0.001118   0.103854
       71 0.001082   0.100573
      595 0.001040   0.096675
       69 0.000996   0.092517
      686 0.000994  -0.092364
      659 0.000935  -0.086924
      749 0.000874  -0.081232
      688 0.000863  -0.080242
      626 0.000813   0.075577
      388 0.000810  -0.075247
      183 0.000807   0.074998
      617 0.000800   0.074375
      599 0.000752   0.069888
      582 0.000703  -0.065323
      635 0.000688   0.063982
      562 0.000673  -0.062513
      579 0.000642   0.059674
      670 0.000614   0.057104
      700 0.000585   0.054399
      174 0.000572   0.053153
      153 0.000572   0.053144
      621 0.000567  -0.052681
      666 0.000558  -0.051875
      708 0.000543   0.050500
      578 0.000534   0.049667
      341 0.000523   0.048617
      733 0.000520   0.048282
      683 0.000516   0.047950
      735 0.000511  -0.047512
      698 0.000508  -0.047200
      602 0.000507  -0.047135
      606 0.000467  -0.043377
      253 0.000455  -0.042326
      718 0.000442  -0.041103
      709 0.000435  -0.040397
      704 0.000428  -0.039733
       68 0.000425  -0.039490
      567 0.000423  -0.039289
      575 0.000422   0.039190
      620 0.000395  -0.036732
      577 0.000378  -0.035168
      210 0.000371  -0.034520
      641 0.000370  -0.034417
      182 0.000369  -0.034328
      228 0.000368  -0.034191
      756 0.000352  -0.032745
      757 0.000343  -0.031865
      699 0.000343  -0.031856
      362 0.000342  -0.031773
      243 0.000337   0.031338
      220 0.000311  -0.028948
      741 0.000305   0.028313
      707 0.000297  -0.027580
      583 0.000296  -0.027479
      267 0.000296  -0.027471
      258 0.000288  -0.026730
      137 0.000285  -0.026477
      848 0.000285  -0.026445
      631 0.000283  -0.026342
      419 0.000282  -0.026250
      412 0.000282  -0.026195
      601 0.000279   0.025966
      853 0.000279  -0.025936
      807 0.000276   0.025611
      739 0.000271  -0.025229
      184 0.000270  -0.025136
      696 0.000266  -0.024679
      787 0.000258   0.023954
      587 0.000257   0.023838
      204 0.000253   0.023511
      403 0.000250   0.023238
      576 0.000248  -0.023083
      361 0.000247   0.022910
      580 0.000234  -0.021722
      753 0.000230  -0.021412
      628 0.000227   0.021074
      400 0.000224  -0.020840
      254 0.000221   0.020496
      750 0.000219   0.020384
      277 0.000219   0.020362
      377 0.000213  -0.019789
      255 0.000213  -0.019779
      383 0.000210   0.019469
      658 0.000205   0.019060
      271 0.000205   0.019048
      566 0.000203   0.018826
      175 0.000201  -0.018652
      726 0.000200  -0.018605
      227 0.000200   0.018575
      570 0.000192  -0.017834
      251 0.000192  -0.017817
      815 0.000191  -0.017731
      273 0.000191  -0.017704
      234 0.000187   0.017376
      373 0.000187  -0.017351
      604 0.000187  -0.017338
      199 0.000183  -0.016976
      574 0.000182  -0.016953
      564 0.000182  -0.016879
      355 0.000181   0.016812
      857 0.000181  -0.016798
      236 0.000180   0.016760
      665 0.000179  -0.016621
      793 0.000176  -0.016323
      557 0.000174  -0.016191
      941 0.000174  -0.016190
      241 0.000172   0.015983
      269 0.000171  -0.015864
      230 0.000170  -0.015824
      605 0.000170  -0.015778
      301 0.000169  -0.015725
      132 0.000169   0.015693
      247 0.000168   0.015656
      820 0.000167  -0.015559
      818 0.000167  -0.015521
      573 0.000166   0.015470
      299 0.000166   0.015415
      427 0.000165  -0.015322
      828 0.000163  -0.015109
      711 0.000158   0.014716
      790 0.000158   0.014671
      800 0.000157  -0.014621
      367 0.000157   0.014620
      398 0.000152  -0.014136
      549 0.000149  -0.013824
      179 0.000148   0.013740
      667 0.000148   0.013739
      687 0.000148   0.013714
      743 0.000145  -0.013479
      784 0.000143  -0.013280
      616 0.000143  -0.013279
      294 0.000141  -0.013133
      847 0.000139   0.012896
      855 0.000139  -0.012893
      859 0.000136   0.012667
      392 0.000135   0.012558
      217 0.000134  -0.012476
      380 0.000134   0.012435
      257 0.000133  -0.012388
      171 0.000130  -0.012107
      262 0.000128  -0.011886
      824 0.000126   0.011719
      364 0.000124  -0.011495
      684 0.000121  -0.011230
      553 0.000120  -0.011184
      723 0.000120  -0.011164
      808 0.000119   0.011078
      795 0.000116   0.010822
      436 0.000115   0.010700
      588 0.000115  -0.010680
      908 0.000114  -0.010577
      610 0.000113  -0.010484
      629 0.000111  -0.010326
      742 0.000111  -0.010277
      423 0.000110  -0.010195
      313 0.000109  -0.010102
      431 0.000108  -0.010068
      263 0.000108  -0.010029
      734 0.000108  -0.010018
      690 0.000107   0.009986
      829 0.000107   0.009968
      235 0.000106  -0.009877
      359 0.000106   0.009863
      974 0.000106   0.009821
      390 0.000105   0.009775
      584 0.000104  -0.009638
      268 0.000104  -0.009636
      353 0.000103  -0.009558
      569 0.000103   0.009550
      728 0.000103  -0.009540
      245 0.000102  -0.009463
      600 0.000101  -0.009343
      281 0.000099   0.009233
      223 0.000099   0.009218
      759 0.000099   0.009205
      882 0.000099   0.009196
      591 0.000099   0.009177
      701 0.000098  -0.009094
      354 0.000098   0.009074
      798 0.000098   0.009067
      161 0.000096   0.008951
      770 0.000096   0.008922
      640 0.000096  -0.008899
      801 0.000096  -0.008890
      736 0.000093  -0.008661
       93 0.000093  -0.008652
      581 0.000093  -0.008608
      773 0.000093   0.008603
       88 0.000091  -0.008486
       80 0.000091   0.008479
      840 0.000091  -0.008411
      158 0.000090   0.008399
      291 0.000090   0.008367
      799 0.000090  -0.008361
      552 0.000090  -0.008342
      323 0.000090  -0.008334
      146 0.000089  -0.008257
       66 0.000088  -0.008169
      298 0.000087  -0.008129
      805 0.000086  -0.008029
      128 0.000086  -0.008002
      131 0.000086   0.007998
      844 0.000084  -0.007846
      292 0.000084  -0.007801
       81 0.000083  -0.007759
       73 0.000083  -0.007751
       70 0.000080   0.007466
     1095 0.000080  -0.007465
      107 0.000080  -0.007459
      198 0.000080   0.007457
      762 0.000080   0.007440
      312 0.000080  -0.007391
      638 0.000079  -0.007388
      645 0.000079   0.007343
      308 0.000079  -0.007323
      302 0.000079  -0.007306
      740 0.000078  -0.007239
      560 0.000078  -0.007212
      843 0.000077  -0.007184
      239 0.000077   0.007180
      386 0.000077   0.007122
      609 0.000077   0.007121
      226 0.000076   0.007084
      611 0.000076  -0.007075
      597 0.000076  -0.007053
      329 0.000076  -0.007037
      782 0.000074  -0.006878
      279 0.000074  -0.006872
      697 0.000074   0.006867
      103 0.000073  -0.006807
      826 0.000072  -0.006723
      114 0.000072   0.006711
      955 0.000072   0.006701
      105 0.000071  -0.006641
      744 0.000071  -0.006590
      428 0.000071   0.006580
      225 0.000071   0.006579
      832 0.000071   0.006570
      632 0.000070   0.006528
      289 0.000070   0.006522
      778 0.000070  -0.006492
      295 0.000070  -0.006490
       59 0.000069   0.006407
      261 0.000069  -0.006404
      864 0.000069   0.006377
      589 0.000068  -0.006354
      337 0.000068  -0.006352
      145 0.000068   0.006296
      407 0.000068  -0.006290
      803 0.000067   0.006268
      159 0.000067   0.006259
      414 0.000067   0.006245
      748 0.000067  -0.006243
      369 0.000067   0.006213
      266 0.000067  -0.006198
      789 0.000066   0.006140
      286 0.000066   0.006117
      152 0.000066   0.006102
      776 0.000066  -0.006090
     1005 0.000065   0.006084
      357 0.000065  -0.006019
      654 0.000065   0.006013
      937 0.000063  -0.005895
      274 0.000063   0.005879
      232 0.000063  -0.005878
      545 0.000063  -0.005875
      130 0.000063  -0.005875
      332 0.000063  -0.005849
      913 0.000062  -0.005795
      309 0.000062  -0.005780
      978 0.000062   0.005778
      802 0.000062   0.005744
      922 0.000062  -0.005729
      594 0.000062  -0.005718
      139 0.000061  -0.005706
      879 0.000061  -0.005677
      572 0.000061  -0.005667
      342 0.000060   0.005592
      382 0.000060  -0.005570
      568 0.000060   0.005559
      136 0.000059  -0.005529
      272 0.000059  -0.005487
      613 0.000059   0.005479
      425 0.000059   0.005477
      118 0.000059   0.005467
      283 0.000059   0.005462
      650 0.000059  -0.005453
      765 0.000059   0.005439
      138 0.000058  -0.005411
      104 0.000058   0.005370
      891 0.000057  -0.005327
       60 0.000057   0.005301
       95 0.000057   0.005266
      108 0.000055  -0.005123
      870 0.000054  -0.005056
       87 0.000054   0.005055
      823 0.000054   0.005016
      366 0.000054   0.005010
      349 0.000054  -0.005007
      343 0.000053  -0.004953
      904 0.000053   0.004923
      304 0.000053   0.004902
      260 0.000053   0.004897
       64 0.000052  -0.004865
      539 0.000052   0.004824
      677 0.000051   0.004782
       74 0.000051  -0.004706
      943 0.000050   0.004687
      160 0.000050  -0.004685
      948 0.000050   0.004681
       57 0.000050   0.004677
       78 0.000050  -0.004643
      895 0.000050   0.004621
      649 0.000050  -0.004609
       90 0.000049   0.004597
      863 0.000049  -0.004583
      275 0.000049  -0.004550
      636 0.000049  -0.004543
      221 0.000049  -0.004532
      821 0.000049  -0.004524
      284 0.000049   0.004510
      347 0.000048   0.004501
      596 0.000048   0.004436
      296 0.000048  -0.004431
      259 0.000048  -0.004421
      894 0.000047  -0.004401
      348 0.000047   0.004397
      880 0.000047   0.004391
      874 0.000047  -0.004357
      285 0.000046   0.004313
      528 0.000046   0.004313
      330 0.000046  -0.004307
      209 0.000046  -0.004305
      727 0.000046  -0.004242
      722 0.000045  -0.004214
      860 0.000045  -0.004189
      397 0.000045  -0.004179
      320 0.000045   0.004162
      831 0.000045   0.004162
      240 0.000044  -0.004131
      406 0.000044  -0.004116
      110 0.000043  -0.004032
      409 0.000042  -0.003936
      542 0.000042   0.003891
      374 0.000042   0.003861
       84 0.000041  -0.003849
      646 0.000041   0.003813
      224 0.000041  -0.003812
      950 0.000041  -0.003811
      129 0.000041   0.003808
      884 0.000041  -0.003798
      535 0.000040   0.003758
       82 0.000040  -0.003741
      376 0.000040  -0.003723
      282 0.000039  -0.003664
      775 0.000039   0.003644
      191 0.000039   0.003637
      685 0.000039  -0.003636
      201 0.000039  -0.003632
       79 0.000039   0.003622
       20 0.000039  -0.003617
      331 0.000039  -0.003617
      195 0.000039   0.003612
      155 0.000038  -0.003546
      540 0.000038  -0.003536
      200 0.000038   0.003519
      318 0.000038  -0.003504
       98 0.000037  -0.003482
      928 0.000037  -0.003461
      558 0.000037   0.003431
      112 0.000037  -0.003431
      216 0.000037   0.003430
      181 0.000037  -0.003428
      351 0.000036   0.003359
      942 0.000036   0.003346
      192 0.000036  -0.003331
      830 0.000036   0.003319
       18 0.000036  -0.003316
      325 0.000035  -0.003296
      197 0.000035  -0.003295
      987 0.000035   0.003280
      196 0.000035   0.003268
      867 0.000035   0.003246
       67 0.000035  -0.003243
      448 0.000035   0.003224
      237 0.000035   0.003211
      713 0.000034   0.003201
      147 0.000034  -0.003193
       56 0.000034  -0.003191
      881 0.000034  -0.003172
      336 0.000034   0.003171
      151 0.000034   0.003165
      249 0.000034  -0.003162
      694 0.000034   0.003140
      162 0.000034   0.003115
      100 0.000033  -0.003078
      712 0.000033  -0.003077
      350 0.000033   0.003068
      724 0.000033  -0.003064
      518 0.000033   0.003057
       99 0.000033   0.003040
       94 0.000033   0.003036
      858 0.000033  -0.003031
      322 0.000033  -0.003027
      385 0.000033   0.003022
      592 0.000032  -0.002984
      333 0.000032  -0.002972
      178 0.000032   0.002958
      491 0.000032   0.002952
      120 0.000032   0.002945
       76 0.000032  -0.002931
      965 0.000032  -0.002928
      938 0.000031   0.002910
      379 0.000031  -0.002889
      532 0.000031   0.002840
     1001 0.000030  -0.002827
      933 0.000030   0.002820
      278 0.000030   0.002820
      319 0.000030   0.002817
       86 0.000030   0.002810
      125 0.000030  -0.002801
      113 0.000030   0.002795
      102 0.000030   0.002791
      231 0.000030  -0.002771
      561 0.000030   0.002771
      310 0.000029  -0.002738
      238 0.000029  -0.002738
       58 0.000029   0.002737
      185 0.000029   0.002735
       22 0.000029   0.002731
      792 0.000029   0.002729
      233 0.000029  -0.002724
      335 0.000029  -0.002710
      242 0.000029  -0.002666
      488 0.000028   0.002641
      106 0.000028   0.002625
      358 0.000028   0.002622
      530 0.000028   0.002622
      252 0.000028  -0.002610
      248 0.000028   0.002609
      157 0.000028   0.002609
       89 0.000028   0.002600
      115 0.000028   0.002599
      627 0.000028   0.002599
     1025 0.000028   0.002597
      555 0.000028   0.002592
      164 0.000028   0.002591
      410 0.000028  -0.002579
      888 0.000027   0.002552
      402 0.000027  -0.002535
      993 0.000027   0.002524
      222 0.000027  -0.002518
       91 0.000027  -0.002511
     1032 0.000027   0.002490
      475 0.000027  -0.002467
      360 0.000026   0.002449
      394 0.000026   0.002418
      445 0.000026  -0.002416
      334 0.000026   0.002407
      148 0.000026   0.002399
      290 0.000026   0.002396
      524 0.000026  -0.002390
      229 0.000025  -0.002361
      814 0.000025   0.002353
      424 0.000025  -0.002346
      206 0.000025   0.002340
      177 0.000025  -0.002325
      964 0.000025   0.002310
      780 0.000025  -0.002288
       65 0.000024   0.002276
      363 0.000024  -0.002269
      900 0.000024  -0.002256
      401 0.000024  -0.002238
      432 0.000024   0.002230
      842 0.000024  -0.002196
       31 0.000023  -0.002177
      169 0.000023  -0.002165
      265 0.000023   0.002164
       48 0.000023   0.002155
      193 0.000023   0.002151
      887 0.000023   0.002114
       85 0.000023  -0.002106
      142 0.000023  -0.002105
      691 0.000023   0.002096
       23 0.000022  -0.002088
      365 0.000022  -0.002044
     1017 0.000022   0.002043
      109 0.000022  -0.002021
      988 0.000022  -0.002017
       50 0.000022  -0.002015
      123 0.000022  -0.002008
       46 0.000022   0.002004
      307 0.000022  -0.002004
     1034 0.000022  -0.002001
      190 0.000022   0.001998
      614 0.000021  -0.001997
      565 0.000021   0.001986
      150 0.000021  -0.001972
      345 0.000021   0.001962
      791 0.000021   0.001953
       29 0.000021   0.001943
       47 0.000021  -0.001931
       43 0.000021  -0.001926
      637 0.000020   0.001903
      215 0.000020   0.001892
      917 0.000020   0.001888
       21 0.000020  -0.001880
      314 0.000020   0.001876
       55 0.000020   0.001874
      326 0.000020   0.001873
      876 0.000020  -0.001870
      526 0.000020   0.001869
      375 0.000020  -0.001864
      811 0.000020   0.001863
      176 0.000020   0.001860
      642 0.000020  -0.001858
      502 0.000020   0.001844
      356 0.000020  -0.001837
      966 0.000020   0.001829
      714 0.000020  -0.001828
      971 0.000020  -0.001827
      434 0.000020   0.001822
      737 0.000019  -0.001811
      669 0.000019   0.001807
      875 0.000019  -0.001801
      695 0.000019   0.001794
      270 0.000019   0.001792
      519 0.000019   0.001786
      172 0.000019  -0.001767
      554 0.000019  -0.001761
      949 0.000019   0.001761
      124 0.000019   0.001748
      372 0.000019   0.001733
      935 0.000019  -0.001729
      779 0.000018   0.001713
      810 0.000018   0.001696
       45 0.000018   0.001689
      664 0.000018  -0.001677
      321 0.000018  -0.001674
      327 0.000018   0.001672
      536 0.000018  -0.001664
      167 0.000018   0.001656
      455 0.000018  -0.001653
      856 0.000018   0.001652
       33 0.000018   0.001648
      276 0.000018   0.001646
      489 0.000018   0.001641
      479 0.000018   0.001640
      514 0.000018   0.001638
      899 0.000018   0.001636
      656 0.000017  -0.001624
      680 0.000017   0.001621
      849 0.000017   0.001619
      344 0.000017  -0.001600
      505 0.000017   0.001591
      297 0.000017  -0.001588
        5 0.000017  -0.001575
      705 0.000017   0.001544
      512 0.000017  -0.001541
      463 0.000017  -0.001534
       49 0.000016   0.001525
       13 0.000016   0.001522
      927 0.000016  -0.001517
      841 0.000016   0.001508
      317 0.000016  -0.001493
      794 0.000016   0.001479
       16 0.000016  -0.001477
      644 0.000016  -0.001476
      384 0.000016  -0.001475
     1052 0.000016   0.001473
      437 0.000016   0.001469
      135 0.000016  -0.001467
      458 0.000016   0.001466
        7 0.000016   0.001463
      662 0.000016  -0.001462
      324 0.000016   0.001447
        8 0.000016  -0.001445
       41 0.000016   0.001444
       97 0.000015   0.001438
      729 0.000015  -0.001437
      264 0.000015  -0.001431
       24 0.000015   0.001391
       14 0.000015  -0.001390
      883 0.000015   0.001383
      548 0.000015  -0.001380
      117 0.000015   0.001378
      625 0.000015  -0.001356
      675 0.000014   0.001338
      934 0.000014  -0.001332
      838 0.000014   0.001323
      140 0.000014   0.001315
      921 0.000014  -0.001314
      405 0.000014  -0.001309
      413 0.000014   0.001306
       40 0.000014  -0.001303
     1096 0.000014   0.001292
      550 0.000014  -0.001281
      633 0.000014  -0.001258
      957 0.000014   0.001255
      563 0.000013  -0.001246
      608 0.000013  -0.001233
      168 0.000013   0.001216
      983 0.000013   0.001201
      450 0.000013  -0.001197
       52 0.000013   0.001195
       96 0.000013   0.001195
     1010 0.000013   0.001175
      936 0.000013  -0.001171
      338 0.000012  -0.001161
      655 0.000012   0.001154
      180 0.000012  -0.001147
      306 0.000012  -0.001143
      483 0.000012  -0.001141
      111 0.000012   0.001140
      404 0.000012  -0.001118
      141 0.000012   0.001111
      816 0.000012   0.001107
      902 0.000012   0.001104
      720 0.000012  -0.001100
      833 0.000012  -0.001098
      598 0.000012   0.001081
      835 0.000012  -0.001074
      538 0.000012   0.001072
      731 0.000011   0.001059
       25 0.000011  -0.001054
      661 0.000011  -0.001040
      126 0.000011  -0.001032
     1047 0.000011   0.001019
      462 0.000011   0.001018
      370 0.000011   0.001016
      378 0.000011   0.001008
      420 0.000011   0.001007
      202 0.000011  -0.001004
      328 0.000011  -0.000998
      634 0.000011  -0.000994
       54 0.000011   0.000987
      433 0.000011   0.000979
       61 0.000010  -0.000975
     1073 0.000010  -0.000973
      165 0.000010   0.000970
      534 0.000010  -0.000969
      907 0.000010   0.000968
      903 0.000010  -0.000956
      134 0.000010   0.000950
      315 0.000010  -0.000947
      977 0.000010   0.000944
      473 0.000010  -0.000943
      994 0.000010  -0.000932
euclid. distance of OLC and linear combination of EV * x_coef: 0.007759251577971696

Generate samples based on objective loadcase 289
nr_to_generate: 25

Parameter variation distribution settings
distribution: uniform
low: 0.7
high: 1.3

Total process runtime: 0:00:01.343717
