Date and Time:2023-05-12 14:06:39.398211

Initial Settings:
similarity_model: <function cosine_similarity at 0x000001D005A6E5E0>
similarity_threshold: 1e-05
nr_eigv_to_select: None
distribution: uniform
deviation: 0.3
nr_to_generate: 25
recompute: False

Selected eigenvectors and similarity score w.r.t objective loadcase:
objective_loadcase_nr: 38
similarity_model: cosine_similarity
similarity_threshold: 1e-05
nr_eigv_to_select: None
nr_eigv_selected: 496
approximation parameter model: lstsq
similarity score and approx. param. value
:  eigv_idx    score      value
        3 0.590860  28.368031
        2 0.515946 -24.771313
        1 0.510728  24.520775
        0 0.349534  16.781646
       39 0.028136   1.350845
        6 0.025318   1.215559
        4 0.012931   0.620842
      639 0.003326   0.159693
      218 0.002491  -0.119579
      593 0.002047  -0.098290
      612 0.001930  -0.092656
      586 0.001920   0.092184
      186 0.001876  -0.090068
      710 0.001581  -0.075914
       68 0.001536  -0.073763
      595 0.001251   0.060070
      187 0.001235  -0.059314
      716 0.001127   0.054108
      663 0.001079  -0.051788
      626 0.001056   0.050685
      143 0.001008   0.048399
      618 0.001007   0.048325
      668 0.000990   0.047514
      686 0.000906  -0.043499
      388 0.000890  -0.042748
      749 0.000874  -0.041951
      194 0.000827   0.039708
      688 0.000775  -0.037225
      599 0.000752   0.036083
      659 0.000723  -0.034720
      562 0.000707  -0.033950
      621 0.000705  -0.033837
      617 0.000698   0.033530
      582 0.000697  -0.033445
      635 0.000682   0.032753
      670 0.000671   0.032192
      704 0.000637  -0.030598
      578 0.000632   0.030355
      183 0.000626   0.030075
      341 0.000592   0.028416
      733 0.000566   0.027192
      718 0.000558  -0.026802
      567 0.000558  -0.026797
      606 0.000550  -0.026385
      577 0.000548  -0.026324
      602 0.000532  -0.025530
      735 0.000505  -0.024222
      579 0.000483   0.023181
      708 0.000482   0.023125
      267 0.000480  -0.023033
      698 0.000474  -0.022741
      220 0.000469  -0.022503
      253 0.000463  -0.022249
      258 0.000451  -0.021662
       69 0.000443   0.021254
      696 0.000440  -0.021103
      153 0.000438   0.021038
      620 0.000430  -0.020647
      666 0.000429  -0.020593
      575 0.000423   0.020324
      174 0.000406   0.019495
      709 0.000404  -0.019380
      753 0.000397  -0.019070
      641 0.000384  -0.018413
      601 0.000377   0.018115
      230 0.000375  -0.017991
      707 0.000366  -0.017589
      683 0.000362   0.017362
      227 0.000358   0.017197
      848 0.000357  -0.017149
       71 0.000353   0.016959
      583 0.000347  -0.016648
      412 0.000343  -0.016491
      273 0.000330  -0.015854
      699 0.000329  -0.015790
      756 0.000325  -0.015623
      700 0.000320   0.015360
      137 0.000317  -0.015224
      419 0.000315  -0.015101
      210 0.000310  -0.014874
      793 0.000304  -0.014584
      807 0.000302   0.014523
      269 0.000295  -0.014186
      383 0.000294   0.014128
      587 0.000292   0.013999
      403 0.000290   0.013934
      853 0.000290  -0.013912
      243 0.000289   0.013881
       70 0.000288   0.013836
      759 0.000286  -0.013748
      763 0.000280   0.013448
      631 0.000271  -0.013023
      235 0.000269  -0.012920
      757 0.000265  -0.012730
      362 0.000264  -0.012655
      570 0.000263  -0.012637
      239 0.000260   0.012497
      741 0.000258   0.012396
      263 0.000256  -0.012284
      299 0.000249   0.011961
      726 0.000245  -0.011775
      204 0.000245   0.011762
      206 0.000240   0.011525
      184 0.000239  -0.011499
      739 0.000239  -0.011463
      182 0.000239  -0.011456
      750 0.000230   0.011035
      132 0.000213   0.010230
      743 0.000211  -0.010124
      377 0.000208  -0.009967
      787 0.000207   0.009941
      549 0.000200  -0.009595
      301 0.000197  -0.009467
      818 0.000197  -0.009464
      199 0.000196  -0.009409
      369 0.000196   0.009395
      228 0.000195  -0.009386
      223 0.000194   0.009298
      427 0.000193  -0.009288
      857 0.000192  -0.009213
      312 0.000191  -0.009157
      742 0.000190  -0.009141
      564 0.000190  -0.009102
      247 0.000187   0.008984
      361 0.000186   0.008910
      576 0.000183  -0.008771
      337 0.000182  -0.008742
      392 0.000181   0.008703
      824 0.000176   0.008448
      800 0.000175  -0.008397
      604 0.000174  -0.008372
      373 0.000174  -0.008369
      795 0.000174   0.008335
      855 0.000171  -0.008225
      591 0.000171   0.008187
      400 0.000168  -0.008051
      290 0.000165   0.007929
      665 0.000165  -0.007903
      553 0.000164  -0.007893
      175 0.000161  -0.007714
      778 0.000160  -0.007703
      332 0.000159  -0.007649
      658 0.000158   0.007598
      580 0.000158  -0.007589
      275 0.000157  -0.007532
      775 0.000154   0.007390
      859 0.000152   0.007311
      784 0.000151  -0.007252
      829 0.000149   0.007163
      585 0.000149  -0.007141
      828 0.000147  -0.007066
      667 0.000145   0.006976
      356 0.000143  -0.006874
      770 0.000143   0.006866
      628 0.000142   0.006809
      711 0.000142   0.006799
      820 0.000139  -0.006661
      941 0.000139  -0.006654
      790 0.000135   0.006499
      605 0.000135  -0.006490
      241 0.000134   0.006451
      279 0.000134  -0.006429
      687 0.000132   0.006345
      277 0.000128   0.006161
      574 0.000128  -0.006161
      201 0.000123  -0.005929
      380 0.000123   0.005922
      423 0.000122  -0.005875
      431 0.000122  -0.005872
      354 0.000121   0.005802
      736 0.000120  -0.005782
      298 0.000119  -0.005708
      255 0.000118  -0.005675
      557 0.000118  -0.005642
      179 0.000116   0.005572
      251 0.000116  -0.005562
      808 0.000114   0.005480
      762 0.000114  -0.005465
      697 0.000114   0.005460
      398 0.000111  -0.005351
      769 0.000110   0.005268
      616 0.000110  -0.005263
      171 0.000109  -0.005247
      295 0.000109  -0.005235
      271 0.000109   0.005210
      773 0.000108   0.005195
      329 0.000106  -0.005074
      257 0.000105  -0.005060
      744 0.000105  -0.005047
      864 0.000102   0.004890
      728 0.000102  -0.004882
      566 0.000100   0.004782
      629 0.000099  -0.004765
      234 0.000098   0.004729
      815 0.000098  -0.004729
      321 0.000098  -0.004727
      908 0.000098  -0.004726
      799 0.000098  -0.004706
      353 0.000097  -0.004646
      638 0.000096  -0.004628
       88 0.000096  -0.004595
      943 0.000095   0.004569
      217 0.000095  -0.004566
      801 0.000094  -0.004535
      294 0.000093  -0.004444
      690 0.000092   0.004425
      600 0.000091  -0.004391
      645 0.000091   0.004381
       93 0.000090  -0.004340
      573 0.000088   0.004220
      782 0.000087  -0.004176
      436 0.000087   0.004171
      611 0.000086  -0.004150
      884 0.000086  -0.004146
      948 0.000086   0.004119
      974 0.000085   0.004064
      107 0.000084  -0.004022
      840 0.000082  -0.003947
      847 0.000082   0.003933
      937 0.000082  -0.003933
      614 0.000080   0.003852
      325 0.000080  -0.003845
      262 0.000080  -0.003830
      569 0.000080   0.003823
      844 0.000079  -0.003792
      684 0.000079  -0.003786
      880 0.000078   0.003744
      734 0.000077  -0.003718
      860 0.000076  -0.003671
      292 0.000076  -0.003657
      843 0.000076  -0.003637
      589 0.000076  -0.003630
      281 0.000075   0.003615
      792 0.000074   0.003572
      581 0.000074  -0.003565
      198 0.000074  -0.003544
      308 0.000074  -0.003537
      319 0.000073   0.003525
      561 0.000072   0.003479
      594 0.000072  -0.003461
      694 0.000072   0.003454
      138 0.000072  -0.003434
      978 0.000071   0.003417
      355 0.000071   0.003414
      283 0.000069   0.003319
      722 0.000069  -0.003304
      654 0.000068   0.003282
      627 0.000068   0.003268
      285 0.000068   0.003253
      870 0.000067  -0.003213
      261 0.000067  -0.003201
      289 0.000066   0.003175
      826 0.000066  -0.003160
      343 0.000065  -0.003111
      632 0.000064   0.003087
      291 0.000064   0.003065
      748 0.000064  -0.003056
      823 0.000063   0.003048
      266 0.000063  -0.003041
      367 0.000063   0.003012
      268 0.000062  -0.003000
      765 0.000062   0.002987
      302 0.000062  -0.002972
      104 0.000061   0.002912
      572 0.000060  -0.002902
     1095 0.000060  -0.002901
      539 0.000060   0.002857
     1005 0.000059   0.002849
      342 0.000059   0.002848
      596 0.000059  -0.002822
       91 0.000059  -0.002817
      723 0.000058  -0.002764
      913 0.000058  -0.002761
      650 0.000057  -0.002743
      882 0.000057   0.002736
      780 0.000056   0.002669
      895 0.000055   0.002664
      315 0.000055   0.002650
      386 0.000055   0.002648
      590 0.000055  -0.002647
      413 0.000055  -0.002645
      560 0.000055  -0.002644
      894 0.000054  -0.002587
      545 0.000054  -0.002570
      425 0.000053   0.002567
      428 0.000053   0.002543
      831 0.000052   0.002519
      364 0.000052   0.002486
      278 0.000052   0.002485
      874 0.000052  -0.002481
      323 0.000051  -0.002470
      528 0.000051   0.002461
      414 0.000050   0.002387
      584 0.000049  -0.002355
      935 0.000049  -0.002336
      957 0.000047   0.002264
      852 0.000046   0.002230
      244 0.000046  -0.002225
      322 0.000046  -0.002224
      535 0.000046   0.002222
      608 0.000046  -0.002194
      922 0.000045  -0.002154
      161 0.000045   0.002151
      841 0.000045   0.002145
      552 0.000044  -0.002091
      821 0.000044  -0.002090
      964 0.000042   0.002006
      649 0.000042  -0.002001
      701 0.000041  -0.001979
      169 0.000041  -0.001962
      988 0.000041  -0.001961
      842 0.000041  -0.001960
      904 0.000041   0.001954
      833 0.000040  -0.001942
      407 0.000040  -0.001926
      955 0.000040   0.001918
     1096 0.000039   0.001864
      942 0.000039   0.001851
      832 0.000038   0.001823
      950 0.000038  -0.001812
      881 0.000037  -0.001791
      249 0.000037   0.001787
      318 0.000037  -0.001780
      193 0.000037   0.001768
      971 0.000036  -0.001729
      798 0.000036  -0.001727
      390 0.000036   0.001711
      518 0.000035   0.001699
      286 0.000035   0.001678
      491 0.000035   0.001673
     1073 0.000034  -0.001648
      225 0.000034  -0.001630
      226 0.000034  -0.001612
      236 0.000033   0.001601
      835 0.000033  -0.001592
      394 0.000033   0.001590
      359 0.000033  -0.001574
      838 0.000032  -0.001545
      597 0.000032  -0.001539
      297 0.000032  -0.001530
      532 0.000032   0.001529
      830 0.000032   0.001523
      131 0.000032   0.001520
      646 0.000032   0.001519
      488 0.000031   0.001486
      921 0.000031  -0.001484
      313 0.000031  -0.001465
      409 0.000030  -0.001448
      636 0.000030  -0.001448
      879 0.000030  -0.001447
      445 0.000030  -0.001425
      374 0.000029   0.001411
      540 0.000029  -0.001410
      983 0.000029   0.001392
      406 0.000028   0.001356
      410 0.000028  -0.001351
      310 0.000028  -0.001341
      933 0.000028   0.001328
      977 0.000027   0.001305
      938 0.000027   0.001304
      804 0.000027  -0.001285
      475 0.000027  -0.001279
      755 0.000027  -0.001277
      448 0.000027   0.001276
      524 0.000027  -0.001274
      794 0.000026   0.001245
      779 0.000026  -0.001242
      259 0.000025  -0.001217
      357 0.000025   0.001216
      360 0.000025  -0.001206
      849 0.000025  -0.001204
      232 0.000025  -0.001204
      346 0.000025   0.001203
      789 0.000025   0.001184
     1034 0.000025  -0.001182
      240 0.000024   0.001173
      928 0.000024  -0.001159
      237 0.000024  -0.001158
      526 0.000024   0.001146
      927 0.000024  -0.001130
      677 0.000024   0.001130
      320 0.000023  -0.001128
     1010 0.000023   0.001106
      568 0.000023  -0.001105
      803 0.000023   0.001103
     1032 0.000023   0.001103
     1009 0.000023  -0.001093
      542 0.000023   0.001084
      598 0.000022   0.001066
      222 0.000022  -0.001060
      868 0.000022   0.001059
      856 0.000022   0.001055
      366 0.000022   0.001053
      959 0.000022  -0.001053
      424 0.000022  -0.001051
      592 0.000022   0.001049
      809 0.000022   0.001034
      987 0.000021   0.001030
      727 0.000021  -0.001027
      402 0.000021   0.001023
      609 0.000021  -0.001022
      640 0.000021  -0.001009
      530 0.000021   0.001004
      252 0.000021   0.001002
      934 0.000021  -0.001000
      805 0.000021  -0.000989
      802 0.000020   0.000977
       45 0.000020  -0.000948
      702 0.000020  -0.000938
      479 0.000019   0.000920
     1001 0.000019  -0.000916
      514 0.000019   0.000912
      740 0.000019   0.000909
      898 0.000019   0.000896
      625 0.000018   0.000882
       98 0.000018  -0.000873
     1016 0.000018  -0.000872
      916 0.000018  -0.000866
      296 0.000018   0.000863
      437 0.000018   0.000852
      148 0.000018   0.000843
      256 0.000017  -0.000833
      811 0.000017   0.000832
     1003 0.000017  -0.000826
      536 0.000017  -0.000821
      455 0.000017  -0.000818
      875 0.000017   0.000817
      397 0.000017  -0.000815
      463 0.000017  -0.000808
     1020 0.000017  -0.000806
      335 0.000017   0.000800
       51 0.000017   0.000792
      776 0.000016  -0.000786
      328 0.000016  -0.000763
      432 0.000016   0.000762
      270 0.000016   0.000760
      746 0.000016  -0.000755
      502 0.000016   0.000751
       38 0.000016  -0.000751
      250 0.000016  -0.000747
      512 0.000015  -0.000741
      519 0.000015   0.000728
      903 0.000015   0.000723
      685 0.000015  -0.000718
     1025 0.000015   0.000716
      656 0.000015  -0.000713
      714 0.000015  -0.000710
      899 0.000015   0.000701
      272 0.000015  -0.000698
     1040 0.000014  -0.000690
      984 0.000014  -0.000685
      949 0.000014   0.000675
      732 0.000014   0.000660
       66 0.000014  -0.000658
       58 0.000014   0.000657
     1017 0.000014   0.000650
      662 0.000014  -0.000650
      876 0.000013   0.000643
      489 0.000013   0.000637
      505 0.000013   0.000636
      642 0.000013  -0.000633
      764 0.000013  -0.000624
      450 0.000013  -0.000624
      747 0.000013  -0.000616
      655 0.000013   0.000614
      458 0.000013   0.000603
      966 0.000013   0.000603
      623 0.000012   0.000599
       87 0.000012   0.000599
      324 0.000012  -0.000596
      729 0.000012   0.000575
       52 0.000012   0.000572
      478 0.000012   0.000569
      248 0.000012  -0.000557
      350 0.000012  -0.000554
      264 0.000011  -0.000548
      705 0.000011  -0.000547
       43 0.000011   0.000538
      772 0.000011  -0.000534
      382 0.000011   0.000531
      810 0.000011   0.000530
      994 0.000011  -0.000527
      675 0.000011   0.000526
       36 0.000011   0.000525
       86 0.000011   0.000518
       95 0.000011  -0.000517
     1052 0.000011   0.000511
      245 0.000011  -0.000511
      671 0.000010  -0.000498
      405 0.000010  -0.000497
      917 0.000010   0.000495
       31 0.000010  -0.000494
      693 0.000010  -0.000493
      487 0.000010  -0.000489
      936 0.000010  -0.000487
      902 0.000010   0.000484
euclid. distance of OLC and linear combination of EV * x_coef: 0.004728999265797785

Generate samples based on objective loadcase 38
nr_to_generate: 25

Parameter variation distribution settings
distribution: uniform
low: 0.7
high: 1.3

Total process runtime: 0:00:01.277438
