Date and Time:2023-05-12 14:13:41.881144

Initial Settings:
similarity_model: <function cosine_similarity at 0x000001D005A6E5E0>
similarity_threshold: 1e-05
nr_eigv_to_select: None
distribution: uniform
deviation: 0.3
nr_to_generate: 25
recompute: False

Selected eigenvectors and similarity score w.r.t objective loadcase:
objective_loadcase_nr: 356
similarity_model: cosine_similarity
similarity_threshold: 1e-05
nr_eigv_to_select: None
nr_eigv_selected: 498
approximation parameter model: lstsq
similarity score and approx. param. value
:  eigv_idx    score      value
        3 0.551873  60.949389
        1 0.543200  59.991508
        2 0.499045 -55.115014
        0 0.385318  42.554904
        6 0.046823   5.171134
       39 0.021636   2.389469
        4 0.010969   1.211474
      639 0.003570   0.394271
      186 0.002234  -0.246780
      593 0.002053  -0.226741
      612 0.002032  -0.224374
      218 0.001902  -0.210037
      586 0.001895   0.209248
      710 0.001576  -0.174107
      716 0.001537   0.169764
      187 0.001467  -0.162048
      618 0.001314   0.145131
      663 0.001299  -0.143471
      668 0.001242   0.137191
      595 0.001222   0.134979
       68 0.001146  -0.126593
      194 0.001002   0.110711
      143 0.000991   0.109462
      626 0.000946   0.104480
      686 0.000944  -0.104224
      659 0.000922  -0.101813
      388 0.000899  -0.099311
      617 0.000863   0.095336
      688 0.000814  -0.089846
      599 0.000790   0.087261
      182 0.000760  -0.083908
      562 0.000751  -0.082887
      635 0.000742   0.081893
      749 0.000741  -0.081835
      582 0.000739  -0.081607
      670 0.000700   0.077266
      183 0.000698   0.077132
      578 0.000681   0.075227
      621 0.000677  -0.074808
      579 0.000620   0.068476
      700 0.000602   0.066524
      733 0.000595   0.065755
      184 0.000582  -0.064281
      683 0.000576   0.063613
      341 0.000572   0.063179
      698 0.000564  -0.062331
      666 0.000513  -0.056604
      718 0.000507  -0.056045
      253 0.000504  -0.055699
      153 0.000504   0.055663
      606 0.000503  -0.055499
      704 0.000502  -0.055420
      567 0.000496  -0.054792
      708 0.000489   0.053961
      602 0.000488  -0.053923
      577 0.000479  -0.052854
      174 0.000469   0.051782
      735 0.000464  -0.051269
       69 0.000462   0.051079
       71 0.000436   0.048134
      220 0.000414  -0.045772
      575 0.000404   0.044635
      709 0.000403  -0.044547
      641 0.000397  -0.043822
      620 0.000396  -0.043697
      699 0.000391  -0.043211
      267 0.000386  -0.042613
      228 0.000380  -0.041993
      583 0.000374  -0.041277
      210 0.000352  -0.038861
      601 0.000351   0.038725
      258 0.000343  -0.037874
      848 0.000332  -0.036672
      756 0.000328  -0.036197
      807 0.000326   0.035971
      362 0.000325  -0.035857
      412 0.000319  -0.035263
      707 0.000316  -0.034876
      419 0.000315  -0.034735
      137 0.000313  -0.034516
      179 0.000312   0.034417
      696 0.000311  -0.034306
      631 0.000309  -0.034110
      403 0.000306   0.033751
      757 0.000296  -0.032745
      383 0.000293   0.032374
      753 0.000292  -0.032272
      204 0.000291   0.032091
      587 0.000281   0.030996
      243 0.000277   0.030635
      171 0.000259  -0.028624
      604 0.000259  -0.028558
      741 0.000258   0.028481
      199 0.000254  -0.028021
      570 0.000253  -0.027892
      853 0.000247  -0.027305
      739 0.000241  -0.026627
      576 0.000236  -0.026105
      377 0.000236  -0.026012
      793 0.000234  -0.025867
      273 0.000233  -0.025733
      235 0.000214  -0.023585
      400 0.000213  -0.023544
      628 0.000212   0.023436
      132 0.000209   0.023071
      580 0.000208  -0.022974
      658 0.000202   0.022343
      230 0.000201  -0.022208
       70 0.000198   0.021818
      564 0.000197  -0.021789
      787 0.000193   0.021367
      750 0.000192   0.021253
      299 0.000192   0.021246
      800 0.000190  -0.020970
      301 0.000188  -0.020766
      269 0.000187  -0.020694
      175 0.000187  -0.020687
      585 0.000186  -0.020563
      427 0.000185  -0.020418
      815 0.000183  -0.020237
      828 0.000182  -0.020153
      941 0.000182  -0.020151
      271 0.000182   0.020103
      573 0.000181   0.019957
      743 0.000176  -0.019465
      665 0.000174  -0.019252
      369 0.000173   0.019118
      356 0.000171  -0.018901
      254 0.000171   0.018872
      726 0.000170  -0.018811
      820 0.000170  -0.018799
      549 0.000170  -0.018720
      557 0.000167  -0.018442
      247 0.000166   0.018304
      784 0.000165  -0.018201
      361 0.000164   0.018083
      855 0.000164  -0.018072
      711 0.000161   0.017828
      574 0.000161  -0.017730
      667 0.000159   0.017554
      605 0.000158  -0.017466
      239 0.000156   0.017194
      277 0.000155   0.017126
      373 0.000155  -0.017069
      857 0.000154  -0.017010
      687 0.000154   0.017008
      818 0.000154  -0.016959
      263 0.000151  -0.016670
      257 0.000149  -0.016447
      255 0.000147  -0.016290
      217 0.000146  -0.016135
      553 0.000142  -0.015717
      795 0.000142   0.015704
      227 0.000142   0.015635
      392 0.000138   0.015200
      380 0.000136   0.015055
      398 0.000135  -0.014939
      808 0.000135   0.014886
      312 0.000134  -0.014753
      742 0.000133  -0.014719
      566 0.000130   0.014387
      790 0.000130   0.014349
      275 0.000126  -0.013949
      690 0.000126   0.013935
      354 0.000126   0.013880
      591 0.000126   0.013865
      353 0.000125  -0.013824
      736 0.000124  -0.013680
      295 0.000124  -0.013659
      824 0.000123   0.013613
      423 0.000122  -0.013525
      241 0.000122   0.013450
      847 0.000122   0.013424
      294 0.000121  -0.013390
      431 0.000121  -0.013374
      908 0.000120  -0.013307
      234 0.000120   0.013301
      697 0.000119   0.013181
      206 0.000119   0.013147
      645 0.000116   0.012795
      859 0.000114   0.012629
      974 0.000114   0.012563
      161 0.000112   0.012406
      778 0.000112  -0.012403
      262 0.000111  -0.012237
      436 0.000110   0.012159
      616 0.000109  -0.012046
      799 0.000108  -0.011939
      638 0.000106  -0.011656
      829 0.000104   0.011485
      596 0.000104  -0.011445
      629 0.000103  -0.011430
      148 0.000103   0.011322
      840 0.000102  -0.011301
      882 0.000102   0.011246
      684 0.000100  -0.011095
      266 0.000100  -0.011046
      261 0.000099  -0.010982
      355 0.000097   0.010726
      236 0.000096   0.010644
      581 0.000096  -0.010608
      281 0.000095   0.010499
      569 0.000095   0.010483
      337 0.000094  -0.010378
      611 0.000094  -0.010334
      223 0.000092   0.010194
      594 0.000092  -0.010165
      844 0.000092  -0.010158
      640 0.000091  -0.010082
      279 0.000091  -0.010038
      584 0.000089  -0.009849
      600 0.000089  -0.009819
      298 0.000088  -0.009709
      572 0.000087  -0.009617
      367 0.000087   0.009601
      744 0.000085  -0.009436
      332 0.000085  -0.009381
     1095 0.000085  -0.009349
      734 0.000084  -0.009290
      292 0.000084  -0.009263
      249 0.000082  -0.009072
      107 0.000082  -0.009063
      209 0.000082  -0.009017
      832 0.000080   0.008837
      222 0.000080  -0.008832
      302 0.000078  -0.008622
      728 0.000078  -0.008600
      723 0.000078  -0.008562
      308 0.000077  -0.008517
      770 0.000077   0.008516
      798 0.000077   0.008501
      937 0.000076  -0.008441
      632 0.000076   0.008417
       88 0.000076  -0.008399
      561 0.000076   0.008363
      394 0.000075   0.008305
      782 0.000075  -0.008299
      552 0.000075  -0.008296
      268 0.000075  -0.008280
      740 0.000074  -0.008207
      343 0.000074  -0.008137
      978 0.000073   0.008045
      654 0.000073   0.008035
      291 0.000073   0.008031
      843 0.000072  -0.007943
      251 0.000072  -0.007943
      560 0.000072  -0.007936
      386 0.000071   0.007854
      955 0.000071   0.007854
     1005 0.000071   0.007806
      329 0.000070  -0.007725
      948 0.000069   0.007613
      701 0.000068  -0.007563
      428 0.000067   0.007410
      913 0.000067  -0.007406
      748 0.000066  -0.007333
      290 0.000065   0.007179
      193 0.000065  -0.007156
      773 0.000065   0.007128
       93 0.000064  -0.007037
      414 0.000063   0.006975
      775 0.000063   0.006957
      322 0.000063  -0.006936
      545 0.000062  -0.006862
      879 0.000062  -0.006858
      722 0.000062  -0.006848
      597 0.000061  -0.006788
      922 0.000061  -0.006770
      425 0.000061   0.006718
      104 0.000060   0.006674
      289 0.000060   0.006621
       91 0.000060  -0.006610
      169 0.000060  -0.006593
      831 0.000059   0.006567
      539 0.000059   0.006561
      826 0.000059  -0.006534
      313 0.000059  -0.006533
      590 0.000058  -0.006423
      614 0.000057   0.006257
      891 0.000056  -0.006141
      864 0.000055   0.006107
      776 0.000055  -0.006076
      588 0.000055   0.006067
      374 0.000054   0.006018
      895 0.000054   0.005999
      860 0.000054  -0.005990
      765 0.000054   0.005984
      801 0.000053  -0.005907
      821 0.000053  -0.005844
      325 0.000052  -0.005708
      803 0.000052   0.005701
      323 0.000051  -0.005681
      321 0.000051  -0.005668
      528 0.000051   0.005660
      319 0.000051   0.005598
      364 0.000050   0.005545
      390 0.000049   0.005410
      792 0.000049   0.005390
      943 0.000048   0.005321
      863 0.000048  -0.005309
      789 0.000047   0.005240
      763 0.000046   0.005047
      823 0.000046   0.005043
      802 0.000044   0.004909
      870 0.000044  -0.004837
      535 0.000044   0.004828
      694 0.000043   0.004776
      589 0.000043  -0.004753
      627 0.000043   0.004707
      407 0.000042  -0.004611
      359 0.000042  -0.004605
      542 0.000042   0.004593
      283 0.000041   0.004576
      286 0.000039   0.004347
      881 0.000039  -0.004282
      540 0.000039  -0.004271
      894 0.000038  -0.004194
      874 0.000038  -0.004180
      987 0.000037   0.004103
      928 0.000037  -0.004075
      201 0.000036  -0.004018
      880 0.000036   0.004016
      409 0.000036  -0.003962
      491 0.000035   0.003913
      518 0.000035   0.003910
      904 0.000035   0.003887
      636 0.000035  -0.003885
      342 0.000035   0.003872
      650 0.000035  -0.003836
      448 0.000034   0.003752
      226 0.000034  -0.003746
      805 0.000034  -0.003741
      769 0.000034   0.003734
      867 0.000033   0.003678
     1001 0.000033  -0.003676
      297 0.000033  -0.003645
      532 0.000033   0.003637
      488 0.000033   0.003616
      225 0.000032  -0.003578
      933 0.000032   0.003569
      942 0.000032   0.003525
      310 0.000031  -0.003457
      410 0.000031  -0.003403
      333 0.000031  -0.003371
      884 0.000030  -0.003361
      350 0.000030  -0.003349
      397 0.000030  -0.003268
      315 0.000030   0.003261
      643 0.000029  -0.003253
     1032 0.000029   0.003219
      858 0.000029  -0.003216
      475 0.000029  -0.003215
      762 0.000029   0.003198
      357 0.000029   0.003196
      216 0.000029  -0.003190
      250 0.000029   0.003171
      445 0.000029  -0.003158
      950 0.000028  -0.003139
      649 0.000028  -0.003118
     1025 0.000028   0.003104
      524 0.000028  -0.003098
      842 0.000028  -0.003095
      677 0.000028   0.003083
      530 0.000028   0.003080
      245 0.000028  -0.003045
      965 0.000027  -0.002998
      993 0.000027   0.002978
      360 0.000026  -0.002828
      264 0.000025   0.002809
      244 0.000025  -0.002806
      252 0.000025  -0.002791
      759 0.000025   0.002749
      424 0.000025  -0.002747
      318 0.000024  -0.002628
     1034 0.000023  -0.002595
     1017 0.000023   0.002531
      285 0.000023   0.002523
      224 0.000022  -0.002477
      526 0.000022   0.002437
      814 0.000022   0.002420
      900 0.000022  -0.002410
      935 0.000022  -0.002399
      432 0.000022   0.002393
      131 0.000022   0.002390
      278 0.000021   0.002368
      259 0.000021   0.002348
      603 0.000021  -0.002319
      610 0.000021  -0.002318
      856 0.000020   0.002263
      479 0.000020   0.002249
      215 0.000020  -0.002223
      214 0.000020   0.002211
      917 0.000020   0.002192
      346 0.000020   0.002182
      685 0.000020  -0.002154
      519 0.000019   0.002149
      794 0.000019   0.002141
      138 0.000019   0.002138
      714 0.000019  -0.002124
      455 0.000019  -0.002105
      502 0.000019   0.002102
      514 0.000019   0.002082
      536 0.000019  -0.002048
      240 0.000018   0.002033
      680 0.000018   0.002009
      811 0.000018   0.002007
      463 0.000018  -0.002002
      284 0.000018   0.001998
      221 0.000018   0.001983
      830 0.000018   0.001981
      437 0.000018   0.001966
      512 0.000018  -0.001946
      272 0.000017  -0.001908
      195 0.000017  -0.001886
      260 0.000017  -0.001878
      907 0.000017   0.001860
     1073 0.000017  -0.001857
      188 0.000017  -0.001838
      335 0.000017  -0.001836
     1052 0.000017   0.001829
      971 0.000017  -0.001826
      489 0.000016   0.001809
      938 0.000016   0.001803
     1010 0.000016   0.001790
      921 0.000016  -0.001785
      927 0.000016  -0.001751
      458 0.000016   0.001750
       80 0.000016  -0.001720
      505 0.000015   0.001700
      949 0.000015   0.001696
      732 0.000015   0.001684
      110 0.000015   0.001674
      347 0.000015  -0.001644
      957 0.000015   0.001636
      662 0.000015  -0.001616
      200 0.000015  -0.001605
      804 0.000014  -0.001595
      328 0.000014  -0.001595
      248 0.000014  -0.001574
      988 0.000014  -0.001570
      934 0.000014  -0.001546
      237 0.000014  -0.001539
      964 0.000014   0.001535
      213 0.000014   0.001532
      450 0.000014  -0.001528
       98 0.000014  -0.001521
      810 0.000014   0.001518
      538 0.000014   0.001509
      816 0.000014   0.001498
      112 0.000013  -0.001470
      568 0.000013  -0.001468
      274 0.000013   0.001461
      198 0.000013   0.001459
       78 0.000013   0.001449
       81 0.000013   0.001415
      791 0.000013   0.001403
      366 0.000012   0.001379
      727 0.000012  -0.001360
      483 0.000012  -0.001359
      123 0.000012   0.001359
      139 0.000012  -0.001358
      883 0.000012   0.001357
       99 0.000012  -0.001356
      125 0.000012  -0.001336
      197 0.000012   0.001330
       95 0.000012  -0.001319
      809 0.000012   0.001316
      136 0.000012  -0.001309
      229 0.000012   0.001296
      837 0.000012  -0.001282
      192 0.000011   0.001266
      363 0.000011   0.001266
      402 0.000011  -0.001245
      634 0.000011  -0.001244
      288 0.000011   0.001229
      242 0.000011   0.001227
      406 0.000011  -0.001220
      647 0.000011   0.001213
      487 0.000011  -0.001199
      399 0.000011  -0.001196
      755 0.000011  -0.001195
      669 0.000011   0.001191
      154 0.000011  -0.001189
      382 0.000011   0.001182
      265 0.000011  -0.001179
     1047 0.000011   0.001176
      462 0.000011   0.001168
      473 0.000011  -0.001166
      653 0.000010  -0.001159
      619 0.000010   0.001157
      293 0.000010  -0.001149
       76 0.000010   0.001146
      461 0.000010   0.001144
      270 0.000010   0.001122
      160 0.000010   0.001120
      478 0.000010   0.001119
     1061 0.000010  -0.001116
      966 0.000010   0.001114
euclid. distance of OLC and linear combination of EV * x_coef: 0.010173828747694553

Generate samples based on objective loadcase 356
nr_to_generate: 25

Parameter variation distribution settings
distribution: uniform
low: 0.7
high: 1.3

Total process runtime: 0:00:01.262842
