Date and Time:2023-05-12 14:17:55.640741

Initial Settings:
similarity_model: <function cosine_similarity at 0x000001D005A6E5E0>
similarity_threshold: 1e-05
nr_eigv_to_select: None
distribution: uniform
deviation: 0.3
nr_to_generate: 25
recompute: False

Selected eigenvectors and similarity score w.r.t objective loadcase:
objective_loadcase_nr: 547
similarity_model: cosine_similarity
similarity_threshold: 1e-05
nr_eigv_to_select: None
nr_eigv_selected: 474
approximation parameter model: lstsq
similarity score and approx. param. value
:  eigv_idx    score      value
        3 0.570706  52.807497
        1 0.527140  48.776327
        2 0.509000 -47.097837
        0 0.367571  34.011419
        6 0.036181   3.347864
       39 0.026565   2.458105
        4 0.011959   1.106543
      639 0.003466   0.320690
      218 0.002373  -0.219531
      186 0.002200  -0.203588
      593 0.002105  -0.194741
      612 0.001994  -0.184550
      586 0.001961   0.181495
      710 0.001620  -0.149923
      187 0.001441  -0.133306
      716 0.001383   0.127984
      595 0.001275   0.117987
      663 0.001163  -0.107605
      618 0.001134   0.104922
      668 0.001101   0.101876
      626 0.001059   0.097948
      194 0.000980   0.090681
      686 0.000940  -0.086937
      388 0.000914  -0.084604
      659 0.000815  -0.075384
      688 0.000797  -0.073734
      599 0.000778   0.071967
      617 0.000775   0.071700
      749 0.000758  -0.070092
       69 0.000740   0.068487
      582 0.000734  -0.067946
      562 0.000733  -0.067793
       71 0.000724   0.067034
      635 0.000719   0.066484
      621 0.000717  -0.066357
      670 0.000701   0.064907
      183 0.000664   0.061464
      143 0.000657   0.060761
      704 0.000633  -0.058563
      578 0.000626   0.057946
      341 0.000604   0.055878
      733 0.000587   0.054312
      718 0.000567  -0.052507
      606 0.000549  -0.050807
      567 0.000549  -0.050774
      602 0.000538  -0.049807
      579 0.000534   0.049395
      577 0.000525  -0.048622
      698 0.000520  -0.048107
      253 0.000519  -0.048027
      708 0.000499   0.046179
      153 0.000485   0.044915
      267 0.000469  -0.043389
      666 0.000460  -0.042555
       68 0.000459  -0.042468
      735 0.000456  -0.042211
      575 0.000453   0.041874
      174 0.000450   0.041675
      700 0.000441   0.040760
      620 0.000429  -0.039658
      696 0.000428  -0.039625
      258 0.000424  -0.039271
      683 0.000424   0.039271
      220 0.000417  -0.038609
      709 0.000413  -0.038195
      641 0.000391  -0.036151
      601 0.000384   0.035496
      707 0.000379  -0.035101
      210 0.000377  -0.034924
      230 0.000377  -0.034890
      753 0.000369  -0.034119
      699 0.000357  -0.033037
      848 0.000354  -0.032751
      227 0.000353   0.032651
      583 0.000348  -0.032193
      412 0.000341  -0.031580
      807 0.000329   0.030475
      419 0.000320  -0.029640
      273 0.000313  -0.028960
      756 0.000308  -0.028473
      631 0.000304  -0.028121
      587 0.000300   0.027788
      793 0.000300  -0.027757
      403 0.000296   0.027346
      362 0.000291  -0.026925
      235 0.000282  -0.026067
      383 0.000278   0.025747
      182 0.000277  -0.025673
      853 0.000263  -0.024371
      757 0.000263  -0.024352
      269 0.000258  -0.023842
      570 0.000256  -0.023727
      239 0.000246   0.022786
      204 0.000238   0.021988
      263 0.000234  -0.021685
      299 0.000234   0.021610
      741 0.000227   0.020971
      726 0.000223  -0.020675
      361 0.000221   0.020435
      377 0.000219  -0.020303
      243 0.000218   0.020209
      739 0.000217  -0.020068
      184 0.000216  -0.020015
      580 0.000206  -0.019073
      199 0.000206  -0.019062
      301 0.000199  -0.018379
      604 0.000198  -0.018324
      763 0.000197   0.018268
      564 0.000195  -0.018034
      750 0.000194   0.017987
      206 0.000193   0.017865
      427 0.000193  -0.017860
      800 0.000192  -0.017791
      576 0.000190  -0.017611
      373 0.000190  -0.017549
      855 0.000189  -0.017506
      743 0.000188  -0.017371
      247 0.000187   0.017279
      818 0.000186  -0.017177
      400 0.000184  -0.017050
      549 0.000183  -0.016893
      658 0.000182   0.016822
      312 0.000180  -0.016688
      392 0.000180   0.016663
      175 0.000178  -0.016464
      574 0.000174  -0.016076
      828 0.000173  -0.016026
      784 0.000170  -0.015753
      759 0.000170  -0.015701
      795 0.000168   0.015581
      820 0.000168  -0.015521
      591 0.000168   0.015512
      857 0.000167  -0.015429
      369 0.000166   0.015382
      223 0.000166   0.015325
      941 0.000166  -0.015322
      742 0.000165  -0.015296
      553 0.000161  -0.014920
      275 0.000161  -0.014885
      787 0.000161   0.014857
      665 0.000159  -0.014756
      711 0.000159   0.014703
      824 0.000158   0.014651
      628 0.000157   0.014489
      337 0.000156  -0.014394
      778 0.000151  -0.013980
      667 0.000150   0.013912
      290 0.000149   0.013751
      557 0.000147  -0.013639
      616 0.000144  -0.013355
      605 0.000143  -0.013278
      332 0.000143  -0.013215
      132 0.000141   0.013042
      257 0.000140  -0.012981
      217 0.000139  -0.012851
      808 0.000138   0.012783
      687 0.000136   0.012595
      585 0.000135  -0.012453
      398 0.000133  -0.012297
      179 0.000132   0.012222
      380 0.000132   0.012198
      815 0.000131  -0.012143
      829 0.000131   0.012110
      228 0.000130  -0.012056
      736 0.000129  -0.011959
      775 0.000129   0.011929
      566 0.000128   0.011887
      859 0.000127   0.011706
      423 0.000124  -0.011514
      790 0.000124   0.011450
      431 0.000123  -0.011417
      137 0.000123  -0.011388
      279 0.000121  -0.011159
       88 0.000118  -0.010889
      354 0.000118   0.010881
      241 0.000117   0.010837
      255 0.000116  -0.010696
      271 0.000115   0.010613
      294 0.000115  -0.010600
      908 0.000114  -0.010593
      569 0.000114   0.010508
      295 0.000113  -0.010483
      697 0.000113   0.010438
      355 0.000112   0.010399
      573 0.000112   0.010376
      799 0.000112  -0.010365
      329 0.000112  -0.010328
      171 0.000109  -0.010096
      645 0.000109   0.010056
      690 0.000108   0.009964
      353 0.000107  -0.009880
      600 0.000105  -0.009746
      266 0.000104  -0.009632
      638 0.000103  -0.009573
      277 0.000103   0.009568
      201 0.000103  -0.009557
      356 0.000103  -0.009538
      974 0.000102   0.009435
      684 0.000102  -0.009433
      292 0.000101  -0.009346
      261 0.000100  -0.009232
      436 0.000098   0.009024
      770 0.000097   0.009011
      840 0.000097  -0.008991
      728 0.000097  -0.008983
      581 0.000097  -0.008934
      298 0.000096  -0.008891
      744 0.000095  -0.008791
       93 0.000092  -0.008553
      847 0.000091   0.008466
      611 0.000090  -0.008330
       70 0.000090   0.008287
      594 0.000089  -0.008280
      629 0.000088  -0.008161
      844 0.000088  -0.008123
      782 0.000088  -0.008118
      251 0.000088  -0.008106
      937 0.000087  -0.008091
      584 0.000086  -0.007987
      948 0.000086   0.007942
      262 0.000085  -0.007882
      367 0.000084   0.007819
      321 0.000084  -0.007765
      734 0.000084  -0.007760
      769 0.000083   0.007705
      281 0.000080   0.007441
      104 0.000079   0.007326
      864 0.000079   0.007293
      560 0.000079  -0.007272
      882 0.000079   0.007271
      978 0.000077   0.007125
      723 0.000077  -0.007125
      860 0.000077  -0.007085
      234 0.000075   0.006935
     1095 0.000075  -0.006903
      325 0.000074  -0.006840
      291 0.000073   0.006757
      654 0.000073   0.006737
      572 0.000071  -0.006598
      843 0.000070  -0.006498
      302 0.000069  -0.006430
     1005 0.000068   0.006248
      342 0.000067   0.006232
      943 0.000067   0.006231
      138 0.000067  -0.006227
      773 0.000067   0.006180
      268 0.000066  -0.006077
      285 0.000065   0.006048
      913 0.000065  -0.006040
      552 0.000064  -0.005933
      722 0.000063  -0.005836
      823 0.000062   0.005735
      694 0.000061   0.005677
      895 0.000061   0.005622
      792 0.000061   0.005616
      539 0.000060   0.005555
      632 0.000060   0.005551
      390 0.000060   0.005539
      701 0.000060  -0.005534
      561 0.000059   0.005497
      425 0.000059   0.005476
      428 0.000059   0.005433
      826 0.000058  -0.005409
      545 0.000058  -0.005400
      107 0.000058  -0.005398
      319 0.000058   0.005366
      323 0.000057  -0.005305
      831 0.000057   0.005294
      322 0.000057  -0.005261
      955 0.000056   0.005158
      765 0.000055   0.005096
      386 0.000055   0.005087
      414 0.000055   0.005048
      922 0.000054  -0.005041
      596 0.000054  -0.005036
      821 0.000053  -0.004948
      748 0.000053  -0.004930
      528 0.000052   0.004837
      614 0.000052   0.004768
      318 0.000051  -0.004736
      590 0.000051  -0.004736
      289 0.000051   0.004691
      884 0.000050  -0.004668
      789 0.000049   0.004523
      343 0.000048  -0.004444
      627 0.000047   0.004392
      880 0.000047   0.004362
      535 0.000047   0.004313
      870 0.000046  -0.004297
      762 0.000045  -0.004207
      879 0.000045  -0.004185
      589 0.000045  -0.004148
      780 0.000044   0.004069
      297 0.000044  -0.004031
      308 0.000043  -0.003997
      283 0.000043   0.003954
      169 0.000042  -0.003915
      244 0.000042  -0.003915
      881 0.000041  -0.003795
      832 0.000041   0.003786
      313 0.000041  -0.003773
      407 0.000041  -0.003759
      650 0.000039  -0.003647
      193 0.000039   0.003611
      374 0.000038   0.003561
      222 0.000038   0.003515
      254 0.000038   0.003501
      935 0.000037  -0.003440
      842 0.000037  -0.003421
      518 0.000036   0.003329
      491 0.000036   0.003325
      366 0.000034   0.003153
      830 0.000034   0.003142
      315 0.000034   0.003123
      894 0.000033  -0.003071
      532 0.000033   0.003070
      284 0.000033   0.003054
      542 0.000033   0.003037
      413 0.000033  -0.003029
      409 0.000032  -0.003007
      540 0.000032  -0.003003
      488 0.000032   0.003002
      333 0.000032  -0.002972
      874 0.000032  -0.002958
      640 0.000032  -0.002957
      643 0.000032  -0.002954
      933 0.000031   0.002902
      942 0.000031   0.002856
      928 0.000031  -0.002831
      448 0.000030   0.002815
      649 0.000030  -0.002809
      835 0.000030  -0.002803
      131 0.000030   0.002783
      397 0.000030  -0.002773
      610 0.000030  -0.002760
      597 0.000030  -0.002735
     1073 0.000030  -0.002734
      410 0.000029  -0.002716
      677 0.000029   0.002713
      987 0.000029   0.002707
      161 0.000029   0.002686
      445 0.000029  -0.002658
      310 0.000028  -0.002624
      475 0.000028  -0.002615
      524 0.000028  -0.002591
      636 0.000028  -0.002567
      950 0.000027  -0.002544
      957 0.000027   0.002542
      278 0.000027   0.002530
      838 0.000027  -0.002527
      891 0.000027  -0.002525
     1032 0.000027   0.002523
      794 0.000027   0.002523
      245 0.000027  -0.002519
      394 0.000027   0.002502
      776 0.000027  -0.002460
     1001 0.000027  -0.002458
      346 0.000025   0.002329
      833 0.000025  -0.002329
     1034 0.000025  -0.002326
      971 0.000025  -0.002303
      921 0.000025  -0.002288
      334 0.000025  -0.002284
      424 0.000024  -0.002252
      530 0.000024   0.002236
      526 0.000024   0.002217
      841 0.000024   0.002212
      856 0.000024   0.002208
      801 0.000024  -0.002202
      811 0.000024   0.002180
      727 0.000023  -0.002092
      198 0.000023  -0.002090
      264 0.000023   0.002087
      988 0.000022  -0.002069
     1010 0.000022   0.002031
      685 0.000022  -0.002008
      904 0.000022   0.002003
      252 0.000022  -0.002003
     1025 0.000021   0.001983
      810 0.000021   0.001915
      938 0.000021   0.001914
      479 0.000020   0.001860
      514 0.000020   0.001837
      791 0.000020   0.001822
     1096 0.000019   0.001793
      927 0.000019  -0.001777
      907 0.000019   0.001755
      803 0.000019   0.001736
      536 0.000019  -0.001714
      964 0.000019   0.001713
      250 0.000018   0.001708
      977 0.000018   0.001690
     1017 0.000018   0.001687
      852 0.000018   0.001673
      455 0.000018  -0.001661
      714 0.000018  -0.001640
      437 0.000018   0.001636
      432 0.000018   0.001633
      463 0.000018  -0.001629
      502 0.000018   0.001621
      519 0.000017   0.001600
      983 0.000017   0.001591
      934 0.000017  -0.001583
      608 0.000017  -0.001577
      802 0.000017   0.001564
      993 0.000017   0.001548
      512 0.000017  -0.001533
      236 0.000016   0.001496
      809 0.000016   0.001461
      868 0.000016   0.001443
      592 0.000015   0.001405
      916 0.000015  -0.001400
      364 0.000015  -0.001398
      949 0.000015   0.001375
      489 0.000015   0.001364
      458 0.000015   0.001346
      226 0.000015   0.001344
      965 0.000014  -0.001339
     1009 0.000014  -0.001338
      917 0.000014   0.001336
      959 0.000014  -0.001332
      225 0.000014   0.001324
      662 0.000014  -0.001323
      101 0.000014  -0.001316
      732 0.000014   0.001301
      505 0.000014   0.001292
     1052 0.000014   0.001270
      382 0.000014  -0.001252
      384 0.000013  -0.001236
       89 0.000013   0.001235
      450 0.000013  -0.001232
      240 0.000013  -0.001230
      814 0.000013   0.001211
      858 0.000013  -0.001182
      764 0.000013  -0.001157
      740 0.000012  -0.001155
      237 0.000012   0.001154
      406 0.000012  -0.001142
      324 0.000012  -0.001137
      259 0.000012   0.001137
      188 0.000012  -0.001121
      320 0.000012   0.001117
      110 0.000012   0.001105
       99 0.000012  -0.001103
       86 0.000012   0.001100
      900 0.000012  -0.001093
      646 0.000012   0.001093
      359 0.000012   0.001089
      609 0.000012   0.001083
      816 0.000012   0.001079
       80 0.000012   0.001070
      286 0.000011   0.001056
      209 0.000011   0.001048
      125 0.000011   0.001039
      478 0.000011   0.001029
     1003 0.000011  -0.001011
      487 0.000011  -0.001002
      483 0.000011  -0.001002
     1061 0.000011  -0.001001
       98 0.000011  -0.000994
       73 0.000011  -0.000993
      669 0.000011   0.000993
      331 0.000011   0.000991
      634 0.000011  -0.000975
      675 0.000010   0.000963
      461 0.000010   0.000957
      426 0.000010   0.000952
      984 0.000010  -0.000950
      849 0.000010   0.000949
     1016 0.000010  -0.000942
      805 0.000010  -0.000933
      713 0.000010   0.000933
      349 0.000010  -0.000926
      133 0.000010  -0.000925
euclid. distance of OLC and linear combination of EV * x_coef: 0.008408242318783407

Generate samples based on objective loadcase 547
nr_to_generate: 25

Parameter variation distribution settings
distribution: uniform
low: 0.7
high: 1.3

Total process runtime: 0:00:01.311039
