Date and Time:2023-05-12 14:09:48.999451

Initial Settings:
similarity_model: <function cosine_similarity at 0x000001D005A6E5E0>
similarity_threshold: 1e-05
nr_eigv_to_select: None
distribution: uniform
deviation: 0.3
nr_to_generate: 25
recompute: False

Selected eigenvectors and similarity score w.r.t objective loadcase:
objective_loadcase_nr: 181
similarity_model: cosine_similarity
similarity_threshold: 1e-05
nr_eigv_to_select: None
nr_eigv_selected: 495
approximation parameter model: lstsq
similarity score and approx. param. value
:  eigv_idx    score      value
        1 0.557272  46.438509
        3 0.532804  44.399558
        2 0.490724 -40.892929
        0 0.401178  33.430967
        6 0.057921   4.826697
       39 0.016479   1.373212
        4 0.010043   0.836915
      639 0.003780   0.315024
       68 0.003020  -0.251670
      186 0.002247  -0.187258
      612 0.002106  -0.175494
      593 0.002062  -0.171800
      586 0.001867   0.155597
      716 0.001670   0.139200
      218 0.001598  -0.133124
      187 0.001533  -0.127774
      618 0.001521   0.126758
      710 0.001512  -0.125961
      663 0.001495  -0.124573
      668 0.001404   0.116957
      182 0.001200  -0.099990
      595 0.001178   0.098180
      143 0.001067   0.088947
      659 0.001053  -0.087739
      194 0.001028   0.085677
      617 0.000973   0.081071
      686 0.000937  -0.078102
      184 0.000932  -0.077634
      388 0.000900  -0.075031
      626 0.000855   0.071283
      599 0.000830   0.069193
      688 0.000816  -0.068039
      700 0.000796   0.066322
      635 0.000779   0.064889
      562 0.000774  -0.064464
      582 0.000769  -0.064103
      683 0.000738   0.061500
      670 0.000734   0.061206
      579 0.000732   0.060970
       71 0.000724  -0.060306
      183 0.000715   0.059564
      578 0.000689   0.057376
      749 0.000664  -0.055328
      621 0.000658  -0.054868
      698 0.000647  -0.053908
      733 0.000635   0.052912
      666 0.000577  -0.048094
      602 0.000566  -0.047171
      341 0.000564   0.047026
       69 0.000555  -0.046277
      253 0.000547  -0.045588
      718 0.000508  -0.042371
       70 0.000498   0.041494
      179 0.000493   0.041074
      228 0.000490  -0.040816
      708 0.000484   0.040349
      735 0.000454  -0.037804
      171 0.000449  -0.037405
      153 0.000447   0.037284
      606 0.000447  -0.037279
      567 0.000445  -0.037112
      704 0.000444  -0.036990
      699 0.000439  -0.036599
      174 0.000434   0.036166
      641 0.000433  -0.036091
      137 0.000412  -0.034325
      220 0.000410  -0.034178
      577 0.000409  -0.034105
      575 0.000405   0.033771
      583 0.000383  -0.031919
      709 0.000380  -0.031692
      210 0.000376  -0.031349
      362 0.000373  -0.031124
      620 0.000371  -0.030946
      267 0.000343  -0.028576
      631 0.000341  -0.028396
      848 0.000318  -0.026523
      419 0.000316  -0.026310
      243 0.000315   0.026288
      807 0.000314   0.026149
      756 0.000312  -0.026001
      757 0.000310  -0.025863
      412 0.000308  -0.025695
      604 0.000305  -0.025422
      707 0.000296  -0.024629
      601 0.000294   0.024515
      576 0.000288  -0.023965
      403 0.000281   0.023440
      628 0.000276   0.022977
      587 0.000274   0.022793
      132 0.000264   0.022032
      741 0.000251   0.020941
      258 0.000251  -0.020882
      400 0.000250  -0.020851
      254 0.000249   0.020757
      573 0.000248   0.020649
      377 0.000245  -0.020400
      161 0.000240   0.020013
      383 0.000239   0.019933
      815 0.000239  -0.019927
      570 0.000237  -0.019767
      361 0.000232   0.019358
      753 0.000232  -0.019295
      580 0.000231  -0.019264
      271 0.000231   0.019212
      204 0.000226   0.018832
      148 0.000226   0.018806
      853 0.000223  -0.018624
      658 0.000223   0.018559
      787 0.000221   0.018407
      696 0.000217  -0.018047
      564 0.000211  -0.017615
      739 0.000211  -0.017576
      941 0.000201  -0.016709
      665 0.000199  -0.016564
      759 0.000197   0.016418
      277 0.000197   0.016416
      549 0.000192  -0.016003
      236 0.000189   0.015768
      800 0.000187  -0.015578
      199 0.000187  -0.015560
      355 0.000185   0.015426
      687 0.000185   0.015398
      373 0.000184  -0.015369
      828 0.000184  -0.015341
      427 0.000184  -0.015323
      273 0.000182  -0.015126
      301 0.000181  -0.015096
      820 0.000174  -0.014475
      255 0.000170  -0.014208
      175 0.000170  -0.014205
      234 0.000170   0.014179
      750 0.000169   0.014045
      667 0.000166   0.013811
      640 0.000166  -0.013799
      398 0.000165  -0.013783
      574 0.000164  -0.013697
      793 0.000164  -0.013644
      299 0.000161   0.013448
      566 0.000159   0.013257
      557 0.000159  -0.013224
      743 0.000158  -0.013158
      711 0.000158   0.013146
      367 0.000157   0.013050
      784 0.000154  -0.012864
      198 0.000151   0.012623
       91 0.000150  -0.012499
      247 0.000149   0.012414
      380 0.000148   0.012345
      798 0.000146   0.012185
      847 0.000144   0.012036
      249 0.000144  -0.011993
      857 0.000144  -0.011993
      257 0.000143  -0.011942
      392 0.000139   0.011624
      690 0.000138   0.011511
      295 0.000138  -0.011464
      294 0.000137  -0.011421
      790 0.000136   0.011340
      808 0.000135   0.011247
      353 0.000133  -0.011068
      855 0.000131  -0.010940
      645 0.000130   0.010868
      908 0.000130  -0.010820
      436 0.000130   0.010802
      138 0.000128   0.010654
      974 0.000126   0.010538
      605 0.000124  -0.010345
      740 0.000124  -0.010303
      423 0.000123  -0.010265
      431 0.000123  -0.010250
      262 0.000123  -0.010215
      312 0.000123  -0.010210
      107 0.000122  -0.010199
      269 0.000119  -0.009954
      795 0.000118   0.009805
      762 0.000117   0.009773
      697 0.000117   0.009766
      684 0.000117  -0.009732
      638 0.000117  -0.009726
      882 0.000116   0.009700
      629 0.000116  -0.009686
      818 0.000116  -0.009683
      726 0.000114  -0.009474
      581 0.000114  -0.009459
      217 0.000113  -0.009387
      281 0.000110   0.009167
      561 0.000110   0.009141
      840 0.000109  -0.009057
      859 0.000109   0.009043
      266 0.000109  -0.009042
      275 0.000107  -0.008943
      390 0.000107   0.008904
      799 0.000107  -0.008877
      594 0.000106  -0.008804
      584 0.000105  -0.008773
      736 0.000104  -0.008634
      600 0.000103  -0.008617
      222 0.000103  -0.008561
      241 0.000102   0.008513
      354 0.000100   0.008373
      723 0.000099  -0.008289
      261 0.000099  -0.008216
      308 0.000097  -0.008095
      611 0.000097  -0.008058
      585 0.000096  -0.007974
      844 0.000095  -0.007943
      742 0.000095  -0.007932
      553 0.000095  -0.007889
      235 0.000095  -0.007881
     1095 0.000094  -0.007871
      193 0.000093  -0.007715
      778 0.000092  -0.007641
      572 0.000092  -0.007640
      552 0.000091  -0.007545
      734 0.000090  -0.007520
      832 0.000090   0.007515
      369 0.000090   0.007479
      302 0.000088  -0.007371
      955 0.000086   0.007199
      824 0.000085   0.007048
      364 0.000084  -0.007028
      803 0.000084   0.007014
      569 0.000084   0.006990
      701 0.000083  -0.006902
      801 0.000083  -0.006886
      386 0.000081   0.006790
      597 0.000081  -0.006747
      239 0.000080   0.006686
      614 0.000080   0.006673
      292 0.000080  -0.006655
      591 0.000080   0.006645
      744 0.000079  -0.006624
      230 0.000079  -0.006619
      407 0.000079  -0.006598
      428 0.000079   0.006598
      863 0.000078  -0.006523
      763 0.000078  -0.006475
      829 0.000077   0.006427
      209 0.000077  -0.006396
      843 0.000076  -0.006369
      728 0.000076  -0.006335
      232 0.000076  -0.006305
     1005 0.000075   0.006244
      414 0.000074   0.006175
      802 0.000074   0.006152
      632 0.000074   0.006143
      879 0.000073  -0.006083
      937 0.000073  -0.006075
      891 0.000071  -0.005946
      227 0.000071   0.005940
      748 0.000071  -0.005930
      913 0.000071  -0.005919
      545 0.000070  -0.005855
      978 0.000070   0.005814
      425 0.000069   0.005735
      922 0.000068  -0.005688
      826 0.000068  -0.005648
      560 0.000068  -0.005645
      397 0.000067  -0.005614
      805 0.000067  -0.005592
      343 0.000067  -0.005544
      349 0.000066  -0.005535
      359 0.000066   0.005526
      616 0.000066  -0.005476
      654 0.000064   0.005321
      313 0.000063  -0.005279
      319 0.000062   0.005149
      263 0.000061  -0.005122
      539 0.000061   0.005066
      776 0.000060  -0.005007
      789 0.000059   0.004954
      251 0.000059  -0.004936
      291 0.000059   0.004878
      782 0.000058  -0.004851
      722 0.000058  -0.004838
      374 0.000057   0.004789
      356 0.000056  -0.004668
      298 0.000056  -0.004635
      223 0.000055   0.004599
      948 0.000054   0.004536
      350 0.000054   0.004536
      895 0.000054   0.004497
      337 0.000053  -0.004448
      342 0.000053   0.004414
      226 0.000053   0.004411
      297 0.000053  -0.004382
      268 0.000052  -0.004350
      357 0.000052  -0.004326
      821 0.000052  -0.004326
      528 0.000052   0.004318
      322 0.000051  -0.004289
      867 0.000051   0.004265
      770 0.000051   0.004249
      289 0.000050   0.004187
      279 0.000050  -0.004183
      225 0.000050   0.004179
      542 0.000050   0.004169
      608 0.000049  -0.004109
      765 0.000049   0.004050
      409 0.000048  -0.004036
      603 0.000048  -0.003961
      366 0.000047   0.003916
      540 0.000046  -0.003872
      858 0.000046  -0.003854
      831 0.000046   0.003795
      987 0.000045   0.003727
      332 0.000045  -0.003719
      402 0.000044   0.003706
      325 0.000044  -0.003704
      773 0.000044   0.003694
      870 0.000044  -0.003652
      169 0.000044  -0.003638
      589 0.000043  -0.003576
      216 0.000043   0.003549
      928 0.000043  -0.003542
      677 0.000042   0.003526
      535 0.000041   0.003440
      780 0.000041  -0.003423
      874 0.000041  -0.003412
      323 0.000041  -0.003389
      360 0.000040   0.003368
      448 0.000040   0.003310
      965 0.000040  -0.003309
      823 0.000040   0.003303
      214 0.000039  -0.003273
      335 0.000039   0.003250
     1001 0.000039  -0.003248
      881 0.000039  -0.003240
      588 0.000038  -0.003204
      864 0.000038   0.003183
      904 0.000038   0.003152
      318 0.000038   0.003148
      838 0.000037   0.003085
      518 0.000037   0.003063
      993 0.000037   0.003053
      860 0.000036  -0.003035
      627 0.000036   0.002976
      830 0.000035   0.002942
      224 0.000035  -0.002919
      310 0.000035  -0.002891
      596 0.000035  -0.002881
      933 0.000035   0.002878
      894 0.000034  -0.002859
     1025 0.000034   0.002845
      650 0.000034  -0.002827
      491 0.000034   0.002823
      406 0.000034   0.002817
      329 0.000034  -0.002802
      382 0.000033  -0.002777
      320 0.000033  -0.002773
      410 0.000032  -0.002687
      530 0.000032   0.002685
      206 0.000032  -0.002669
      792 0.000032   0.002667
      286 0.000032   0.002653
      394 0.000032   0.002650
      445 0.000032  -0.002634
      532 0.000032   0.002634
      215 0.000031   0.002619
     1032 0.000031   0.002574
      592 0.000030  -0.002531
      488 0.000030   0.002500
      250 0.000029  -0.002436
      643 0.000029  -0.002424
      213 0.000029  -0.002393
      950 0.000029  -0.002392
      475 0.000028  -0.002375
      259 0.000028   0.002361
      424 0.000028  -0.002355
     1017 0.000028   0.002339
      814 0.000028   0.002322
      384 0.000028  -0.002306
      880 0.000028   0.002302
      839 0.000028  -0.002299
      524 0.000028  -0.002294
      900 0.000027  -0.002278
      942 0.000027   0.002272
      943 0.000027   0.002252
      432 0.000027   0.002216
      347 0.000026   0.002197
      131 0.000026  -0.002173
      413 0.000025   0.002100
      727 0.000025  -0.002084
      938 0.000025   0.002067
      636 0.000025  -0.002056
      662 0.000024  -0.002030
      104 0.000024   0.002000
      264 0.000024   0.001995
      917 0.000023   0.001933
      502 0.000023   0.001921
      245 0.000023  -0.001913
     1034 0.000023  -0.001886
      519 0.000022   0.001837
      685 0.000022  -0.001817
      260 0.000022  -0.001792
      505 0.000021   0.001777
      293 0.000021  -0.001772
      455 0.000021  -0.001739
      248 0.000021   0.001717
      713 0.000021   0.001709
      489 0.000020   0.001690
      714 0.000020  -0.001688
      324 0.000020  -0.001679
      252 0.000020   0.001673
      538 0.000020   0.001667
      526 0.000020   0.001662
      590 0.000020  -0.001648
      201 0.000019   0.001614
      315 0.000019   0.001613
      609 0.000019  -0.001602
     1052 0.000019   0.001600
      536 0.000019  -0.001598
      884 0.000019  -0.001568
      613 0.000019  -0.001567
      437 0.000019   0.001564
      512 0.000019  -0.001556
      387 0.000019   0.001550
      868 0.000019  -0.001547
      463 0.000018  -0.001532
      680 0.000018   0.001522
      598 0.000018   0.001500
      296 0.000018   0.001484
      458 0.000018   0.001475
      479 0.000018   0.001465
      221 0.000017  -0.001447
      649 0.000017  -0.001433
      514 0.000017   0.001425
      856 0.000017   0.001400
      321 0.000017  -0.001387
      283 0.000017   0.001381
      949 0.000016   0.001354
      791 0.000016   0.001339
      842 0.000016  -0.001329
      164 0.000016  -0.001329
      333 0.000016   0.001328
      883 0.000016   0.001323
      675 0.000016   0.001316
      837 0.000016   0.001312
      779 0.000016   0.001305
      240 0.000015  -0.001289
      314 0.000015   0.001283
      769 0.000015  -0.001279
      907 0.000015   0.001254
      450 0.000015  -0.001242
      242 0.000015  -0.001216
      619 0.000015   0.001210
      276 0.000014  -0.001207
      229 0.000014  -0.001194
      304 0.000014   0.001179
      712 0.000014  -0.001152
      755 0.000014  -0.001142
      732 0.000014   0.001135
      816 0.000014   0.001132
      317 0.000014  -0.001126
      646 0.000013   0.001125
      309 0.000013  -0.001113
      966 0.000013   0.001103
      903 0.000013  -0.001103
      483 0.000013  -0.001093
      478 0.000013   0.001073
      724 0.000013  -0.001069
      794 0.000013   0.001063
      462 0.000013   0.001054
       43 0.000013  -0.001053
     1047 0.000013   0.001047
      694 0.000012   0.001030
      288 0.000012   0.001002
      811 0.000012   0.000993
      534 0.000012  -0.000988
      927 0.000012  -0.000985
      165 0.000012  -0.000984
      284 0.000012   0.000972
      237 0.000012   0.000969
      510 0.000012  -0.000959
      625 0.000011  -0.000953
      634 0.000011  -0.000945
     1010 0.000011   0.000932
      449 0.000011  -0.000916
      405 0.000011  -0.000911
      418 0.000011  -0.000908
      810 0.000011   0.000907
      473 0.000011  -0.000905
      326 0.000011  -0.000905
      330 0.000011   0.000903
      752 0.000011   0.000896
      669 0.000011   0.000884
      351 0.000011   0.000882
      934 0.000011  -0.000879
      452 0.000011  -0.000875
      331 0.000010  -0.000873
       40 0.000010  -0.000859
      110 0.000010  -0.000859
      543 0.000010  -0.000857
      804 0.000010  -0.000845
euclid. distance of OLC and linear combination of EV * x_coef: 0.007378730200534767

Generate samples based on objective loadcase 181
nr_to_generate: 25

Parameter variation distribution settings
distribution: uniform
low: 0.7
high: 1.3

Total process runtime: 0:00:01.294442
