Date and Time:2023-05-12 14:17:17.687731

Initial Settings:
similarity_model: <function cosine_similarity at 0x000001D005A6E5E0>
similarity_threshold: 1e-05
nr_eigv_to_select: None
distribution: uniform
deviation: 0.3
nr_to_generate: 25
recompute: False

Selected eigenvectors and similarity score w.r.t objective loadcase:
objective_loadcase_nr: 518
similarity_model: cosine_similarity
similarity_threshold: 1e-05
nr_eigv_to_select: None
nr_eigv_selected: 515
approximation parameter model: lstsq
similarity score and approx. param. value
:  eigv_idx    score      value
        3 0.570113  51.144494
        1 0.528530  47.414051
        2 0.507193 -45.499929
        0 0.369034  33.105765
        6 0.036332   3.259333
       39 0.025810   2.315443
        4 0.011880   1.065734
      639 0.003420   0.306831
      218 0.002278  -0.204323
      186 0.002230  -0.200033
      593 0.002084  -0.186996
      612 0.001968  -0.176526
      586 0.001913   0.171607
      710 0.001623  -0.145575
      187 0.001467  -0.131599
      716 0.001380   0.123774
      595 0.001236   0.110843
      663 0.001158  -0.103876
      618 0.001155   0.103640
      668 0.001111   0.099637
      626 0.001027   0.092102
      194 0.000983   0.088158
      686 0.000936  -0.084010
      388 0.000896  -0.080351
      659 0.000817  -0.073331
      688 0.000800  -0.071729
      749 0.000791  -0.070991
      599 0.000775   0.069537
      143 0.000771   0.069141
      617 0.000767   0.068813
      582 0.000745  -0.066859
       69 0.000742   0.066578
       71 0.000740   0.066411
      562 0.000724  -0.064933
      635 0.000717   0.064279
      621 0.000698  -0.062592
      670 0.000685   0.061489
      183 0.000661   0.059264
      578 0.000606   0.054361
      341 0.000594   0.053267
      704 0.000592  -0.053064
      733 0.000573   0.051427
       68 0.000561  -0.050310
      718 0.000545  -0.048874
      579 0.000542   0.048599
      567 0.000540  -0.048455
      606 0.000538  -0.048305
      602 0.000533  -0.047838
      698 0.000509  -0.045646
      153 0.000503   0.045107
      577 0.000499  -0.044794
      708 0.000492   0.044180
      253 0.000492  -0.044158
      735 0.000470  -0.042128
      174 0.000463   0.041530
      666 0.000457  -0.040995
      700 0.000446   0.039981
      575 0.000442   0.039663
      683 0.000437   0.039222
      267 0.000432  -0.038725
      620 0.000421  -0.037742
      258 0.000419  -0.037633
      709 0.000407  -0.036493
      696 0.000402  -0.036080
      220 0.000398  -0.035713
      641 0.000382  -0.034283
      601 0.000370   0.033212
      707 0.000368  -0.032993
      210 0.000358  -0.032128
      753 0.000354  -0.031760
      699 0.000352  -0.031541
      227 0.000340   0.030538
      848 0.000336  -0.030171
      412 0.000332  -0.029751
      230 0.000331  -0.029735
      583 0.000331  -0.029682
      807 0.000319   0.028621
      756 0.000317  -0.028451
      419 0.000313  -0.028062
      631 0.000307  -0.027518
      182 0.000306  -0.027491
      273 0.000301  -0.027026
      403 0.000301   0.027015
      362 0.000297  -0.026651
      587 0.000294   0.026407
      793 0.000286  -0.025622
      757 0.000276  -0.024760
      853 0.000271  -0.024271
      235 0.000258  -0.023155
      383 0.000258   0.023104
      361 0.000248   0.022280
      570 0.000247  -0.022198
      741 0.000245   0.022011
      243 0.000238   0.021391
      269 0.000234  -0.021013
      739 0.000229  -0.020500
      239 0.000226   0.020247
      377 0.000225  -0.020199
      263 0.000223  -0.020039
      726 0.000220  -0.019776
      299 0.000218   0.019512
      184 0.000217  -0.019441
      576 0.000209  -0.018760
      580 0.000208  -0.018663
      750 0.000204   0.018281
      373 0.000204  -0.018267
      204 0.000199   0.017828
      604 0.000195  -0.017451
      301 0.000194  -0.017429
      400 0.000189  -0.016945
      247 0.000188   0.016859
      743 0.000188  -0.016841
      427 0.000187  -0.016800
      564 0.000187  -0.016762
      800 0.000186  -0.016724
      855 0.000186  -0.016712
      658 0.000184   0.016534
      199 0.000184  -0.016495
      228 0.000183  -0.016428
      175 0.000183  -0.016419
      763 0.000181   0.016265
      818 0.000180  -0.016109
      787 0.000179   0.016043
      312 0.000178  -0.015926
      137 0.000177  -0.015891
      574 0.000177  -0.015867
      857 0.000173  -0.015553
      549 0.000171  -0.015328
      828 0.000171  -0.015321
      628 0.000165   0.014840
      941 0.000165  -0.014799
      820 0.000165  -0.014797
      784 0.000164  -0.014702
      392 0.000164   0.014687
      795 0.000162   0.014559
      742 0.000161  -0.014473
      711 0.000160   0.014345
      132 0.000159   0.014272
      824 0.000156   0.014021
      553 0.000155  -0.013878
      275 0.000150  -0.013456
      665 0.000150  -0.013430
      591 0.000149   0.013411
      257 0.000149  -0.013387
      759 0.000148  -0.013270
      355 0.000147   0.013166
      605 0.000146  -0.013090
      206 0.000146   0.013076
      667 0.000145   0.012998
      616 0.000145  -0.012982
      223 0.000144   0.012931
      778 0.000142  -0.012740
      179 0.000141   0.012656
      808 0.000141   0.012654
      271 0.000141   0.012634
      557 0.000140  -0.012594
      290 0.000138   0.012351
      815 0.000135  -0.012141
      241 0.000133   0.011913
      566 0.000132   0.011847
      859 0.000131   0.011725
      337 0.000130  -0.011684
      829 0.000130   0.011646
      790 0.000130   0.011645
      217 0.000129  -0.011610
      279 0.000129  -0.011580
      255 0.000128  -0.011483
      687 0.000128   0.011457
      736 0.000126  -0.011315
      398 0.000125  -0.011197
      369 0.000124   0.011125
      423 0.000121  -0.010894
      775 0.000121   0.010885
      380 0.000120   0.010782
      431 0.000120  -0.010759
       88 0.000119  -0.010686
      367 0.000118   0.010543
      332 0.000117  -0.010481
      292 0.000116  -0.010448
      294 0.000116  -0.010408
      569 0.000116   0.010367
      690 0.000115   0.010282
      171 0.000114  -0.010188
      354 0.000113   0.010150
      251 0.000113  -0.010150
      908 0.000113  -0.010130
      277 0.000111   0.010002
      645 0.000111   0.009951
      573 0.000111   0.009939
      329 0.000111  -0.009938
      298 0.000111  -0.009916
      799 0.000110  -0.009910
      684 0.000108  -0.009723
      697 0.000108   0.009700
      295 0.000104  -0.009360
      600 0.000104  -0.009287
      234 0.000103   0.009249
      262 0.000103  -0.009241
       70 0.000103   0.009217
      770 0.000102   0.009182
      585 0.000102  -0.009151
      847 0.000102   0.009113
      974 0.000100   0.009011
      728 0.000100  -0.009003
      261 0.000099  -0.008900
      436 0.000099   0.008878
      638 0.000098  -0.008789
      840 0.000097  -0.008697
      353 0.000096  -0.008640
      266 0.000096  -0.008606
      744 0.000095  -0.008500
       93 0.000093  -0.008339
      611 0.000088  -0.007885
      584 0.000087  -0.007834
      844 0.000087  -0.007825
      201 0.000087  -0.007768
      734 0.000087  -0.007762
      104 0.000085   0.007664
      390 0.000085   0.007622
      782 0.000085  -0.007598
      281 0.000083   0.007441
      937 0.000083  -0.007418
      629 0.000082  -0.007349
      560 0.000081  -0.007297
      723 0.000081  -0.007263
      882 0.000080   0.007219
      948 0.000080   0.007176
      552 0.000079  -0.007103
      864 0.000079   0.007091
      581 0.000078  -0.006958
      594 0.000078  -0.006954
      325 0.000077  -0.006946
      769 0.000075   0.006691
      291 0.000074   0.006667
      364 0.000074  -0.006655
      978 0.000074   0.006647
     1095 0.000074  -0.006619
      342 0.000073   0.006561
      860 0.000073  -0.006550
      321 0.000072  -0.006482
      773 0.000072   0.006443
      268 0.000071  -0.006414
      843 0.000071  -0.006385
      701 0.000070  -0.006287
      302 0.000069  -0.006233
      572 0.000069  -0.006193
      254 0.000068   0.006112
      654 0.000068   0.006098
      943 0.000067   0.006034
      823 0.000066   0.005928
     1005 0.000066   0.005905
      285 0.000065   0.005809
      913 0.000064  -0.005731
      318 0.000064  -0.005706
      386 0.000063   0.005635
      138 0.000061  -0.005513
      428 0.000060   0.005383
      539 0.000059   0.005288
      895 0.000059   0.005253
      632 0.000058   0.005231
      226 0.000058   0.005226
      545 0.000058  -0.005221
      826 0.000057  -0.005145
      955 0.000057   0.005138
      425 0.000057   0.005090
      589 0.000056  -0.005065
      225 0.000056   0.005047
      414 0.000056   0.005043
      694 0.000056   0.005022
      765 0.000056   0.004993
      792 0.000055   0.004949
      789 0.000055   0.004944
      831 0.000055   0.004938
      107 0.000055  -0.004934
      922 0.000055  -0.004906
      322 0.000055  -0.004903
      821 0.000054  -0.004835
      356 0.000054  -0.004828
      245 0.000053  -0.004713
      561 0.000052   0.004669
      884 0.000052  -0.004661
      722 0.000052  -0.004645
      610 0.000052  -0.004644
      283 0.000052   0.004627
      319 0.000051   0.004570
      528 0.000051   0.004559
      240 0.000051  -0.004559
      880 0.000050   0.004455
      870 0.000050  -0.004448
      308 0.000049  -0.004433
      359 0.000049   0.004402
      748 0.000049  -0.004394
      879 0.000046  -0.004151
      323 0.000045  -0.004080
      535 0.000045   0.004068
      237 0.000045   0.004024
      315 0.000045   0.004023
      278 0.000045   0.004006
      366 0.000044   0.003976
      169 0.000044  -0.003931
      357 0.000044  -0.003910
      343 0.000043  -0.003848
      222 0.000042   0.003727
      832 0.000041   0.003704
      640 0.000040  -0.003577
      881 0.000040  -0.003561
      643 0.000039  -0.003456
      236 0.000038   0.003445
      894 0.000038  -0.003400
      590 0.000038  -0.003382
      597 0.000037  -0.003321
      780 0.000037   0.003279
      801 0.000037  -0.003276
      874 0.000037  -0.003275
      360 0.000036   0.003266
      407 0.000036  -0.003255
      193 0.000036   0.003235
      289 0.000036   0.003233
      830 0.000036   0.003221
      252 0.000036  -0.003215
      627 0.000036   0.003208
      491 0.000036   0.003201
      333 0.000035  -0.003176
      313 0.000035  -0.003172
      935 0.000035  -0.003133
      842 0.000035  -0.003127
      518 0.000035   0.003125
      650 0.000034  -0.003058
      131 0.000034   0.003057
      284 0.000033   0.002970
      942 0.000033   0.002956
      542 0.000033   0.002953
      540 0.000033  -0.002951
      488 0.000033   0.002924
      532 0.000033   0.002918
      397 0.000032  -0.002908
      614 0.000032   0.002900
      161 0.000032   0.002888
      409 0.000032  -0.002867
      609 0.000032   0.002852
      244 0.000032  -0.002852
      928 0.000031  -0.002794
      374 0.000031   0.002777
      677 0.000031   0.002776
      891 0.000031  -0.002776
      950 0.000031  -0.002763
      448 0.000031   0.002755
      933 0.000031   0.002755
      588 0.000031  -0.002737
      636 0.000030  -0.002683
      406 0.000030  -0.002653
      987 0.000030   0.002646
      762 0.000029  -0.002641
      568 0.000029   0.002610
      320 0.000029   0.002597
      410 0.000029  -0.002595
      310 0.000029  -0.002558
      350 0.000028   0.002549
      475 0.000028  -0.002520
      904 0.000028   0.002508
      524 0.000027  -0.002453
      596 0.000027  -0.002447
      413 0.000027  -0.002440
      445 0.000027  -0.002420
     1073 0.000027  -0.002419
      382 0.000027  -0.002405
      811 0.000027   0.002405
      776 0.000027  -0.002398
     1032 0.000027   0.002394
      957 0.000027   0.002386
     1001 0.000026  -0.002373
      349 0.000026  -0.002358
      835 0.000026  -0.002305
      805 0.000026  -0.002302
      794 0.000026   0.002291
      296 0.000026  -0.002290
      849 0.000026   0.002289
      394 0.000025   0.002281
      971 0.000025  -0.002280
      264 0.000025   0.002270
      727 0.000025  -0.002235
      530 0.000025   0.002209
      685 0.000025  -0.002204
      810 0.000024   0.002197
      988 0.000024  -0.002185
     1034 0.000024  -0.002161
      649 0.000024  -0.002159
      833 0.000024  -0.002133
      250 0.000024   0.002131
      791 0.000024   0.002115
      921 0.000023  -0.002106
      424 0.000023  -0.002103
      803 0.000023   0.002098
      856 0.000023   0.002089
      297 0.000023  -0.002077
      526 0.000023   0.002074
      964 0.000022   0.002010
      224 0.000022  -0.002000
      384 0.000022  -0.001997
      838 0.000022  -0.001964
     1025 0.000022   0.001945
      625 0.000021  -0.001910
     1096 0.000021   0.001875
       95 0.000021   0.001861
      841 0.000020   0.001838
     1010 0.000020   0.001838
      198 0.000020   0.001805
      232 0.000020  -0.001776
      479 0.000020   0.001773
      287 0.000019  -0.001749
      802 0.000019   0.001740
      272 0.000019  -0.001734
      288 0.000019   0.001723
      927 0.000019  -0.001716
      514 0.000019   0.001711
      316 0.000019  -0.001701
      432 0.000019   0.001691
      662 0.000018  -0.001638
      536 0.000018  -0.001633
      740 0.000018  -0.001629
       86 0.000018  -0.001627
     1017 0.000018   0.001618
       87 0.000018  -0.001605
      286 0.000018   0.001601
      977 0.000018   0.001591
      242 0.000018  -0.001582
      274 0.000018   0.001581
      455 0.000018  -0.001579
      993 0.000018   0.001572
      519 0.000017   0.001565
      463 0.000017  -0.001562
      324 0.000017  -0.001562
      983 0.000017   0.001557
      714 0.000017  -0.001552
      934 0.000017  -0.001530
      437 0.000017   0.001530
      502 0.000017   0.001518
      314 0.000017  -0.001511
       94 0.000017   0.001502
      907 0.000017   0.001482
      512 0.000016  -0.001458
      938 0.000016   0.001451
      965 0.000016  -0.001448
      875 0.000016  -0.001438
      188 0.000016  -0.001437
       99 0.000016   0.001408
      669 0.000016   0.001406
      876 0.000016  -0.001401
      809 0.000016   0.001398
       45 0.000016   0.001395
      858 0.000015  -0.001389
      613 0.000015   0.001378
      209 0.000015   0.001371
      229 0.000015  -0.001364
      655 0.000015  -0.001353
      917 0.000015   0.001341
      458 0.000015   0.001322
      402 0.000015  -0.001317
      814 0.000015   0.001312
      949 0.000015   0.001308
     1009 0.000015  -0.001308
      916 0.000014  -0.001282
      489 0.000014   0.001279
       43 0.000014  -0.001236
      248 0.000014   0.001232
     1052 0.000014   0.001225
      105 0.000013  -0.001198
      900 0.000013  -0.001188
       74 0.000013  -0.001181
      867 0.000013   0.001166
      671 0.000013   0.001166
      732 0.000013   0.001159
      450 0.000013  -0.001158
      505 0.000013   0.001155
      863 0.000013  -0.001145
      868 0.000013   0.001144
      238 0.000013  -0.001144
      331 0.000013   0.001136
      346 0.000013   0.001125
      623 0.000012  -0.001103
      136 0.000012  -0.001094
      816 0.000012   0.001089
      387 0.000012   0.001087
       51 0.000012  -0.001086
      165 0.000012   0.001086
      368 0.000012   0.001061
      144 0.000012   0.001043
      452 0.000012  -0.001043
      952 0.000012  -0.001041
      642 0.000012   0.001040
      103 0.000012  -0.001033
      180 0.000011  -0.001025
      959 0.000011  -0.001024
      837 0.000011  -0.001022
      181 0.000011   0.001004
     1003 0.000011  -0.001001
      634 0.000011  -0.000994
      483 0.000011  -0.000986
      335 0.000011  -0.000983
      487 0.000011  -0.000982
      691 0.000011   0.000980
     1016 0.000011  -0.000978
      764 0.000011  -0.000966
      178 0.000011   0.000964
      155 0.000011   0.000960
      461 0.000011   0.000951
      158 0.000011  -0.000950
       92 0.000011  -0.000948
      478 0.000011   0.000947
     1061 0.000010  -0.000941
      197 0.000010  -0.000927
      159 0.000010  -0.000921
      603 0.000010   0.000917
       91 0.000010  -0.000903
       75 0.000010  -0.000899
euclid. distance of OLC and linear combination of EV * x_coef: 0.00884387201156297

Generate samples based on objective loadcase 518
nr_to_generate: 25

Parameter variation distribution settings
distribution: uniform
low: 0.7
high: 1.3

Total process runtime: 0:00:01.289930
