Date and Time:2023-05-12 14:21:53.164901

Initial Settings:
similarity_model: <function cosine_similarity at 0x000001D005A6E5E0>
similarity_threshold: 1e-05
nr_eigv_to_select: None
distribution: uniform
deviation: 0.3
nr_to_generate: 25
recompute: False

Selected eigenvectors and similarity score w.r.t objective loadcase:
objective_loadcase_nr: 725
similarity_model: cosine_similarity
similarity_threshold: 1e-05
nr_eigv_to_select: None
nr_eigv_selected: 450
approximation parameter model: lstsq
similarity score and approx. param. value
:  eigv_idx    score      value
        3 0.584817  32.683591
        1 0.517241  28.907009
        2 0.511437 -28.582616
        0 0.356551  19.926543
        6 0.027975   1.563443
       39 0.027339   1.527898
        4 0.012558   0.701830
      639 0.003272   0.182843
      218 0.002444  -0.136561
      593 0.002018  -0.112798
      186 0.001931  -0.107901
      586 0.001892   0.105712
      612 0.001882  -0.105175
      710 0.001618  -0.090444
       68 0.001317  -0.073606
      187 0.001270  -0.070962
      595 0.001234   0.068975
      716 0.001204   0.067274
      663 0.001067  -0.059613
      626 0.001054   0.058930
      618 0.001049   0.058646
      668 0.001032   0.057650
      686 0.000932  -0.052063
      388 0.000874  -0.048830
      143 0.000855   0.047799
      194 0.000853   0.047678
      749 0.000841  -0.047021
      688 0.000793  -0.044301
      659 0.000756  -0.042248
      599 0.000739   0.041304
      617 0.000734   0.041016
      621 0.000706  -0.039453
      562 0.000696  -0.038905
      582 0.000692  -0.038679
      635 0.000679   0.037950
      670 0.000670   0.037453
      704 0.000645  -0.036067
      183 0.000609   0.034020
      578 0.000602   0.033656
      341 0.000585   0.032694
      718 0.000564  -0.031541
      733 0.000563   0.031462
      567 0.000551  -0.030793
      606 0.000540  -0.030158
      577 0.000530  -0.029637
      602 0.000514  -0.028713
      579 0.000497   0.027785
      708 0.000494   0.027590
      735 0.000493  -0.027577
      253 0.000480  -0.026834
      698 0.000480  -0.026823
      267 0.000480  -0.026804
      220 0.000453  -0.025311
       69 0.000449   0.025116
      696 0.000446  -0.024950
      153 0.000445   0.024859
      575 0.000434   0.024229
      258 0.000433  -0.024184
      666 0.000432  -0.024146
      620 0.000417  -0.023296
      709 0.000414  -0.023150
      174 0.000410   0.022893
      753 0.000394  -0.022011
      707 0.000384  -0.021443
      601 0.000378   0.021119
       71 0.000373   0.020824
      641 0.000372  -0.020789
      230 0.000369  -0.020598
      683 0.000357   0.019930
      700 0.000347   0.019398
      848 0.000346  -0.019322
      227 0.000335   0.018728
      412 0.000335  -0.018718
      583 0.000334  -0.018662
      699 0.000329  -0.018374
      756 0.000324  -0.018120
      273 0.000321  -0.017919
      210 0.000319  -0.017835
      419 0.000307  -0.017167
      793 0.000306  -0.017094
      807 0.000296   0.016518
      403 0.000293   0.016388
      587 0.000290   0.016180
      853 0.000286  -0.015993
      383 0.000284   0.015894
      269 0.000284  -0.015866
      759 0.000280  -0.015622
      631 0.000279  -0.015600
      763 0.000276   0.015399
      362 0.000275  -0.015360
      182 0.000270  -0.015106
      235 0.000264  -0.014782
      243 0.000264   0.014754
      757 0.000262  -0.014630
      239 0.000261   0.014579
      263 0.000259  -0.014500
      726 0.000248  -0.013872
      570 0.000248  -0.013863
      137 0.000248  -0.013839
      299 0.000245   0.013683
      741 0.000243   0.013598
       70 0.000243   0.013584
      739 0.000231  -0.012938
      184 0.000230  -0.012827
      204 0.000223   0.012453
      750 0.000221   0.012343
      206 0.000218   0.012197
      361 0.000215   0.012031
      377 0.000206  -0.011493
      743 0.000204  -0.011427
      818 0.000199  -0.011135
      301 0.000194  -0.010848
      857 0.000191  -0.010662
      787 0.000189   0.010535
      199 0.000188  -0.010502
      427 0.000187  -0.010475
      742 0.000187  -0.010450
      132 0.000185   0.010313
      855 0.000184  -0.010256
      228 0.000183  -0.010223
      312 0.000183  -0.010209
      247 0.000182   0.010187
      824 0.000182   0.010145
      549 0.000181  -0.010107
      576 0.000181  -0.010102
      564 0.000180  -0.010065
      373 0.000178  -0.009938
      604 0.000177  -0.009883
      580 0.000176  -0.009850
      223 0.000176   0.009820
      658 0.000173   0.009695
      400 0.000173  -0.009652
      800 0.000173  -0.009652
      795 0.000171   0.009554
      392 0.000170   0.009512
      591 0.000170   0.009486
      369 0.000165   0.009204
      553 0.000164  -0.009180
      175 0.000163  -0.009099
      337 0.000162  -0.009055
      290 0.000160   0.008961
      332 0.000155  -0.008668
      829 0.000154   0.008630
      778 0.000154  -0.008619
      784 0.000154  -0.008608
      711 0.000152   0.008477
      667 0.000151   0.008432
      859 0.000151   0.008422
      775 0.000151   0.008421
      574 0.000149  -0.008299
      275 0.000148  -0.008299
      665 0.000147  -0.008231
      828 0.000146  -0.008172
      820 0.000144  -0.008032
      585 0.000143  -0.007973
      628 0.000141   0.007857
      605 0.000138  -0.007732
      616 0.000138  -0.007731
      941 0.000138  -0.007700
      770 0.000134   0.007508
      790 0.000134   0.007501
      736 0.000132  -0.007404
      179 0.000130   0.007269
      808 0.000128   0.007148
      277 0.000125   0.006978
      279 0.000124  -0.006906
      298 0.000120  -0.006730
      557 0.000120  -0.006712
      423 0.000119  -0.006666
      431 0.000118  -0.006613
      687 0.000116   0.006497
      329 0.000115  -0.006445
      257 0.000115  -0.006445
      255 0.000115  -0.006443
      398 0.000115  -0.006437
      354 0.000114   0.006382
      380 0.000114   0.006354
      201 0.000113  -0.006294
      171 0.000112  -0.006269
      566 0.000112   0.006239
      217 0.000111  -0.006209
      241 0.000111   0.006186
      697 0.000108   0.006038
      769 0.000108   0.006013
      271 0.000107   0.005986
      645 0.000105   0.005863
      295 0.000105  -0.005856
      294 0.000104  -0.005792
      690 0.000103   0.005778
      356 0.000103  -0.005766
      355 0.000102   0.005727
       88 0.000102  -0.005701
      744 0.000102  -0.005680
      638 0.000101  -0.005669
      799 0.000101  -0.005641
      864 0.000101   0.005617
      815 0.000100  -0.005592
      251 0.000100  -0.005589
      569 0.000098   0.005465
      728 0.000098  -0.005465
      600 0.000097  -0.005414
      908 0.000097  -0.005410
      762 0.000097  -0.005402
      353 0.000096  -0.005379
      943 0.000094   0.005274
      321 0.000093  -0.005211
      684 0.000091  -0.005113
      782 0.000091  -0.005079
      436 0.000090   0.005034
      773 0.000090   0.005011
      234 0.000089   0.004964
       93 0.000086  -0.004817
      611 0.000086  -0.004808
      734 0.000086  -0.004801
      948 0.000085   0.004742
      292 0.000084  -0.004704
      581 0.000083  -0.004648
      974 0.000083   0.004636
      884 0.000083  -0.004618
      325 0.000082  -0.004607
      367 0.000082   0.004569
      573 0.000081   0.004538
      629 0.000081  -0.004537
      840 0.000081  -0.004536
      266 0.000081  -0.004525
      937 0.000080  -0.004486
      847 0.000080   0.004481
      285 0.000080   0.004445
      594 0.000079  -0.004434
      844 0.000078  -0.004357
      860 0.000078  -0.004346
      723 0.000076  -0.004267
      261 0.000076  -0.004240
      281 0.000076   0.004236
      843 0.000075  -0.004199
      880 0.000074   0.004136
      694 0.000073   0.004074
      107 0.000071  -0.003942
      978 0.000070   0.003939
      104 0.000070   0.003935
      560 0.000069  -0.003884
      823 0.000069   0.003841
      654 0.000067   0.003747
      342 0.000067   0.003728
      572 0.000066  -0.003688
      870 0.000066  -0.003677
      262 0.000066  -0.003676
      826 0.000066  -0.003674
      319 0.000066   0.003672
      283 0.000066   0.003671
      268 0.000066  -0.003671
      589 0.000066  -0.003666
      302 0.000064  -0.003604
      722 0.000063  -0.003543
      792 0.000063   0.003533
      632 0.000063   0.003502
      291 0.000063   0.003500
      289 0.000062   0.003447
      584 0.000061  -0.003437
      552 0.000060  -0.003380
      138 0.000060  -0.003375
      801 0.000060  -0.003372
     1095 0.000059  -0.003319
      701 0.000059  -0.003299
      539 0.000058   0.003269
     1005 0.000058   0.003241
      765 0.000058   0.003238
      780 0.000058   0.003231
      561 0.000058   0.003218
      308 0.000057  -0.003191
      913 0.000056  -0.003152
      627 0.000056   0.003146
      882 0.000056   0.003119
      614 0.000056   0.003111
      590 0.000055  -0.003098
      596 0.000055  -0.003097
      428 0.000055   0.003055
      545 0.000055  -0.003053
      390 0.000054   0.003046
      895 0.000054   0.003028
      425 0.000054   0.003007
      386 0.000052   0.002917
      343 0.000052  -0.002911
      323 0.000052  -0.002890
      315 0.000051   0.002878
      414 0.000051   0.002867
      831 0.000050   0.002808
      528 0.000050   0.002791
      318 0.000050  -0.002791
      935 0.000050  -0.002781
      894 0.000050  -0.002775
      874 0.000049  -0.002753
      413 0.000049  -0.002734
      322 0.000047  -0.002638
      957 0.000046   0.002588
      535 0.000045   0.002524
      922 0.000044  -0.002480
      650 0.000044  -0.002476
      789 0.000043   0.002428
      748 0.000043  -0.002424
      821 0.000043  -0.002413
       91 0.000043  -0.002394
      198 0.000042  -0.002357
      841 0.000042   0.002348
      169 0.000042  -0.002333
      244 0.000041  -0.002309
      833 0.000041  -0.002286
      278 0.000040   0.002259
      842 0.000040  -0.002232
      942 0.000039   0.002207
      955 0.000039   0.002206
      988 0.000039  -0.002204
      830 0.000039   0.002199
      374 0.000039   0.002180
      161 0.000039   0.002162
      193 0.000039   0.002159
      964 0.000038   0.002139
      313 0.000038  -0.002115
     1096 0.000037   0.002092
      798 0.000037  -0.002048
      950 0.000037  -0.002043
      971 0.000036  -0.002036
      881 0.000036  -0.002026
      394 0.000036   0.001997
      491 0.000035   0.001934
     1073 0.000034  -0.001909
      518 0.000034   0.001904
      838 0.000033  -0.001856
      904 0.000032   0.001803
      921 0.000032  -0.001768
      407 0.000032  -0.001766
      832 0.000031   0.001758
      532 0.000031   0.001756
      488 0.000031   0.001752
      540 0.000030  -0.001695
      727 0.000030  -0.001693
      286 0.000030   0.001668
      284 0.000029   0.001631
      597 0.000029  -0.001624
      409 0.000029  -0.001621
      983 0.000029   0.001599
      879 0.000029  -0.001594
      835 0.000028  -0.001585
      131 0.000028   0.001577
      649 0.000028  -0.001576
      448 0.000028   0.001558
      636 0.000028  -0.001548
      977 0.000028   0.001547
      410 0.000028  -0.001543
      310 0.000028  -0.001542
      794 0.000028   0.001538
      297 0.000027  -0.001534
      933 0.000027   0.001516
      445 0.000027  -0.001515
      475 0.000027  -0.001484
      524 0.000026  -0.001465
      811 0.000026   0.001463
      643 0.000026  -0.001442
      542 0.000025   0.001395
      685 0.000025  -0.001386
      805 0.000025  -0.001376
      236 0.000024   0.001363
      366 0.000024   0.001343
      927 0.000024  -0.001340
      928 0.000024  -0.001340
     1034 0.000024  -0.001324
      526 0.000023   0.001305
      856 0.000023   0.001291
     1010 0.000023   0.001283
     1009 0.000023  -0.001277
     1032 0.000023   0.001269
      592 0.000022   0.001248
      424 0.000022  -0.001237
      530 0.000022   0.001233
      868 0.000022   0.001209
      677 0.000022   0.001206
      959 0.000021  -0.001201
      934 0.000021  -0.001183
      810 0.000021   0.001179
      987 0.000021   0.001160
      646 0.000020   0.001102
      479 0.000019   0.001075
      608 0.000019  -0.001056
      514 0.000019   0.001054
      916 0.000019  -0.001053
     1001 0.000018  -0.001034
      791 0.000018   0.001031
      809 0.000018   0.001031
      898 0.000018   0.001010
      333 0.000018  -0.000990
     1016 0.000018  -0.000986
      776 0.000018  -0.000980
     1003 0.000017  -0.000977
      764 0.000017  -0.000965
      536 0.000017  -0.000943
      437 0.000017   0.000938
      249 0.000017   0.000933
      432 0.000017   0.000929
      232 0.000017  -0.000926
      463 0.000017  -0.000924
      455 0.000016  -0.000920
      938 0.000016   0.000909
      779 0.000016  -0.000901
      519 0.000016   0.000891
      502 0.000016   0.000882
     1020 0.000016  -0.000870
      346 0.000015   0.000863
      714 0.000015  -0.000860
      148 0.000015   0.000857
      324 0.000015  -0.000855
      512 0.000015  -0.000846
      610 0.000015  -0.000837
      680 0.000015   0.000835
      713 0.000015   0.000834
      852 0.000015   0.000815
      640 0.000015  -0.000812
     1025 0.000014   0.000810
      849 0.000014   0.000808
      903 0.000014   0.000806
      397 0.000014  -0.000801
      803 0.000014   0.000798
      669 0.000014   0.000798
     1040 0.000014  -0.000792
      740 0.000014   0.000785
      984 0.000014  -0.000781
      949 0.000014   0.000780
      458 0.000013   0.000752
      489 0.000013   0.000743
      732 0.000013   0.000742
     1017 0.000013   0.000732
      907 0.000013   0.000707
      384 0.000013  -0.000702
      814 0.000013   0.000702
      450 0.000012  -0.000691
      802 0.000012   0.000680
      505 0.000012   0.000673
      316 0.000012  -0.000670
      222 0.000012  -0.000668
      328 0.000012  -0.000661
      662 0.000011  -0.000637
       98 0.000011  -0.000613
      839 0.000011   0.000599
      478 0.000011   0.000592
      487 0.000010  -0.000585
      760 0.000010  -0.000580
      603 0.000010   0.000578
     1052 0.000010   0.000575
      406 0.000010  -0.000574
      917 0.000010   0.000572
     1061 0.000010  -0.000568
euclid. distance of OLC and linear combination of EV * x_coef: 0.004317444709237941

Generate samples based on objective loadcase 725
nr_to_generate: 25

Parameter variation distribution settings
distribution: uniform
low: 0.7
high: 1.3

Total process runtime: 0:00:01.240235
