Date and Time:2023-05-12 14:25:17.771958

Initial Settings:
similarity_model: <function cosine_similarity at 0x000001D005A6E5E0>
similarity_threshold: 1e-05
nr_eigv_to_select: None
distribution: uniform
deviation: 0.3
nr_to_generate: 25
recompute: False

Selected eigenvectors and similarity score w.r.t objective loadcase:
objective_loadcase_nr: 877
similarity_model: cosine_similarity
similarity_threshold: 1e-05
nr_eigv_to_select: None
nr_eigv_selected: 480
approximation parameter model: lstsq
similarity score and approx. param. value
:  eigv_idx    score      value
        1 0.559233  58.581870
        3 0.530812  55.604712
        2 0.488796 -51.203332
        0 0.403356  42.253202
        6 0.058726   6.151762
       39 0.015437   1.617072
        4 0.009918   1.038929
      639 0.003797   0.397798
       68 0.003753  -0.393169
      186 0.002393  -0.250665
      612 0.002098  -0.219802
      593 0.002012  -0.210734
      586 0.001829   0.191577
      716 0.001665   0.174448
      187 0.001605  -0.168154
      618 0.001583   0.165797
      663 0.001522  -0.159473
      218 0.001509  -0.158123
      710 0.001505  -0.157607
      668 0.001424   0.149196
       71 0.001275  -0.133544
      595 0.001155   0.121005
      194 0.001105   0.115789
      182 0.001092  -0.114352
      659 0.001068  -0.111929
       69 0.001022  -0.107072
      617 0.000984   0.103118
      686 0.000920  -0.096361
      143 0.000908   0.095168
      388 0.000883  -0.092498
      184 0.000845  -0.088564
      700 0.000818   0.085717
      626 0.000812   0.085078
      688 0.000807  -0.084492
      599 0.000806   0.084456
      635 0.000780   0.081720
      562 0.000767  -0.080381
      579 0.000761   0.079697
      683 0.000757   0.079276
      183 0.000751   0.078695
      582 0.000741  -0.077666
      670 0.000724   0.075812
      578 0.000705   0.073845
      749 0.000677  -0.070926
      621 0.000639  -0.066892
      698 0.000636  -0.066640
      733 0.000624   0.065370
       70 0.000623   0.065222
      666 0.000584  -0.061169
      228 0.000545  -0.057063
      341 0.000543   0.056849
      253 0.000532  -0.055763
      602 0.000531  -0.055587
      718 0.000500  -0.052347
      708 0.000485   0.050773
      153 0.000470   0.049265
      735 0.000463  -0.048451
      174 0.000454   0.047512
      179 0.000451   0.047237
      699 0.000434  -0.045468
      567 0.000432  -0.045214
      641 0.000431  -0.045193
      704 0.000428  -0.044806
      606 0.000426  -0.044581
      171 0.000412  -0.043165
      210 0.000411  -0.043038
      577 0.000403  -0.042206
      220 0.000396  -0.041494
      583 0.000396  -0.041454
      709 0.000385  -0.040327
      362 0.000383  -0.040104
      575 0.000383   0.040075
      620 0.000367  -0.038496
      137 0.000346  -0.036196
      631 0.000333  -0.034935
      267 0.000327  -0.034253
      604 0.000327  -0.034233
      756 0.000321  -0.033580
      848 0.000317  -0.033227
      601 0.000310   0.032438
      243 0.000309   0.032406
      419 0.000309  -0.032381
      757 0.000309  -0.032342
      807 0.000305   0.031967
      204 0.000300   0.031419
      412 0.000300  -0.031392
      576 0.000299  -0.031338
      628 0.000298   0.031244
      403 0.000295   0.030877
      707 0.000280  -0.029358
      254 0.000273   0.028641
      587 0.000264   0.027705
      573 0.000260   0.027253
      400 0.000260  -0.027186
      383 0.000248   0.026026
      258 0.000244  -0.025572
      741 0.000243   0.025422
      199 0.000239  -0.025063
      570 0.000239  -0.025028
      815 0.000238  -0.024981
      132 0.000238   0.024930
      377 0.000236  -0.024752
      787 0.000232   0.024267
      271 0.000228   0.023885
      658 0.000227   0.023810
      853 0.000226  -0.023631
      580 0.000224  -0.023457
      277 0.000219   0.022953
      753 0.000217  -0.022778
      739 0.000214  -0.022392
      759 0.000213   0.022306
      236 0.000208   0.021789
      148 0.000207   0.021707
      161 0.000206   0.021590
      564 0.000204  -0.021363
      941 0.000204  -0.021352
      665 0.000200  -0.021001
      640 0.000193  -0.020207
      696 0.000187  -0.019641
      549 0.000187  -0.019580
      687 0.000186   0.019440
      234 0.000184   0.019239
      828 0.000182  -0.019112
      361 0.000179   0.018798
      800 0.000179  -0.018785
      427 0.000179  -0.018782
      175 0.000178  -0.018664
      255 0.000177  -0.018529
      301 0.000174  -0.018212
      750 0.000173   0.018170
      557 0.000171  -0.017913
      820 0.000167  -0.017512
       91 0.000165  -0.017244
      667 0.000164   0.017148
      295 0.000161  -0.016890
      380 0.000160   0.016744
      273 0.000158  -0.016512
      398 0.000155  -0.016273
      711 0.000155   0.016265
      798 0.000155   0.016258
      566 0.000153   0.016073
      585 0.000153  -0.016071
      257 0.000153  -0.016031
      574 0.000153  -0.016019
      373 0.000152  -0.015884
      784 0.000151  -0.015836
      743 0.000150  -0.015761
      249 0.000149  -0.015649
      793 0.000148  -0.015535
      247 0.000148   0.015509
      353 0.000146  -0.015344
      857 0.000146  -0.015316
      355 0.000142   0.014864
      847 0.000142   0.014825
      299 0.000141   0.014761
      690 0.000141   0.014735
      790 0.000140   0.014681
      217 0.000137  -0.014402
      367 0.000137   0.014380
      222 0.000137  -0.014324
      138 0.000136   0.014274
      436 0.000133   0.013909
      908 0.000133  -0.013881
      356 0.000132  -0.013818
      605 0.000131  -0.013771
      269 0.000130  -0.013620
      629 0.000128  -0.013445
      645 0.000128   0.013434
      808 0.000128   0.013433
      107 0.000127  -0.013304
      974 0.000127   0.013282
      855 0.000127  -0.013278
      581 0.000123  -0.012884
      308 0.000122  -0.012831
      726 0.000121  -0.012642
      423 0.000121  -0.012640
      431 0.000120  -0.012610
      818 0.000120  -0.012599
      392 0.000119   0.012509
      241 0.000119   0.012439
      369 0.000119   0.012430
      882 0.000118   0.012402
      262 0.000118  -0.012383
      740 0.000118  -0.012362
      697 0.000117   0.012252
      600 0.000117  -0.012233
      294 0.000116  -0.012190
      684 0.000116  -0.012138
      281 0.000116   0.012120
      266 0.000115  -0.012092
      762 0.000115   0.012046
      638 0.000115  -0.012003
      235 0.000114  -0.011926
      261 0.000112  -0.011749
      859 0.000112   0.011712
      795 0.000112   0.011680
      840 0.000111  -0.011599
      354 0.000107   0.011223
      736 0.000106  -0.011109
      561 0.000106   0.011092
      594 0.000105  -0.011039
      553 0.000103  -0.010768
      799 0.000102  -0.010646
      584 0.000098  -0.010299
      611 0.000097  -0.010190
      275 0.000097  -0.010189
      844 0.000096  -0.010093
      292 0.000096  -0.010084
      763 0.000096  -0.010078
      312 0.000095  -0.009917
     1095 0.000094  -0.009893
      572 0.000094  -0.009882
      801 0.000093  -0.009731
      390 0.000092   0.009683
      209 0.000092  -0.009664
      723 0.000092  -0.009663
      742 0.000092  -0.009628
      386 0.000092   0.009615
      803 0.000092   0.009614
      302 0.000092  -0.009606
      824 0.000091   0.009532
      832 0.000090   0.009474
      193 0.000089  -0.009362
      734 0.000088  -0.009170
      829 0.000087   0.009154
      198 0.000087   0.009136
      597 0.000087  -0.009091
      955 0.000086   0.009037
      596 0.000084  -0.008840
      632 0.000083   0.008677
      552 0.000082  -0.008629
      343 0.000082  -0.008621
      778 0.000082  -0.008607
      428 0.000081   0.008532
      802 0.000078   0.008213
      701 0.000078  -0.008141
      414 0.000077   0.008033
      863 0.000076  -0.007955
      569 0.000076   0.007952
     1005 0.000075   0.007831
      879 0.000075  -0.007830
      268 0.000074  -0.007804
      843 0.000074  -0.007757
      744 0.000074  -0.007703
      748 0.000073  -0.007688
      891 0.000073  -0.007646
      263 0.000073  -0.007624
      374 0.000073   0.007621
      913 0.000072  -0.007542
      313 0.000072  -0.007508
      545 0.000071  -0.007467
      728 0.000071  -0.007434
      614 0.000071   0.007426
      937 0.000070  -0.007346
      922 0.000070  -0.007295
      978 0.000069   0.007244
      805 0.000069  -0.007219
      425 0.000068   0.007155
      826 0.000068  -0.007132
      776 0.000068  -0.007085
      654 0.000067   0.007019
      591 0.000067   0.006990
      291 0.000066   0.006912
      407 0.000066  -0.006903
      722 0.000066  -0.006889
      251 0.000065  -0.006830
      560 0.000064  -0.006716
      394 0.000062   0.006491
      539 0.000061   0.006402
      223 0.000060   0.006296
      322 0.000060  -0.006271
      397 0.000060  -0.006242
      603 0.000059  -0.006224
      782 0.000059  -0.006169
      319 0.000058   0.006042
      298 0.000057  -0.005933
      895 0.000056   0.005849
      789 0.000055   0.005723
      230 0.000054  -0.005637
      770 0.000052   0.005499
      765 0.000051   0.005339
      773 0.000051   0.005318
      780 0.000051  -0.005317
      297 0.000051  -0.005312
      528 0.000051   0.005292
      831 0.000051   0.005291
      542 0.000050   0.005270
      616 0.000050  -0.005242
      169 0.000050  -0.005213
      948 0.000050   0.005213
      867 0.000049   0.005133
      821 0.000048  -0.005041
      239 0.000048   0.005012
      540 0.000047  -0.004954
      337 0.000047  -0.004881
      409 0.000046  -0.004868
      589 0.000046  -0.004833
      987 0.000045   0.004733
      858 0.000045  -0.004719
      928 0.000044  -0.004571
      323 0.000044  -0.004557
      677 0.000043   0.004480
      245 0.000043  -0.004455
      870 0.000042  -0.004386
      864 0.000041   0.004340
      881 0.000041  -0.004280
      318 0.000041   0.004249
      448 0.000040   0.004237
      535 0.000040   0.004195
     1001 0.000039  -0.004082
      332 0.000039  -0.004071
      823 0.000038   0.004012
      965 0.000038  -0.004011
      874 0.000038  -0.003948
      289 0.000038   0.003945
      627 0.000037   0.003914
      650 0.000037  -0.003891
      904 0.000037   0.003863
      993 0.000037   0.003853
      860 0.000037  -0.003853
      325 0.000036  -0.003823
      310 0.000036  -0.003750
      518 0.000035   0.003710
      590 0.000035  -0.003700
      933 0.000035   0.003622
      232 0.000034  -0.003601
     1025 0.000034   0.003600
      608 0.000034  -0.003594
      530 0.000034   0.003517
      491 0.000034   0.003515
      349 0.000033  -0.003478
      342 0.000033   0.003452
      224 0.000033  -0.003411
      894 0.000032  -0.003387
      320 0.000032  -0.003379
      410 0.000032  -0.003372
      792 0.000032   0.003365
      950 0.000032  -0.003357
      838 0.000032   0.003353
      445 0.000031  -0.003297
     1032 0.000031   0.003230
      532 0.000031   0.003225
      488 0.000031   0.003209
      315 0.000031   0.003205
      636 0.000031  -0.003197
      131 0.000030  -0.003154
      830 0.000030   0.003150
      413 0.000030   0.003106
      402 0.000030   0.003097
      592 0.000029  -0.003089
      900 0.000029  -0.003020
      475 0.000029  -0.003012
      329 0.000029  -0.003011
      264 0.000029   0.002988
      942 0.000028   0.002980
     1017 0.000028   0.002975
      424 0.000028  -0.002939
      406 0.000028   0.002922
      432 0.000028   0.002906
      279 0.000028  -0.002906
      296 0.000028   0.002898
      276 0.000027  -0.002847
      524 0.000027  -0.002844
      366 0.000027   0.002833
      662 0.000026  -0.002759
      880 0.000026   0.002753
      237 0.000026  -0.002731
      588 0.000025   0.002606
      814 0.000025   0.002582
      943 0.000024   0.002559
      917 0.000024   0.002541
      240 0.000024   0.002526
      839 0.000024  -0.002477
      502 0.000023   0.002417
      335 0.000023   0.002413
      519 0.000023   0.002381
      643 0.000022  -0.002352
     1034 0.000022  -0.002322
      649 0.000022  -0.002305
      538 0.000022   0.002260
      455 0.000021  -0.002208
      938 0.000021   0.002207
      505 0.000020   0.002127
      321 0.000020  -0.002120
      714 0.000020  -0.002118
      489 0.000020   0.002106
      536 0.000020  -0.002086
      214 0.000019  -0.002034
     1052 0.000019   0.002022
      769 0.000019  -0.002004
      884 0.000019  -0.002001
      685 0.000019  -0.001978
      526 0.000019   0.001969
      842 0.000019  -0.001962
      512 0.000019  -0.001957
      437 0.000018   0.001924
      680 0.000018   0.001923
      949 0.000018   0.001909
      463 0.000018  -0.001903
      206 0.000018   0.001895
      713 0.000018   0.001877
      479 0.000018   0.001860
      458 0.000018   0.001856
      727 0.000018  -0.001852
      868 0.000017  -0.001823
      514 0.000016   0.001726
      675 0.000016   0.001718
      285 0.000016  -0.001714
      216 0.000016   0.001697
      856 0.000016   0.001682
      213 0.000016  -0.001680
      192 0.000016   0.001671
      252 0.000016  -0.001666
      259 0.000016   0.001664
      286 0.000015   0.001614
      779 0.000015   0.001613
      197 0.000015   0.001586
      450 0.000015  -0.001552
      195 0.000015  -0.001544
      755 0.000015  -0.001542
      732 0.000014   0.001510
      324 0.000014  -0.001505
      907 0.000014   0.001504
      903 0.000014  -0.001487
      196 0.000014  -0.001481
      883 0.000014   0.001452
      483 0.000014  -0.001450
      619 0.000014   0.001418
      462 0.000013   0.001398
      287 0.000013   0.001383
      534 0.000013  -0.001374
      384 0.000013  -0.001369
      191 0.000013  -0.001365
      233 0.000013  -0.001361
       93 0.000013   0.001353
      188 0.000013  -0.001339
      804 0.000013  -0.001336
      646 0.000013   0.001328
       86 0.000013  -0.001328
       88 0.000013   0.001323
     1047 0.000013   0.001321
      449 0.000012  -0.001307
      293 0.000012  -0.001297
      420 0.000012   0.001297
      334 0.000012   0.001296
      816 0.000012   0.001260
      215 0.000012   0.001239
      382 0.000012  -0.001236
      128 0.000012   0.001228
      966 0.000012   0.001221
      876 0.000012   0.001205
      478 0.000011   0.001190
      346 0.000011   0.001186
      473 0.000011  -0.001167
      927 0.000011  -0.001164
      568 0.000011  -0.001163
       81 0.000011  -0.001159
      634 0.000011  -0.001159
      609 0.000011  -0.001158
      104 0.000011   0.001155
      316 0.000011   0.001145
      811 0.000011   0.001145
      510 0.000011  -0.001144
      250 0.000011   0.001140
       89 0.000011  -0.001139
      837 0.000011   0.001138
      543 0.000011  -0.001121
     1010 0.000011   0.001114
      200 0.000011  -0.001114
      418 0.000011  -0.001106
      875 0.000010   0.001098
      887 0.000010  -0.001087
      363 0.000010   0.001085
      272 0.000010  -0.001078
      613 0.000010  -0.001075
      791 0.000010   0.001068
      105 0.000010   0.001061
      693 0.000010  -0.001060
      405 0.000010  -0.001059
      934 0.000010  -0.001052
euclid. distance of OLC and linear combination of EV * x_coef: 0.010106672046898883

Generate samples based on objective loadcase 877
nr_to_generate: 25

Parameter variation distribution settings
distribution: uniform
low: 0.7
high: 1.3

Total process runtime: 0:00:01.290396
