Date and Time:2023-05-12 14:09:06.357950

Initial Settings:
similarity_model: <function cosine_similarity at 0x000001D005A6E5E0>
similarity_threshold: 1e-05
nr_eigv_to_select: None
distribution: uniform
deviation: 0.3
nr_to_generate: 25
recompute: False

Selected eigenvectors and similarity score w.r.t objective loadcase:
objective_loadcase_nr: 149
similarity_model: cosine_similarity
similarity_threshold: 1e-05
nr_eigv_to_select: None
nr_eigv_selected: 508
approximation parameter model: lstsq
similarity score and approx. param. value
:  eigv_idx    score      value
        3 0.562184  50.809403
        1 0.538067  48.629679
        2 0.498226 -45.028959
        0 0.379344  34.284523
        6 0.039621   3.580927
       39 0.023155   2.092680
        4 0.011310   1.022138
      639 0.003249   0.293659
      186 0.002423  -0.218945
      218 0.002003  -0.181022
      593 0.001929  -0.174320
      612 0.001880  -0.169927
      586 0.001798   0.162529
      710 0.001701  -0.153689
      187 0.001604  -0.144976
      716 0.001482   0.133959
      618 0.001208   0.109182
      668 0.001177   0.106389
      595 0.001159   0.104787
      663 0.001119  -0.101174
      194 0.001088   0.098292
      686 0.000983  -0.088822
      626 0.000926   0.083706
       71 0.000898   0.081176
       69 0.000891   0.080501
      659 0.000866  -0.078281
      388 0.000850  -0.076814
      617 0.000840   0.075891
      688 0.000840  -0.075881
      749 0.000836  -0.075573
      143 0.000814   0.073593
      183 0.000800   0.072281
      599 0.000735   0.066441
      562 0.000690  -0.062332
      582 0.000663  -0.059906
      635 0.000659   0.059579
      621 0.000651  -0.058859
      670 0.000641   0.057888
      578 0.000632   0.057141
      579 0.000581   0.052517
      253 0.000575  -0.051988
      341 0.000548   0.049527
      704 0.000545  -0.049278
      733 0.000540   0.048804
      153 0.000530   0.047922
      708 0.000525   0.047453
      174 0.000505   0.045665
      666 0.000501  -0.045270
      718 0.000501  -0.045266
      735 0.000497  -0.044895
      698 0.000495  -0.044752
      700 0.000493   0.044518
      606 0.000487  -0.044005
      577 0.000481  -0.043454
      602 0.000479  -0.043307
      567 0.000476  -0.042995
      683 0.000442   0.039955
      709 0.000438  -0.039544
      267 0.000436  -0.039427
      210 0.000432  -0.039032
       68 0.000392  -0.035464
      575 0.000386   0.034860
      220 0.000380  -0.034376
      641 0.000375  -0.033919
      620 0.000369  -0.033329
      230 0.000362  -0.032702
      696 0.000351  -0.031749
      583 0.000349  -0.031535
      756 0.000344  -0.031118
      699 0.000341  -0.030814
      601 0.000338   0.030503
      204 0.000337   0.030443
      707 0.000323  -0.029214
      848 0.000322  -0.029120
      412 0.000313  -0.028331
      243 0.000312   0.028213
      362 0.000309  -0.027961
      258 0.000308  -0.027861
      807 0.000306   0.027626
      419 0.000300  -0.027147
      753 0.000297  -0.026858
      757 0.000297  -0.026826
      227 0.000291   0.026338
      383 0.000286   0.025857
      853 0.000279  -0.025188
      587 0.000269   0.024300
      403 0.000267   0.024096
      741 0.000264   0.023893
      631 0.000262  -0.023713
      199 0.000258  -0.023317
      269 0.000257  -0.023191
      273 0.000252  -0.022736
      570 0.000251  -0.022700
      739 0.000248  -0.022405
      793 0.000243  -0.021950
      184 0.000236  -0.021293
      726 0.000228  -0.020595
      239 0.000221   0.020013
      750 0.000219   0.019776
      604 0.000216  -0.019552
      576 0.000213  -0.019247
      299 0.000211   0.019092
      206 0.000209   0.018903
      787 0.000206   0.018578
      182 0.000203  -0.018343
      377 0.000203  -0.018323
      175 0.000203  -0.018317
      400 0.000199  -0.017995
      235 0.000197  -0.017846
      564 0.000197  -0.017822
      658 0.000197   0.017790
      580 0.000196  -0.017710
      549 0.000191  -0.017230
      369 0.000188   0.016993
      628 0.000185   0.016687
      301 0.000182  -0.016411
      427 0.000181  -0.016396
      818 0.000180  -0.016266
      857 0.000177  -0.016014
      800 0.000176  -0.015879
      585 0.000173  -0.015601
      263 0.000172  -0.015565
      277 0.000171   0.015465
      711 0.000171   0.015419
      356 0.000170  -0.015409
      223 0.000170   0.015351
      941 0.000168  -0.015157
      828 0.000167  -0.015117
      132 0.000162   0.014636
      228 0.000161  -0.014595
      665 0.000161  -0.014540
      392 0.000160   0.014469
      784 0.000160  -0.014416
      855 0.000157  -0.014178
      743 0.000156  -0.014122
      824 0.000156   0.014117
      820 0.000155  -0.014013
      137 0.000155  -0.013996
      667 0.000154   0.013922
      247 0.000154   0.013892
      361 0.000153   0.013865
      217 0.000151  -0.013672
      573 0.000150   0.013581
      574 0.000149  -0.013440
      605 0.000147  -0.013297
      815 0.000147  -0.013244
      557 0.000146  -0.013208
      380 0.000145   0.013141
      591 0.000145   0.013100
      795 0.000142   0.012855
      255 0.000141  -0.012740
      398 0.000141  -0.012712
      312 0.000141  -0.012708
      790 0.000139   0.012603
      553 0.000139  -0.012535
      373 0.000137  -0.012355
      859 0.000133   0.012055
      687 0.000131   0.011844
      742 0.000131  -0.011794
      337 0.000128  -0.011553
      829 0.000128   0.011549
      566 0.000126   0.011358
      332 0.000123  -0.011138
      638 0.000123  -0.011102
      353 0.000123  -0.011082
      778 0.000122  -0.011009
      295 0.000122  -0.011003
      808 0.000121   0.010925
      431 0.000118  -0.010626
      423 0.000117  -0.010589
      275 0.000116  -0.010486
      690 0.000113   0.010252
      908 0.000113  -0.010245
      354 0.000113   0.010230
      294 0.000113  -0.010190
      736 0.000113  -0.010170
      847 0.000112   0.010127
      697 0.000110   0.009975
      271 0.000110   0.009950
      629 0.000109  -0.009877
      770 0.000107   0.009710
      581 0.000107  -0.009688
      645 0.000107   0.009665
      201 0.000105  -0.009462
      436 0.000104   0.009381
      974 0.000103   0.009321
       88 0.000103  -0.009316
      179 0.000103   0.009315
      266 0.000099  -0.008982
       93 0.000099  -0.008949
       70 0.000098   0.008827
      799 0.000098  -0.008826
      616 0.000096  -0.008713
      840 0.000096  -0.008698
      596 0.000096  -0.008669
      763 0.000096   0.008669
      241 0.000095   0.008601
      251 0.000095  -0.008571
      257 0.000094  -0.008523
      728 0.000094  -0.008505
      561 0.000093   0.008419
      600 0.000092  -0.008328
      614 0.000092   0.008280
      281 0.000089   0.008074
      611 0.000089  -0.008017
      290 0.000089   0.008005
      734 0.000088  -0.007993
      684 0.000088  -0.007940
      782 0.000088  -0.007939
      882 0.000087   0.007864
      844 0.000087  -0.007859
      171 0.000087  -0.007854
      594 0.000085  -0.007642
      138 0.000084  -0.007620
      569 0.000084   0.007563
      632 0.000083   0.007492
      773 0.000082   0.007373
      775 0.000080   0.007210
      289 0.000080   0.007208
      584 0.000079  -0.007180
      298 0.000079  -0.007139
      723 0.000079  -0.007104
      744 0.000078  -0.007071
      355 0.000078   0.007060
      937 0.000078  -0.007009
      864 0.000077   0.006978
      329 0.000077  -0.006931
     1095 0.000076  -0.006880
      302 0.000074  -0.006722
      843 0.000074  -0.006719
      279 0.000073  -0.006607
      234 0.000073   0.006592
      308 0.000073  -0.006568
      572 0.000072  -0.006531
      107 0.000072  -0.006499
      627 0.000072   0.006496
      343 0.000071  -0.006453
      268 0.000070  -0.006313
      948 0.000070   0.006283
      801 0.000069  -0.006275
      978 0.000069   0.006270
      319 0.000069   0.006200
      198 0.000068  -0.006137
      321 0.000068  -0.006111
      261 0.000067  -0.006030
      367 0.000066   0.005990
      654 0.000066   0.005933
      694 0.000066   0.005928
     1005 0.000065   0.005891
      364 0.000064   0.005808
      323 0.000064  -0.005802
      425 0.000064   0.005771
      722 0.000064  -0.005753
      913 0.000063  -0.005725
      428 0.000063   0.005694
      104 0.000063   0.005654
      291 0.000063   0.005651
      313 0.000062  -0.005636
      545 0.000062  -0.005633
      955 0.000062   0.005624
      943 0.000062   0.005624
      860 0.000062  -0.005607
      292 0.000062  -0.005588
      826 0.000062  -0.005567
      701 0.000061  -0.005555
      640 0.000061  -0.005536
      748 0.000061  -0.005509
      590 0.000061  -0.005478
      386 0.000060   0.005422
      560 0.000059  -0.005346
      414 0.000059   0.005316
      765 0.000058   0.005280
      374 0.000058   0.005258
      792 0.000057   0.005141
      895 0.000056   0.005095
      922 0.000056  -0.005074
      832 0.000056   0.005037
      597 0.000055  -0.004950
      539 0.000055   0.004942
      407 0.000054  -0.004924
      262 0.000054  -0.004895
      297 0.000054  -0.004870
      769 0.000054   0.004836
      831 0.000053   0.004827
      823 0.000053   0.004786
      650 0.000053  -0.004747
      325 0.000053  -0.004746
      879 0.000052  -0.004687
      394 0.000051   0.004650
      244 0.000051  -0.004603
      589 0.000050  -0.004562
      226 0.000050  -0.004560
      322 0.000050  -0.004500
      870 0.000050  -0.004478
      880 0.000050   0.004477
      225 0.000049  -0.004470
      528 0.000049   0.004436
      884 0.000049  -0.004418
      169 0.000049  -0.004405
      240 0.000047   0.004235
      759 0.000046  -0.004139
      285 0.000046   0.004117
      254 0.000045   0.004057
      252 0.000044   0.004000
      776 0.000044  -0.003966
      342 0.000043   0.003924
      535 0.000043   0.003911
      236 0.000043   0.003904
      803 0.000042   0.003790
      588 0.000042   0.003777
      552 0.000041  -0.003737
      821 0.000041  -0.003731
      891 0.000041  -0.003670
      608 0.000040  -0.003635
      894 0.000040  -0.003627
      360 0.000040  -0.003625
      798 0.000040   0.003573
      359 0.000039  -0.003551
      609 0.000039  -0.003544
      131 0.000039   0.003518
      881 0.000039  -0.003484
      272 0.000038   0.003475
      288 0.000038  -0.003469
      874 0.000038  -0.003453
      357 0.000038   0.003430
      237 0.000038  -0.003411
      740 0.000038  -0.003394
      287 0.000037   0.003378
      789 0.000037   0.003371
      409 0.000037  -0.003355
      802 0.000036   0.003284
      542 0.000036   0.003284
      286 0.000035   0.003163
      649 0.000035  -0.003145
      540 0.000035  -0.003130
      518 0.000034   0.003110
      904 0.000034   0.003085
      950 0.000034  -0.003028
      928 0.000033  -0.002954
      491 0.000033   0.002953
      942 0.000033   0.002942
      274 0.000032  -0.002899
      987 0.000032   0.002893
      568 0.000032  -0.002878
      448 0.000032   0.002876
      161 0.000032   0.002874
      310 0.000031  -0.002820
      283 0.000031   0.002810
      193 0.000031   0.002810
      842 0.000031  -0.002804
      532 0.000031   0.002803
      406 0.000031   0.002796
      830 0.000031   0.002765
      250 0.000030  -0.002752
      933 0.000030   0.002749
      935 0.000030  -0.002746
      445 0.000030  -0.002741
      646 0.000030   0.002709
      232 0.000030  -0.002697
      296 0.000030   0.002692
       98 0.000029  -0.002643
     1001 0.000029  -0.002618
      314 0.000029   0.002612
      249 0.000029  -0.002601
      488 0.000029   0.002591
      852 0.000028   0.002566
      320 0.000028  -0.002555
      397 0.000028  -0.002545
      410 0.000028  -0.002538
      390 0.000028   0.002505
      610 0.000028   0.002499
      350 0.000027  -0.002461
     1032 0.000027   0.002422
      805 0.000026  -0.002387
      524 0.000026  -0.002379
      475 0.000026  -0.002364
      424 0.000026  -0.002335
      530 0.000026   0.002307
      636 0.000026  -0.002306
      863 0.000025  -0.002298
      613 0.000025  -0.002295
      625 0.000025   0.002273
      402 0.000025   0.002240
      835 0.000025  -0.002236
      315 0.000025   0.002226
      245 0.000025   0.002215
      680 0.000024   0.002174
     1025 0.000024   0.002161
      794 0.000024   0.002158
      334 0.000023  -0.002092
      988 0.000023  -0.002068
      965 0.000023  -0.002064
      833 0.000023  -0.002059
      971 0.000023  -0.002045
      957 0.000023   0.002036
     1034 0.000022  -0.002029
      677 0.000022   0.002022
      685 0.000022  -0.002018
      526 0.000022   0.002010
      841 0.000022   0.002001
      309 0.000022  -0.002000
      804 0.000022  -0.002000
      964 0.000022   0.001991
      413 0.000022  -0.001985
      993 0.000022   0.001982
      755 0.000022  -0.001979
      346 0.000022   0.001976
      811 0.000022   0.001944
      284 0.000021   0.001943
      921 0.000021  -0.001937
       95 0.000021  -0.001896
      222 0.000021  -0.001891
       87 0.000021   0.001875
      681 0.000021  -0.001858
      242 0.000021   0.001857
     1073 0.000020  -0.001847
     1017 0.000020   0.001831
      260 0.000020  -0.001816
      856 0.000020   0.001797
       86 0.000020   0.001778
      502 0.000019   0.001754
      858 0.000019  -0.001744
      714 0.000019  -0.001740
      331 0.000019  -0.001713
      432 0.000019   0.001709
      814 0.000019   0.001684
      867 0.000019   0.001675
      270 0.000018  -0.001668
      514 0.000018   0.001654
      927 0.000018  -0.001651
      479 0.000018   0.001648
      519 0.000018   0.001640
     1096 0.000018   0.001632
      536 0.000018  -0.001611
      455 0.000018  -0.001610
      938 0.000018   0.001606
      437 0.000018   0.001584
       99 0.000017  -0.001582
      505 0.000017   0.001560
      592 0.000017   0.001559
     1010 0.000017   0.001555
      336 0.000017   0.001525
      900 0.000017  -0.001516
      949 0.000017   0.001509
      463 0.000017  -0.001507
      489 0.000017   0.001507
      917 0.000017   0.001504
      934 0.000016  -0.001475
       45 0.000016  -0.001463
      809 0.000016   0.001453
      512 0.000016  -0.001444
      358 0.000015   0.001374
      727 0.000015  -0.001367
      983 0.000015   0.001356
      264 0.000015  -0.001350
      907 0.000015   0.001336
      368 0.000015  -0.001336
      395 0.000015   0.001323
      458 0.000015   0.001320
      977 0.000015   0.001316
       91 0.000014  -0.001307
     1052 0.000014   0.001307
      326 0.000014  -0.001300
      780 0.000014   0.001278
      229 0.000014   0.001254
      732 0.000014   0.001241
      248 0.000014  -0.001232
       43 0.000014   0.001230
      966 0.000013   0.001216
      450 0.000013  -0.001213
      810 0.000013   0.001177
      598 0.000013   0.001175
      695 0.000013  -0.001164
      916 0.000013  -0.001157
     1009 0.000013  -0.001153
      214 0.000013  -0.001146
      209 0.000013  -0.001140
      105 0.000013   0.001140
      335 0.000013   0.001136
      108 0.000012   0.001121
      662 0.000012  -0.001121
      114 0.000012  -0.001117
      619 0.000012   0.001106
      643 0.000012  -0.001093
       74 0.000012   0.001068
      449 0.000011  -0.001039
      478 0.000011   0.001039
      642 0.000011  -0.001035
      702 0.000011  -0.001027
      462 0.000011   0.001011
      197 0.000011   0.000995
       51 0.000011   0.000986
      875 0.000011   0.000985
       94 0.000011  -0.000982
      233 0.000011   0.000982
      483 0.000011  -0.000967
      304 0.000011   0.000961
      371 0.000011   0.000960
      366 0.000011   0.000957
      816 0.000011   0.000955
      705 0.000011  -0.000951
      849 0.000010  -0.000942
      338 0.000010  -0.000937
      819 0.000010  -0.000918
      418 0.000010  -0.000912
      103 0.000010   0.000911
      396 0.000010  -0.000909
      534 0.000010  -0.000908
euclid. distance of OLC and linear combination of EV * x_coef: 0.008838673753855658

Generate samples based on objective loadcase 149
nr_to_generate: 25

Parameter variation distribution settings
distribution: uniform
low: 0.7
high: 1.3

Total process runtime: 0:00:01.294109
