Date and Time:2023-05-12 14:09:51.818556

Initial Settings:
similarity_model: <function cosine_similarity at 0x000001D005A6E5E0>
similarity_threshold: 1e-05
nr_eigv_to_select: None
distribution: uniform
deviation: 0.3
nr_to_generate: 25
recompute: False

Selected eigenvectors and similarity score w.r.t objective loadcase:
objective_loadcase_nr: 183
similarity_model: cosine_similarity
similarity_threshold: 1e-05
nr_eigv_to_select: None
nr_eigv_selected: 670
approximation parameter model: lstsq
similarity score and approx. param. value
:  eigv_idx    score      value
        3 0.554846  44.436487
        1 0.547116  43.817344
        2 0.488869 -39.152478
        0 0.389148  31.166080
        6 0.042397   3.395511
       39 0.020044   1.605277
        4 0.010747   0.860724
      639 0.003084   0.247021
      186 0.002400  -0.192208
      593 0.001801  -0.144240
      612 0.001795  -0.143793
      710 0.001681  -0.134609
      586 0.001654   0.132443
      187 0.001627  -0.130281
      218 0.001572  -0.125912
      716 0.001513   0.121205
      143 0.001307   0.104660
      618 0.001302   0.104294
       71 0.001232   0.098690
      668 0.001218   0.097532
       69 0.001128   0.090306
      663 0.001102  -0.088243
      194 0.001050   0.084110
      595 0.001033   0.082746
      686 0.000966  -0.077326
      749 0.000963  -0.077126
      659 0.000878  -0.070289
      688 0.000850  -0.068102
      617 0.000790   0.063296
      626 0.000785   0.062880
      388 0.000783  -0.062726
      183 0.000771   0.061731
      599 0.000746   0.059752
      582 0.000694  -0.055617
      562 0.000658  -0.052669
      579 0.000616   0.049340
      635 0.000605   0.048453
      670 0.000573   0.045902
      708 0.000547   0.043787
      621 0.000546  -0.043725
      735 0.000546  -0.043710
      174 0.000541   0.043323
      153 0.000532   0.042576
      700 0.000531   0.042544
      228 0.000526  -0.042128
      578 0.000520   0.041606
      602 0.000512  -0.041037
      341 0.000506   0.040525
      182 0.000504  -0.040376
      683 0.000503   0.040298
      666 0.000501  -0.040099
      733 0.000492   0.039370
      253 0.000488  -0.039112
      606 0.000478  -0.038295
      698 0.000456  -0.036511
      709 0.000443  -0.035478
      567 0.000432  -0.034636
      184 0.000411  -0.032884
      756 0.000396  -0.031687
      620 0.000383  -0.030693
      220 0.000381  -0.030496
      267 0.000381  -0.030484
      718 0.000376  -0.030105
      575 0.000371   0.029712
      641 0.000367  -0.029402
      741 0.000365   0.029192
      137 0.000360  -0.028837
      757 0.000360  -0.028801
      577 0.000353  -0.028235
      704 0.000346  -0.027680
      362 0.000334  -0.026747
      243 0.000321   0.025703
      699 0.000307  -0.024547
      853 0.000305  -0.024461
      210 0.000298  -0.023883
      583 0.000285  -0.022798
      576 0.000283  -0.022647
      848 0.000279  -0.022378
      807 0.000278   0.022291
      739 0.000278  -0.022230
      412 0.000276  -0.022079
      419 0.000274  -0.021944
      787 0.000272   0.021760
      750 0.000265   0.021186
      587 0.000258   0.020698
      204 0.000254   0.020346
       68 0.000248  -0.019865
      403 0.000246   0.019670
      707 0.000245  -0.019602
      258 0.000237  -0.018982
      696 0.000237  -0.018968
      277 0.000235   0.018837
      753 0.000234  -0.018740
      658 0.000230   0.018400
      269 0.000228  -0.018263
      361 0.000225   0.018059
      631 0.000225  -0.018041
      273 0.000224  -0.017966
      236 0.000224   0.017902
      400 0.000219  -0.017503
      580 0.000218  -0.017435
      601 0.000217   0.017352
      628 0.000216   0.017313
      570 0.000212  -0.016983
      132 0.000210   0.016809
      726 0.000210  -0.016793
      383 0.000207   0.016604
      377 0.000205  -0.016419
      255 0.000202  -0.016162
      234 0.000201   0.016081
      179 0.000201   0.016061
      175 0.000200  -0.016035
      857 0.000194  -0.015533
      605 0.000184  -0.014701
      299 0.000180   0.014394
      373 0.000178  -0.014266
      743 0.000177  -0.014162
      574 0.000175  -0.013996
      818 0.000172  -0.013791
      793 0.000169  -0.013569
      171 0.000168  -0.013445
      815 0.000167  -0.013411
      251 0.000167  -0.013359
      254 0.000166   0.013319
      301 0.000165  -0.013204
      564 0.000163  -0.013041
      604 0.000161  -0.012925
      427 0.000161  -0.012897
      941 0.000161  -0.012893
      828 0.000161  -0.012859
      800 0.000160  -0.012775
      199 0.000159  -0.012711
      355 0.000157   0.012612
      790 0.000157   0.012552
      312 0.000156  -0.012483
      824 0.000155   0.012452
      629 0.000155  -0.012430
      247 0.000155   0.012413
      573 0.000154   0.012295
      566 0.000153   0.012282
      549 0.000152  -0.012163
      588 0.000146  -0.011723
      820 0.000144  -0.011558
      367 0.000144   0.011493
      684 0.000142  -0.011371
      241 0.000142   0.011362
      859 0.000142   0.011358
      398 0.000141  -0.011277
      392 0.000140   0.011232
      855 0.000139  -0.011137
      161 0.000136   0.010917
      847 0.000136   0.010892
      638 0.000135  -0.010823
      380 0.000134   0.010741
      557 0.000134  -0.010700
      690 0.000133   0.010642
      263 0.000132  -0.010552
      271 0.000130   0.010423
      294 0.000130  -0.010398
      784 0.000129  -0.010322
      829 0.000127   0.010145
      711 0.000125   0.010044
      222 0.000123  -0.009859
      665 0.000122  -0.009793
      667 0.000122   0.009777
      770 0.000120   0.009595
      687 0.000118   0.009465
      808 0.000118   0.009436
      591 0.000114   0.009169
      795 0.000114   0.009157
      616 0.000112  -0.008998
      436 0.000112   0.008995
      353 0.000109  -0.008740
      801 0.000109  -0.008730
      908 0.000108  -0.008664
      423 0.000107  -0.008538
      431 0.000106  -0.008456
      734 0.000103  -0.008238
      742 0.000102  -0.008208
       74 0.000102  -0.008173
      103 0.000102   0.008172
      553 0.000102  -0.008138
      778 0.000101  -0.008056
      217 0.000100  -0.008049
      569 0.000100   0.008023
      594 0.000100  -0.008018
      281 0.000099   0.007951
       75 0.000099  -0.007948
      974 0.000099   0.007915
      390 0.000098   0.007823
       63 0.000097  -0.007788
      632 0.000097   0.007749
      160 0.000097  -0.007740
      552 0.000096  -0.007722
      640 0.000096  -0.007699
       60 0.000095   0.007591
      364 0.000094  -0.007554
      645 0.000094   0.007521
      840 0.000094  -0.007521
      584 0.000094  -0.007505
      291 0.000094   0.007502
      322 0.000094  -0.007497
      627 0.000093   0.007488
      882 0.000093   0.007481
      292 0.000093  -0.007441
      799 0.000093  -0.007413
      744 0.000092  -0.007328
      107 0.000091  -0.007257
      209 0.000090  -0.007199
      354 0.000090   0.007194
       86 0.000089  -0.007091
      257 0.000088  -0.007080
       93 0.000088  -0.007020
      142 0.000088   0.007013
       88 0.000087  -0.006960
      723 0.000086  -0.006911
      650 0.000085  -0.006820
      232 0.000085  -0.006793
      844 0.000084  -0.006733
      843 0.000083  -0.006687
      128 0.000083   0.006654
      722 0.000083  -0.006623
       87 0.000082  -0.006560
      114 0.000082  -0.006530
      130 0.000081   0.006501
      369 0.000081   0.006465
      288 0.000080  -0.006397
      198 0.000080   0.006374
      597 0.000079  -0.006300
      302 0.000079  -0.006288
      131 0.000078   0.006247
      268 0.000078  -0.006247
      297 0.000078  -0.006245
      154 0.000078   0.006232
      798 0.000078   0.006232
      105 0.000077   0.006197
      736 0.000077  -0.006172
      864 0.000077   0.006160
      654 0.000076   0.006117
      360 0.000076   0.006109
      337 0.000076  -0.006106
     1095 0.000076  -0.006068
      782 0.000076  -0.006054
       89 0.000076  -0.006047
      581 0.000076  -0.006047
      611 0.000075  -0.006043
      773 0.000075   0.006011
      295 0.000075  -0.006008
      386 0.000074   0.005936
       59 0.000073   0.005838
      227 0.000072   0.005805
      596 0.000072   0.005802
      697 0.000072   0.005794
      223 0.000071   0.005720
      701 0.000071  -0.005710
      728 0.000071  -0.005704
      101 0.000071   0.005660
      407 0.000071  -0.005653
       64 0.000069   0.005558
      357 0.000069  -0.005557
      138 0.000069  -0.005546
      428 0.000069   0.005544
      287 0.000069   0.005508
      826 0.000068  -0.005475
      144 0.000068   0.005470
      332 0.000068  -0.005459
      608 0.000068  -0.005442
       76 0.000068   0.005423
      266 0.000068  -0.005419
      560 0.000068  -0.005407
      259 0.000066  -0.005325
      803 0.000066   0.005309
      943 0.000066   0.005291
      290 0.000066   0.005283
      414 0.000066   0.005265
      235 0.000066  -0.005259
      978 0.000065   0.005225
      321 0.000065  -0.005213
     1005 0.000064   0.005124
      740 0.000063  -0.005086
      545 0.000063  -0.005072
      156 0.000063   0.005071
      649 0.000063  -0.005041
      955 0.000063   0.005037
      823 0.000063   0.005033
      118 0.000063  -0.005029
      600 0.000062  -0.004992
      150 0.000062  -0.004988
      937 0.000062  -0.004987
      112 0.000062   0.004970
      158 0.000062   0.004947
      343 0.000062  -0.004947
      200 0.000061   0.004914
       83 0.000060   0.004844
      152 0.000060   0.004781
       78 0.000059   0.004719
      425 0.000059   0.004708
      948 0.000058   0.004672
      913 0.000058  -0.004642
      245 0.000058  -0.004634
      625 0.000057   0.004574
      195 0.000057   0.004568
      293 0.000057   0.004565
      610 0.000057  -0.004554
       70 0.000057   0.004546
       79 0.000057  -0.004534
      129 0.000056  -0.004513
      329 0.000056  -0.004492
      789 0.000056   0.004485
      325 0.000056  -0.004471
      148 0.000056   0.004464
      879 0.000056  -0.004446
      350 0.000055   0.004437
      765 0.000055   0.004430
      904 0.000055   0.004419
       77 0.000055   0.004415
      264 0.000055  -0.004410
      922 0.000055  -0.004391
      870 0.000055  -0.004380
      802 0.000055   0.004374
      759 0.000054   0.004362
      589 0.000054  -0.004349
      308 0.000054  -0.004349
      342 0.000054   0.004348
      572 0.000053  -0.004283
      860 0.000053  -0.004282
      561 0.000053   0.004277
      330 0.000053   0.004268
      289 0.000053   0.004267
      832 0.000053   0.004240
      139 0.000052   0.004175
      397 0.000052  -0.004153
      123 0.000052   0.004144
      285 0.000052   0.004138
      891 0.000052  -0.004128
      260 0.000052   0.004127
       17 0.000051   0.004094
      230 0.000051  -0.004090
      104 0.000051   0.004079
      776 0.000051  -0.004078
      880 0.000051   0.004077
      221 0.000051  -0.004070
      646 0.000051   0.004059
      894 0.000050  -0.004036
      349 0.000050  -0.004035
      539 0.000050   0.004018
      895 0.000049   0.003958
      366 0.000049   0.003946
      216 0.000049   0.003945
      884 0.000049  -0.003940
      108 0.000049   0.003905
      197 0.000049  -0.003889
      677 0.000047   0.003798
      830 0.000047   0.003775
      874 0.000047  -0.003770
       52 0.000047   0.003751
      358 0.000047  -0.003736
       82 0.000047   0.003731
       19 0.000047  -0.003730
      239 0.000046   0.003695
      762 0.000046   0.003694
      805 0.000046  -0.003655
       95 0.000045  -0.003638
       73 0.000045  -0.003615
      528 0.000045   0.003596
      261 0.000045  -0.003579
      821 0.000044  -0.003530
      120 0.000044  -0.003530
      568 0.000044   0.003509
      133 0.000044   0.003502
      226 0.000043   0.003457
      313 0.000043  -0.003431
       96 0.000043  -0.003427
      326 0.000043  -0.003425
      409 0.000043  -0.003423
      181 0.000043  -0.003404
      318 0.000042  -0.003383
      748 0.000042  -0.003378
      724 0.000042  -0.003377
      356 0.000042  -0.003358
      331 0.000041   0.003318
      284 0.000041   0.003260
      155 0.000041   0.003260
       72 0.000041   0.003257
      224 0.000041  -0.003256
      942 0.000040   0.003221
      535 0.000039   0.003152
       53 0.000039  -0.003143
      141 0.000039  -0.003136
      863 0.000039  -0.003123
      695 0.000039   0.003115
      113 0.000039  -0.003114
      196 0.000039   0.003109
      542 0.000039   0.003106
      598 0.000039   0.003104
      225 0.000039   0.003096
      262 0.000039  -0.003089
      792 0.000038   0.003070
      831 0.000038   0.003070
      344 0.000038   0.003064
      282 0.000038  -0.003043
      382 0.000038  -0.003023
      345 0.000038  -0.003009
      106 0.000037  -0.003000
      950 0.000037  -0.002995
      359 0.000037   0.002994
      938 0.000037   0.002986
       91 0.000037  -0.002971
      159 0.000037   0.002963
       50 0.000037  -0.002959
       21 0.000037  -0.002958
      540 0.000037  -0.002957
      374 0.000037   0.002955
       62 0.000037   0.002933
      881 0.000036  -0.002903
       98 0.000035  -0.002818
      387 0.000035   0.002784
      712 0.000035  -0.002770
      192 0.000035  -0.002766
      319 0.000035   0.002766
       15 0.000034  -0.002753
      662 0.000034  -0.002733
      279 0.000034  -0.002732
      448 0.000034   0.002716
      928 0.000034  -0.002713
      559 0.000034  -0.002710
      642 0.000034  -0.002689
      987 0.000034   0.002688
      636 0.000033  -0.002653
      613 0.000033   0.002614
      375 0.000032   0.002596
      614 0.000032   0.002593
      320 0.000032   0.002569
      275 0.000032  -0.002563
      310 0.000032  -0.002554
      201 0.000032  -0.002537
      518 0.000032   0.002533
      384 0.000031  -0.002497
      556 0.000031   0.002490
     1001 0.000031  -0.002490
      811 0.000031   0.002478
      140 0.000031  -0.002471
      491 0.000031   0.002455
      276 0.000030   0.002429
      314 0.000030   0.002418
       81 0.000030  -0.002410
      964 0.000030   0.002394
      338 0.000030  -0.002385
      532 0.000030   0.002385
      100 0.000029   0.002352
       99 0.000029   0.002323
      334 0.000029   0.002292
      376 0.000028   0.002273
      177 0.000028  -0.002273
      265 0.000028   0.002257
      488 0.000028   0.002248
      399 0.000028  -0.002238
      867 0.000028   0.002218
      780 0.000028  -0.002204
      644 0.000027  -0.002199
      935 0.000027  -0.002197
      671 0.000027   0.002193
      530 0.000027   0.002190
      702 0.000027  -0.002186
      146 0.000027   0.002181
      395 0.000027   0.002174
      396 0.000027  -0.002173
      249 0.000027  -0.002154
      933 0.000027   0.002150
      324 0.000027  -0.002146
      410 0.000027  -0.002137
      298 0.000027  -0.002132
      309 0.000026  -0.002117
      957 0.000026   0.002105
      833 0.000026  -0.002103
      727 0.000026  -0.002100
      565 0.000026   0.002098
      858 0.000026  -0.002085
      623 0.000026   0.002081
      102 0.000026  -0.002075
      993 0.000026   0.002057
     1032 0.000026   0.002044
      971 0.000025  -0.002033
      888 0.000025   0.002031
      681 0.000025   0.002025
      328 0.000025  -0.002022
     1025 0.000025   0.002021
      810 0.000025   0.002018
      149 0.000025   0.002012
      809 0.000025   0.002008
      169 0.000025  -0.002007
      445 0.000025  -0.002002
      558 0.000025   0.001998
      899 0.000025   0.001992
      475 0.000025  -0.001979
      609 0.000025   0.001966
      524 0.000024  -0.001938
      363 0.000024   0.001920
      424 0.000024  -0.001916
      147 0.000024   0.001914
       90 0.000024  -0.001913
      685 0.000024  -0.001885
      432 0.000023   0.001878
      841 0.000023   0.001868
      835 0.000023  -0.001848
      145 0.000023  -0.001842
      988 0.000023  -0.001841
      215 0.000023   0.001831
      775 0.000023   0.001814
      664 0.000023  -0.001813
      233 0.000022  -0.001799
       54 0.000022  -0.001794
       85 0.000022   0.001783
      151 0.000022   0.001778
       26 0.000022   0.001777
      339 0.000022  -0.001775
       97 0.000022   0.001752
      378 0.000022  -0.001747
      763 0.000022   0.001746
      348 0.000022  -0.001744
      769 0.000022   0.001737
      669 0.000022   0.001724
     1017 0.000022   0.001723
       22 0.000021   0.001717
      307 0.000021   0.001715
       33 0.000021   0.001710
      402 0.000021   0.001704
      713 0.000021   0.001704
      887 0.000021   0.001700
       67 0.000021  -0.001696
      231 0.000021  -0.001693
      127 0.000021  -0.001687
      111 0.000021  -0.001674
      921 0.000021  -0.001671
       18 0.000021  -0.001670
      842 0.000021  -0.001667
      965 0.000021  -0.001663
       55 0.000021  -0.001656
      585 0.000021   0.001655
     1034 0.000021  -0.001651
      900 0.000021  -0.001644
      675 0.000021   0.001642
      178 0.000020   0.001641
      317 0.000020  -0.001637
      340 0.000020   0.001630
       25 0.000020  -0.001627
      126 0.000020   0.001622
      554 0.000020  -0.001622
      729 0.000020  -0.001601
      526 0.000020   0.001592
      115 0.000020  -0.001585
      238 0.000020  -0.001577
      714 0.000020  -0.001569
      134 0.000020   0.001566
     1096 0.000020   0.001565
      852 0.000020   0.001565
      119 0.000019  -0.001557
       92 0.000019   0.001536
       31 0.000019  -0.001536
      927 0.000019  -0.001533
      185 0.000019   0.001525
      296 0.000019  -0.001524
       48 0.000019   0.001522
      902 0.000019   0.001517
      839 0.000019  -0.001513
      519 0.000019   0.001512
      643 0.000019   0.001510
      502 0.000019   0.001505
      434 0.000019   0.001503
      404 0.000019   0.001503
       66 0.000019   0.001490
      934 0.000019  -0.001484
      110 0.000018   0.001465
      272 0.000018   0.001454
      814 0.000018   0.001432
      653 0.000018   0.001432
      856 0.000018   0.001432
      755 0.000018  -0.001428
      977 0.000018   0.001428
      936 0.000018  -0.001424
      250 0.000018  -0.001416
      983 0.000018   0.001410
        5 0.000018  -0.001409
       34 0.000017  -0.001396
      229 0.000017  -0.001380
      505 0.000017   0.001380
      917 0.000017   0.001377
      673 0.000017   0.001375
      455 0.000017  -0.001331
      316 0.000017  -0.001323
      479 0.000016   0.001317
       84 0.000016   0.001301
      315 0.000016   0.001297
      514 0.000016   0.001296
      173 0.000016  -0.001293
      489 0.000016   0.001289
      124 0.000016  -0.001288
      536 0.000016  -0.001286
       57 0.000016   0.001280
      463 0.000016  -0.001274
      458 0.000016   0.001264
      270 0.000016  -0.001260
      437 0.000016   0.001254
      206 0.000016   0.001246
      648 0.000015  -0.001220
      379 0.000015   0.001218
      512 0.000015  -0.001213
      214 0.000015  -0.001212
      401 0.000015   0.001210
     1052 0.000015   0.001210
      949 0.000015   0.001199
      837 0.000015   0.001188
      385 0.000014  -0.001158
      796 0.000014   0.001144
      372 0.000014  -0.001127
      248 0.000014   0.001122
       36 0.000014  -0.001114
       12 0.000014   0.001113
      548 0.000014  -0.001108
     1073 0.000014  -0.001106
      703 0.000014   0.001102
      191 0.000014   0.001100
      676 0.000013   0.001077
      981 0.000013  -0.001076
      555 0.000013   0.001067
       29 0.000013   0.001055
     1010 0.000013   0.001053
      394 0.000013   0.001048
      335 0.000013   0.001048
      725 0.000013  -0.001046
      680 0.000013   0.001040
      163 0.000013   0.001037
       28 0.000013  -0.001035
      405 0.000013   0.001030
      252 0.000013   0.001023
      647 0.000013  -0.001022
      452 0.000013  -0.001011
      656 0.000013   0.001010
       35 0.000013  -0.001006
       51 0.000013   0.001003
      450 0.000012  -0.000984
      966 0.000012   0.000983
      655 0.000012  -0.000980
      551 0.000012   0.000976
      794 0.000012   0.000975
      972 0.000012  -0.000963
      242 0.000012  -0.000958
     1009 0.000012  -0.000941
      883 0.000012   0.000931
     1020 0.000011  -0.000919
      483 0.000011  -0.000918
       32 0.000011  -0.000903
       23 0.000011  -0.000897
      381 0.000011   0.000893
      393 0.000011   0.000892
      916 0.000011  -0.000888
      694 0.000011  -0.000871
      751 0.000011  -0.000860
      478 0.000011   0.000857
       20 0.000011  -0.000855
      188 0.000011   0.000849
       11 0.000011  -0.000848
      838 0.000010   0.000834
       58 0.000010   0.000825
      205 0.000010  -0.000825
       94 0.000010  -0.000817
      538 0.000010   0.000816
     1016 0.000010  -0.000813
      973 0.000010   0.000811
      510 0.000010  -0.000806
euclid. distance of OLC and linear combination of EV * x_coef: 0.0070696503912904066

Generate samples based on objective loadcase 183
nr_to_generate: 25

Parameter variation distribution settings
distribution: uniform
low: 0.7
high: 1.3

Total process runtime: 0:00:01.372228
