Date and Time:2023-05-12 14:22:29.253678

Initial Settings:
similarity_model: <function cosine_similarity at 0x000001D005A6E5E0>
similarity_threshold: 1e-05
nr_eigv_to_select: None
distribution: uniform
deviation: 0.3
nr_to_generate: 25
recompute: False

Selected eigenvectors and similarity score w.r.t objective loadcase:
objective_loadcase_nr: 752
similarity_model: cosine_similarity
similarity_threshold: 1e-05
nr_eigv_to_select: None
nr_eigv_selected: 494
approximation parameter model: lstsq
similarity score and approx. param. value
:  eigv_idx    score      value
        1 0.551815  60.726902
        3 0.539384  59.358835
        2 0.494947 -54.468628
        0 0.395069  43.477134
        6 0.054690   6.018549
       39 0.017973   1.977914
        4 0.010402   1.144741
      639 0.003812   0.419474
       68 0.003304  -0.363657
      186 0.002476  -0.272446
      612 0.002108  -0.231999
      593 0.002064  -0.227132
      586 0.001893   0.208277
      218 0.001703  -0.187368
      187 0.001645  -0.181052
      716 0.001626   0.178964
      710 0.001544  -0.169952
      618 0.001514   0.166627
      663 0.001489  -0.163833
      668 0.001385   0.152439
      595 0.001208   0.132915
      194 0.001142   0.125712
      659 0.001046  -0.115163
       71 0.001031  -0.113433
      617 0.000965   0.106155
      686 0.000940  -0.103472
      388 0.000905  -0.099574
      626 0.000882   0.097067
      688 0.000805  -0.088548
      599 0.000801   0.088108
       69 0.000786  -0.086472
      183 0.000782   0.086037
      182 0.000779  -0.085742
      635 0.000777   0.085463
      700 0.000769   0.084581
      562 0.000765  -0.084187
      582 0.000755  -0.083128
      670 0.000755   0.083035
      143 0.000730   0.080361
      579 0.000721   0.079344
      578 0.000708   0.077880
      683 0.000682   0.075082
      621 0.000675  -0.074308
      698 0.000647  -0.071168
      733 0.000646   0.071125
      184 0.000630  -0.069364
      749 0.000620  -0.068179
      718 0.000580  -0.063810
      666 0.000578  -0.063590
      253 0.000577  -0.063504
      704 0.000571  -0.062885
      341 0.000564   0.062014
       70 0.000560   0.061659
      602 0.000550  -0.060478
      708 0.000493   0.054258
      174 0.000470   0.051672
      567 0.000464  -0.051087
      153 0.000459   0.050492
      210 0.000454  -0.049918
      606 0.000448  -0.049275
      699 0.000446  -0.049099
      228 0.000442  -0.048619
      641 0.000440  -0.048369
      577 0.000438  -0.048147
      735 0.000432  -0.047571
      709 0.000396  -0.043545
      220 0.000394  -0.043376
      583 0.000393  -0.043304
      620 0.000390  -0.042916
      575 0.000386   0.042435
      267 0.000370  -0.040751
      362 0.000365  -0.040119
      707 0.000347  -0.038205
      204 0.000346   0.038092
      601 0.000337   0.037043
      848 0.000334  -0.036766
      179 0.000326   0.035893
      631 0.000318  -0.034952
      419 0.000317  -0.034891
      412 0.000316  -0.034741
      171 0.000308  -0.033858
      807 0.000300   0.032993
      756 0.000298  -0.032837
      243 0.000296   0.032576
      403 0.000294   0.032381
      576 0.000293  -0.032274
      604 0.000286  -0.031509
      757 0.000283  -0.031140
      383 0.000278   0.030556
      696 0.000277  -0.030483
      587 0.000276   0.030379
      628 0.000274   0.030126
      199 0.000264  -0.029068
      258 0.000259  -0.028556
      570 0.000258  -0.028417
      753 0.000256  -0.028186
      400 0.000246  -0.027046
      377 0.000231  -0.025399
      573 0.000231   0.025390
      137 0.000227  -0.025009
      815 0.000224  -0.024677
      787 0.000223   0.024527
      658 0.000222   0.024384
      580 0.000221  -0.024299
      564 0.000220  -0.024233
      853 0.000214  -0.023533
      277 0.000209   0.023008
      665 0.000209  -0.022965
      941 0.000200  -0.021960
      271 0.000195   0.021415
      741 0.000194   0.021353
      549 0.000194  -0.021335
      132 0.000192   0.021180
      273 0.000191  -0.020984
      254 0.000189   0.020821
      175 0.000186  -0.020510
      427 0.000186  -0.020451
      739 0.000183  -0.020118
      236 0.000183   0.020116
      301 0.000183  -0.020104
      269 0.000182  -0.020050
      667 0.000180   0.019833
      255 0.000175  -0.019292
      687 0.000175   0.019251
      299 0.000175   0.019250
      828 0.000173  -0.019068
      800 0.000172  -0.018975
      640 0.000170  -0.018761
      793 0.000170  -0.018697
      161 0.000169   0.018647
      361 0.000167   0.018410
      711 0.000162   0.017851
      557 0.000161  -0.017737
      356 0.000161  -0.017690
      234 0.000160   0.017644
      398 0.000159  -0.017547
      574 0.000159  -0.017459
      585 0.000159  -0.017457
      380 0.000158   0.017386
      247 0.000157   0.017229
      148 0.000156   0.017182
      820 0.000156  -0.017178
      784 0.000155  -0.017087
      857 0.000155  -0.017085
      750 0.000154   0.017000
      295 0.000154  -0.016986
      743 0.000152  -0.016723
      217 0.000152  -0.016714
      369 0.000150   0.016523
      566 0.000147   0.016170
      726 0.000145  -0.015960
       91 0.000144  -0.015886
      373 0.000143  -0.015781
      353 0.000141  -0.015553
      790 0.000141   0.015533
      230 0.000138  -0.015153
      257 0.000137  -0.015113
      690 0.000137   0.015026
      759 0.000134   0.014778
      629 0.000133  -0.014609
      908 0.000132  -0.014540
      605 0.000132  -0.014532
      697 0.000131   0.014459
      392 0.000131   0.014393
      847 0.000130   0.014253
      645 0.000129   0.014241
      818 0.000128  -0.014099
      436 0.000127   0.013992
      859 0.000125   0.013743
      600 0.000124  -0.013694
      423 0.000124  -0.013597
      974 0.000123   0.013564
      431 0.000123  -0.013547
      795 0.000123   0.013543
      798 0.000122   0.013456
      855 0.000122  -0.013454
      638 0.000121  -0.013319
      561 0.000121   0.013297
      553 0.000120  -0.013174
      808 0.000119   0.013091
      355 0.000119   0.013082
      354 0.000118   0.012945
      107 0.000118  -0.012942
      263 0.000115  -0.012680
      294 0.000115  -0.012630
      581 0.000114  -0.012530
      736 0.000114  -0.012517
      367 0.000114   0.012502
      312 0.000111  -0.012230
      235 0.000111  -0.012197
      742 0.000108  -0.011907
      281 0.000108   0.011883
      266 0.000108  -0.011853
      594 0.000107  -0.011754
      840 0.000107  -0.011753
      223 0.000105   0.011598
      206 0.000105   0.011572
      308 0.000104  -0.011422
      882 0.000103   0.011385
      844 0.000102  -0.011222
      222 0.000102  -0.011207
      227 0.000101   0.011128
      829 0.000101   0.011087
      684 0.000100  -0.011023
      239 0.000100   0.011004
      824 0.000100   0.010969
      241 0.000098   0.010748
      799 0.000097  -0.010667
      801 0.000097  -0.010651
      611 0.000097  -0.010626
      249 0.000096  -0.010596
      584 0.000096  -0.010587
      740 0.000094  -0.010380
      591 0.000093   0.010261
      261 0.000092  -0.010095
      803 0.000092   0.010085
      572 0.000091  -0.010044
      632 0.000091   0.010043
      778 0.000091  -0.010006
      275 0.000091  -0.009993
     1095 0.000090  -0.009956
      723 0.000090  -0.009956
      268 0.000088  -0.009732
      302 0.000088  -0.009721
      596 0.000087  -0.009549
      734 0.000085  -0.009321
      614 0.000085   0.009301
      262 0.000084  -0.009293
      343 0.000084  -0.009222
      251 0.000083  -0.009159
      569 0.000083   0.009126
      832 0.000082   0.008979
      728 0.000082  -0.008969
      298 0.000081  -0.008944
      386 0.000081   0.008929
      955 0.000079   0.008699
      374 0.000079   0.008687
      802 0.000078   0.008567
      428 0.000077   0.008522
      762 0.000077   0.008460
      826 0.000076  -0.008342
      748 0.000076  -0.008327
      292 0.000075  -0.008257
      744 0.000075  -0.008245
      394 0.000075   0.008214
      138 0.000074   0.008171
      937 0.000074  -0.008169
     1005 0.000074   0.008126
      722 0.000074  -0.008120
      337 0.000074  -0.008094
      291 0.000073   0.008078
      913 0.000072  -0.007971
      552 0.000072  -0.007968
      414 0.000072   0.007968
      701 0.000071  -0.007859
      978 0.000071   0.007794
      776 0.000071  -0.007785
      390 0.000070   0.007711
      560 0.000070  -0.007709
      545 0.000069  -0.007606
      332 0.000068  -0.007528
      425 0.000068   0.007495
      805 0.000068  -0.007455
      922 0.000068  -0.007451
      313 0.000067  -0.007332
      289 0.000065   0.007128
      654 0.000065   0.007104
      879 0.000064  -0.007016
      232 0.000064  -0.007006
      597 0.000064  -0.006999
      319 0.000063   0.006983
      209 0.000063  -0.006884
      539 0.000062   0.006848
      843 0.000061  -0.006722
      407 0.000061  -0.006708
      616 0.000061  -0.006671
      627 0.000060   0.006650
      895 0.000060   0.006644
      782 0.000059  -0.006490
      863 0.000057  -0.006296
      891 0.000056  -0.006168
      864 0.000054   0.005936
      948 0.000054   0.005921
      322 0.000053  -0.005887
      325 0.000053  -0.005861
      770 0.000052   0.005710
      528 0.000052   0.005706
      765 0.000049   0.005425
      870 0.000049  -0.005420
      821 0.000049  -0.005392
      831 0.000049   0.005357
      279 0.000049  -0.005349
      773 0.000048   0.005287
      650 0.000048  -0.005275
      608 0.000048  -0.005251
      542 0.000047   0.005212
      329 0.000047  -0.005191
      201 0.000047  -0.005162
      789 0.000047   0.005143
      858 0.000046  -0.005074
      860 0.000045  -0.004975
      540 0.000045  -0.004938
      193 0.000044  -0.004876
      323 0.000044  -0.004847
      409 0.000044  -0.004816
      589 0.000043  -0.004767
      535 0.000042   0.004674
      987 0.000042   0.004641
      881 0.000042  -0.004599
      397 0.000042  -0.004575
      928 0.000042  -0.004573
      590 0.000042  -0.004571
      315 0.000040   0.004450
      780 0.000040  -0.004418
      867 0.000039   0.004322
      823 0.000039   0.004310
      448 0.000039   0.004301
      792 0.000039   0.004278
      874 0.000038  -0.004166
      763 0.000036  -0.003993
      518 0.000036   0.003988
      694 0.000036   0.003962
     1001 0.000036  -0.003912
      286 0.000035   0.003874
      677 0.000035   0.003868
      240 0.000035   0.003855
      950 0.000035  -0.003845
      297 0.000035  -0.003839
      933 0.000035   0.003814
      880 0.000034   0.003780
      491 0.000034   0.003735
      310 0.000034  -0.003711
      169 0.000033  -0.003675
      321 0.000033  -0.003648
      237 0.000033  -0.003604
      364 0.000032   0.003576
      530 0.000032   0.003566
      342 0.000032   0.003562
      410 0.000032  -0.003556
      993 0.000032   0.003548
      884 0.000032  -0.003536
      226 0.000032  -0.003493
      532 0.000032   0.003482
      445 0.000032  -0.003481
      965 0.000032  -0.003470
      225 0.000031  -0.003466
      842 0.000031  -0.003462
     1025 0.000031   0.003461
      636 0.000031  -0.003397
      252 0.000031   0.003391
      488 0.000031   0.003368
      603 0.000030  -0.003303
     1032 0.000030   0.003291
      475 0.000029  -0.003197
      320 0.000028  -0.003131
      943 0.000028   0.003126
      680 0.000028   0.003113
      424 0.000028  -0.003092
      524 0.000028  -0.003068
      406 0.000028   0.003066
      942 0.000028   0.003047
      830 0.000028   0.003035
      904 0.000028   0.003034
      894 0.000027  -0.003007
     1017 0.000027   0.002960
      290 0.000026   0.002882
      318 0.000026   0.002866
      609 0.000026  -0.002848
      432 0.000026   0.002822
      646 0.000025   0.002779
      250 0.000025  -0.002767
      402 0.000025   0.002750
      938 0.000025   0.002713
      900 0.000024  -0.002645
      359 0.000024  -0.002637
      224 0.000023  -0.002573
     1034 0.000023  -0.002566
      662 0.000023  -0.002510
      502 0.000022   0.002469
      296 0.000022   0.002467
      814 0.000022   0.002456
      917 0.000022   0.002434
      519 0.000022   0.002428
      588 0.000022   0.002423
      649 0.000022  -0.002396
      324 0.000021  -0.002324
      568 0.000021  -0.002305
      455 0.000021  -0.002294
      949 0.000021   0.002286
      536 0.000021  -0.002283
      839 0.000021  -0.002268
      505 0.000020   0.002236
      685 0.000020  -0.002233
      727 0.000020  -0.002232
      283 0.000020   0.002224
      489 0.000020   0.002223
      714 0.000020  -0.002218
      538 0.000020   0.002185
      526 0.000020   0.002183
       95 0.000019  -0.002110
      349 0.000019  -0.002095
      512 0.000019  -0.002056
      479 0.000019   0.002050
      437 0.000018   0.002033
      214 0.000018  -0.002031
      287 0.000018   0.002005
      463 0.000018  -0.001998
     1052 0.000018   0.001990
      331 0.000018  -0.001937
      592 0.000017  -0.001909
      458 0.000017   0.001896
      366 0.000017   0.001891
      514 0.000017   0.001890
      838 0.000017   0.001873
      713 0.000017   0.001856
      642 0.000017  -0.001819
      346 0.000016   0.001815
      625 0.000016   0.001812
      804 0.000016  -0.001800
      755 0.000016  -0.001792
      357 0.000016   0.001763
       89 0.000016  -0.001750
      849 0.000016  -0.001746
      775 0.000016   0.001740
      104 0.000016   0.001735
      335 0.000016   0.001718
      856 0.000015   0.001705
      732 0.000015   0.001681
      681 0.000015  -0.001680
      360 0.000015  -0.001662
      288 0.000015  -0.001654
      314 0.000015   0.001647
      907 0.000015   0.001642
      598 0.000015   0.001640
      216 0.000015   0.001634
      876 0.000015   0.001628
      450 0.000015  -0.001613
      643 0.000015  -0.001611
      875 0.000015   0.001610
      131 0.000015  -0.001608
       74 0.000014   0.001586
      613 0.000014  -0.001573
      363 0.000014   0.001551
      284 0.000014   0.001551
      123 0.000014  -0.001544
      103 0.000014   0.001535
      213 0.000013  -0.001480
      245 0.000013  -0.001474
      309 0.000013  -0.001469
      483 0.000013  -0.001466
      835 0.000013  -0.001462
      112 0.000013   0.001459
       98 0.000013  -0.001458
      534 0.000013  -0.001457
      462 0.000013   0.001450
      794 0.000013   0.001450
      702 0.000013  -0.001449
      413 0.000013   0.001444
     1010 0.000013   0.001423
      264 0.000013  -0.001382
      816 0.000012   0.001359
      150 0.000012  -0.001343
     1047 0.000012   0.001327
      449 0.000012  -0.001324
       80 0.000012  -0.001314
       81 0.000012   0.001310
       73 0.000012   0.001299
      304 0.000012   0.001298
      619 0.000012   0.001294
      198 0.000012   0.001289
      964 0.000012   0.001282
      927 0.000012  -0.001279
      244 0.000012  -0.001277
      478 0.000011   0.001247
      259 0.000011  -0.001236
      921 0.000011  -0.001218
      510 0.000011  -0.001204
      971 0.000011  -0.001204
      473 0.000011  -0.001198
      278 0.000011  -0.001193
      634 0.000011  -0.001179
      307 0.000011  -0.001179
      317 0.000011   0.001173
      418 0.000011  -0.001159
      934 0.000010  -0.001155
      988 0.000010  -0.001142
      120 0.000010   0.001135
      152 0.000010   0.001124
       93 0.000010  -0.001120
      837 0.000010   0.001114
      426 0.000010   0.001114
      164 0.000010  -0.001113
      487 0.000010  -0.001106
      155 0.000010   0.001102
euclid. distance of OLC and linear combination of EV * x_coef: 0.010438420230162393

Generate samples based on objective loadcase 752
nr_to_generate: 25

Parameter variation distribution settings
distribution: uniform
low: 0.7
high: 1.3

Total process runtime: 0:00:01.302327
