Date and Time:2023-05-12 14:10:52.544558

Initial Settings:
similarity_model: <function cosine_similarity at 0x000001D005A6E5E0>
similarity_threshold: 1e-05
nr_eigv_to_select: None
distribution: uniform
deviation: 0.3
nr_to_generate: 25
recompute: False

Selected eigenvectors and similarity score w.r.t objective loadcase:
objective_loadcase_nr: 229
similarity_model: cosine_similarity
similarity_threshold: 1e-05
nr_eigv_to_select: None
nr_eigv_selected: 463
approximation parameter model: lstsq
similarity score and approx. param. value
:  eigv_idx    score      value
        3 0.582712  33.845045
        1 0.519340  30.164293
        2 0.510085 -29.626720
        0 0.358826  20.841341
        6 0.028915   1.679433
       39 0.027065   1.571961
        4 0.012436   0.722306
      639 0.003257   0.189175
      218 0.002433  -0.141341
      593 0.002006  -0.116513
      186 0.001974  -0.114654
      612 0.001882  -0.109294
      586 0.001877   0.109040
      710 0.001638  -0.095123
      187 0.001295  -0.075208
      716 0.001234   0.071680
      595 0.001223   0.071005
       68 0.001208  -0.070162
      663 0.001063  -0.061730
      618 0.001062   0.061711
      668 0.001043   0.060572
      626 0.001037   0.060223
      686 0.000940  -0.054593
      194 0.000872   0.050652
      388 0.000870  -0.050555
      749 0.000842  -0.048920
      688 0.000799  -0.046432
      143 0.000798   0.046330
      659 0.000767  -0.044531
      599 0.000738   0.042877
      617 0.000735   0.042698
      621 0.000691  -0.040121
      562 0.000690  -0.040090
      582 0.000684  -0.039752
      635 0.000671   0.038982
      670 0.000666   0.038694
      704 0.000643  -0.037347
      183 0.000631   0.036654
      578 0.000609   0.035381
      341 0.000580   0.033686
      718 0.000561  -0.032563
      733 0.000560   0.032525
      567 0.000545  -0.031681
      606 0.000537  -0.031190
      577 0.000534  -0.030992
      602 0.000524  -0.030427
      579 0.000506   0.029418
      708 0.000495   0.028769
      735 0.000495  -0.028739
      253 0.000495  -0.028732
      698 0.000476  -0.027631
      267 0.000471  -0.027375
       69 0.000471   0.027352
      666 0.000446  -0.025883
      153 0.000443   0.025749
      220 0.000441  -0.025604
      258 0.000440  -0.025573
      696 0.000440  -0.025534
      620 0.000424  -0.024646
      575 0.000418   0.024296
      709 0.000414  -0.024049
      174 0.000414   0.024018
       71 0.000394   0.022876
      753 0.000384  -0.022330
      707 0.000373  -0.021679
      641 0.000372  -0.021600
      601 0.000365   0.021212
      700 0.000360   0.020902
      230 0.000358  -0.020780
      683 0.000356   0.020681
      227 0.000352   0.020430
      848 0.000349  -0.020283
      412 0.000335  -0.019477
      583 0.000334  -0.019388
      210 0.000334  -0.019382
      699 0.000331  -0.019242
      273 0.000324  -0.018799
      756 0.000322  -0.018712
      419 0.000307  -0.017835
      807 0.000300   0.017432
      793 0.000298  -0.017287
      853 0.000288  -0.016706
      587 0.000287   0.016650
      269 0.000284  -0.016510
      403 0.000281   0.016344
      383 0.000281   0.016309
      362 0.000277  -0.016105
      235 0.000274  -0.015931
      631 0.000273  -0.015851
      757 0.000265  -0.015418
      763 0.000260   0.015119
      759 0.000260  -0.015104
      570 0.000255  -0.014782
      263 0.000251  -0.014600
      239 0.000251   0.014577
      726 0.000246  -0.014300
      182 0.000244  -0.014192
      741 0.000244   0.014181
      299 0.000244   0.014156
      243 0.000241   0.014015
      204 0.000233   0.013531
      739 0.000232  -0.013449
       70 0.000228   0.013222
      184 0.000225  -0.013043
      750 0.000219   0.012729
      206 0.000216   0.012522
      137 0.000212  -0.012297
      818 0.000206  -0.011946
      377 0.000203  -0.011798
      743 0.000197  -0.011470
      361 0.000197   0.011449
      301 0.000193  -0.011201
      549 0.000192  -0.011180
      199 0.000192  -0.011173
      857 0.000190  -0.011039
      427 0.000189  -0.010951
      787 0.000188   0.010903
      312 0.000185  -0.010772
      564 0.000185  -0.010717
      576 0.000184  -0.010678
      247 0.000183   0.010655
      580 0.000180  -0.010475
      742 0.000180  -0.010449
      824 0.000179   0.010419
      392 0.000178   0.010364
      223 0.000178   0.010349
      369 0.000178   0.010337
      373 0.000177  -0.010283
      400 0.000175  -0.010136
      800 0.000174  -0.010106
      337 0.000173  -0.010076
      604 0.000172  -0.010018
      132 0.000172   0.010006
      855 0.000171  -0.009923
      795 0.000169   0.009823
      228 0.000169  -0.009801
      591 0.000168   0.009760
      658 0.000167   0.009724
      175 0.000164  -0.009503
      290 0.000162   0.009422
      553 0.000160  -0.009312
      665 0.000157  -0.009118
      778 0.000156  -0.009076
      275 0.000153  -0.008911
      711 0.000153   0.008911
      829 0.000153   0.008888
      784 0.000152  -0.008834
      332 0.000151  -0.008787
      574 0.000151  -0.008764
      859 0.000150   0.008735
      828 0.000148  -0.008572
      775 0.000145   0.008446
      628 0.000145   0.008395
      820 0.000141  -0.008209
      667 0.000139   0.008095
      605 0.000139  -0.008070
      941 0.000138  -0.008021
      585 0.000134  -0.007780
      616 0.000133  -0.007715
      790 0.000131   0.007602
      770 0.000131   0.007585
      279 0.000128  -0.007413
      380 0.000127   0.007398
      687 0.000126   0.007347
      241 0.000125   0.007285
      398 0.000124  -0.007204
      356 0.000123  -0.007172
      257 0.000123  -0.007124
      736 0.000120  -0.006988
      423 0.000119  -0.006933
      431 0.000119  -0.006919
      179 0.000118   0.006839
      557 0.000118  -0.006832
      354 0.000116   0.006751
      298 0.000116  -0.006720
      808 0.000115   0.006699
      201 0.000115  -0.006697
      697 0.000114   0.006642
      295 0.000114  -0.006639
      277 0.000114   0.006610
      329 0.000113  -0.006545
      255 0.000109  -0.006320
      217 0.000109  -0.006319
      171 0.000108  -0.006283
      728 0.000108  -0.006261
      566 0.000104   0.006040
      769 0.000103   0.005999
      815 0.000102  -0.005943
      690 0.000101   0.005882
      271 0.000101   0.005873
      251 0.000101  -0.005848
      864 0.000100   0.005819
      744 0.000100  -0.005804
      353 0.000100  -0.005788
      762 0.000099  -0.005738
      638 0.000098  -0.005720
      799 0.000098  -0.005704
      629 0.000098  -0.005697
      569 0.000098   0.005687
       88 0.000097  -0.005658
      908 0.000097  -0.005658
      600 0.000097  -0.005625
      294 0.000096  -0.005548
      321 0.000095  -0.005504
      773 0.000094   0.005457
      943 0.000093   0.005430
      436 0.000092   0.005329
      645 0.000091   0.005286
      782 0.000091  -0.005277
      684 0.000090  -0.005199
      234 0.000088   0.005135
       93 0.000088  -0.005128
      292 0.000086  -0.004989
      948 0.000085   0.004943
      355 0.000085   0.004912
      611 0.000084  -0.004905
      974 0.000084   0.004879
      581 0.000084  -0.004879
      840 0.000083  -0.004801
      573 0.000082   0.004790
      261 0.000082  -0.004736
      847 0.000081   0.004708
      884 0.000081  -0.004697
      937 0.000081  -0.004678
      325 0.000080  -0.004619
      734 0.000079  -0.004599
      594 0.000079  -0.004589
      266 0.000079  -0.004577
      844 0.000079  -0.004569
      262 0.000078  -0.004531
      281 0.000077   0.004460
      860 0.000076  -0.004434
      843 0.000076  -0.004401
      561 0.000075   0.004339
      367 0.000073   0.004237
      880 0.000073   0.004226
      285 0.000072   0.004187
      107 0.000072  -0.004169
      572 0.000071  -0.004150
      978 0.000071   0.004115
      792 0.000071   0.004106
      291 0.000070   0.004058
      694 0.000070   0.004052
      826 0.000069  -0.003984
      268 0.000068  -0.003976
      614 0.000068   0.003965
      560 0.000067  -0.003886
      823 0.000067   0.003875
      654 0.000067   0.003867
      319 0.000066   0.003848
      138 0.000066  -0.003822
      302 0.000065  -0.003803
      283 0.000065   0.003789
      589 0.000065  -0.003783
      104 0.000065   0.003771
      801 0.000065  -0.003754
      584 0.000064  -0.003740
      870 0.000064  -0.003739
      723 0.000063  -0.003642
      632 0.000062   0.003593
      722 0.000062  -0.003593
      342 0.000061   0.003547
      765 0.000061   0.003524
      289 0.000060   0.003510
     1095 0.000060  -0.003507
      748 0.000060  -0.003479
      343 0.000059  -0.003455
     1005 0.000059   0.003412
      627 0.000059   0.003401
      425 0.000058   0.003364
      539 0.000058   0.003362
      545 0.000057  -0.003301
      913 0.000057  -0.003294
      882 0.000056   0.003280
      308 0.000056  -0.003273
      428 0.000055   0.003219
      895 0.000054   0.003157
      780 0.000054   0.003129
      596 0.000054  -0.003118
      413 0.000053  -0.003071
      386 0.000053   0.003056
      323 0.000052  -0.002995
      414 0.000052   0.002995
      590 0.000051  -0.002971
      322 0.000051  -0.002958
      831 0.000051   0.002953
      198 0.000051  -0.002949
      528 0.000050   0.002907
      315 0.000050   0.002904
      935 0.000050  -0.002891
      650 0.000049  -0.002852
      701 0.000048  -0.002809
      894 0.000048  -0.002796
      874 0.000048  -0.002769
      552 0.000048  -0.002761
      390 0.000046   0.002652
      957 0.000046   0.002649
      535 0.000045   0.002619
      821 0.000045  -0.002603
      318 0.000045  -0.002601
      922 0.000045  -0.002595
      841 0.000044   0.002574
      244 0.000044  -0.002557
      608 0.000043  -0.002490
      278 0.000042   0.002462
       91 0.000042  -0.002415
      833 0.000041  -0.002380
      852 0.000040   0.002344
      161 0.000040   0.002326
      955 0.000040   0.002325
      842 0.000040  -0.002302
      649 0.000039  -0.002254
      942 0.000039   0.002253
      193 0.000039   0.002248
      407 0.000038  -0.002234
      988 0.000038  -0.002213
      169 0.000037  -0.002153
      964 0.000036   0.002115
      881 0.000036  -0.002112
     1096 0.000036   0.002086
      830 0.000036   0.002083
      971 0.000036  -0.002083
      950 0.000036  -0.002064
      832 0.000035   0.002035
      518 0.000035   0.002006
      491 0.000034   0.001976
      835 0.000034  -0.001966
     1073 0.000034  -0.001959
      374 0.000033   0.001925
      789 0.000032   0.001877
      904 0.000032   0.001871
      798 0.000032  -0.001860
      921 0.000032  -0.001845
      597 0.000031  -0.001816
      532 0.000031   0.001811
      313 0.000031  -0.001802
      409 0.000031  -0.001794
      838 0.000031  -0.001786
      540 0.000031  -0.001785
      394 0.000030   0.001762
      488 0.000030   0.001760
      366 0.000030   0.001726
      879 0.000030  -0.001717
      297 0.000029  -0.001678
      131 0.000029   0.001677
      284 0.000029   0.001669
      445 0.000029  -0.001662
      448 0.000028   0.001652
      286 0.000028   0.001652
      310 0.000028  -0.001644
      636 0.000028  -0.001641
      983 0.000028   0.001632
      249 0.000028   0.001627
      977 0.000027   0.001597
      410 0.000027  -0.001594
      933 0.000027   0.001586
      346 0.000027   0.001565
      794 0.000027   0.001550
      475 0.000026  -0.001511
      542 0.000026   0.001509
      524 0.000026  -0.001508
      677 0.000026   0.001496
      646 0.000024   0.001421
      928 0.000024  -0.001404
     1034 0.000024  -0.001397
      927 0.000024  -0.001388
      938 0.000024   0.001378
      424 0.000024  -0.001378
      526 0.000023   0.001354
      755 0.000023  -0.001352
      804 0.000023  -0.001337
     1032 0.000023   0.001334
      364 0.000023   0.001333
     1010 0.000023   0.001330
      779 0.000022  -0.001307
     1009 0.000022  -0.001303
      530 0.000022   0.001299
      856 0.000022   0.001264
      987 0.000021   0.001233
      959 0.000021  -0.001229
      934 0.000021  -0.001226
      236 0.000021   0.001225
      868 0.000021   0.001222
      598 0.000021   0.001214
      406 0.000021   0.001196
      803 0.000020   0.001174
      592 0.000020   0.001144
      776 0.000020  -0.001133
      811 0.000019   0.001129
      727 0.000019  -0.001117
     1001 0.000019  -0.001107
      916 0.000019  -0.001102
      640 0.000019  -0.001098
      809 0.000019   0.001089
      479 0.000019   0.001082
      514 0.000019   0.001079
      849 0.000018  -0.001066
      397 0.000018  -0.001046
      802 0.000018   0.001025
      232 0.000017  -0.001014
      437 0.000017   0.000998
     1003 0.000017  -0.000992
     1016 0.000017  -0.000992
      402 0.000017   0.000988
      662 0.000017  -0.000985
       98 0.000017  -0.000976
      536 0.000017  -0.000975
      455 0.000017  -0.000965
      502 0.000017   0.000965
      463 0.000016  -0.000953
      519 0.000016   0.000943
      432 0.000016   0.000941
      714 0.000016  -0.000940
      898 0.000016   0.000939
      568 0.000016  -0.000932
      685 0.000016  -0.000928
      245 0.000016  -0.000921
      148 0.000015   0.000884
      512 0.000015  -0.000878
      324 0.000015  -0.000873
     1025 0.000015   0.000869
      702 0.000015  -0.000865
     1020 0.000015  -0.000860
      729 0.000014   0.000831
      949 0.000014   0.000823
      903 0.000014   0.000822
      489 0.000014   0.000816
      334 0.000014  -0.000816
      984 0.000014  -0.000807
     1040 0.000014  -0.000799
      505 0.000014   0.000798
      732 0.000014   0.000795
      675 0.000014   0.000793
      458 0.000014   0.000788
      222 0.000014   0.000786
      810 0.000014   0.000785
     1017 0.000014   0.000785
      907 0.000013   0.000775
      333 0.000013  -0.000775
      764 0.000013  -0.000753
      256 0.000013  -0.000746
      643 0.000013  -0.000742
      610 0.000013  -0.000741
      359 0.000013  -0.000734
      450 0.000013  -0.000732
      225 0.000012  -0.000711
      740 0.000012   0.000706
      746 0.000012  -0.000705
       45 0.000012  -0.000688
      875 0.000012   0.000686
      360 0.000012  -0.000671
      259 0.000011  -0.000665
      478 0.000011   0.000663
      609 0.000011  -0.000662
       50 0.000011  -0.000644
      209 0.000011   0.000630
     1052 0.000011   0.000615
      226 0.000011  -0.000614
      270 0.000011   0.000611
      917 0.000010   0.000604
       38 0.000010  -0.000602
      816 0.000010   0.000591
      747 0.000010  -0.000586
euclid. distance of OLC and linear combination of EV * x_coef: 0.005394230103902193

Generate samples based on objective loadcase 229
nr_to_generate: 25

Parameter variation distribution settings
distribution: uniform
low: 0.7
high: 1.3

Total process runtime: 0:00:01.216650
