Date and Time:2023-05-12 14:21:54.413202

Initial Settings:
similarity_model: <function cosine_similarity at 0x000001D005A6E5E0>
similarity_threshold: 1e-05
nr_eigv_to_select: None
distribution: uniform
deviation: 0.3
nr_to_generate: 25
recompute: False

Selected eigenvectors and similarity score w.r.t objective loadcase:
objective_loadcase_nr: 726
similarity_model: cosine_similarity
similarity_threshold: 1e-05
nr_eigv_to_select: None
nr_eigv_selected: 692
approximation parameter model: lstsq
similarity score and approx. param. value
:  eigv_idx    score      value
        1 0.578486  79.200566
        3 0.510412  69.880577
        2 0.468570 -64.152024
        0 0.424894  58.172347
        6 0.066721   9.134819
        4 0.008576   1.174145
       68 0.007953  -1.088836
       39 0.006492   0.888784
       71 0.004216  -0.577280
      639 0.003718   0.509048
       69 0.003560  -0.487449
      186 0.002743  -0.375493
      612 0.001980  -0.271110
      618 0.001942   0.265839
      187 0.001907  -0.261102
      593 0.001681  -0.230100
      716 0.001674   0.229210
      663 0.001650  -0.225950
      668 0.001566   0.214442
      586 0.001517   0.207708
      710 0.001434  -0.196384
       70 0.001316   0.180242
      194 0.001286   0.176039
      659 0.001168  -0.159962
      182 0.001086  -0.148745
      617 0.001059   0.145035
      700 0.000980   0.134144
      595 0.000951   0.130223
      579 0.000948   0.129831
      683 0.000934   0.127942
      184 0.000920  -0.125930
      183 0.000899   0.123130
      218 0.000887  -0.121403
      749 0.000876  -0.119905
      228 0.000859  -0.117609
      686 0.000818  -0.111977
      688 0.000776  -0.106197
      388 0.000735  -0.100644
      635 0.000733   0.100313
      599 0.000723   0.098962
      562 0.000698  -0.095514
      578 0.000692   0.094786
      666 0.000644  -0.088144
      582 0.000626  -0.085654
      670 0.000606   0.082978
      143 0.000587   0.080307
      735 0.000572  -0.078308
      698 0.000563  -0.077128
      253 0.000547  -0.074856
      153 0.000534   0.073105
      733 0.000527   0.072115
      171 0.000499  -0.068362
      626 0.000485   0.066436
      708 0.000481   0.065911
      179 0.000480   0.065669
      362 0.000476  -0.065177
      621 0.000471  -0.064487
      641 0.000459  -0.062878
      602 0.000449  -0.061449
      174 0.000446   0.061000
      210 0.000438  -0.059922
      628 0.000433   0.059309
      341 0.000422   0.057839
      576 0.000416  -0.057000
      220 0.000409  -0.056046
      583 0.000409  -0.055962
      604 0.000396  -0.054150
      759 0.000395   0.054145
      756 0.000374  -0.051271
      699 0.000370  -0.050608
      709 0.000367  -0.050227
      757 0.000360  -0.049283
      640 0.000350  -0.047891
      254 0.000346   0.047336
      631 0.000345  -0.047224
      573 0.000339   0.046436
      234 0.000329   0.045049
      400 0.000328  -0.044949
      718 0.000327  -0.044788
      236 0.000326   0.044612
      741 0.000313   0.042912
      227 0.000306  -0.041898
      787 0.000302   0.041380
      204 0.000299   0.040978
      620 0.000297  -0.040690
      222 0.000296  -0.040468
      243 0.000289   0.039560
      271 0.000288   0.039466
      267 0.000276  -0.037794
      853 0.000274  -0.037524
      567 0.000273  -0.037436
      807 0.000269   0.036831
      277 0.000265   0.036240
      419 0.000264  -0.036151
      815 0.000260  -0.035579
      739 0.000258  -0.035339
      848 0.000257  -0.035162
      575 0.000256   0.035094
      601 0.000247   0.033799
      577 0.000247  -0.033752
      798 0.000242   0.033105
      763 0.000239  -0.032772
      412 0.000236  -0.032335
      606 0.000235  -0.032205
      750 0.000233   0.031930
      367 0.000231   0.031571
      658 0.000228   0.031243
      255 0.000226  -0.030892
      295 0.000221  -0.030284
      549 0.000218  -0.029833
      230 0.000218   0.029793
      361 0.000216   0.029576
      355 0.000213   0.029125
      377 0.000212  -0.029087
      148 0.000211   0.028949
      403 0.000210   0.028754
      587 0.000210   0.028701
      580 0.000208  -0.028494
      687 0.000207   0.028349
      941 0.000206  -0.028206
      665 0.000204  -0.027958
      398 0.000198  -0.027048
      132 0.000197   0.026985
      762 0.000197   0.026957
      161 0.000194   0.026617
      266 0.000192  -0.026248
      198 0.000188   0.025729
      564 0.000188  -0.025701
      249 0.000186  -0.025405
      261 0.000184  -0.025221
      353 0.000183  -0.025098
      137 0.000181  -0.024811
      566 0.000179   0.024526
      138 0.000178   0.024373
      828 0.000177  -0.024277
      585 0.000177  -0.024194
      380 0.000174   0.023869
      561 0.000173   0.023621
      629 0.000167  -0.022808
      581 0.000165  -0.022590
      436 0.000165   0.022564
      857 0.000165  -0.022525
      390 0.000164   0.022391
      570 0.000162  -0.022186
      245 0.000160  -0.021866
      847 0.000159   0.021771
      199 0.000158  -0.021589
      308 0.000157  -0.021493
      206 0.000156  -0.021405
      241 0.000156   0.021357
      790 0.000156   0.021337
      800 0.000156  -0.021294
      427 0.000153  -0.020897
      820 0.000152  -0.020864
      383 0.000152   0.020791
      281 0.000150   0.020600
      373 0.000150  -0.020561
       91 0.000150  -0.020542
      318 0.000150   0.020493
      645 0.000149   0.020393
      402 0.000148   0.020315
      175 0.000147  -0.020168
      684 0.000146  -0.019967
      711 0.000146   0.019950
      690 0.000146   0.019923
      638 0.000144  -0.019760
      107 0.000144  -0.019673
        9 0.000142   0.019411
       10 0.000141   0.019271
      406 0.000141   0.019260
      364 0.000140  -0.019123
      320 0.000139  -0.019075
      596 0.000139  -0.019028
      275 0.000139  -0.019020
      600 0.000138  -0.018833
      572 0.000137  -0.018810
      594 0.000137  -0.018743
      908 0.000134  -0.018351
      252 0.000134  -0.018349
      882 0.000134   0.018334
      251 0.000133  -0.018207
      407 0.000133  -0.018146
      301 0.000132  -0.018073
      974 0.000131   0.017931
      216 0.000130   0.017733
      247 0.000129   0.017713
      801 0.000129  -0.017692
      359 0.000128   0.017526
      740 0.000127  -0.017402
      597 0.000126  -0.017236
      257 0.000126  -0.017196
      859 0.000123   0.016808
      276 0.000122  -0.016769
      239 0.000121  -0.016590
      557 0.000120  -0.016410
      818 0.000119  -0.016229
       14 0.000118   0.016094
       13 0.000116  -0.015942
      784 0.000115  -0.015784
       53 0.000114   0.015659
      260 0.000114   0.015657
      386 0.000114   0.015653
      302 0.000114  -0.015598
      209 0.000114  -0.015545
      808 0.000113   0.015539
      704 0.000113  -0.015474
      743 0.000112  -0.015344
      335 0.000112   0.015303
      803 0.000111   0.015226
      349 0.000111  -0.015211
      840 0.000111  -0.015191
      726 0.000111  -0.015190
      667 0.000111   0.015130
      605 0.000108  -0.014821
      296 0.000108   0.014751
      574 0.000108  -0.014745
      350 0.000107   0.014711
      299 0.000107   0.014698
      431 0.000107  -0.014596
      343 0.000106  -0.014573
       59 0.000105   0.014326
      707 0.000104  -0.014230
      423 0.000104  -0.014223
      723 0.000103  -0.014095
      428 0.000103   0.014053
      294 0.000103  -0.014035
      244 0.000102   0.013903
      120 0.000101   0.013835
      805 0.000101  -0.013814
      824 0.000100   0.013702
      233 0.000099  -0.013507
       60 0.000098   0.013436
      214 0.000098  -0.013367
      414 0.000097   0.013319
      397 0.000097  -0.013307
       55 0.000097   0.013287
     1095 0.000096  -0.013189
      780 0.000096  -0.013162
      855 0.000095  -0.013027
      734 0.000095  -0.012988
      753 0.000094  -0.012935
      802 0.000094   0.012859
      611 0.000094  -0.012808
      696 0.000094   0.012804
       63 0.000093  -0.012787
      955 0.000093   0.012728
       47 0.000093   0.012697
      844 0.000092  -0.012657
       64 0.000091   0.012510
      891 0.000091  -0.012461
      829 0.000091   0.012427
      262 0.000091  -0.012409
      237 0.000090  -0.012370
       73 0.000090   0.012364
       52 0.000090  -0.012353
      258 0.000090  -0.012284
      552 0.000090  -0.012263
      392 0.000089   0.012247
      250 0.000089   0.012233
       74 0.000089   0.012231
      799 0.000089  -0.012217
      290 0.000089  -0.012199
      879 0.000088  -0.012077
      863 0.000088  -0.012042
       57 0.000088   0.012039
      603 0.000088  -0.012005
      545 0.000087  -0.011893
       46 0.000086  -0.011823
       34 0.000085   0.011573
      119 0.000084   0.011545
      832 0.000083   0.011341
       40 0.000083  -0.011327
      843 0.000082  -0.011251
       26 0.000082   0.011246
      319 0.000082   0.011218
      264 0.000082   0.011209
      701 0.000082  -0.011205
       28 0.000082  -0.011199
       19 0.000081   0.011133
      221 0.000081  -0.011080
      374 0.000081   0.011042
      584 0.000080  -0.011005
      178 0.000080   0.011005
      333 0.000080   0.010966
      293 0.000079  -0.010857
      425 0.000079   0.010792
      357 0.000079  -0.010770
      773 0.000078   0.010697
      313 0.000078  -0.010659
      677 0.000078   0.010657
      191 0.000077  -0.010580
       42 0.000077  -0.010573
      192 0.000077   0.010518
      588 0.000076   0.010437
       35 0.000076   0.010430
       30 0.000076   0.010349
      215 0.000075   0.010320
      285 0.000075  -0.010312
      770 0.000075   0.010259
      235 0.000075  -0.010241
      662 0.000074  -0.010081
       32 0.000073   0.010014
     1005 0.000073   0.010009
      694 0.000073  -0.010003
       66 0.000073   0.009984
      382 0.000073  -0.009954
       49 0.000073  -0.009926
      922 0.000072  -0.009918
      697 0.000072   0.009908
      769 0.000072  -0.009894
      312 0.000072  -0.009849
      632 0.000072   0.009804
      913 0.000071  -0.009737
      748 0.000070  -0.009646
      217 0.000070  -0.009611
      226 0.000070   0.009586
      736 0.000070  -0.009555
      589 0.000069  -0.009505
      409 0.000069  -0.009453
       79 0.000069   0.009452
       77 0.000069  -0.009451
      775 0.000069  -0.009412
       21 0.000069   0.009380
      826 0.000068  -0.009372
      776 0.000068  -0.009368
      131 0.000068  -0.009366
      297 0.000068  -0.009332
       37 0.000068   0.009323
      728 0.000067  -0.009211
       23 0.000065   0.008915
      795 0.000065   0.008861
      789 0.000063   0.008633
       24 0.000062  -0.008548
       20 0.000062  -0.008449
      240 0.000061   0.008399
      838 0.000061   0.008372
       82 0.000061  -0.008296
      366 0.000061   0.008286
      142 0.000060  -0.008256
      978 0.000060   0.008242
      360 0.000060   0.008226
       44 0.000060   0.008169
      116 0.000059  -0.008133
       17 0.000059  -0.008076
      782 0.000059  -0.008025
      225 0.000058   0.007977
      539 0.000058   0.007923
      136 0.000058  -0.007913
      765 0.000057   0.007787
      937 0.000056  -0.007724
      413 0.000056   0.007677
      540 0.000056  -0.007633
       56 0.000056  -0.007615
      272 0.000055   0.007555
       25 0.000055  -0.007549
       15 0.000055   0.007519
      542 0.000055   0.007509
      112 0.000055  -0.007502
      744 0.000055  -0.007499
      592 0.000055  -0.007495
      238 0.000055  -0.007483
       96 0.000055  -0.007463
      830 0.000054   0.007454
      177 0.000054  -0.007453
      895 0.000054   0.007334
      123 0.000053  -0.007273
      867 0.000053   0.007259
      322 0.000053  -0.007240
       94 0.000053   0.007239
       50 0.000052   0.007171
      109 0.000052   0.007150
      169 0.000052  -0.007098
      196 0.000052  -0.007097
      664 0.000051  -0.007040
      265 0.000051   0.007013
      105 0.000051   0.006963
      232 0.000051   0.006940
      675 0.000051   0.006925
       62 0.000051   0.006923
      987 0.000050   0.006795
      279 0.000049   0.006777
      117 0.000049  -0.006764
      642 0.000049  -0.006762
      839 0.000049  -0.006739
       16 0.000049  -0.006733
      448 0.000049   0.006707
      128 0.000049   0.006683
      864 0.000049   0.006680
      722 0.000049  -0.006679
      904 0.000049   0.006668
      347 0.000049   0.006662
      274 0.000048  -0.006559
       11 0.000048   0.006541
       22 0.000048   0.006537
      195 0.000048  -0.006537
      213 0.000048  -0.006531
      130 0.000048   0.006523
      823 0.000047   0.006484
       84 0.000047  -0.006449
      928 0.000047  -0.006441
      115 0.000047  -0.006433
      292 0.000047  -0.006429
      270 0.000047  -0.006402
      793 0.000047  -0.006402
      229 0.000047  -0.006381
      965 0.000046  -0.006339
      172 0.000046  -0.006246
      121 0.000045   0.006204
      310 0.000045  -0.006192
       92 0.000045  -0.006191
      259 0.000045  -0.006164
      197 0.000045   0.006131
       12 0.000045  -0.006109
      616 0.000044   0.006054
      242 0.000044  -0.006050
      528 0.000044   0.006033
       43 0.000044  -0.006016
      224 0.000044  -0.005966
      113 0.000043   0.005935
      405 0.000043  -0.005901
      993 0.000043   0.005889
      881 0.000043  -0.005869
      284 0.000043  -0.005864
      858 0.000043  -0.005831
      152 0.000043   0.005822
      190 0.000042  -0.005815
      289 0.000042   0.005740
      102 0.000042  -0.005725
      144 0.000042  -0.005709
      821 0.000042  -0.005692
      141 0.000041   0.005681
      146 0.000041   0.005679
      331 0.000041  -0.005647
       85 0.000041  -0.005631
      145 0.000041  -0.005609
     1001 0.000041  -0.005592
      111 0.000041   0.005587
      646 0.000040   0.005499
       88 0.000040   0.005498
      354 0.000040   0.005478
      530 0.000040   0.005478
      779 0.000040   0.005468
      653 0.000040   0.005444
      100 0.000039   0.005397
      223 0.000039   0.005370
      268 0.000039  -0.005355
      831 0.000039   0.005339
      282 0.000039   0.005316
      329 0.000039   0.005285
      129 0.000039  -0.005283
      742 0.000039  -0.005278
      180 0.000038  -0.005266
      837 0.000038   0.005262
      103 0.000038   0.005244
      133 0.000038   0.005210
      778 0.000038  -0.005205
       89 0.000038  -0.005196
     1025 0.000038   0.005179
      134 0.000038   0.005170
       48 0.000037  -0.005134
       18 0.000037  -0.005097
      193 0.000037  -0.005091
      432 0.000037   0.005067
      650 0.000037  -0.005032
      681 0.000036   0.004975
      894 0.000036  -0.004943
      610 0.000036  -0.004916
      591 0.000036  -0.004915
      900 0.000036  -0.004906
       86 0.000036  -0.004906
      870 0.000035  -0.004829
       98 0.000035  -0.004819
      139 0.000034  -0.004695
      445 0.000034  -0.004692
       41 0.000034   0.004670
      950 0.000034  -0.004667
      933 0.000034   0.004602
      874 0.000033  -0.004556
      518 0.000033   0.004462
      104 0.000032  -0.004442
      151 0.000032   0.004441
      424 0.000032  -0.004424
      948 0.000032   0.004423
      942 0.000032   0.004414
      395 0.000032  -0.004394
       58 0.000032   0.004387
       80 0.000032   0.004361
      713 0.000032   0.004358
      647 0.000032  -0.004349
      314 0.000032   0.004344
     1017 0.000032   0.004329
      505 0.000031   0.004287
      449 0.000031  -0.004257
      125 0.000031   0.004235
      323 0.000031  -0.004227
      286 0.000031   0.004214
      368 0.000031   0.004212
      538 0.000031   0.004184
      535 0.000030   0.004171
      150 0.000030  -0.004154
     1032 0.000030   0.004127
      273 0.000030  -0.004125
      410 0.000030  -0.004089
      560 0.000030  -0.004056
      673 0.000029   0.004036
       78 0.000029  -0.004035
      693 0.000029  -0.003996
      298 0.000029  -0.003978
      188 0.000029  -0.003969
       36 0.000029   0.003939
      502 0.000029   0.003926
      384 0.000029  -0.003923
      695 0.000028   0.003861
      568 0.000028  -0.003852
      814 0.000028   0.003851
      917 0.000028   0.003822
      147 0.000028   0.003821
      375 0.000028   0.003785
      316 0.000027   0.003734
       33 0.000027  -0.003732
      633 0.000027   0.003717
       83 0.000027  -0.003688
      185 0.000027   0.003667
      671 0.000026   0.003627
      489 0.000026   0.003614
      342 0.000026   0.003606
      283 0.000026  -0.003544
       81 0.000026  -0.003540
      519 0.000026   0.003538
      248 0.000026   0.003521
      269 0.000026  -0.003503
      365 0.000026  -0.003495
      590 0.000025  -0.003484
       97 0.000025  -0.003459
      491 0.000025   0.003456
      903 0.000025  -0.003398
      860 0.000025  -0.003392
      106 0.000025   0.003387
      887 0.000025  -0.003356
      876 0.000024   0.003344
      399 0.000024   0.003343
      201 0.000024   0.003315
      943 0.000024   0.003297
      614 0.000024   0.003295
      875 0.000024   0.003262
      712 0.000024  -0.003255
      868 0.000024  -0.003219
      532 0.000023   0.003196
      159 0.000023  -0.003177
      648 0.000023   0.003140
      356 0.000023  -0.003138
      849 0.000023  -0.003130
      475 0.000023  -0.003127
      880 0.000023   0.003097
      326 0.000023  -0.003087
      114 0.000022   0.003076
      162 0.000022   0.003013
      764 0.000022   0.002994
      524 0.000022  -0.002967
      200 0.000022  -0.002960
      420 0.000022   0.002959
      455 0.000021  -0.002943
      330 0.000021   0.002927
      167 0.000021  -0.002922
      644 0.000021   0.002918
      488 0.000021   0.002906
      155 0.000021  -0.002895
      202 0.000021   0.002848
       75 0.000021   0.002814
     1052 0.000021   0.002807
      649 0.000020   0.002788
      536 0.000020  -0.002786
       51 0.000020   0.002784
       54 0.000020   0.002781
      385 0.000020   0.002771
       27 0.000020   0.002761
      126 0.000020   0.002745
      317 0.000020  -0.002725
      324 0.000020  -0.002710
       45 0.000020   0.002710
      637 0.000020  -0.002706
      458 0.000020   0.002706
      724 0.000020  -0.002678
      902 0.000019  -0.002660
      396 0.000019   0.002634
      534 0.000019  -0.002623
     1034 0.000019  -0.002605
      714 0.000019  -0.002595
      938 0.000019   0.002565
      884 0.000019  -0.002552
      118 0.000018   0.002521
      394 0.000018   0.002520
      627 0.000018   0.002519
      755 0.000018  -0.002505
      661 0.000018   0.002487
      352 0.000018  -0.002479
      760 0.000018   0.002456
      437 0.000018   0.002452
      512 0.000018  -0.002437
      888 0.000018  -0.002437
       31 0.000018   0.002437
      727 0.000017  -0.002395
       29 0.000017  -0.002372
      304 0.000017   0.002371
      173 0.000017   0.002351
      462 0.000017   0.002315
      619 0.000017   0.002297
      278 0.000017  -0.002285
      207 0.000016  -0.002254
      984 0.000016   0.002237
      154 0.000016  -0.002200
      959 0.000016   0.002179
      463 0.000016  -0.002160
      609 0.000016   0.002148
      124 0.000016  -0.002132
      110 0.000016   0.002125
      550 0.000015  -0.002103
      796 0.000015   0.002095
      510 0.000015  -0.002095
      691 0.000015  -0.002085
       72 0.000015   0.002075
      434 0.000015   0.002070
      211 0.000015   0.002050
      450 0.000015  -0.002027
      899 0.000015  -0.002015
      483 0.000015  -0.002012
      208 0.000015   0.002010
       61 0.000014  -0.001982
      478 0.000014   0.001977
      949 0.000014   0.001965
      305 0.000014   0.001950
      363 0.000014  -0.001943
      883 0.000014   0.001939
      371 0.000014  -0.001926
      705 0.000014   0.001915
      852 0.000014   0.001907
      964 0.000014   0.001903
      966 0.000014   0.001897
       38 0.000014  -0.001892
      327 0.000014   0.001867
     1047 0.000014   0.001860
      598 0.000014  -0.001850
      378 0.000013  -0.001847
      379 0.000013  -0.001841
      656 0.000013   0.001831
       90 0.000013   0.001828
      358 0.000013   0.001816
      219 0.000013   0.001800
      168 0.000013  -0.001765
      418 0.000013  -0.001761
      263 0.000013  -0.001761
      682 0.000013  -0.001742
      543 0.000013  -0.001741
      127 0.000013  -0.001740
      792 0.000013   0.001732
     1074 0.000013   0.001722
      835 0.000013  -0.001716
      856 0.000012   0.001700
      315 0.000012   0.001699
      816 0.000012   0.001688
      158 0.000012  -0.001684
      842 0.000012  -0.001680
      345 0.000012  -0.001665
      231 0.000012  -0.001660
      527 0.000012   0.001644
      246 0.000012  -0.001638
      321 0.000012   0.001634
      288 0.000012   0.001628
      643 0.000012  -0.001609
      526 0.000012   0.001598
      351 0.000012   0.001596
      473 0.000012  -0.001596
      391 0.000012  -0.001585
      685 0.000012  -0.001578
      752 0.000011   0.001568
      809 0.000011  -0.001568
      548 0.000011  -0.001520
      108 0.000011  -0.001519
      157 0.000011   0.001504
      651 0.000011  -0.001504
      370 0.000011  -0.001502
      387 0.000011   0.001469
      563 0.000011   0.001460
      732 0.000011   0.001460
      338 0.000011  -0.001454
      340 0.000011   0.001452
      454 0.000011  -0.001442
      676 0.000011   0.001438
      927 0.000010  -0.001419
      408 0.000010  -0.001406
      514 0.000010   0.001397
      767 0.000010   0.001389
euclid. distance of OLC and linear combination of EV * x_coef: 0.011261637652864896

Generate samples based on objective loadcase 726
nr_to_generate: 25

Parameter variation distribution settings
distribution: uniform
low: 0.7
high: 1.3

Total process runtime: 0:00:01.410841
