Date and Time:2023-05-12 14:06:36.804693

Initial Settings:
similarity_model: <function cosine_similarity at 0x000001D005A6E5E0>
similarity_threshold: 1e-05
nr_eigv_to_select: None
distribution: uniform
deviation: 0.3
nr_to_generate: 25
recompute: False

Selected eigenvectors and similarity score w.r.t objective loadcase:
objective_loadcase_nr: 36
similarity_model: cosine_similarity
similarity_threshold: 1e-05
nr_eigv_to_select: None
nr_eigv_selected: 465
approximation parameter model: lstsq
similarity score and approx. param. value
:  eigv_idx    score      value
        3 0.571147  51.796051
        1 0.526641  47.759858
        2 0.509407 -46.196928
        0 0.367032  33.285320
        6 0.036739   3.331783
       39 0.025824   2.341890
        4 0.011988   1.087154
      639 0.003505   0.317880
      218 0.002282  -0.206986
      593 0.002115  -0.191779
      186 0.002103  -0.190710
      612 0.001999  -0.181278
      586 0.001967   0.178373
      710 0.001600  -0.145059
      187 0.001384  -0.125482
      716 0.001369   0.124173
      595 0.001279   0.115961
      663 0.001195  -0.108394
      618 0.001143   0.103696
      668 0.001122   0.101748
      626 0.001071   0.097103
      686 0.000951  -0.086234
       68 0.000947  -0.085840
      194 0.000941   0.085313
      388 0.000920  -0.083391
      143 0.000863   0.078257
      659 0.000835  -0.075720
      688 0.000802  -0.072720
      617 0.000801   0.072670
      599 0.000784   0.071101
      562 0.000739  -0.066979
      582 0.000736  -0.066721
      621 0.000731  -0.066327
      749 0.000730  -0.066161
      670 0.000725   0.065792
      635 0.000723   0.065603
      183 0.000671   0.060849
      704 0.000659  -0.059776
      578 0.000654   0.059339
       69 0.000620   0.056240
      733 0.000606   0.054924
      341 0.000604   0.054812
      718 0.000586  -0.053159
       71 0.000582   0.052787
      567 0.000553  -0.050129
      698 0.000550  -0.049865
      606 0.000547  -0.049617
      579 0.000538   0.048784
      577 0.000535  -0.048516
      602 0.000531  -0.048153
      253 0.000498  -0.045201
      708 0.000495   0.044915
      666 0.000470  -0.042647
      153 0.000466   0.042289
      267 0.000461  -0.041789
      700 0.000457   0.041428
      735 0.000446  -0.040430
      683 0.000444   0.040225
      220 0.000442  -0.040054
      696 0.000441  -0.039974
      174 0.000438   0.039761
      575 0.000436   0.039533
      620 0.000428  -0.038833
      182 0.000418  -0.037904
      709 0.000410  -0.037185
      641 0.000401  -0.036355
      707 0.000394  -0.035770
      258 0.000393  -0.035623
      601 0.000388   0.035144
      699 0.000379  -0.034333
      753 0.000372  -0.033732
      210 0.000360  -0.032658
      583 0.000360  -0.032625
      848 0.000359  -0.032590
      184 0.000353  -0.032015
      412 0.000345  -0.031243
      230 0.000342  -0.031013
      807 0.000329   0.029816
      419 0.000323  -0.029259
      403 0.000307   0.027821
      756 0.000300  -0.027236
      383 0.000300   0.027166
      793 0.000299  -0.027155
      227 0.000297   0.026976
      587 0.000297   0.026934
      273 0.000297  -0.026893
      631 0.000294  -0.026675
      362 0.000291  -0.026382
      204 0.000271   0.024580
      570 0.000269  -0.024421
      243 0.000267   0.024207
      269 0.000265  -0.024022
      757 0.000257  -0.023329
      853 0.000251  -0.022733
      137 0.000237  -0.021529
      239 0.000235   0.021269
      235 0.000234  -0.021189
      299 0.000230   0.020861
      377 0.000221  -0.020061
      263 0.000221  -0.020045
      199 0.000220  -0.019966
      741 0.000220   0.019922
      726 0.000214  -0.019364
      228 0.000212  -0.019228
      604 0.000210  -0.019060
      739 0.000209  -0.018981
      361 0.000203   0.018427
      564 0.000201  -0.018230
      301 0.000200  -0.018093
      576 0.000197  -0.017885
      580 0.000197  -0.017836
      427 0.000195  -0.017677
      206 0.000195   0.017668
      743 0.000192  -0.017371
      763 0.000190   0.017276
      800 0.000190  -0.017214
      549 0.000188  -0.017086
      658 0.000186   0.016862
      750 0.000185   0.016777
      400 0.000185  -0.016747
      179 0.000184   0.016689
      247 0.000184   0.016678
      132 0.000184   0.016664
      855 0.000180  -0.016319
      369 0.000178   0.016113
       70 0.000177   0.016047
      175 0.000175  -0.015874
      784 0.000174  -0.015775
      373 0.000174  -0.015770
      818 0.000172  -0.015558
      312 0.000171  -0.015544
      828 0.000171  -0.015488
      392 0.000170   0.015390
      795 0.000169   0.015331
      742 0.000168  -0.015266
      665 0.000168  -0.015253
      223 0.000167   0.015153
      941 0.000166  -0.015033
      787 0.000165   0.014969
      667 0.000165   0.014963
      820 0.000165  -0.014923
      553 0.000164  -0.014877
      574 0.000163  -0.014799
      585 0.000163  -0.014768
      591 0.000163   0.014744
      857 0.000162  -0.014711
      759 0.000161  -0.014580
      171 0.000160  -0.014551
      628 0.000157   0.014208
      711 0.000154   0.013982
      824 0.000148   0.013444
      255 0.000146  -0.013285
      778 0.000146  -0.013284
      605 0.000143  -0.012952
      337 0.000142  -0.012850
      616 0.000141  -0.012826
      557 0.000141  -0.012814
      275 0.000140  -0.012720
      815 0.000139  -0.012612
      808 0.000138   0.012543
      687 0.000136   0.012363
      332 0.000134  -0.012145
      277 0.000134   0.012142
      736 0.000130  -0.011818
      356 0.000129  -0.011719
      398 0.000128  -0.011649
      790 0.000127   0.011536
      217 0.000127  -0.011512
      380 0.000126   0.011417
      290 0.000125   0.011377
      423 0.000125  -0.011370
      859 0.000125   0.011350
      271 0.000125   0.011339
      431 0.000124  -0.011284
      829 0.000124   0.011204
      354 0.000124   0.011203
      775 0.000123   0.011183
      697 0.000123   0.011181
      573 0.000120   0.010890
      257 0.000119  -0.010762
      295 0.000117  -0.010605
      279 0.000114  -0.010381
      566 0.000114   0.010370
      690 0.000113   0.010278
      908 0.000113  -0.010275
      294 0.000113  -0.010263
      645 0.000113   0.010209
      298 0.000110  -0.009951
      799 0.000109  -0.009928
      638 0.000109  -0.009917
      353 0.000108  -0.009760
      569 0.000106   0.009627
      241 0.000104   0.009434
      355 0.000103   0.009369
      600 0.000102  -0.009245
      251 0.000102  -0.009220
      974 0.000101   0.009191
      329 0.000099  -0.008938
       88 0.000098  -0.008896
      234 0.000098   0.008846
      436 0.000097   0.008833
      770 0.000096   0.008704
      840 0.000095  -0.008641
      201 0.000095  -0.008607
      629 0.000094  -0.008559
      847 0.000094   0.008555
      744 0.000093  -0.008450
      684 0.000092  -0.008318
      611 0.000092  -0.008303
      581 0.000091  -0.008259
      728 0.000089  -0.008112
      844 0.000088  -0.008015
      266 0.000087  -0.007871
      734 0.000087  -0.007851
       93 0.000085  -0.007687
      594 0.000084  -0.007583
      782 0.000084  -0.007580
      292 0.000083  -0.007529
      769 0.000083   0.007506
      937 0.000082  -0.007425
      882 0.000081   0.007377
      281 0.000080   0.007280
      584 0.000079  -0.007207
      723 0.000079  -0.007196
      948 0.000079   0.007177
      261 0.000079  -0.007151
      367 0.000078   0.007083
      561 0.000077   0.007016
      596 0.000077  -0.006981
      321 0.000077  -0.006951
      560 0.000076  -0.006889
      325 0.000076  -0.006848
      268 0.000075  -0.006839
      978 0.000074   0.006735
     1095 0.000074  -0.006706
      572 0.000074  -0.006684
      864 0.000073   0.006662
      722 0.000073  -0.006642
      107 0.000072  -0.006531
      632 0.000071   0.006470
      262 0.000071  -0.006401
      694 0.000070   0.006387
      104 0.000070   0.006378
      843 0.000070  -0.006315
      614 0.000069   0.006287
      302 0.000069  -0.006266
      860 0.000069  -0.006224
      654 0.000068   0.006143
      773 0.000067   0.006109
      254 0.000067   0.006085
      161 0.000067   0.006077
      291 0.000067   0.006059
      319 0.000066   0.006030
     1005 0.000066   0.006020
      943 0.000065   0.005928
      913 0.000064  -0.005814
      308 0.000064  -0.005802
      792 0.000064   0.005777
      289 0.000063   0.005752
      627 0.000062   0.005625
      539 0.000060   0.005485
      701 0.000060  -0.005422
      425 0.000060   0.005397
      343 0.000059  -0.005395
      826 0.000059  -0.005368
      428 0.000059   0.005319
      590 0.000058  -0.005305
      545 0.000058  -0.005266
      895 0.000058   0.005247
      552 0.000058  -0.005237
      831 0.000057   0.005155
      955 0.000057   0.005139
      748 0.000057  -0.005131
      342 0.000056   0.005105
      285 0.000056   0.005035
      922 0.000055  -0.004980
      823 0.000055   0.004958
      414 0.000055   0.004943
      283 0.000054   0.004940
      386 0.000054   0.004879
      765 0.000054   0.004873
      236 0.000054   0.004863
      832 0.000052   0.004744
      528 0.000052   0.004743
      323 0.000051  -0.004636
      884 0.000051  -0.004626
      880 0.000051   0.004602
      589 0.000051  -0.004591
      870 0.000050  -0.004568
      322 0.000050  -0.004527
      821 0.000049  -0.004474
      374 0.000049   0.004473
      650 0.000049  -0.004454
      390 0.000049   0.004446
      315 0.000048   0.004396
      394 0.000048   0.004362
      879 0.000047  -0.004299
      535 0.000047   0.004236
      138 0.000046  -0.004159
      148 0.000044   0.004034
      169 0.000044  -0.004016
      762 0.000044  -0.003966
       91 0.000043  -0.003873
      313 0.000041  -0.003720
      789 0.000040   0.003650
      881 0.000040  -0.003588
      894 0.000039  -0.003569
      801 0.000039  -0.003511
      874 0.000039  -0.003496
      244 0.000037  -0.003392
      597 0.000037  -0.003362
      780 0.000037   0.003343
      198 0.000037  -0.003323
      842 0.000036  -0.003288
      491 0.000036   0.003275
      518 0.000036   0.003259
      413 0.000036  -0.003239
      776 0.000034  -0.003095
      540 0.000034  -0.003068
      318 0.000033  -0.003024
      532 0.000033   0.003019
      942 0.000033   0.003012
      891 0.000033  -0.002981
      542 0.000033   0.002970
      935 0.000033  -0.002964
      488 0.000033   0.002956
      407 0.000032  -0.002943
      950 0.000032  -0.002923
      286 0.000032   0.002914
      640 0.000032  -0.002892
      928 0.000031  -0.002852
      933 0.000031   0.002796
      409 0.000031  -0.002787
      297 0.000031  -0.002786
      448 0.000030   0.002763
      904 0.000030   0.002741
      410 0.000030  -0.002697
      636 0.000029  -0.002664
      987 0.000029   0.002661
      445 0.000029  -0.002646
      310 0.000029  -0.002614
      649 0.000028  -0.002583
      475 0.000028  -0.002575
      131 0.000028   0.002553
      222 0.000028  -0.002549
      524 0.000028  -0.002525
      794 0.000028   0.002508
     1073 0.000027  -0.002483
      727 0.000027  -0.002478
      957 0.000027   0.002460
      232 0.000027  -0.002451
     1032 0.000027   0.002427
      278 0.000027   0.002424
      830 0.000027   0.002415
     1001 0.000026  -0.002393
      803 0.000026   0.002378
      530 0.000025   0.002240
      971 0.000025  -0.002238
      988 0.000025  -0.002227
      608 0.000025  -0.002224
     1034 0.000025  -0.002223
      424 0.000024  -0.002211
      526 0.000024   0.002185
      835 0.000024  -0.002182
      646 0.000024   0.002176
      284 0.000024   0.002173
      685 0.000023  -0.002099
      226 0.000023  -0.002084
      838 0.000023  -0.002071
      833 0.000023  -0.002071
      964 0.000023   0.002069
      811 0.000023   0.002058
      740 0.000023  -0.002057
      588 0.000023   0.002048
      677 0.000023   0.002046
      856 0.000023   0.002044
      921 0.000023  -0.002043
      225 0.000022  -0.002032
      841 0.000022   0.002005
     1025 0.000022   0.001951
      643 0.000021  -0.001925
      802 0.000021   0.001893
      397 0.000021  -0.001890
      366 0.000021   0.001878
     1010 0.000021   0.001874
     1096 0.000021   0.001874
      938 0.000021   0.001867
      364 0.000020   0.001851
      240 0.000020   0.001845
      479 0.000020   0.001841
      346 0.000020   0.001789
      514 0.000020   0.001780
      209 0.000019  -0.001750
      863 0.000019  -0.001738
      237 0.000019  -0.001716
      805 0.000019  -0.001711
      927 0.000019  -0.001692
      359 0.000019  -0.001684
     1017 0.000018   0.001677
      680 0.000018   0.001668
      809 0.000018   0.001644
      455 0.000018  -0.001639
      536 0.000018  -0.001631
      437 0.000018   0.001622
      463 0.000018  -0.001603
      519 0.000018   0.001603
      333 0.000018  -0.001597
      432 0.000017   0.001587
      502 0.000017   0.001582
      810 0.000017   0.001570
      714 0.000017  -0.001566
      993 0.000017   0.001558
      858 0.000017  -0.001550
      983 0.000017   0.001536
      977 0.000017   0.001528
      324 0.000017  -0.001501
      934 0.000017  -0.001500
      814 0.000016   0.001493
      512 0.000016  -0.001492
      949 0.000016   0.001462
      867 0.000016   0.001407
      907 0.000015   0.001396
      917 0.000015   0.001391
      852 0.000015   0.001384
      965 0.000015  -0.001377
      662 0.000015  -0.001358
      489 0.000015   0.001351
      732 0.000015   0.001320
      458 0.000015   0.001319
       98 0.000014  -0.001307
      791 0.000014   0.001299
     1009 0.000014  -0.001288
      900 0.000014  -0.001251
     1052 0.000014   0.001239
      505 0.000014   0.001230
      916 0.000013  -0.001222
      450 0.000013  -0.001216
      249 0.000013  -0.001210
      713 0.000013   0.001205
      779 0.000013  -0.001201
      245 0.000013  -0.001198
      252 0.000013   0.001136
      959 0.000012  -0.001132
      669 0.000012   0.001082
      816 0.000012   0.001067
      360 0.000012  -0.001065
      357 0.000012   0.001055
      592 0.000011   0.001024
      681 0.000011  -0.001024
      350 0.000011  -0.001021
      478 0.000011   0.001010
      702 0.000011  -0.001010
     1003 0.000011  -0.000993
      804 0.000011  -0.000992
      483 0.000011  -0.000986
      487 0.000011  -0.000980
     1016 0.000011  -0.000960
      764 0.000011  -0.000959
     1061 0.000011  -0.000956
      609 0.000010  -0.000945
      634 0.000010  -0.000936
      461 0.000010   0.000933
      868 0.000010   0.000932
      619 0.000010   0.000920
      250 0.000010  -0.000913
euclid. distance of OLC and linear combination of EV * x_coef: 0.007352593908903045

Generate samples based on objective loadcase 36
nr_to_generate: 25

Parameter variation distribution settings
distribution: uniform
low: 0.7
high: 1.3

Total process runtime: 0:00:01.310304
