Date and Time:2023-05-12 14:13:03.864882

Initial Settings:
similarity_model: <function cosine_similarity at 0x000001D005A6E5E0>
similarity_threshold: 1e-05
nr_eigv_to_select: None
distribution: uniform
deviation: 0.3
nr_to_generate: 25
recompute: False

Selected eigenvectors and similarity score w.r.t objective loadcase:
objective_loadcase_nr: 327
similarity_model: cosine_similarity
similarity_threshold: 1e-05
nr_eigv_to_select: None
nr_eigv_selected: 467
approximation parameter model: lstsq
similarity score and approx. param. value
:  eigv_idx    score      value
        1 0.553280  70.048286
        3 0.535985  67.858715
        2 0.495345 -62.713460
        0 0.396824  50.240141
        6 0.056978   7.213780
       39 0.018012   2.280462
        4 0.010299   1.303959
      639 0.003887   0.492067
       68 0.002814  -0.356257
      186 0.002393  -0.302939
      612 0.002155  -0.272857
      593 0.002123  -0.268765
      586 0.001944   0.246074
      218 0.001671  -0.211599
      716 0.001665   0.210859
      187 0.001572  -0.199058
      710 0.001518  -0.192181
      663 0.001517  -0.192066
      618 0.001511   0.191265
      668 0.001392   0.176265
      595 0.001229   0.155551
      194 0.001104   0.139818
      659 0.001052  -0.133249
      182 0.001006  -0.127383
      617 0.000960   0.121534
      686 0.000944  -0.119468
      388 0.000932  -0.117945
      626 0.000912   0.115416
      143 0.000897   0.113556
      599 0.000839   0.106203
      688 0.000808  -0.102301
      635 0.000792   0.100310
      562 0.000788  -0.099820
      700 0.000784   0.099311
      670 0.000773   0.097906
      582 0.000773  -0.097819
      184 0.000751  -0.095069
      183 0.000728   0.092155
      578 0.000723   0.091571
      579 0.000714   0.090382
      683 0.000712   0.090174
      621 0.000689  -0.087232
      698 0.000668  -0.084606
      733 0.000662   0.083768
       71 0.000652  -0.082554
      749 0.000591  -0.074809
      341 0.000578   0.073148
      666 0.000577  -0.073002
      718 0.000571  -0.072335
      704 0.000549  -0.069449
      253 0.000543  -0.068690
      602 0.000538  -0.068145
      228 0.000495  -0.062732
      708 0.000483   0.061128
       69 0.000480  -0.060728
      567 0.000477  -0.060414
      606 0.000473  -0.059942
      174 0.000470   0.059490
       70 0.000467   0.059135
      153 0.000467   0.059081
      699 0.000463  -0.058571
      577 0.000451  -0.057123
      641 0.000441  -0.055840
      735 0.000418  -0.052863
      210 0.000413  -0.052243
      575 0.000411   0.052087
      179 0.000407   0.051562
      583 0.000405  -0.051274
      620 0.000404  -0.051175
      220 0.000392  -0.049582
      709 0.000390  -0.049321
      267 0.000372  -0.047096
      362 0.000360  -0.045556
      171 0.000358  -0.045361
      707 0.000347  -0.043943
      601 0.000342   0.043301
      204 0.000340   0.043048
      848 0.000337  -0.042640
      631 0.000334  -0.042252
      419 0.000323  -0.040888
      403 0.000322   0.040776
      137 0.000321  -0.040622
      807 0.000320   0.040507
      412 0.000318  -0.040241
      604 0.000311  -0.039315
      243 0.000296   0.037523
      756 0.000294  -0.037235
      757 0.000286  -0.036146
      383 0.000283   0.035790
      587 0.000282   0.035711
      199 0.000279  -0.035311
      696 0.000279  -0.035296
      576 0.000276  -0.034890
      628 0.000266   0.033683
      258 0.000263  -0.033296
      570 0.000262  -0.033181
      753 0.000258  -0.032610
      377 0.000245  -0.031028
      400 0.000243  -0.030789
      573 0.000240   0.030375
      254 0.000239   0.030312
      815 0.000235  -0.029702
      132 0.000231   0.029252
      580 0.000227  -0.028678
      658 0.000224   0.028417
      564 0.000222  -0.028125
      271 0.000218   0.027549
      665 0.000210  -0.026537
      787 0.000207   0.026244
      941 0.000205  -0.026017
      741 0.000203   0.025724
      853 0.000202  -0.025625
      273 0.000198  -0.025101
      739 0.000191  -0.024133
      161 0.000190   0.024003
      175 0.000189  -0.023983
      301 0.000187  -0.023645
      800 0.000187  -0.023630
      427 0.000186  -0.023571
      277 0.000185   0.023463
      828 0.000185  -0.023414
      148 0.000184   0.023341
      356 0.000184  -0.023326
      236 0.000184   0.023304
      667 0.000183   0.023207
      687 0.000181   0.022890
      793 0.000179  -0.022713
      557 0.000176  -0.022222
      255 0.000175  -0.022140
      585 0.000173  -0.021941
      369 0.000171   0.021693
      549 0.000170  -0.021503
      784 0.000166  -0.021003
      217 0.000166  -0.020991
      820 0.000166  -0.020982
      574 0.000165  -0.020862
      759 0.000161   0.020444
      299 0.000160   0.020278
      247 0.000160   0.020204
      743 0.000159  -0.020169
      640 0.000159  -0.020159
      380 0.000159   0.020157
      711 0.000159   0.020129
      361 0.000158   0.019994
      234 0.000157   0.019899
      566 0.000152   0.019220
      257 0.000147  -0.018660
      269 0.000147  -0.018611
      750 0.000147   0.018595
      373 0.000146  -0.018511
      295 0.000144  -0.018271
      398 0.000144  -0.018241
      353 0.000142  -0.018000
      857 0.000141  -0.017797
      605 0.000140  -0.017784
      690 0.000140   0.017687
       91 0.000138  -0.017413
      847 0.000136   0.017262
      235 0.000136  -0.017220
      790 0.000136   0.017220
      855 0.000135  -0.017142
      908 0.000134  -0.016955
      697 0.000133   0.016880
      798 0.000131   0.016566
      808 0.000130   0.016520
      645 0.000130   0.016469
      629 0.000129  -0.016324
      354 0.000128   0.016200
      974 0.000128   0.016159
      553 0.000128  -0.016148
      795 0.000126   0.015988
      423 0.000126  -0.015912
      436 0.000125   0.015878
      726 0.000124  -0.015709
      431 0.000124  -0.015666
      249 0.000123  -0.015574
      392 0.000123   0.015547
      294 0.000121  -0.015356
      581 0.000121  -0.015333
      638 0.000121  -0.015256
      736 0.000119  -0.015090
      107 0.000117  -0.014777
      818 0.000116  -0.014628
      882 0.000114   0.014433
      241 0.000114   0.014397
      312 0.000113  -0.014342
      740 0.000113  -0.014307
      840 0.000112  -0.014220
      266 0.000111  -0.014088
      355 0.000110   0.013952
      222 0.000110  -0.013898
      859 0.000109   0.013835
      742 0.000109  -0.013828
      230 0.000109  -0.013816
      600 0.000109  -0.013770
      281 0.000108   0.013636
      684 0.000107  -0.013581
      799 0.000106  -0.013375
      561 0.000105   0.013232
      275 0.000104  -0.013222
      308 0.000103  -0.013077
      844 0.000103  -0.013008
      584 0.000102  -0.012906
      263 0.000101  -0.012809
      832 0.000101   0.012785
      209 0.000101  -0.012737
      138 0.000100   0.012691
      591 0.000100   0.012637
      611 0.000099  -0.012471
      367 0.000098   0.012376
      292 0.000097  -0.012323
      261 0.000096  -0.012184
      594 0.000096  -0.012156
      262 0.000095  -0.012080
     1095 0.000095  -0.011971
      596 0.000094  -0.011920
      552 0.000094  -0.011871
      569 0.000092   0.011639
      778 0.000092  -0.011622
      762 0.000091   0.011506
      193 0.000091  -0.011468
      572 0.000089  -0.011308
      386 0.000089   0.011256
      723 0.000089  -0.011236
      803 0.000088   0.011172
      829 0.000087   0.011078
      302 0.000087  -0.011043
      824 0.000087   0.011033
      394 0.000087   0.010966
      206 0.000086   0.010945
      239 0.000086   0.010907
      291 0.000084   0.010659
      343 0.000084  -0.010637
      955 0.000084   0.010630
      616 0.000084  -0.010574
      734 0.000083  -0.010547
      632 0.000083   0.010487
      597 0.000082  -0.010339
      801 0.000081  -0.010291
      560 0.000079  -0.009977
      748 0.000078  -0.009921
      744 0.000078  -0.009816
      701 0.000077  -0.009779
      654 0.000077   0.009778
      428 0.000076   0.009679
     1005 0.000076   0.009626
      728 0.000075  -0.009506
      776 0.000075  -0.009434
      802 0.000074   0.009362
      937 0.000073  -0.009262
      913 0.000073  -0.009258
      374 0.000073   0.009188
      978 0.000072   0.009122
      414 0.000072   0.009096
      863 0.000072  -0.009095
      722 0.000071  -0.009044
      879 0.000071  -0.009008
      223 0.000070   0.008882
      922 0.000070  -0.008860
      614 0.000068   0.008671
      826 0.000068  -0.008610
      390 0.000068   0.008581
      891 0.000067  -0.008530
      268 0.000067  -0.008483
      545 0.000067  -0.008460
      279 0.000066  -0.008399
      251 0.000066  -0.008390
      425 0.000065   0.008189
      298 0.000065  -0.008181
      313 0.000064  -0.008147
      227 0.000064   0.008052
      539 0.000063   0.008001
      843 0.000062  -0.007907
      337 0.000062  -0.007856
      805 0.000061  -0.007677
      782 0.000058  -0.007357
      831 0.000058   0.007332
      895 0.000058   0.007323
      364 0.000056   0.007144
      325 0.000056  -0.007095
      332 0.000054  -0.006867
      948 0.000054   0.006851
      322 0.000054  -0.006820
      763 0.000054  -0.006781
      627 0.000053   0.006679
      528 0.000053   0.006666
      821 0.000052  -0.006564
      319 0.000051   0.006437
      789 0.000050   0.006336
      542 0.000049   0.006257
      858 0.000049  -0.006147
      867 0.000048   0.006018
      590 0.000047  -0.005966
      169 0.000047  -0.005941
      407 0.000047  -0.005922
      765 0.000047   0.005918
      289 0.000047   0.005910
      329 0.000046  -0.005841
      226 0.000046  -0.005812
      540 0.000045  -0.005731
      359 0.000045  -0.005666
      297 0.000045  -0.005657
      987 0.000044   0.005604
      397 0.000044  -0.005599
      870 0.000044  -0.005598
      603 0.000044  -0.005569
      225 0.000044  -0.005551
      928 0.000043  -0.005499
      535 0.000043   0.005449
      232 0.000043  -0.005437
      780 0.000041  -0.005239
      770 0.000041   0.005216
      881 0.000041  -0.005194
      860 0.000041  -0.005145
      409 0.000040  -0.005111
      323 0.000040  -0.005094
      792 0.000040   0.005050
      773 0.000039   0.004966
      864 0.000039   0.004963
      448 0.000039   0.004913
      650 0.000038  -0.004842
     1001 0.000038  -0.004824
      874 0.000038  -0.004770
      677 0.000037   0.004641
      588 0.000037   0.004628
      518 0.000036   0.004577
      589 0.000036  -0.004560
      491 0.000036   0.004555
      965 0.000036  -0.004513
      933 0.000035   0.004446
      993 0.000035   0.004391
     1025 0.000033   0.004228
      410 0.000033  -0.004221
      310 0.000033  -0.004207
      488 0.000033   0.004203
      532 0.000033   0.004190
      904 0.000033   0.004182
      636 0.000033  -0.004134
      530 0.000032   0.004106
      357 0.000032   0.004103
      950 0.000032  -0.004062
      315 0.000032   0.004041
      694 0.000032   0.003997
      224 0.000031  -0.003985
     1032 0.000031   0.003947
      823 0.000031   0.003945
      475 0.000031  -0.003917
      360 0.000030  -0.003763
      445 0.000029  -0.003704
      894 0.000029  -0.003692
      524 0.000029  -0.003668
      350 0.000028  -0.003598
      608 0.000028  -0.003535
     1017 0.000028   0.003529
      942 0.000028   0.003517
      842 0.000028  -0.003510
      643 0.000028  -0.003482
      290 0.000027   0.003466
      900 0.000027  -0.003463
      413 0.000027   0.003430
      814 0.000027   0.003369
      424 0.000027  -0.003361
      198 0.000026   0.003346
      649 0.000026  -0.003341
      880 0.000026   0.003280
      432 0.000026   0.003272
      342 0.000025   0.003219
      680 0.000025   0.003215
      216 0.000025  -0.003199
      104 0.000025   0.003198
      333 0.000025  -0.003160
      245 0.000025  -0.003150
      240 0.000025   0.003117
      917 0.000024   0.003007
     1034 0.000024  -0.002980
      938 0.000023   0.002893
      943 0.000022   0.002813
      519 0.000022   0.002810
      502 0.000022   0.002736
      131 0.000021  -0.002699
      685 0.000021  -0.002659
      455 0.000021  -0.002642
      536 0.000021  -0.002624
      479 0.000021   0.002613
      324 0.000021  -0.002609
      526 0.000021   0.002606
      714 0.000021  -0.002601
      949 0.000020   0.002520
      538 0.000020   0.002504
      286 0.000020   0.002477
      838 0.000019   0.002463
      346 0.000019   0.002445
      321 0.000019  -0.002436
      512 0.000019  -0.002423
      489 0.000019   0.002417
     1052 0.000019   0.002412
      463 0.000019  -0.002399
      237 0.000019  -0.002387
      201 0.000019  -0.002348
      884 0.000019  -0.002344
      514 0.000018   0.002323
      437 0.000018   0.002320
      214 0.000018   0.002285
      215 0.000018  -0.002281
      458 0.000018   0.002234
      347 0.000017  -0.002205
      505 0.000017   0.002198
      727 0.000017  -0.002177
      856 0.000017   0.002140
      592 0.000016  -0.002082
      732 0.000016   0.002052
      662 0.000016  -0.002004
      804 0.000016  -0.001993
      229 0.000016   0.001993
      907 0.000016   0.001992
      328 0.000015  -0.001958
      221 0.000015   0.001936
       88 0.000015  -0.001918
      868 0.000015  -0.001900
      794 0.000015   0.001885
      242 0.000015   0.001846
      450 0.000015  -0.001841
      248 0.000014  -0.001783
      816 0.000014   0.001757
      568 0.000014  -0.001725
      483 0.000014  -0.001721
       66 0.000014  -0.001712
      883 0.000013   0.001679
      363 0.000013   0.001677
      830 0.000013   0.001677
      244 0.000013  -0.001675
      285 0.000013  -0.001669
       74 0.000013  -0.001667
      713 0.000013   0.001644
      702 0.000013  -0.001634
      452 0.000013  -0.001621
      610 0.000013  -0.001619
      755 0.000013  -0.001611
      619 0.000013   0.001608
     1047 0.000013   0.001596
     1010 0.000012   0.001577
      775 0.000012   0.001563
      534 0.000012  -0.001532
      213 0.000012   0.001523
      462 0.000012   0.001510
       81 0.000012  -0.001504
      681 0.000012  -0.001484
      351 0.000012  -0.001481
      646 0.000012   0.001468
      634 0.000012  -0.001456
      903 0.000011  -0.001456
      420 0.000011   0.001446
      382 0.000011   0.001432
      260 0.000011  -0.001408
      334 0.000011   0.001407
       73 0.000011  -0.001392
      487 0.000011  -0.001391
      543 0.000011  -0.001384
      473 0.000011  -0.001380
      366 0.000011   0.001366
      927 0.000011  -0.001359
      335 0.000011  -0.001357
      669 0.000011   0.001334
       75 0.000010  -0.001319
      461 0.000010   0.001311
      478 0.000010   0.001301
      426 0.000010   0.001274
euclid. distance of OLC and linear combination of EV * x_coef: 0.011112714990950383

Generate samples based on objective loadcase 327
nr_to_generate: 25

Parameter variation distribution settings
distribution: uniform
low: 0.7
high: 1.3

Total process runtime: 0:00:01.214032
