Date and Time:2023-05-12 14:19:43.736141

Initial Settings:
similarity_model: <function cosine_similarity at 0x000001D005A6E5E0>
similarity_threshold: 1e-05
nr_eigv_to_select: None
distribution: uniform
deviation: 0.3
nr_to_generate: 25
recompute: False

Selected eigenvectors and similarity score w.r.t objective loadcase:
objective_loadcase_nr: 629
similarity_model: cosine_similarity
similarity_threshold: 1e-05
nr_eigv_to_select: None
nr_eigv_selected: 619
approximation parameter model: lstsq
similarity score and approx. param. value
:  eigv_idx    score      value
        1 0.560580  83.952701
        3 0.531878  79.654248
        2 0.485182 -72.661105
        0 0.404670  60.603510
        6 0.057328   8.585537
       39 0.015208   2.277595
        4 0.009835   1.472911
      639 0.003586   0.537072
       68 0.002646  -0.396232
      186 0.002378  -0.356103
      612 0.002006  -0.300347
      593 0.001909  -0.285869
      586 0.001752   0.262409
      716 0.001685   0.252317
      710 0.001571  -0.235240
      187 0.001565  -0.234402
      618 0.001559   0.233483
      663 0.001431  -0.214325
      668 0.001415   0.211922
      218 0.001320  -0.197671
      143 0.001257   0.188264
      182 0.001150  -0.172270
      595 0.001129   0.169111
      194 0.001074   0.160868
      659 0.001066  -0.159583
      617 0.000971   0.145487
      686 0.000955  -0.143079
      184 0.000862  -0.129053
      388 0.000851  -0.127428
      688 0.000834  -0.124953
      700 0.000793   0.118756
      635 0.000774   0.115907
      626 0.000773   0.115776
      599 0.000767   0.114871
      183 0.000748   0.112038
      562 0.000740  -0.110811
      749 0.000738  -0.110589
      579 0.000736   0.110154
      683 0.000721   0.108036
      228 0.000716  -0.107228
      582 0.000712  -0.106673
      578 0.000707   0.105859
      670 0.000681   0.101959
      621 0.000612  -0.091629
      666 0.000608  -0.091054
      698 0.000599  -0.089711
      733 0.000595   0.089176
      153 0.000536   0.080341
      341 0.000517   0.077403
      253 0.000509  -0.076300
      174 0.000500   0.074925
      137 0.000490  -0.073383
      735 0.000482  -0.072131
      708 0.000469   0.070240
      718 0.000466  -0.069736
      179 0.000458   0.068529
       70 0.000441   0.066110
      699 0.000430  -0.064402
      567 0.000414  -0.061941
      602 0.000413  -0.061786
      606 0.000409  -0.061318
      577 0.000399  -0.059769
      641 0.000397  -0.059390
      583 0.000391  -0.058554
      709 0.000390  -0.058350
      220 0.000390  -0.058345
      704 0.000386  -0.057844
      171 0.000383  -0.057378
      362 0.000371  -0.055599
      575 0.000346   0.051773
      757 0.000344  -0.051495
      756 0.000343  -0.051406
      631 0.000339  -0.050732
      620 0.000336  -0.050252
      243 0.000334   0.050079
      210 0.000333  -0.049879
       71 0.000333  -0.049800
      204 0.000323   0.048336
      604 0.000319  -0.047763
      601 0.000312   0.046723
      848 0.000300  -0.044976
      403 0.000300   0.044881
      576 0.000297  -0.044504
      419 0.000295  -0.044140
      628 0.000293   0.043834
      254 0.000292   0.043716
      199 0.000291  -0.043547
      741 0.000284   0.042582
      267 0.000282  -0.042296
      807 0.000281   0.042096
      412 0.000280  -0.041980
      132 0.000277   0.041411
      787 0.000275   0.041150
      707 0.000273  -0.040919
      383 0.000272   0.040703
      258 0.000255  -0.038219
      573 0.000253   0.037911
      400 0.000253  -0.037907
      271 0.000253   0.037866
      587 0.000248   0.037187
      739 0.000244  -0.036608
      815 0.000239  -0.035743
      759 0.000238   0.035589
      585 0.000236  -0.035318
      570 0.000233  -0.034906
      853 0.000230  -0.034371
       69 0.000229  -0.034292
      377 0.000227  -0.033968
      356 0.000223  -0.033458
      665 0.000222  -0.033184
      580 0.000208  -0.031166
      658 0.000207   0.031042
      236 0.000203   0.030455
      277 0.000201   0.030105
      234 0.000201   0.030050
      175 0.000199  -0.029785
      222 0.000198  -0.029691
      564 0.000196  -0.029318
      941 0.000195  -0.029193
      753 0.000193  -0.028921
      750 0.000190   0.028432
      148 0.000188   0.028085
      557 0.000184  -0.027504
      257 0.000181  -0.027146
      161 0.000176   0.026389
      667 0.000176   0.026364
      640 0.000176  -0.026363
      696 0.000172  -0.025689
      369 0.000171   0.025592
      828 0.000171  -0.025588
      711 0.000169   0.025334
      301 0.000168  -0.025192
      687 0.000167   0.025047
      427 0.000167  -0.025030
      380 0.000166   0.024828
      605 0.000166  -0.024820
      800 0.000164  -0.024604
      249 0.000163  -0.024480
      596 0.000163  -0.024467
      857 0.000161  -0.024121
      743 0.000158  -0.023666
      798 0.000157   0.023484
      209 0.000157  -0.023458
      790 0.000154   0.023040
      566 0.000152   0.022711
      255 0.000150  -0.022449
      847 0.000149   0.022347
      193 0.000149  -0.022324
      273 0.000147  -0.022026
      217 0.000147  -0.021945
      549 0.000145  -0.021743
      690 0.000144   0.021566
      299 0.000143   0.021475
      820 0.000143  -0.021467
      353 0.000143  -0.021376
      574 0.000142  -0.021340
      247 0.000139   0.020825
      398 0.000138  -0.020694
      262 0.000138  -0.020622
      295 0.000133  -0.019887
      740 0.000133  -0.019885
      784 0.000132  -0.019800
      801 0.000131  -0.019676
      241 0.000131   0.019656
      354 0.000128   0.019203
      436 0.000128   0.019133
      762 0.000127   0.018989
      697 0.000126   0.018884
      859 0.000125   0.018713
      908 0.000125  -0.018655
       91 0.000124  -0.018636
      294 0.000124  -0.018613
      138 0.000123   0.018420
      974 0.000122   0.018248
      726 0.000121  -0.018190
      818 0.000121  -0.018131
      588 0.000120   0.017977
      261 0.000119  -0.017819
      855 0.000117  -0.017495
      763 0.000117  -0.017479
      235 0.000115  -0.017236
      423 0.000115  -0.017208
      281 0.000115   0.017154
      808 0.000114   0.017061
      431 0.000113  -0.016897
      553 0.000112  -0.016787
      361 0.000112   0.016782
      882 0.000112   0.016767
      793 0.000112  -0.016717
      107 0.000111  -0.016665
      645 0.000110   0.016419
      594 0.000110  -0.016416
      373 0.000109  -0.016390
      308 0.000109  -0.016335
      266 0.000109  -0.016297
      803 0.000108   0.016103
      394 0.000107   0.016062
      840 0.000107  -0.016019
      829 0.000106   0.015842
      824 0.000106   0.015809
      581 0.000104  -0.015630
      269 0.000104  -0.015547
      832 0.000102   0.015216
      227 0.000101  -0.015090
      275 0.000101  -0.015087
      844 0.000099  -0.014809
      736 0.000099  -0.014769
      795 0.000098   0.014710
      386 0.000097   0.014579
      552 0.000097  -0.014555
      392 0.000097   0.014521
      629 0.000096  -0.014436
      572 0.000096  -0.014410
      701 0.000095  -0.014263
      611 0.000094  -0.014125
      799 0.000094  -0.014093
      364 0.000094   0.014090
      367 0.000093   0.013964
      343 0.000092  -0.013830
      597 0.000092  -0.013781
      684 0.000091  -0.013693
     1095 0.000091  -0.013636
      302 0.000090  -0.013464
      802 0.000089   0.013394
      742 0.000089  -0.013372
      313 0.000088  -0.013213
      561 0.000087   0.013065
      355 0.000086   0.012948
      584 0.000086  -0.012940
      268 0.000085  -0.012711
      734 0.000084  -0.012638
      728 0.000083  -0.012370
      955 0.000082   0.012217
      322 0.000081  -0.012104
      600 0.000081  -0.012091
      805 0.000080  -0.012042
      638 0.000080  -0.012031
      374 0.000080   0.012026
      263 0.000080  -0.011923
      312 0.000079  -0.011892
      776 0.000079  -0.011866
      428 0.000079   0.011815
      359 0.000078  -0.011712
      863 0.000077  -0.011588
      748 0.000077  -0.011555
      169 0.000077  -0.011555
      723 0.000077  -0.011481
      744 0.000076  -0.011438
      826 0.000076  -0.011355
      414 0.000075   0.011264
      291 0.000075   0.011240
      292 0.000074  -0.011077
      591 0.000074   0.011035
       64 0.000073  -0.010890
      632 0.000071   0.010702
      891 0.000071  -0.010655
     1005 0.000071   0.010645
      879 0.000070  -0.010497
      569 0.000070   0.010494
      843 0.000070  -0.010489
      298 0.000070  -0.010417
      780 0.000069  -0.010315
      160 0.000068  -0.010248
      913 0.000068  -0.010142
      922 0.000067  -0.010031
      545 0.000067  -0.010004
      978 0.000066   0.009948
      154 0.000066   0.009931
      560 0.000064  -0.009610
      198 0.000064   0.009600
      778 0.000064  -0.009572
       80 0.000064   0.009564
      590 0.000063  -0.009444
      279 0.000063  -0.009430
       63 0.000063   0.009429
      350 0.000063  -0.009425
      125 0.000063   0.009425
      937 0.000063  -0.009423
       66 0.000063  -0.009370
      770 0.000062   0.009305
      425 0.000062   0.009250
      789 0.000061   0.009116
      289 0.000061   0.009079
      286 0.000060   0.008981
      654 0.000060   0.008949
      773 0.000058   0.008666
      539 0.000057   0.008597
      136 0.000057   0.008520
      230 0.000057   0.008511
      123 0.000056  -0.008410
      139 0.000055   0.008308
      323 0.000054  -0.008040
       81 0.000054  -0.008031
       78 0.000053  -0.008001
      765 0.000053   0.007929
      870 0.000053  -0.007920
      407 0.000053  -0.007876
      858 0.000052  -0.007859
       76 0.000052  -0.007840
       95 0.000052   0.007792
      867 0.000052   0.007781
      616 0.000052  -0.007768
      357 0.000052   0.007740
      782 0.000052  -0.007735
       99 0.000052   0.007713
      895 0.000051   0.007572
      390 0.000050   0.007544
      614 0.000050   0.007512
      542 0.000050   0.007497
      105 0.000050  -0.007481
      110 0.000050  -0.007417
      112 0.000049   0.007409
      831 0.000049   0.007374
      224 0.000049  -0.007331
      226 0.000049  -0.007315
       75 0.000049   0.007306
      528 0.000048   0.007220
      874 0.000048  -0.007168
      864 0.000048   0.007125
      413 0.000047   0.007088
      128 0.000047   0.007053
      225 0.000047  -0.007032
      589 0.000047  -0.007027
       60 0.000047  -0.007001
      603 0.000047  -0.006966
      251 0.000046  -0.006935
      540 0.000046  -0.006904
      636 0.000046  -0.006855
      155 0.000046   0.006836
      948 0.000045   0.006769
      987 0.000045   0.006711
      821 0.000045  -0.006711
      109 0.000044  -0.006609
      722 0.000044  -0.006572
       94 0.000043   0.006512
      146 0.000043   0.006456
      272 0.000043  -0.006430
      904 0.000043   0.006410
      409 0.000042  -0.006355
      928 0.000042  -0.006335
      360 0.000041  -0.006113
      213 0.000041   0.006105
      894 0.000040  -0.006043
      694 0.000040   0.006031
      397 0.000040  -0.006017
       90 0.000040   0.006004
      288 0.000040   0.005957
      156 0.000040   0.005930
      239 0.000040   0.005917
      334 0.000039   0.005860
      448 0.000039   0.005825
      625 0.000039  -0.005808
     1001 0.000039  -0.005804
      535 0.000039   0.005799
      145 0.000038  -0.005762
      680 0.000038   0.005757
      881 0.000038  -0.005635
      993 0.000037   0.005527
      382 0.000037   0.005488
      293 0.000036  -0.005450
      319 0.000036   0.005438
       79 0.000036   0.005398
      880 0.000036   0.005372
      950 0.000035  -0.005268
      274 0.000035   0.005213
      104 0.000035   0.005197
      245 0.000034  -0.005162
      147 0.000034   0.005160
      965 0.000034  -0.005135
      101 0.000034   0.005127
      310 0.000034  -0.005125
      677 0.000034   0.005104
      200 0.000034  -0.005061
      942 0.000034   0.005045
      216 0.000034  -0.005023
      195 0.000033  -0.004994
      114 0.000033  -0.004989
      518 0.000033   0.004985
      491 0.000033   0.004982
     1025 0.000033   0.004970
      337 0.000033  -0.004950
      681 0.000033  -0.004934
      559 0.000033  -0.004929
      215 0.000033  -0.004904
      530 0.000033   0.004897
       82 0.000033  -0.004895
      264 0.000033   0.004884
      943 0.000032   0.004866
      933 0.000032   0.004833
       53 0.000032   0.004829
      769 0.000032  -0.004821
      860 0.000032  -0.004821
      304 0.000032   0.004795
       87 0.000032   0.004783
      335 0.000032  -0.004777
      232 0.000032  -0.004770
       52 0.000032  -0.004769
      488 0.000032   0.004760
      221 0.000032   0.004757
      410 0.000032  -0.004722
      214 0.000032   0.004719
      283 0.000032   0.004718
      532 0.000031   0.004676
       19 0.000031   0.004640
      142 0.000031   0.004612
      201 0.000031   0.004604
       84 0.000030  -0.004555
      287 0.000030  -0.004514
      330 0.000030  -0.004493
      643 0.000030  -0.004474
      884 0.000029  -0.004412
      475 0.000029  -0.004373
     1032 0.000029   0.004351
       17 0.000029  -0.004312
      823 0.000029   0.004300
      309 0.000029  -0.004286
      568 0.000028  -0.004263
      329 0.000028  -0.004236
       59 0.000028  -0.004229
      333 0.000028  -0.004225
      297 0.000028  -0.004220
      556 0.000028   0.004189
      432 0.000028   0.004152
      103 0.000027  -0.004105
      900 0.000027  -0.004076
      792 0.000027   0.004068
      524 0.000027  -0.004044
      185 0.000027   0.004039
     1017 0.000027   0.004029
      445 0.000027  -0.004014
      775 0.000027  -0.003996
      134 0.000027  -0.003990
      385 0.000026  -0.003920
      336 0.000026   0.003870
      197 0.000026   0.003867
      321 0.000026  -0.003860
      118 0.000025   0.003779
      424 0.000025  -0.003714
      712 0.000025   0.003701
      259 0.000025   0.003680
      399 0.000024  -0.003665
      108 0.000024  -0.003665
      656 0.000024  -0.003660
      285 0.000024  -0.003635
      685 0.000024  -0.003635
      695 0.000024  -0.003616
      724 0.000024   0.003592
      278 0.000024   0.003583
      917 0.000024   0.003546
      338 0.000023  -0.003514
      130 0.000023   0.003492
      188 0.000023  -0.003476
      270 0.000023   0.003474
      405 0.000023   0.003465
      331 0.000023  -0.003444
       85 0.000023  -0.003437
       73 0.000023  -0.003376
       88 0.000023  -0.003370
      519 0.000022   0.003307
      352 0.000022   0.003292
       56 0.000022  -0.003289
      111 0.000022  -0.003263
      371 0.000022  -0.003262
      842 0.000021  -0.003206
       93 0.000021  -0.003202
      158 0.000021   0.003188
     1034 0.000021  -0.003183
      502 0.000021   0.003181
      714 0.000021  -0.003176
      598 0.000021  -0.003175
      102 0.000021   0.003100
      348 0.000020   0.003069
      328 0.000020  -0.003055
      192 0.000020   0.003053
       15 0.000020   0.003019
       55 0.000020   0.003019
      610 0.000020  -0.003006
      814 0.000020   0.002999
      290 0.000020  -0.002991
      868 0.000020  -0.002990
       13 0.000020   0.002981
      455 0.000020  -0.002960
       14 0.000020  -0.002951
      479 0.000020   0.002945
       54 0.000020   0.002933
       21 0.000019   0.002916
      115 0.000019  -0.002912
      150 0.000019  -0.002906
      852 0.000019  -0.002886
      729 0.000019   0.002876
      332 0.000019  -0.002868
      565 0.000019   0.002861
      100 0.000019  -0.002860
      538 0.000019   0.002855
       72 0.000019  -0.002853
       50 0.000019   0.002852
      240 0.000019   0.002843
      536 0.000019  -0.002843
     1052 0.000019   0.002800
      489 0.000019   0.002773
      512 0.000018  -0.002763
      526 0.000018   0.002757
      368 0.000018   0.002744
      649 0.000018  -0.002743
      250 0.000018   0.002740
      133 0.000018  -0.002686
       74 0.000018   0.002682
      252 0.000018  -0.002681
      276 0.000018  -0.002678
      837 0.000018  -0.002672
      779 0.000018   0.002672
      206 0.000018   0.002672
      463 0.000018  -0.002671
      505 0.000018   0.002650
       62 0.000018  -0.002641
      705 0.000018  -0.002639
      229 0.000018   0.002631
      144 0.000017   0.002620
      458 0.000017   0.002618
      650 0.000017  -0.002608
      181 0.000017  -0.002590
      420 0.000017   0.002583
      196 0.000017  -0.002567
      437 0.000017   0.002551
      949 0.000017   0.002539
      902 0.000017  -0.002522
      514 0.000017   0.002493
      346 0.000017   0.002475
      623 0.000016  -0.002470
      387 0.000016   0.002426
      260 0.000016  -0.002418
      349 0.000016   0.002402
      883 0.000016   0.002392
      838 0.000016   0.002387
       65 0.000016   0.002377
      964 0.000016   0.002363
      404 0.000016   0.002351
      140 0.000016  -0.002337
      637 0.000016   0.002335
      401 0.000016   0.002334
      653 0.000016  -0.002325
      732 0.000015   0.002269
      141 0.000015  -0.002256
      903 0.000015  -0.002246
      558 0.000015   0.002188
       20 0.000015  -0.002183
      647 0.000015   0.002181
      693 0.000014   0.002155
       89 0.000014   0.002151
      327 0.000014   0.002146
      856 0.000014   0.002128
      152 0.000014   0.002127
      265 0.000014  -0.002103
      796 0.000014   0.002103
      755 0.000014  -0.002101
      483 0.000014  -0.002077
      376 0.000014   0.002064
      450 0.000014  -0.002063
      608 0.000014   0.002052
      129 0.000013  -0.001994
      372 0.000013  -0.001983
      307 0.000013  -0.001973
       96 0.000013  -0.001973
       97 0.000013   0.001963
      339 0.000013  -0.001946
      326 0.000013   0.001940
       77 0.000013  -0.001938
      347 0.000013  -0.001935
      907 0.000013   0.001920
       86 0.000013   0.001917
      927 0.000013  -0.001910
      543 0.000013  -0.001906
       92 0.000013  -0.001894
      634 0.000013  -0.001885
       98 0.000012  -0.001870
     1047 0.000012   0.001861
      351 0.000012   0.001857
      551 0.000012   0.001853
      126 0.000012   0.001852
      233 0.000012   0.001829
      452 0.000012  -0.001821
      592 0.000012  -0.001806
      899 0.000012  -0.001801
      619 0.000012   0.001799
      462 0.000012   0.001793
      669 0.000012   0.001788
      164 0.000012   0.001782
      655 0.000012   0.001775
      325 0.000012  -0.001773
      342 0.000012   0.001768
      849 0.000012   0.001752
      934 0.000012  -0.001752
      363 0.000012   0.001743
      534 0.000012  -0.001742
      370 0.000011  -0.001717
      760 0.000011   0.001688
      554 0.000011  -0.001687
       27 0.000011   0.001686
      317 0.000011  -0.001682
      473 0.000011  -0.001674
      938 0.000011   0.001674
      971 0.000011  -0.001673
      966 0.000011   0.001661
      434 0.000011   0.001659
      830 0.000011   0.001619
      324 0.000011   0.001608
      127 0.000011   0.001605
      764 0.000011   0.001605
      237 0.000011  -0.001601
      248 0.000011  -0.001585
      816 0.000011   0.001579
      804 0.000010  -0.001541
      113 0.000010  -0.001537
      487 0.000010  -0.001530
       47 0.000010   0.001529
       61 0.000010  -0.001514
      314 0.000010   0.001512
     1074 0.000010   0.001505
       22 0.000010   0.001500
euclid. distance of OLC and linear combination of EV * x_coef: 0.013792048251557417

Generate samples based on objective loadcase 629
nr_to_generate: 25

Parameter variation distribution settings
distribution: uniform
low: 0.7
high: 1.3

Total process runtime: 0:00:01.399709
