Date and Time:2023-05-12 14:07:39.595863

Initial Settings:
similarity_model: <function cosine_similarity at 0x000001D005A6E5E0>
similarity_threshold: 1e-05
nr_eigv_to_select: None
distribution: uniform
deviation: 0.3
nr_to_generate: 25
recompute: False

Selected eigenvectors and similarity score w.r.t objective loadcase:
objective_loadcase_nr: 83
similarity_model: cosine_similarity
similarity_threshold: 1e-05
nr_eigv_to_select: None
nr_eigv_selected: 473
approximation parameter model: lstsq
similarity score and approx. param. value
:  eigv_idx    score      value
        3 0.554096  55.759977
        1 0.541901  54.532735
        2 0.499186 -50.234305
        0 0.383833  38.626053
        6 0.046954   4.725089
       39 0.019997   2.012358
        4 0.011052   1.112177
      639 0.003595   0.361754
       68 0.002606  -0.262262
      186 0.002159  -0.217235
      593 0.002058  -0.207106
      612 0.002001  -0.201403
      586 0.001886   0.189828
      218 0.001809  -0.182049
      710 0.001582  -0.159177
      716 0.001508   0.151746
      187 0.001461  -0.147012
      618 0.001366   0.137448
      663 0.001347  -0.135503
      668 0.001300   0.130837
      595 0.001205   0.121246
      143 0.001185   0.119204
      686 0.000981  -0.098672
      659 0.000977  -0.098353
      194 0.000976   0.098223
      626 0.000960   0.096611
      388 0.000899  -0.090427
      617 0.000892   0.089800
      182 0.000868  -0.087339
      688 0.000832  -0.083721
      599 0.000798   0.080276
      670 0.000753   0.075806
      562 0.000747  -0.075136
      582 0.000745  -0.074922
      635 0.000741   0.074523
      621 0.000689  -0.069316
      183 0.000685   0.068966
      184 0.000674  -0.067849
      749 0.000667  -0.067119
      578 0.000653   0.065760
      579 0.000640   0.064454
      700 0.000640   0.064441
      733 0.000635   0.063862
      698 0.000631  -0.063472
      704 0.000617  -0.062067
      718 0.000587  -0.059099
      683 0.000581   0.058424
      341 0.000575   0.057902
      602 0.000548  -0.055146
      666 0.000539  -0.054275
      253 0.000502  -0.050469
      606 0.000495  -0.049778
      708 0.000493   0.049621
      567 0.000487  -0.049046
      153 0.000461   0.046362
      577 0.000459  -0.046224
      228 0.000449  -0.045227
      174 0.000447   0.044995
      137 0.000443  -0.044580
      735 0.000443  -0.044531
       70 0.000441   0.044367
      699 0.000430  -0.043316
      575 0.000415   0.041792
      641 0.000409  -0.041165
      620 0.000409  -0.041132
      709 0.000401  -0.040379
      220 0.000392  -0.039445
      267 0.000389  -0.039131
      707 0.000380  -0.038287
      583 0.000362  -0.036451
      179 0.000361   0.036323
      696 0.000361  -0.036290
      243 0.000345   0.034763
      210 0.000342  -0.034376
      848 0.000335  -0.033759
      362 0.000333  -0.033494
      601 0.000323   0.032474
      412 0.000322  -0.032425
      171 0.000317  -0.031928
      631 0.000317  -0.031868
      419 0.000315  -0.031658
      807 0.000305   0.030661
      756 0.000301  -0.030259
      753 0.000300  -0.030194
      403 0.000291   0.029247
      258 0.000286  -0.028776
      587 0.000280   0.028132
      757 0.000277  -0.027829
      132 0.000268   0.026920
      604 0.000254  -0.025608
      383 0.000254   0.025534
      576 0.000250  -0.025161
      570 0.000239  -0.024079
      377 0.000233  -0.023482
      204 0.000232   0.023392
      853 0.000228  -0.022940
      273 0.000227  -0.022893
      400 0.000220  -0.022102
      741 0.000217   0.021885
       71 0.000217  -0.021874
      628 0.000217   0.021871
      787 0.000214   0.021544
      793 0.000214  -0.021523
      658 0.000213   0.021419
      580 0.000213  -0.021393
      361 0.000209   0.021078
      564 0.000200  -0.020144
      739 0.000199  -0.020018
      815 0.000198  -0.019942
      277 0.000197   0.019782
      549 0.000191  -0.019198
      199 0.000189  -0.019004
      427 0.000187  -0.018792
      301 0.000187  -0.018785
      269 0.000185  -0.018656
      271 0.000185   0.018633
      665 0.000185  -0.018577
      299 0.000181   0.018177
      254 0.000180   0.018146
      573 0.000179   0.017964
      373 0.000177  -0.017832
      800 0.000177  -0.017782
      941 0.000176  -0.017760
      175 0.000175  -0.017640
      750 0.000174   0.017475
      161 0.000173   0.017412
      743 0.000168  -0.016894
      667 0.000167   0.016847
      230 0.000167  -0.016762
      247 0.000165   0.016558
      828 0.000163  -0.016406
      235 0.000162  -0.016343
      726 0.000162  -0.016334
      574 0.000162  -0.016285
      820 0.000161  -0.016241
      857 0.000161  -0.016166
      255 0.000160  -0.016122
      711 0.000160   0.016121
      687 0.000160   0.016072
      784 0.000157  -0.015802
      234 0.000156   0.015747
      227 0.000155   0.015641
      236 0.000153   0.015394
      557 0.000152  -0.015261
      148 0.000148   0.014910
      392 0.000148   0.014899
      355 0.000146   0.014720
      566 0.000144   0.014531
      790 0.000142   0.014286
      398 0.000141  -0.014231
      380 0.000141   0.014190
      795 0.000139   0.014032
      605 0.000137  -0.013828
      818 0.000135  -0.013602
      241 0.000135   0.013547
      312 0.000133  -0.013371
      690 0.000131   0.013205
      855 0.000129  -0.013012
      859 0.000129   0.012955
      369 0.000128   0.012908
      697 0.000127   0.012777
      616 0.000125  -0.012615
      367 0.000125   0.012556
      263 0.000124  -0.012525
      239 0.000124   0.012523
      742 0.000124  -0.012513
      808 0.000124   0.012505
      847 0.000124   0.012482
      553 0.000124  -0.012454
      423 0.000122  -0.012321
      294 0.000122  -0.012300
      431 0.000122  -0.012273
      217 0.000121  -0.012215
      275 0.000121  -0.012181
      354 0.000121   0.012136
      645 0.000120   0.012093
      591 0.000120   0.012061
      736 0.000119  -0.011995
      257 0.000119  -0.011949
      295 0.000117  -0.011791
      684 0.000116  -0.011720
      908 0.000116  -0.011708
       91 0.000116  -0.011649
      778 0.000116  -0.011641
      436 0.000115   0.011559
      107 0.000114  -0.011479
      638 0.000114  -0.011479
      974 0.000110   0.011040
      353 0.000109  -0.010965
      629 0.000106  -0.010698
      585 0.000106  -0.010662
      824 0.000104   0.010488
       69 0.000103  -0.010389
      581 0.000102  -0.010270
      799 0.000101  -0.010120
      266 0.000100  -0.010101
      600 0.000099  -0.009955
      640 0.000097  -0.009802
      308 0.000096  -0.009711
      281 0.000096   0.009652
      801 0.000096  -0.009632
      594 0.000095  -0.009592
      356 0.000095  -0.009513
      840 0.000094  -0.009466
      882 0.000093   0.009392
      262 0.000093  -0.009347
      829 0.000091   0.009171
      249 0.000091  -0.009160
      844 0.000091  -0.009159
      611 0.000091  -0.009113
      728 0.000091  -0.009112
      292 0.000090  -0.009068
      744 0.000090  -0.009030
      584 0.000089  -0.008938
      569 0.000089   0.008926
      251 0.000088  -0.008882
      337 0.000087  -0.008797
      572 0.000087  -0.008768
      223 0.000086   0.008685
      390 0.000086   0.008657
      561 0.000086   0.008653
      261 0.000085  -0.008527
      198 0.000084   0.008430
      723 0.000083  -0.008383
      740 0.000081  -0.008155
     1095 0.000080  -0.008080
      298 0.000080  -0.008021
      386 0.000079   0.007974
      734 0.000079  -0.007953
      302 0.000078  -0.007884
      770 0.000077   0.007786
      798 0.000076   0.007631
      222 0.000076  -0.007608
      552 0.000074  -0.007457
      701 0.000074  -0.007456
      826 0.000073  -0.007380
      332 0.000073  -0.007325
      654 0.000072   0.007226
      343 0.000072  -0.007198
      832 0.000071   0.007134
      843 0.000070  -0.007035
      428 0.000070   0.007016
      632 0.000069   0.006976
      748 0.000069  -0.006976
      937 0.000069  -0.006936
      279 0.000069  -0.006894
      803 0.000068   0.006882
      955 0.000068   0.006852
     1005 0.000068   0.006794
      329 0.000067  -0.006771
      978 0.000067   0.006703
      560 0.000066  -0.006615
      414 0.000065   0.006535
      425 0.000065   0.006516
      545 0.000064  -0.006454
      913 0.000064  -0.006446
      805 0.000064  -0.006416
      722 0.000064  -0.006401
      291 0.000063   0.006378
      782 0.000063  -0.006291
      313 0.000062  -0.006232
      870 0.000060  -0.006061
      922 0.000060  -0.006010
      539 0.000060   0.006008
      802 0.000059   0.005985
      597 0.000059  -0.005977
      407 0.000059  -0.005958
      209 0.000059  -0.005889
      864 0.000058   0.005864
      773 0.000058   0.005793
      948 0.000057   0.005704
      879 0.000057  -0.005695
      863 0.000056  -0.005664
      138 0.000056   0.005593
      589 0.000054  -0.005468
      319 0.000053   0.005370
      614 0.000053   0.005360
      325 0.000053  -0.005315
      895 0.000053   0.005291
      323 0.000052  -0.005263
      874 0.000052  -0.005262
      775 0.000052   0.005225
      528 0.000051   0.005141
      880 0.000051   0.005086
      821 0.000050  -0.005050
      891 0.000050  -0.005043
      206 0.000050   0.005040
      776 0.000050  -0.005035
      290 0.000050   0.005033
      763 0.000050   0.004998
      397 0.000050  -0.004987
      943 0.000050   0.004986
       88 0.000050  -0.004984
      374 0.000049   0.004890
      765 0.000049   0.004887
      322 0.000049  -0.004886
      268 0.000048  -0.004830
      792 0.000048   0.004794
      904 0.000047   0.004780
      193 0.000046  -0.004657
      627 0.000046   0.004653
      169 0.000046  -0.004648
      884 0.000046  -0.004623
      342 0.000046   0.004614
      894 0.000046  -0.004590
      823 0.000044   0.004473
      232 0.000044  -0.004443
      289 0.000044   0.004418
      789 0.000044   0.004403
      535 0.000043   0.004365
      830 0.000042   0.004269
      860 0.000042  -0.004257
      694 0.000042   0.004254
      540 0.000042  -0.004194
      831 0.000041   0.004137
      542 0.000041   0.004088
      409 0.000041  -0.004081
      321 0.000040  -0.004020
      677 0.000040   0.004003
      858 0.000039  -0.003972
      297 0.000039  -0.003899
      104 0.000039   0.003888
      950 0.000039  -0.003878
      867 0.000038   0.003807
      394 0.000037   0.003682
      650 0.000036  -0.003671
      928 0.000036  -0.003657
      987 0.000036   0.003640
      349 0.000036  -0.003631
      518 0.000036   0.003575
      881 0.000035  -0.003569
      448 0.000035   0.003565
      596 0.000035  -0.003512
      608 0.000035  -0.003491
      491 0.000034   0.003469
      315 0.000034   0.003460
       93 0.000034  -0.003458
      942 0.000034   0.003429
      366 0.000033   0.003308
      224 0.000033  -0.003305
      590 0.000032  -0.003248
      769 0.000032   0.003245
      762 0.000032   0.003209
      532 0.000032   0.003197
      364 0.000032  -0.003181
      310 0.000031  -0.003141
      933 0.000031   0.003106
      488 0.000031   0.003104
     1001 0.000031  -0.003099
      839 0.000031  -0.003081
      410 0.000031  -0.003080
      643 0.000030  -0.003058
      445 0.000030  -0.003045
      603 0.000030  -0.003029
      530 0.000029   0.002926
      842 0.000029  -0.002899
      588 0.000029  -0.002871
      759 0.000028   0.002851
      475 0.000028  -0.002795
     1032 0.000027   0.002721
      524 0.000027  -0.002716
      245 0.000027  -0.002701
     1025 0.000027   0.002690
      424 0.000027  -0.002685
      636 0.000027  -0.002668
      993 0.000026   0.002634
      965 0.000026  -0.002592
      214 0.000025  -0.002560
      649 0.000025  -0.002557
      216 0.000025   0.002554
      837 0.000025   0.002554
      402 0.000024   0.002455
      964 0.000024   0.002429
      685 0.000024  -0.002407
      610 0.000024  -0.002401
      838 0.000024   0.002375
      278 0.000024   0.002373
      938 0.000023   0.002317
     1017 0.000023   0.002315
      359 0.000023   0.002312
      226 0.000023   0.002285
      201 0.000023  -0.002277
     1034 0.000023  -0.002268
      334 0.000023   0.002265
      432 0.000022   0.002254
      225 0.000022   0.002215
      526 0.000021   0.002163
      285 0.000021   0.002136
      794 0.000021   0.002135
      357 0.000021  -0.002130
      215 0.000021   0.002117
      814 0.000021   0.002107
      988 0.000021  -0.002106
      900 0.000021  -0.002087
      502 0.000021   0.002086
      519 0.000020   0.002042
      382 0.000020  -0.002032
      213 0.000020  -0.001997
      286 0.000020   0.001971
      455 0.000019  -0.001949
      244 0.000019  -0.001935
      662 0.000019  -0.001925
      917 0.000019   0.001919
      714 0.000019  -0.001906
      957 0.000019   0.001891
      350 0.000019   0.001878
      727 0.000019  -0.001867
      888 0.000018   0.001858
      949 0.000018   0.001848
      536 0.000018  -0.001818
      841 0.000018   0.001816
      437 0.000018   0.001815
      971 0.000018  -0.001811
      935 0.000018  -0.001807
      406 0.000018   0.001801
      514 0.000018   0.001789
      479 0.000018   0.001782
      505 0.000018   0.001779
      463 0.000018  -0.001776
      283 0.000017   0.001752
      360 0.000017   0.001749
      489 0.000017   0.001744
      512 0.000017  -0.001717
      856 0.000017   0.001689
      887 0.000016   0.001647
      755 0.000016  -0.001647
      384 0.000016  -0.001639
      458 0.000016   0.001618
     1052 0.000016   0.001583
      921 0.000015  -0.001556
      927 0.000015  -0.001555
      538 0.000015   0.001532
      680 0.000015   0.001523
      966 0.000015   0.001508
      732 0.000015   0.001490
      675 0.000015   0.001479
      264 0.000015   0.001469
     1096 0.000014   0.001446
      450 0.000014  -0.001406
      899 0.000014   0.001404
      849 0.000014  -0.001399
      934 0.000014  -0.001392
     1010 0.000014   0.001390
     1073 0.000014  -0.001372
      883 0.000013   0.001358
      237 0.000013   0.001348
      804 0.000013  -0.001343
      646 0.000013   0.001272
      619 0.000012   0.001245
      816 0.000012   0.001244
      240 0.000012  -0.001241
      835 0.000012  -0.001231
      483 0.000012  -0.001228
      669 0.000012   0.001220
      478 0.000012   0.001189
      462 0.000012   0.001158
      791 0.000011   0.001129
      259 0.000011   0.001115
      713 0.000011   0.001107
      598 0.000011   0.001104
      833 0.000011  -0.001094
      324 0.000011  -0.001083
      534 0.000011  -0.001083
      634 0.000011  -0.001071
     1047 0.000010   0.001048
      780 0.000010  -0.001039
      418 0.000010  -0.001030
      347 0.000010   0.001027
      487 0.000010  -0.001024
      994 0.000010  -0.001018
      473 0.000010  -0.001015
      729 0.000010   0.001015
      510 0.000010  -0.001013
euclid. distance of OLC and linear combination of EV * x_coef: 0.008842651475901705

Generate samples based on objective loadcase 83
nr_to_generate: 25

Parameter variation distribution settings
distribution: uniform
low: 0.7
high: 1.3

Total process runtime: 0:00:01.279822
