Date and Time:2023-05-12 14:23:05.550179

Initial Settings:
similarity_model: <function cosine_similarity at 0x000001D005A6E5E0>
similarity_threshold: 1e-05
nr_eigv_to_select: None
distribution: uniform
deviation: 0.3
nr_to_generate: 25
recompute: False

Selected eigenvectors and similarity score w.r.t objective loadcase:
objective_loadcase_nr: 779
similarity_model: cosine_similarity
similarity_threshold: 1e-05
nr_eigv_to_select: None
nr_eigv_selected: 507
approximation parameter model: lstsq
similarity score and approx. param. value
:  eigv_idx    score      value
        3 0.579134  29.345055
        1 0.522239  26.462143
        2 0.508854 -25.783920
        0 0.362015  18.343513
        6 0.031014   1.571515
       39 0.026519   1.343743
        4 0.012264   0.621422
      639 0.003289   0.166649
      218 0.002354  -0.119299
      186 0.002078  -0.105295
      593 0.002001  -0.101373
      612 0.001912  -0.096859
      586 0.001882   0.095354
      710 0.001637  -0.082948
      187 0.001372  -0.069515
      716 0.001278   0.064754
      595 0.001228   0.062221
      663 0.001085  -0.054967
      618 0.001081   0.054773
      668 0.001061   0.053764
      626 0.001015   0.051443
       68 0.000985  -0.049889
      686 0.000940  -0.047621
      194 0.000923   0.046788
      388 0.000872  -0.044205
      749 0.000841  -0.042631
      143 0.000816   0.041342
      688 0.000801  -0.040577
      659 0.000779  -0.039490
      617 0.000751   0.038065
      599 0.000734   0.037211
      562 0.000701  -0.035495
      183 0.000690   0.034952
      621 0.000687  -0.034796
      582 0.000678  -0.034367
      635 0.000674   0.034156
      670 0.000661   0.033505
      578 0.000628   0.031798
      704 0.000619  -0.031353
       69 0.000588   0.029802
      341 0.000576   0.029202
      733 0.000559   0.028307
       71 0.000549   0.027794
      718 0.000547  -0.027701
      567 0.000544  -0.027551
      577 0.000535  -0.027128
      606 0.000529  -0.026817
      579 0.000523   0.026490
      602 0.000522  -0.026428
      253 0.000515  -0.026119
      708 0.000502   0.025430
      735 0.000495  -0.025070
      698 0.000481  -0.024393
      666 0.000458  -0.023191
      153 0.000455   0.023033
      220 0.000448  -0.022698
      267 0.000443  -0.022463
      174 0.000437   0.022122
      258 0.000422  -0.021404
      709 0.000418  -0.021201
      696 0.000418  -0.021176
      575 0.000417   0.021128
      620 0.000411  -0.020839
      700 0.000385   0.019512
      641 0.000381  -0.019297
      683 0.000380   0.019265
      230 0.000380  -0.019238
      601 0.000370   0.018739
      753 0.000367  -0.018615
      210 0.000365  -0.018491
      707 0.000361  -0.018268
      227 0.000351   0.017799
      583 0.000347  -0.017604
      848 0.000346  -0.017557
      412 0.000333  -0.016890
      699 0.000332  -0.016827
      756 0.000329  -0.016681
      419 0.000307  -0.015570
      273 0.000306  -0.015520
      807 0.000305   0.015471
      403 0.000294   0.014872
      793 0.000289  -0.014621
      383 0.000286   0.014475
      269 0.000285  -0.014457
      853 0.000285  -0.014436
      204 0.000283   0.014335
      587 0.000283   0.014330
      362 0.000282  -0.014301
      757 0.000271  -0.013734
      631 0.000264  -0.013389
      243 0.000260   0.013149
      239 0.000259   0.013142
      570 0.000250  -0.012676
      741 0.000249   0.012615
      263 0.000243  -0.012310
      726 0.000242  -0.012255
      206 0.000239   0.012091
      739 0.000237  -0.011988
      235 0.000230  -0.011647
      184 0.000228  -0.011556
      299 0.000227   0.011520
      763 0.000224   0.011355
      199 0.000223  -0.011291
      750 0.000220   0.011146
      759 0.000214  -0.010842
      377 0.000210  -0.010657
      182 0.000203  -0.010279
      818 0.000199  -0.010060
      137 0.000197  -0.009967
      223 0.000195   0.009900
      787 0.000192   0.009726
      301 0.000192  -0.009707
      743 0.000191  -0.009658
      549 0.000189  -0.009588
      427 0.000188  -0.009514
      857 0.000185  -0.009390
      312 0.000183  -0.009289
      361 0.000183   0.009273
      247 0.000183   0.009257
       70 0.000181   0.009191
      564 0.000181  -0.009168
      576 0.000180  -0.009125
      580 0.000179  -0.009090
      400 0.000179  -0.009058
      369 0.000178   0.009018
      800 0.000177  -0.008964
      604 0.000177  -0.008944
      658 0.000174   0.008811
      373 0.000172  -0.008740
      824 0.000172   0.008717
      175 0.000172  -0.008704
      742 0.000172  -0.008700
      855 0.000169  -0.008564
      591 0.000168   0.008514
      392 0.000167   0.008452
      795 0.000164   0.008316
      132 0.000163   0.008242
      665 0.000163  -0.008234
      784 0.000157  -0.007975
      553 0.000157  -0.007932
      337 0.000156  -0.007894
      711 0.000155   0.007838
      828 0.000155  -0.007829
      628 0.000154   0.007816
      585 0.000153  -0.007749
      667 0.000151   0.007642
      778 0.000150  -0.007594
      941 0.000147  -0.007462
      574 0.000147  -0.007452
      290 0.000146   0.007415
      829 0.000146   0.007389
      820 0.000146  -0.007384
      275 0.000145  -0.007334
      859 0.000145   0.007329
      356 0.000144  -0.007293
      605 0.000142  -0.007218
      228 0.000141  -0.007165
      255 0.000137  -0.006950
      279 0.000137  -0.006932
      251 0.000135  -0.006819
      790 0.000133   0.006759
      332 0.000132  -0.006675
      775 0.000129   0.006562
      687 0.000128   0.006466
      770 0.000127   0.006410
      295 0.000124  -0.006299
      354 0.000124   0.006277
      380 0.000123   0.006213
      736 0.000121  -0.006135
      257 0.000120  -0.006105
      201 0.000120  -0.006105
      423 0.000120  -0.006056
      398 0.000119  -0.006045
      298 0.000119  -0.006041
      431 0.000119  -0.006037
      277 0.000119   0.006010
      808 0.000117   0.005906
      557 0.000115  -0.005827
      217 0.000114  -0.005786
      815 0.000112  -0.005688
      697 0.000112   0.005679
      271 0.000111   0.005627
      616 0.000110  -0.005562
      241 0.000109   0.005513
      638 0.000106  -0.005347
      179 0.000105   0.005321
      629 0.000104  -0.005269
      600 0.000104  -0.005269
      908 0.000103  -0.005240
      690 0.000101   0.005116
      728 0.000100  -0.005089
      799 0.000100  -0.005055
      353 0.000099  -0.005028
       88 0.000098  -0.004945
      171 0.000097  -0.004897
      645 0.000096   0.004878
      566 0.000096   0.004872
      569 0.000096   0.004869
      581 0.000095  -0.004813
      744 0.000095  -0.004801
      769 0.000095   0.004792
      268 0.000094  -0.004786
      864 0.000094   0.004780
      294 0.000094  -0.004771
      436 0.000094   0.004745
       93 0.000093  -0.004716
      573 0.000093   0.004712
      329 0.000093  -0.004700
      782 0.000091  -0.004633
      974 0.000091   0.004600
      234 0.000091   0.004586
      773 0.000090   0.004553
      847 0.000088   0.004467
      611 0.000087  -0.004428
      840 0.000087  -0.004405
      292 0.000087  -0.004402
      594 0.000086  -0.004377
      321 0.000084  -0.004281
      943 0.000084   0.004278
      614 0.000084   0.004248
      948 0.000083   0.004207
      572 0.000083  -0.004206
      734 0.000083  -0.004201
      684 0.000082  -0.004158
      937 0.000082  -0.004156
      844 0.000081  -0.004124
      262 0.000081  -0.004088
      762 0.000081  -0.004087
      138 0.000080  -0.004058
      355 0.000080   0.004036
      281 0.000079   0.004004
      561 0.000079   0.003994
      198 0.000077  -0.003895
      367 0.000075   0.003800
      107 0.000075  -0.003800
      843 0.000075  -0.003786
      319 0.000075   0.003776
      261 0.000074  -0.003772
      632 0.000074   0.003757
      860 0.000074  -0.003725
      694 0.000073   0.003724
      308 0.000073  -0.003707
      325 0.000073  -0.003690
      884 0.000072  -0.003672
      596 0.000072  -0.003672
      283 0.000072   0.003670
      978 0.000072   0.003634
      627 0.000071   0.003574
      266 0.000070  -0.003540
      723 0.000070  -0.003536
      343 0.000070  -0.003530
      801 0.000068  -0.003461
      560 0.000068  -0.003423
      792 0.000067   0.003399
      302 0.000066  -0.003365
      880 0.000066   0.003352
      722 0.000066  -0.003349
      291 0.000066   0.003336
     1095 0.000066  -0.003327
      826 0.000065  -0.003311
      882 0.000065   0.003305
      654 0.000064   0.003265
      584 0.000063  -0.003193
      823 0.000063   0.003188
     1005 0.000062   0.003121
      589 0.000061  -0.003098
      289 0.000061   0.003075
      104 0.000061   0.003069
      913 0.000060  -0.003022
      650 0.000060  -0.003019
      765 0.000059   0.003010
      870 0.000059  -0.002995
      748 0.000059  -0.002993
      590 0.000058  -0.002950
      425 0.000058   0.002938
      539 0.000058   0.002921
      545 0.000057  -0.002905
      428 0.000057   0.002871
      285 0.000057   0.002870
      895 0.000056   0.002850
      315 0.000056   0.002817
      386 0.000055   0.002810
      552 0.000054  -0.002736
      831 0.000053   0.002707
      414 0.000053   0.002678
      701 0.000052  -0.002616
      322 0.000051  -0.002577
      342 0.000050   0.002547
      528 0.000050   0.002531
      390 0.000049   0.002472
      922 0.000048  -0.002442
      608 0.000048  -0.002437
      413 0.000048  -0.002423
      278 0.000048   0.002417
      955 0.000047   0.002365
      821 0.000046  -0.002327
      780 0.000045   0.002301
      894 0.000045  -0.002295
      535 0.000045   0.002280
      286 0.000045   0.002273
      935 0.000045  -0.002265
      323 0.000045  -0.002256
      161 0.000044   0.002229
      874 0.000044  -0.002226
      232 0.000043  -0.002200
      249 0.000043   0.002188
      364 0.000043   0.002155
      244 0.000042  -0.002126
      131 0.000041   0.002098
      832 0.000041   0.002092
      852 0.000041   0.002058
      394 0.000040   0.002045
      226 0.000039  -0.001984
      957 0.000039   0.001966
      649 0.000039  -0.001963
      225 0.000039  -0.001953
      881 0.000038  -0.001938
      842 0.000038  -0.001933
      169 0.000038  -0.001920
       91 0.000038  -0.001903
      841 0.000037   0.001893
      252 0.000037   0.001886
      193 0.000037   0.001864
      879 0.000036  -0.001827
      942 0.000036   0.001809
      646 0.000036   0.001805
      374 0.000036   0.001802
      833 0.000036  -0.001799
      259 0.000035  -0.001749
      491 0.000034   0.001746
      518 0.000034   0.001734
      950 0.000034  -0.001704
      835 0.000033  -0.001686
      988 0.000033  -0.001679
      407 0.000032  -0.001636
      789 0.000032   0.001623
      964 0.000032   0.001620
      359 0.000032  -0.001613
      904 0.000032   0.001612
      250 0.000032  -0.001605
      971 0.000032  -0.001599
      540 0.000031  -0.001591
      532 0.000031   0.001581
      640 0.000031  -0.001577
      488 0.000031   0.001567
      830 0.000031   0.001562
     1073 0.000031  -0.001556
     1096 0.000030   0.001544
      636 0.000030  -0.001533
      409 0.000030  -0.001523
      237 0.000030  -0.001509
      240 0.000030   0.001501
      310 0.000029  -0.001493
      448 0.000029   0.001476
      838 0.000029  -0.001475
      921 0.000029  -0.001456
      933 0.000029   0.001454
      236 0.000028   0.001432
      445 0.000028  -0.001431
      542 0.000028   0.001423
      597 0.000028  -0.001419
      318 0.000028  -0.001410
      410 0.000028  -0.001409
      928 0.000027  -0.001345
      776 0.000027  -0.001343
      592 0.000027   0.001343
      794 0.000026   0.001340
      475 0.000026  -0.001330
      524 0.000026  -0.001325
      609 0.000026  -0.001316
      938 0.000026   0.001305
      320 0.000025  -0.001285
      297 0.000025  -0.001271
      346 0.000025   0.001258
      568 0.000025  -0.001253
      987 0.000025   0.001249
      803 0.000024   0.001239
     1032 0.000024   0.001234
     1034 0.000024  -0.001232
      313 0.000024  -0.001229
      406 0.000024   0.001229
      983 0.000024   0.001213
       98 0.000024  -0.001209
      366 0.000024   0.001209
      424 0.000024  -0.001208
      977 0.000023   0.001185
      530 0.000023   0.001169
      526 0.000023   0.001167
      755 0.000023  -0.001166
      804 0.000023  -0.001160
      264 0.000023  -0.001145
      677 0.000022   0.001140
     1001 0.000022  -0.001131
      927 0.000022  -0.001118
      727 0.000022  -0.001108
      625 0.000022   0.001101
      802 0.000022   0.001101
     1010 0.000022   0.001096
      856 0.000021   0.001080
      685 0.000021  -0.001067
      357 0.000021   0.001062
      598 0.000020   0.001012
      779 0.000020  -0.000993
      402 0.000020   0.000990
      934 0.000020  -0.000990
     1009 0.000019  -0.000977
      147 0.000019  -0.000953
      260 0.000019   0.000951
      479 0.000019   0.000948
      514 0.000019   0.000941
      284 0.000018   0.000930
      868 0.000018   0.000930
      811 0.000018   0.000928
      139 0.000018   0.000928
      809 0.000018   0.000925
      397 0.000018  -0.000918
     1025 0.000018   0.000898
      360 0.000018  -0.000897
      849 0.000018  -0.000889
      891 0.000018  -0.000887
      959 0.000017  -0.000885
      136 0.000017   0.000883
      272 0.000017  -0.000879
      437 0.000017   0.000874
      536 0.000017  -0.000870
      916 0.000017  -0.000868
      875 0.000017   0.000861
      130 0.000017   0.000861
      123 0.000017   0.000858
      432 0.000017   0.000852
      502 0.000017   0.000848
      455 0.000017  -0.000847
      519 0.000017   0.000846
      714 0.000017  -0.000841
      463 0.000017  -0.000840
      180 0.000016   0.000836
      144 0.000016  -0.000831
      798 0.000016  -0.000828
      274 0.000016   0.000808
      125 0.000016  -0.000806
      293 0.000016  -0.000800
      296 0.000016   0.000789
     1017 0.000016   0.000789
      876 0.000015   0.000779
      512 0.000015  -0.000767
      335 0.000015   0.000762
      662 0.000015  -0.000752
      148 0.000015   0.000749
     1016 0.000015  -0.000748
      680 0.000015   0.000748
      114 0.000015   0.000748
      642 0.000015  -0.000743
     1003 0.000015  -0.000738
      324 0.000015  -0.000737
       64 0.000014   0.000727
      185 0.000014  -0.000726
      681 0.000014  -0.000726
      949 0.000014   0.000720
      732 0.000014   0.000717
      222 0.000014  -0.000716
      458 0.000014   0.000710
      898 0.000014   0.000709
      489 0.000014   0.000705
      588 0.000013   0.000684
      805 0.000013  -0.000678
      810 0.000013   0.000674
      656 0.000013  -0.000674
      146 0.000013  -0.000671
     1020 0.000013  -0.000671
      170 0.000013  -0.000659
      907 0.000013   0.000659
      505 0.000013   0.000655
      151 0.000013   0.000654
      450 0.000013  -0.000639
      128 0.000012   0.000631
      764 0.000012  -0.000630
      702 0.000012  -0.000627
      993 0.000012   0.000623
      112 0.000012  -0.000614
      917 0.000012   0.000610
     1040 0.000012  -0.000603
     1052 0.000012   0.000601
      142 0.000012  -0.000594
      231 0.000012   0.000592
      603 0.000012   0.000591
      903 0.000012   0.000589
      623 0.000012   0.000585
      984 0.000011  -0.000581
      129 0.000011  -0.000577
      214 0.000011  -0.000573
      478 0.000011   0.000573
      328 0.000011  -0.000557
       57 0.000011  -0.000555
       63 0.000011  -0.000554
      202 0.000011   0.000547
      655 0.000011   0.000544
       56 0.000011   0.000542
      316 0.000011  -0.000540
      350 0.000011  -0.000538
      108 0.000010  -0.000531
      816 0.000010   0.000529
       74 0.000010  -0.000528
      487 0.000010  -0.000521
      426 0.000010   0.000521
      245 0.000010  -0.000520
      483 0.000010  -0.000520
       97 0.000010   0.000509
euclid. distance of OLC and linear combination of EV * x_coef: 0.004776963812281653

Generate samples based on objective loadcase 779
nr_to_generate: 25

Parameter variation distribution settings
distribution: uniform
low: 0.7
high: 1.3

Total process runtime: 0:00:01.309702
