Date and Time:2023-05-12 14:17:29.442221

Initial Settings:
similarity_model: <function cosine_similarity at 0x000001D005A6E5E0>
similarity_threshold: 1e-05
nr_eigv_to_select: None
distribution: uniform
deviation: 0.3
nr_to_generate: 25
recompute: False

Selected eigenvectors and similarity score w.r.t objective loadcase:
objective_loadcase_nr: 527
similarity_model: cosine_similarity
similarity_threshold: 1e-05
nr_eigv_to_select: None
nr_eigv_selected: 496
approximation parameter model: lstsq
similarity score and approx. param. value
:  eigv_idx    score      value
        3 0.555342  53.850444
        1 0.541572  52.515180
        2 0.498615 -48.349719
        0 0.383408  37.178307
        6 0.045257   4.388457
       39 0.020719   2.009054
        4 0.011076   1.074053
      639 0.003511   0.340495
       68 0.002475  -0.239987
      186 0.002219  -0.215158
      593 0.002011  -0.194962
      612 0.001982  -0.192163
      218 0.001940  -0.188161
      586 0.001853   0.179664
      710 0.001626  -0.157685
      716 0.001508   0.146223
      187 0.001452  -0.140841
      618 0.001346   0.130492
      663 0.001295  -0.125580
      668 0.001281   0.124250
      595 0.001189   0.115304
      194 0.001009   0.097807
      686 0.000983  -0.095315
      659 0.000962  -0.093292
      626 0.000927   0.089855
      388 0.000883  -0.085594
      617 0.000876   0.084902
      143 0.000873   0.084613
      688 0.000833  -0.080805
      599 0.000772   0.074897
      562 0.000723  -0.070122
      670 0.000723   0.070074
      635 0.000716   0.069401
      582 0.000714  -0.069244
      183 0.000699   0.067755
      749 0.000698  -0.067642
      182 0.000687  -0.066653
      621 0.000663  -0.064324
      578 0.000662   0.064223
      579 0.000638   0.061902
      704 0.000623  -0.060403
      700 0.000623   0.060401
      733 0.000616   0.059693
      698 0.000593  -0.057533
      718 0.000582  -0.056416
      341 0.000562   0.054451
      666 0.000546  -0.052977
      184 0.000543  -0.052611
      683 0.000541   0.052461
      253 0.000541  -0.052458
      602 0.000528  -0.051245
      708 0.000505   0.048986
      567 0.000490  -0.047479
      606 0.000481  -0.046641
      577 0.000476  -0.046169
      735 0.000459  -0.044501
      153 0.000445   0.043169
      174 0.000443   0.043003
       70 0.000428   0.041456
      699 0.000415  -0.040256
      709 0.000413  -0.040002
      620 0.000408  -0.039562
      641 0.000402  -0.038986
      220 0.000402  -0.038944
      210 0.000393  -0.038071
      575 0.000392   0.038009
      267 0.000387  -0.037557
      707 0.000368  -0.035675
      583 0.000364  -0.035294
       71 0.000356  -0.034532
      696 0.000354  -0.034363
      228 0.000349  -0.033841
      848 0.000338  -0.032790
      258 0.000338  -0.032738
      601 0.000334   0.032389
      362 0.000327  -0.031752
      412 0.000317  -0.030770
      204 0.000309   0.030000
      419 0.000308  -0.029880
      756 0.000308  -0.029855
      753 0.000295  -0.028559
      807 0.000294   0.028546
      631 0.000287  -0.027858
      137 0.000287  -0.027834
      403 0.000287   0.027795
      179 0.000282   0.027305
      757 0.000279  -0.027095
      383 0.000273   0.026508
      587 0.000272   0.026406
      243 0.000262   0.025422
      171 0.000261  -0.025281
      570 0.000254  -0.024612
      199 0.000247  -0.023965
      273 0.000247  -0.023961
      604 0.000246  -0.023873
      576 0.000243  -0.023606
      853 0.000237  -0.022976
      628 0.000220   0.021320
      400 0.000217  -0.021085
      787 0.000217   0.021049
      377 0.000217  -0.021036
      741 0.000213   0.020663
      132 0.000209   0.020305
      580 0.000208  -0.020215
      269 0.000208  -0.020190
      793 0.000207  -0.020044
      564 0.000205  -0.019884
      739 0.000203  -0.019725
       69 0.000202  -0.019615
      230 0.000201  -0.019472
      227 0.000199   0.019332
      658 0.000198   0.019243
      665 0.000196  -0.019006
      299 0.000190   0.018441
      235 0.000188  -0.018264
      301 0.000184  -0.017852
      427 0.000183  -0.017750
      549 0.000183  -0.017723
      815 0.000182  -0.017642
      356 0.000181  -0.017547
      726 0.000181  -0.017524
      369 0.000179   0.017340
      175 0.000176  -0.017028
      750 0.000175   0.016950
      247 0.000171   0.016539
      857 0.000170  -0.016487
      800 0.000170  -0.016460
      941 0.000168  -0.016285
      573 0.000167   0.016188
      271 0.000164   0.015939
      687 0.000164   0.015894
      263 0.000163  -0.015767
      574 0.000160  -0.015512
      743 0.000159  -0.015376
      380 0.000158   0.015364
      711 0.000158   0.015314
      667 0.000158   0.015282
      818 0.000157  -0.015265
      828 0.000157  -0.015215
      277 0.000155   0.014984
      373 0.000154  -0.014913
      392 0.000153   0.014875
      361 0.000153   0.014792
      784 0.000150  -0.014580
      257 0.000148  -0.014363
      239 0.000148   0.014333
      557 0.000147  -0.014279
      312 0.000146  -0.014181
      585 0.000145  -0.014070
      255 0.000144  -0.013923
      398 0.000143  -0.013879
      820 0.000143  -0.013852
      295 0.000143  -0.013825
      161 0.000142   0.013729
      790 0.000140   0.013582
      206 0.000140   0.013536
      859 0.000139   0.013474
      234 0.000139   0.013433
      605 0.000137  -0.013259
      553 0.000136  -0.013215
      241 0.000136   0.013209
      795 0.000136   0.013208
      217 0.000132  -0.012803
      629 0.000132  -0.012795
      697 0.000132   0.012791
      566 0.000131   0.012701
      254 0.000130   0.012606
      742 0.000128  -0.012370
      353 0.000126  -0.012266
      223 0.000125   0.012159
      591 0.000124   0.012062
      824 0.000124   0.012036
      354 0.000124   0.012007
      690 0.000123   0.011956
      855 0.000123  -0.011948
      148 0.000123   0.011888
      275 0.000121  -0.011686
      423 0.000120  -0.011627
      337 0.000119  -0.011567
      431 0.000119  -0.011548
      829 0.000119   0.011522
       91 0.000117  -0.011364
      778 0.000115  -0.011163
      847 0.000115   0.011149
      236 0.000114   0.011044
      436 0.000113   0.010978
      908 0.000112  -0.010879
      638 0.000110  -0.010703
      107 0.000109  -0.010534
      736 0.000109  -0.010529
      600 0.000106  -0.010310
      808 0.000105   0.010177
      974 0.000105   0.010151
      801 0.000104  -0.010120
      640 0.000104  -0.010053
      581 0.000102  -0.009891
      251 0.000101  -0.009838
      645 0.000101   0.009807
      561 0.000101   0.009780
      616 0.000098  -0.009509
      728 0.000098  -0.009506
      684 0.000098  -0.009492
      294 0.000098  -0.009468
      262 0.000097  -0.009428
      281 0.000096   0.009290
      292 0.000095  -0.009173
      261 0.000094  -0.009134
      840 0.000094  -0.009101
      569 0.000094   0.009086
      279 0.000093  -0.009036
      799 0.000093  -0.008996
      594 0.000092  -0.008948
      332 0.000091  -0.008870
      844 0.000091  -0.008855
      266 0.000089  -0.008611
      611 0.000088  -0.008527
      572 0.000087  -0.008480
      290 0.000086   0.008378
      308 0.000086  -0.008334
      291 0.000085   0.008249
      584 0.000084  -0.008190
      367 0.000084   0.008098
      770 0.000083   0.008032
      748 0.000083  -0.008005
      268 0.000082  -0.007982
      343 0.000082  -0.007916
      882 0.000081   0.007889
      632 0.000081   0.007869
      298 0.000079  -0.007692
      302 0.000079  -0.007667
      734 0.000079  -0.007648
      744 0.000079  -0.007627
      826 0.000079  -0.007625
      355 0.000078   0.007533
      614 0.000078   0.007530
      832 0.000078   0.007529
     1095 0.000077  -0.007431
      596 0.000076  -0.007324
      722 0.000073  -0.007052
      386 0.000072   0.007029
      803 0.000072   0.007008
      560 0.000072  -0.007006
      937 0.000072  -0.006958
      773 0.000072   0.006937
      864 0.000071   0.006862
      723 0.000070  -0.006812
      364 0.000070   0.006743
      782 0.000069  -0.006669
      428 0.000069   0.006660
      329 0.000068  -0.006635
      843 0.000068  -0.006592
      978 0.000068   0.006586
      740 0.000067  -0.006492
      798 0.000066   0.006422
     1005 0.000066   0.006411
      552 0.000066  -0.006387
      654 0.000066   0.006360
      425 0.000064   0.006249
      414 0.000064   0.006216
      545 0.000064  -0.006207
      870 0.000063  -0.006157
      913 0.000063  -0.006099
      948 0.000063   0.006084
      802 0.000062   0.005982
      955 0.000061   0.005952
      201 0.000061  -0.005909
      627 0.000060   0.005822
      325 0.000060  -0.005776
      597 0.000059  -0.005759
      943 0.000059   0.005722
      539 0.000059   0.005722
      319 0.000058   0.005604
      701 0.000058  -0.005597
      765 0.000058   0.005589
      322 0.000057  -0.005563
      775 0.000057   0.005540
      763 0.000057   0.005492
      880 0.000057   0.005481
      884 0.000056  -0.005460
      394 0.000056   0.005450
      922 0.000056  -0.005437
      792 0.000056   0.005405
      589 0.000055  -0.005336
      374 0.000054   0.005204
      321 0.000053  -0.005129
      895 0.000053   0.005108
      608 0.000053  -0.005107
      776 0.000052  -0.005005
      874 0.000051  -0.004986
      528 0.000050   0.004884
      407 0.000050  -0.004865
      289 0.000050   0.004843
      831 0.000050   0.004830
      390 0.000050   0.004824
      209 0.000049  -0.004770
      650 0.000049  -0.004748
      694 0.000048   0.004674
      879 0.000048  -0.004659
      860 0.000048  -0.004652
      821 0.000046  -0.004494
      222 0.000046  -0.004443
      225 0.000046  -0.004432
      805 0.000045  -0.004354
      226 0.000045  -0.004350
      323 0.000044  -0.004296
      823 0.000044   0.004287
      359 0.000044  -0.004266
      590 0.000044  -0.004232
      535 0.000043   0.004125
      894 0.000043  -0.004123
      232 0.000042  -0.004111
      313 0.000042  -0.004109
      863 0.000041  -0.003969
      297 0.000041  -0.003949
      193 0.000040  -0.003912
      540 0.000040  -0.003891
      542 0.000040   0.003844
      891 0.000038  -0.003731
      409 0.000038  -0.003708
      858 0.000038  -0.003678
      649 0.000038  -0.003654
      315 0.000038   0.003654
      904 0.000037   0.003622
      950 0.000037  -0.003601
      881 0.000036  -0.003460
      138 0.000036   0.003458
      397 0.000035  -0.003433
      357 0.000035   0.003413
      448 0.000035   0.003396
      518 0.000035   0.003391
      360 0.000035  -0.003386
      942 0.000035   0.003371
       93 0.000035  -0.003363
      169 0.000035  -0.003361
      283 0.000034   0.003302
      342 0.000034   0.003282
      491 0.000034   0.003274
      769 0.000034   0.003257
      842 0.000034  -0.003256
      346 0.000034   0.003255
      928 0.000034  -0.003250
      677 0.000034   0.003249
      987 0.000033   0.003199
      804 0.000033  -0.003197
       88 0.000033  -0.003171
      310 0.000032  -0.003100
      568 0.000032  -0.003081
      849 0.000032  -0.003074
      636 0.000031  -0.003046
      789 0.000031   0.003041
      532 0.000031   0.003020
      867 0.000031   0.002993
      488 0.000030   0.002951
      755 0.000030  -0.002950
      933 0.000030   0.002933
      249 0.000030  -0.002925
      410 0.000030  -0.002914
      245 0.000030  -0.002879
      938 0.000030   0.002877
      598 0.000029   0.002854
      445 0.000029  -0.002840
      104 0.000029   0.002814
      259 0.000029  -0.002799
      530 0.000028   0.002756
     1001 0.000028  -0.002751
      406 0.000028   0.002713
      475 0.000028  -0.002693
      524 0.000027  -0.002601
      935 0.000026  -0.002565
      646 0.000026   0.002559
      424 0.000026  -0.002556
     1032 0.000026   0.002552
      852 0.000026   0.002546
      256 0.000026  -0.002526
      957 0.000026   0.002508
      286 0.000025   0.002410
      244 0.000025  -0.002392
     1025 0.000024   0.002375
      964 0.000024   0.002369
      603 0.000024  -0.002355
      366 0.000024   0.002346
      988 0.000024  -0.002295
     1034 0.000023  -0.002264
      662 0.000023  -0.002186
      248 0.000022  -0.002155
      270 0.000022   0.002149
      993 0.000022   0.002148
      971 0.000022  -0.002137
      432 0.000022   0.002117
      278 0.000022   0.002113
      702 0.000022  -0.002109
      841 0.000021   0.002051
     1017 0.000021   0.002047
      526 0.000021   0.002042
      382 0.000021   0.002011
      729 0.000020   0.001986
      921 0.000020  -0.001972
      794 0.000020   0.001964
      350 0.000020  -0.001962
      502 0.000020   0.001952
      609 0.000020  -0.001949
      198 0.000020  -0.001946
      625 0.000020   0.001941
      519 0.000020   0.001930
      965 0.000020  -0.001920
      746 0.000020  -0.001913
      714 0.000019  -0.001882
      623 0.000019   0.001868
      875 0.000019   0.001858
      830 0.000019   0.001842
      833 0.000019  -0.001835
      479 0.000019   0.001835
      455 0.000019  -0.001820
      224 0.000019  -0.001809
      536 0.000019  -0.001800
      675 0.000018   0.001759
      949 0.000018   0.001742
      514 0.000018   0.001716
      437 0.000018   0.001710
      489 0.000018   0.001707
      927 0.000018  -0.001707
      835 0.000017  -0.001696
     1073 0.000017  -0.001695
     1096 0.000017   0.001693
      272 0.000017  -0.001691
      705 0.000017  -0.001682
      505 0.000017   0.001676
      463 0.000017  -0.001676
      917 0.000017   0.001662
      512 0.000017  -0.001659
      402 0.000017   0.001658
      656 0.000017  -0.001625
      900 0.000017  -0.001622
      285 0.000017   0.001619
       50 0.000017  -0.001604
      876 0.000016   0.001594
      458 0.000016   0.001552
      899 0.000016   0.001552
      747 0.000016  -0.001545
     1010 0.000016   0.001536
      240 0.000016   0.001535
      856 0.000016   0.001531
      324 0.000016  -0.001522
      934 0.000016  -0.001518
      814 0.000016   0.001505
      732 0.000015   0.001473
      642 0.000015  -0.001467
      538 0.000015   0.001456
     1052 0.000015   0.001442
      655 0.000015   0.001428
       98 0.000015  -0.001407
      839 0.000014  -0.001403
       45 0.000014  -0.001401
      333 0.000014  -0.001371
      237 0.000014  -0.001367
      265 0.000014  -0.001336
      691 0.000014  -0.001333
      450 0.000014  -0.001312
      983 0.000013   0.001282
      264 0.000013  -0.001281
      693 0.000013  -0.001254
      977 0.000013   0.001252
      287 0.000013  -0.001240
      907 0.000013   0.001236
      685 0.000013  -0.001221
      637 0.000012   0.001207
      368 0.000012  -0.001199
      727 0.000012  -0.001184
      717 0.000012   0.001162
      296 0.000012   0.001162
      483 0.000012  -0.001159
      619 0.000012   0.001158
      284 0.000012   0.001142
      260 0.000012   0.001142
      664 0.000012  -0.001142
      816 0.000012   0.001136
      238 0.000012   0.001134
      902 0.000012   0.001131
      916 0.000012  -0.001129
       56 0.000012  -0.001125
     1009 0.000012  -0.001115
      462 0.000011   0.001115
      282 0.000011   0.001098
      534 0.000011  -0.001096
       87 0.000011   0.001096
      320 0.000011  -0.001094
      478 0.000011   0.001067
      363 0.000011   0.001059
      936 0.000011  -0.001055
      405 0.000011  -0.001026
      703 0.000011   0.001022
      671 0.000010  -0.001010
      762 0.000010   0.001004
       43 0.000010   0.000998
      473 0.000010  -0.000992
       52 0.000010   0.000978
euclid. distance of OLC and linear combination of EV * x_coef: 0.009343666002403269

Generate samples based on objective loadcase 527
nr_to_generate: 25

Parameter variation distribution settings
distribution: uniform
low: 0.7
high: 1.3

Total process runtime: 0:00:01.303002
