Date and Time:2023-05-12 14:22:18.586198

Initial Settings:
similarity_model: <function cosine_similarity at 0x000001D005A6E5E0>
similarity_threshold: 1e-05
nr_eigv_to_select: None
distribution: uniform
deviation: 0.3
nr_to_generate: 25
recompute: False

Selected eigenvectors and similarity score w.r.t objective loadcase:
objective_loadcase_nr: 744
similarity_model: cosine_similarity
similarity_threshold: 1e-05
nr_eigv_to_select: None
nr_eigv_selected: 459
approximation parameter model: lstsq
similarity score and approx. param. value
:  eigv_idx    score      value
        3 0.545588  53.495505
        1 0.545524  53.489172
        2 0.500747 -49.098762
        0 0.388145  38.058063
        6 0.052425   5.140290
       39 0.019428   1.904892
        4 0.010801   1.059002
      639 0.003891   0.381498
       68 0.003295  -0.323117
      186 0.002222  -0.217885
      612 0.002154  -0.211238
      593 0.002153  -0.211139
      586 0.001976   0.193738
      218 0.001830  -0.179473
      716 0.001556   0.152591
      663 0.001499  -0.146944
      710 0.001492  -0.146284
      187 0.001460  -0.143185
      618 0.001451   0.142291
      668 0.001341   0.131516
      595 0.001256   0.123156
      194 0.001025   0.100503
      659 0.001015  -0.099514
      182 0.001012  -0.099191
      626 0.000954   0.093571
      388 0.000942  -0.092351
      143 0.000941   0.092234
      686 0.000928  -0.090998
      617 0.000921   0.090335
       71 0.000895  -0.087746
      599 0.000837   0.082086
      635 0.000798   0.078216
      562 0.000793  -0.077724
      688 0.000792  -0.077699
      670 0.000786   0.077059
      582 0.000780  -0.076459
      184 0.000743  -0.072813
      700 0.000734   0.071959
      578 0.000716   0.070167
      621 0.000708  -0.069403
      579 0.000683   0.067012
      683 0.000679   0.066605
       69 0.000677  -0.066417
      733 0.000674   0.066041
      183 0.000668   0.065470
      698 0.000666  -0.065314
      718 0.000602  -0.059011
      704 0.000597  -0.058521
      749 0.000592  -0.058045
      341 0.000591   0.057949
      602 0.000561  -0.054974
      666 0.000558  -0.054676
       70 0.000551   0.053990
      253 0.000518  -0.050810
      567 0.000500  -0.048983
      606 0.000492  -0.048211
      228 0.000482  -0.047267
      708 0.000471   0.046196
      577 0.000469  -0.045980
      699 0.000461  -0.045177
      641 0.000441  -0.043202
      174 0.000438   0.042993
      153 0.000429   0.042111
      575 0.000424   0.041527
      620 0.000422  -0.041362
      735 0.000419  -0.041091
      179 0.000408   0.040014
      220 0.000407  -0.039928
      583 0.000401  -0.039345
      267 0.000392  -0.038390
      210 0.000385  -0.037726
      709 0.000382  -0.037433
      707 0.000371  -0.036409
      137 0.000365  -0.035813
      171 0.000364  -0.035663
      848 0.000347  -0.034065
      601 0.000347   0.034026
      362 0.000346  -0.033932
      631 0.000331  -0.032458
      412 0.000327  -0.032084
      419 0.000327  -0.032067
      403 0.000322   0.031577
      696 0.000315  -0.030871
      807 0.000311   0.030503
      204 0.000306   0.030000
      604 0.000302  -0.029651
      243 0.000294   0.028819
      753 0.000291  -0.028507
      258 0.000291  -0.028485
      587 0.000289   0.028304
      383 0.000289   0.028298
      756 0.000288  -0.028206
      757 0.000272  -0.026709
      576 0.000267  -0.026143
      570 0.000257  -0.025165
      628 0.000251   0.024630
      199 0.000250  -0.024518
      377 0.000240  -0.023578
      132 0.000238   0.023382
      400 0.000233  -0.022865
      815 0.000220  -0.021575
      273 0.000218  -0.021363
      573 0.000216   0.021179
      580 0.000216  -0.021179
      254 0.000215   0.021064
      564 0.000215  -0.021053
      658 0.000213   0.020905
      787 0.000210   0.020588
      665 0.000210  -0.020547
      271 0.000205   0.020057
      853 0.000204  -0.020041
      161 0.000201   0.019753
      793 0.000194  -0.019063
      941 0.000194  -0.019033
      277 0.000193   0.018948
      301 0.000192  -0.018788
      741 0.000191   0.018731
      427 0.000190  -0.018648
      148 0.000188   0.018411
      739 0.000186  -0.018196
      800 0.000182  -0.017828
      667 0.000181   0.017781
      687 0.000177   0.017357
      299 0.000177   0.017336
      549 0.000176  -0.017253
      269 0.000176  -0.017232
      255 0.000175  -0.017204
      236 0.000175   0.017202
      175 0.000175  -0.017165
      743 0.000175  -0.017116
      828 0.000173  -0.016972
      557 0.000173  -0.016936
      361 0.000172   0.016895
      247 0.000170   0.016678
      356 0.000168  -0.016430
      369 0.000165   0.016219
      234 0.000162   0.015902
      784 0.000160  -0.015733
      574 0.000160  -0.015672
      820 0.000158  -0.015513
      585 0.000157  -0.015402
      235 0.000157  -0.015399
       91 0.000156  -0.015338
      711 0.000153   0.014987
      373 0.000153  -0.014960
      380 0.000152   0.014940
      217 0.000151  -0.014812
      857 0.000149  -0.014575
      750 0.000148   0.014500
      566 0.000147   0.014439
      640 0.000145  -0.014177
      257 0.000140  -0.013728
      398 0.000140  -0.013707
      855 0.000137  -0.013458
      790 0.000137   0.013401
      697 0.000136   0.013314
      553 0.000136  -0.013312
      795 0.000135   0.013279
      690 0.000135   0.013261
      392 0.000135   0.013226
      726 0.000133  -0.013006
      295 0.000132  -0.012962
      354 0.000131   0.012891
      605 0.000131  -0.012798
      353 0.000130  -0.012762
      230 0.000130  -0.012740
      742 0.000130  -0.012728
      645 0.000130   0.012706
      263 0.000129  -0.012603
      736 0.000128  -0.012583
      908 0.000128  -0.012533
      423 0.000127  -0.012469
      808 0.000126   0.012391
      431 0.000125  -0.012284
      847 0.000125   0.012216
      241 0.000124   0.012151
      629 0.000124  -0.012121
      312 0.000124  -0.012112
      818 0.000121  -0.011902
      107 0.000121  -0.011864
      294 0.000121  -0.011860
      436 0.000120   0.011800
      974 0.000120   0.011791
      859 0.000120   0.011732
      355 0.000115   0.011257
      581 0.000114  -0.011154
      638 0.000113  -0.011112
      591 0.000109   0.010669
      600 0.000108  -0.010559
      684 0.000106  -0.010359
      239 0.000105   0.010316
      138 0.000105   0.010292
      227 0.000104   0.010181
      798 0.000104   0.010168
      840 0.000103  -0.010146
      367 0.000103   0.010118
      799 0.000103  -0.010091
      281 0.000103   0.010066
      275 0.000102  -0.010034
      266 0.000102  -0.009981
      778 0.000101  -0.009911
      882 0.000100   0.009823
      844 0.000100  -0.009791
      308 0.000099  -0.009667
      611 0.000098  -0.009565
      829 0.000097   0.009476
      594 0.000096  -0.009376
      249 0.000095  -0.009362
      824 0.000095   0.009324
      222 0.000095  -0.009309
      206 0.000095   0.009289
      740 0.000094  -0.009249
      292 0.000094  -0.009189
      584 0.000093  -0.009136
      616 0.000093  -0.009132
      801 0.000092  -0.008994
      572 0.000091  -0.008959
      832 0.000091   0.008951
      552 0.000090  -0.008790
      569 0.000090   0.008778
      561 0.000089   0.008754
      261 0.000089  -0.008751
      262 0.000089  -0.008726
     1095 0.000088  -0.008643
      744 0.000087  -0.008482
      209 0.000086  -0.008401
      223 0.000086   0.008395
      291 0.000084   0.008277
      803 0.000084   0.008254
      302 0.000083  -0.008181
      386 0.000083   0.008113
      251 0.000083  -0.008113
      632 0.000082   0.008083
      723 0.000082  -0.008065
      193 0.000080  -0.007886
      343 0.000080  -0.007884
      734 0.000079  -0.007776
      337 0.000078  -0.007681
      759 0.000078   0.007628
      394 0.000077   0.007599
      748 0.000077  -0.007548
      955 0.000076   0.007429
      728 0.000075  -0.007366
      722 0.000075  -0.007350
      937 0.000075  -0.007344
      560 0.000075  -0.007341
      596 0.000075  -0.007325
      826 0.000074  -0.007279
      701 0.000074  -0.007209
      428 0.000073   0.007193
     1005 0.000073   0.007172
      298 0.000073  -0.007146
      374 0.000072   0.007072
      978 0.000072   0.007025
      654 0.000072   0.007014
      802 0.000072   0.007014
      913 0.000071  -0.006955
      268 0.000069  -0.006802
      414 0.000069   0.006759
      279 0.000069  -0.006755
      597 0.000068  -0.006682
      332 0.000067  -0.006559
      390 0.000066   0.006512
      776 0.000066  -0.006508
      922 0.000065  -0.006416
      313 0.000065  -0.006381
      539 0.000065   0.006328
      545 0.000064  -0.006292
      843 0.000063  -0.006195
      805 0.000063  -0.006187
      614 0.000062   0.006112
      425 0.000062   0.006091
      879 0.000061  -0.005976
      863 0.000059  -0.005816
      329 0.000059  -0.005804
      948 0.000059   0.005753
      325 0.000058  -0.005683
      782 0.000058  -0.005655
      895 0.000058   0.005646
      627 0.000055   0.005365
      322 0.000054  -0.005281
      528 0.000053   0.005232
      891 0.000053  -0.005205
      870 0.000053  -0.005196
      762 0.000053   0.005193
      770 0.000053   0.005152
      289 0.000051   0.005001
      831 0.000051   0.004992
      319 0.000050   0.004951
      821 0.000050  -0.004898
      864 0.000050   0.004879
      789 0.000049   0.004794
      773 0.000048   0.004754
      765 0.000048   0.004715
      407 0.000047  -0.004582
      290 0.000047   0.004575
      603 0.000046  -0.004516
      323 0.000046  -0.004506
      858 0.000046  -0.004501
      860 0.000046  -0.004470
      542 0.000045   0.004409
      535 0.000044   0.004308
      874 0.000044  -0.004302
      589 0.000044  -0.004296
      540 0.000044  -0.004288
      590 0.000044  -0.004281
      792 0.000043   0.004262
      232 0.000043  -0.004215
      364 0.000043   0.004184
      297 0.000042  -0.004145
      867 0.000041   0.004047
      397 0.000041  -0.003986
      987 0.000040   0.003951
      881 0.000040  -0.003917
      928 0.000040  -0.003915
      409 0.000039  -0.003837
      650 0.000039  -0.003799
      677 0.000038   0.003729
      169 0.000038  -0.003726
      880 0.000038   0.003710
      694 0.000037   0.003657
      775 0.000037   0.003647
      448 0.000037   0.003646
      518 0.000037   0.003591
      491 0.000036   0.003569
      884 0.000035  -0.003416
      823 0.000035   0.003405
      943 0.000034   0.003354
     1001 0.000034  -0.003354
      950 0.000034  -0.003337
      933 0.000034   0.003323
      488 0.000034   0.003312
      245 0.000034  -0.003290
      359 0.000034  -0.003287
      636 0.000033  -0.003265
      410 0.000033  -0.003260
      532 0.000033   0.003256
      904 0.000033   0.003249
      894 0.000033  -0.003244
      315 0.000033   0.003211
      226 0.000032  -0.003172
      224 0.000032  -0.003164
      321 0.000032  -0.003153
      342 0.000032   0.003146
      310 0.000032  -0.003095
      530 0.000031   0.003027
      475 0.000031  -0.003014
      225 0.000031  -0.003007
      842 0.000031  -0.003006
      198 0.000031   0.002997
     1025 0.000030   0.002935
      608 0.000030  -0.002928
     1032 0.000030   0.002900
      993 0.000030   0.002899
      445 0.000030  -0.002898
      942 0.000029   0.002883
      524 0.000029  -0.002842
      965 0.000029  -0.002824
      201 0.000028  -0.002732
      780 0.000027  -0.002684
      643 0.000026  -0.002547
      424 0.000026  -0.002502
     1017 0.000025   0.002490
      432 0.000025   0.002428
      333 0.000025  -0.002427
      814 0.000025   0.002404
      938 0.000024   0.002358
     1034 0.000024  -0.002341
      357 0.000024   0.002318
      360 0.000023  -0.002274
      104 0.000023   0.002261
      610 0.000023  -0.002224
      900 0.000023  -0.002215
      680 0.000022   0.002136
      649 0.000022  -0.002131
      526 0.000021   0.002086
      917 0.000021   0.002083
      519 0.000021   0.002076
      350 0.000021  -0.002030
      455 0.000021  -0.002027
      502 0.000021   0.002027
      479 0.000021   0.002016
      536 0.000020  -0.002010
      685 0.000020  -0.002008
      662 0.000020  -0.001935
      216 0.000019  -0.001912
      714 0.000019  -0.001902
      949 0.000019   0.001889
      512 0.000019  -0.001861
      463 0.000019  -0.001851
      538 0.000019   0.001847
      286 0.000019   0.001831
      514 0.000019   0.001827
      437 0.000018   0.001804
      131 0.000018  -0.001800
      830 0.000018   0.001795
      727 0.000018  -0.001775
      489 0.000018   0.001768
      346 0.000018   0.001727
      588 0.000018   0.001722
     1052 0.000017   0.001709
      856 0.000017   0.001696
      769 0.000017   0.001682
      458 0.000017   0.001655
      505 0.000017   0.001646
      324 0.000016  -0.001614
      732 0.000016   0.001605
      334 0.000016   0.001589
      214 0.000016   0.001570
      804 0.000016  -0.001548
      794 0.000016   0.001531
      413 0.000016   0.001523
      328 0.000015  -0.001494
      244 0.000015  -0.001436
      592 0.000015  -0.001433
      450 0.000014  -0.001421
      964 0.000014   0.001400
     1010 0.000014   0.001389
      347 0.000014  -0.001375
      215 0.000014  -0.001343
      907 0.000014   0.001334
      366 0.000014   0.001334
      702 0.000013  -0.001315
      816 0.000013   0.001301
      483 0.000013  -0.001296
      755 0.000013  -0.001290
      229 0.000013   0.001281
      988 0.000013  -0.001270
      927 0.000013  -0.001246
      646 0.000013   0.001238
     1073 0.000013  -0.001236
      971 0.000013  -0.001230
      619 0.000013   0.001228
      248 0.000012  -0.001213
      240 0.000012   0.001195
      283 0.000012   0.001191
      921 0.000012  -0.001191
      335 0.000012  -0.001172
      452 0.000012  -0.001166
      534 0.000012  -0.001166
      935 0.000012  -0.001155
      838 0.000012   0.001153
      462 0.000012   0.001139
      713 0.000012   0.001138
     1047 0.000012   0.001131
      213 0.000011   0.001126
      934 0.000011  -0.001123
      634 0.000011  -0.001122
      957 0.000011   0.001118
      487 0.000011  -0.001098
      883 0.000011   0.001092
      363 0.000011   0.001083
      420 0.000011   0.001066
      473 0.000011  -0.001037
      478 0.000010   0.001022
      221 0.000010   0.001017
      250 0.000010   0.001011
      461 0.000010   0.001000
      669 0.000010   0.000999
euclid. distance of OLC and linear combination of EV * x_coef: 0.007930798832774724

Generate samples based on objective loadcase 744
nr_to_generate: 25

Parameter variation distribution settings
distribution: uniform
low: 0.7
high: 1.3

Total process runtime: 0:00:01.281901
