Date and Time:2023-05-12 14:18:28.736300

Initial Settings:
similarity_model: <function cosine_similarity at 0x000001D005A6E5E0>
similarity_threshold: 1e-05
nr_eigv_to_select: None
distribution: uniform
deviation: 0.3
nr_to_generate: 25
recompute: False

Selected eigenvectors and similarity score w.r.t objective loadcase:
objective_loadcase_nr: 572
similarity_model: cosine_similarity
similarity_threshold: 1e-05
nr_eigv_to_select: None
nr_eigv_selected: 459
approximation parameter model: lstsq
similarity score and approx. param. value
:  eigv_idx    score      value
        3 0.553394  59.791564
        1 0.539263  58.264808
        2 0.504671 -54.527328
        0 0.381163  41.182850
        6 0.047725   5.156496
       39 0.022095   2.387308
        4 0.011198   1.209931
      639 0.003799   0.410414
      593 0.002176  -0.235159
      186 0.002172  -0.234686
       68 0.002170  -0.234432
      612 0.002128  -0.229926
      218 0.002023  -0.218624
      586 0.002002   0.216253
      710 0.001523  -0.164560
      716 0.001511   0.163229
      187 0.001426  -0.154057
      663 0.001404  -0.151687
      618 0.001337   0.144473
      595 0.001285   0.138887
      668 0.001264   0.136544
      626 0.001014   0.109533
      194 0.000989   0.106859
      659 0.000951  -0.102722
      388 0.000949  -0.102549
      686 0.000935  -0.101055
      143 0.000895   0.096744
      617 0.000877   0.094751
      182 0.000839  -0.090637
      599 0.000832   0.089866
      688 0.000794  -0.085816
      562 0.000785  -0.084847
      635 0.000783   0.084588
      582 0.000778  -0.084034
      670 0.000774   0.083601
      621 0.000727  -0.078602
      578 0.000699   0.075554
      733 0.000657   0.071024
      183 0.000655   0.070822
      700 0.000642   0.069337
      698 0.000633  -0.068397
      579 0.000628   0.067888
      749 0.000622  -0.067183
      184 0.000620  -0.066979
      704 0.000620  -0.066950
      341 0.000607   0.065584
      683 0.000603   0.065162
      718 0.000601  -0.064888
      602 0.000552  -0.059669
      567 0.000527  -0.056888
      606 0.000523  -0.056514
      666 0.000522  -0.056439
      253 0.000508  -0.054916
      577 0.000500  -0.054038
      708 0.000475   0.051360
      153 0.000450   0.048580
      575 0.000443   0.047838
      174 0.000438   0.047275
      699 0.000438  -0.047271
      620 0.000429  -0.046348
      641 0.000428  -0.046227
      220 0.000421  -0.045483
      267 0.000419  -0.045271
      735 0.000419  -0.045265
      583 0.000389  -0.042079
      709 0.000389  -0.042030
      707 0.000385  -0.041586
      228 0.000377  -0.040717
      210 0.000371  -0.040042
       70 0.000367   0.039639
      601 0.000366   0.039509
      696 0.000364  -0.039363
      848 0.000353  -0.038191
      179 0.000342   0.036999
      412 0.000337  -0.036399
      258 0.000337  -0.036374
      419 0.000330  -0.035643
      362 0.000325  -0.035117
      631 0.000324  -0.034988
      807 0.000324   0.034979
      753 0.000324  -0.034967
      403 0.000323   0.034851
      137 0.000309  -0.033368
      171 0.000300  -0.032373
      587 0.000296   0.032010
      383 0.000295   0.031878
      756 0.000288  -0.031146
      204 0.000278   0.030001
      604 0.000275  -0.029740
      243 0.000269   0.029035
      757 0.000266  -0.028787
      570 0.000264  -0.028566
      273 0.000251  -0.027104
      377 0.000240  -0.025903
      793 0.000237  -0.025658
      576 0.000234  -0.025316
      199 0.000233  -0.025157
       71 0.000224  -0.024256
      853 0.000216  -0.023332
      400 0.000215  -0.023201
      628 0.000214   0.023130
      580 0.000214  -0.023119
      564 0.000213  -0.022999
      132 0.000212   0.022878
      269 0.000208  -0.022515
      230 0.000208  -0.022466
      658 0.000205   0.022168
      741 0.000200   0.021613
      299 0.000199   0.021450
      301 0.000198  -0.021376
      235 0.000197  -0.021257
      361 0.000196   0.021223
      815 0.000195  -0.021123
      427 0.000194  -0.020920
      665 0.000191  -0.020679
      739 0.000191  -0.020629
      800 0.000189  -0.020405
      941 0.000187  -0.020169
      787 0.000185   0.020017
      573 0.000185   0.019966
      743 0.000184  -0.019882
      247 0.000179   0.019309
      227 0.000177   0.019106
      828 0.000177  -0.019085
      549 0.000175  -0.018953
      667 0.000175   0.018932
      271 0.000175   0.018888
      175 0.000175  -0.018866
      784 0.000169  -0.018277
      373 0.000169  -0.018233
      254 0.000168   0.018182
      820 0.000167  -0.018051
      277 0.000166   0.017967
      574 0.000166  -0.017934
      263 0.000165  -0.017868
      255 0.000165  -0.017846
      557 0.000165  -0.017820
      687 0.000165   0.017774
      369 0.000162   0.017455
      855 0.000160  -0.017261
      585 0.000159  -0.017213
      711 0.000157   0.017006
      239 0.000156   0.016888
      750 0.000156   0.016813
      726 0.000155  -0.016736
      392 0.000152   0.016420
      161 0.000150   0.016253
      795 0.000150   0.016174
      857 0.000149  -0.016080
      553 0.000147  -0.015886
      312 0.000146  -0.015744
      742 0.000144  -0.015606
      217 0.000144  -0.015528
      380 0.000139   0.015069
      257 0.000139  -0.015050
      356 0.000139  -0.015035
      566 0.000138   0.014959
      605 0.000137  -0.014752
      818 0.000136  -0.014746
      808 0.000136   0.014744
      234 0.000135   0.014615
      398 0.000135  -0.014583
      148 0.000134   0.014527
      736 0.000132  -0.014224
      697 0.000131   0.014165
      790 0.000130   0.014075
      591 0.000130   0.014009
      354 0.000129   0.013886
      423 0.000128  -0.013851
      645 0.000128   0.013828
      690 0.000127   0.013693
      431 0.000126  -0.013639
      294 0.000125  -0.013537
      236 0.000124   0.013381
      908 0.000124  -0.013371
      355 0.000122   0.013197
      295 0.000122  -0.013194
      778 0.000122  -0.013157
      353 0.000121  -0.013087
      206 0.000118   0.012770
      616 0.000118  -0.012759
      275 0.000118  -0.012705
      859 0.000117   0.012647
      974 0.000115   0.012455
      241 0.000115   0.012423
      847 0.000115   0.012392
      436 0.000112   0.012078
      638 0.000112  -0.012051
      223 0.000110   0.011865
      824 0.000110   0.011831
      629 0.000109  -0.011758
      799 0.000109  -0.011738
      581 0.000106  -0.011506
       91 0.000105  -0.011357
      684 0.000103  -0.011091
      367 0.000101   0.010945
      600 0.000101  -0.010944
      829 0.000101   0.010920
      840 0.000101  -0.010873
      569 0.000101   0.010864
      640 0.000100  -0.010850
      266 0.000099  -0.010728
      337 0.000099  -0.010712
      611 0.000097  -0.010474
      844 0.000097  -0.010433
      107 0.000096  -0.010369
      882 0.000096   0.010348
      281 0.000094   0.010115
      292 0.000093  -0.010092
      584 0.000093  -0.010033
       69 0.000092  -0.009994
      594 0.000092  -0.009934
      261 0.000091  -0.009792
      744 0.000090  -0.009776
      332 0.000090  -0.009767
      279 0.000087  -0.009346
      552 0.000086  -0.009300
      262 0.000086  -0.009269
      723 0.000086  -0.009250
      251 0.000085  -0.009218
     1095 0.000085  -0.009159
      298 0.000084  -0.009022
      572 0.000083  -0.008983
      734 0.000083  -0.008962
      561 0.000081   0.008802
      728 0.000081  -0.008725
      832 0.000081   0.008723
      560 0.000079  -0.008547
      632 0.000079   0.008507
      937 0.000079  -0.008506
      329 0.000079  -0.008498
      291 0.000079   0.008487
      302 0.000078  -0.008432
      308 0.000078  -0.008427
      290 0.000077   0.008292
      596 0.000075  -0.008087
      268 0.000074  -0.008015
      978 0.000074   0.008010
      701 0.000074  -0.008003
      740 0.000073  -0.007913
      763 0.000073   0.007846
     1005 0.000072   0.007772
      654 0.000071   0.007649
      955 0.000070   0.007612
      798 0.000070   0.007603
      249 0.000070  -0.007570
      386 0.000070   0.007567
      913 0.000069  -0.007464
      722 0.000069  -0.007416
      948 0.000068   0.007386
      428 0.000068   0.007326
      325 0.000067  -0.007282
      826 0.000067  -0.007268
      775 0.000067   0.007227
      343 0.000067  -0.007218
      782 0.000066  -0.007172
      748 0.000066  -0.007140
      843 0.000065  -0.006991
      539 0.000064   0.006892
      414 0.000063   0.006859
      394 0.000063   0.006794
      922 0.000062  -0.006737
      374 0.000062   0.006726
      770 0.000062   0.006711
      803 0.000062   0.006700
      390 0.000062   0.006696
      209 0.000062  -0.006687
      801 0.000062  -0.006662
      545 0.000062  -0.006647
      425 0.000061   0.006542
      222 0.000060  -0.006439
      614 0.000059   0.006353
      895 0.000058   0.006213
      879 0.000057  -0.006157
      597 0.000056  -0.006058
      313 0.000055  -0.005989
      860 0.000055  -0.005919
      831 0.000054   0.005866
      193 0.000054  -0.005830
      864 0.000054   0.005823
      319 0.000054   0.005804
      528 0.000054   0.005803
      289 0.000054   0.005803
      776 0.000053  -0.005750
      627 0.000052   0.005668
      322 0.000052  -0.005632
      802 0.000052   0.005610
      694 0.000052   0.005600
      821 0.000052  -0.005595
      138 0.000051   0.005526
      870 0.000050  -0.005412
      792 0.000049   0.005345
      590 0.000049  -0.005338
      789 0.000049   0.005284
       88 0.000048  -0.005212
      765 0.000048   0.005194
      891 0.000048  -0.005187
      104 0.000048   0.005177
      323 0.000048  -0.005155
      863 0.000047  -0.005074
      321 0.000046  -0.005002
      773 0.000046   0.004930
      201 0.000046  -0.004930
      805 0.000046  -0.004925
      342 0.000046   0.004922
      535 0.000046   0.004919
      943 0.000043   0.004679
      589 0.000043  -0.004666
      169 0.000043  -0.004610
      542 0.000042   0.004491
      874 0.000041  -0.004442
      823 0.000041   0.004435
      407 0.000041  -0.004400
      297 0.000040  -0.004356
      540 0.000040  -0.004333
      881 0.000040  -0.004325
      769 0.000040   0.004323
      650 0.000039  -0.004257
      880 0.000039   0.004195
       93 0.000038  -0.004062
      928 0.000037  -0.004040
      491 0.000037   0.004000
      987 0.000037   0.003993
      397 0.000037  -0.003991
      518 0.000037   0.003979
      858 0.000037  -0.003948
      884 0.000036  -0.003881
      409 0.000036  -0.003872
      315 0.000035   0.003793
      448 0.000035   0.003761
      867 0.000034   0.003695
      488 0.000034   0.003686
      532 0.000034   0.003664
      894 0.000034  -0.003648
      933 0.000033   0.003599
      677 0.000033   0.003571
      410 0.000032  -0.003511
      636 0.000032  -0.003508
      842 0.000032  -0.003507
     1001 0.000032  -0.003486
      245 0.000032  -0.003443
      950 0.000031  -0.003350
      232 0.000031  -0.003350
      475 0.000031  -0.003299
      643 0.000030  -0.003288
      942 0.000030   0.003281
      603 0.000030  -0.003276
      310 0.000030  -0.003257
      333 0.000030  -0.003204
      904 0.000029   0.003160
     1032 0.000029   0.003157
      524 0.000029  -0.003149
      445 0.000029  -0.003129
      283 0.000029   0.003118
      530 0.000029   0.003095
     1025 0.000027   0.002971
      285 0.000027   0.002914
      993 0.000026   0.002770
      224 0.000025  -0.002749
      762 0.000025   0.002746
      424 0.000025  -0.002690
      965 0.000025  -0.002660
      610 0.000024  -0.002639
     1034 0.000024  -0.002622
      727 0.000023  -0.002537
     1017 0.000023   0.002510
      685 0.000023  -0.002456
      526 0.000023   0.002448
      318 0.000023  -0.002444
      814 0.000022   0.002427
      432 0.000022   0.002395
      198 0.000022   0.002392
      244 0.000022  -0.002378
      286 0.000021   0.002295
      649 0.000021  -0.002293
      479 0.000021   0.002283
      830 0.000020   0.002197
      794 0.000020   0.002168
      455 0.000020  -0.002151
      856 0.000020   0.002150
      680 0.000020   0.002150
      519 0.000020   0.002148
      536 0.000020  -0.002146
      366 0.000020   0.002141
      900 0.000020  -0.002136
      662 0.000020  -0.002128
      608 0.000020  -0.002108
      514 0.000019   0.002102
      502 0.000019   0.002099
      917 0.000019   0.002093
      588 0.000019   0.002079
      935 0.000019  -0.002053
      714 0.000019  -0.002047
      216 0.000019  -0.002040
      463 0.000019  -0.002032
      512 0.000018  -0.001990
      437 0.000018   0.001980
      324 0.000018  -0.001978
     1073 0.000018  -0.001967
      938 0.000018   0.001956
      949 0.000018   0.001897
      284 0.000017   0.001886
      406 0.000017  -0.001881
      346 0.000017   0.001821
     1010 0.000017   0.001819
      489 0.000017   0.001811
     1052 0.000016   0.001772
      907 0.000016   0.001758
      214 0.000016   0.001751
      458 0.000016   0.001751
      971 0.000016  -0.001717
      732 0.000016   0.001716
      359 0.000016  -0.001705
      364 0.000016   0.001701
      538 0.000016   0.001693
      921 0.000016  -0.001683
      226 0.000015  -0.001675
      811 0.000015   0.001644
      505 0.000015   0.001639
      957 0.000015   0.001607
      988 0.000015  -0.001603
      225 0.000015  -0.001594
      927 0.000015  -0.001585
      964 0.000014   0.001551
      791 0.000014   0.001535
      450 0.000014  -0.001532
      669 0.000014   0.001520
      713 0.000014   0.001487
      320 0.000014   0.001476
      402 0.000013  -0.001455
      215 0.000013  -0.001425
      816 0.000013   0.001423
      350 0.000013  -0.001420
      335 0.000013  -0.001414
      934 0.000013  -0.001400
      849 0.000013   0.001393
      483 0.000012  -0.001340
      810 0.000012   0.001331
      452 0.000012  -0.001327
      809 0.000012   0.001319
      619 0.000012   0.001268
      634 0.000011  -0.001242
      250 0.000011   0.001231
      646 0.000011   0.001229
      487 0.000011  -0.001228
      837 0.000011  -0.001223
      213 0.000011   0.001221
      399 0.000011  -0.001192
      188 0.000011  -0.001187
      328 0.000011  -0.001185
     1047 0.000011   0.001161
      461 0.000011   0.001161
      478 0.000011   0.001160
      462 0.000011   0.001148
      534 0.000011  -0.001140
     1061 0.000010  -0.001131
      473 0.000010  -0.001109
      360 0.000010  -0.001103
      841 0.000010   0.001090
euclid. distance of OLC and linear combination of EV * x_coef: 0.008160038258317789

Generate samples based on objective loadcase 572
nr_to_generate: 25

Parameter variation distribution settings
distribution: uniform
low: 0.7
high: 1.3

Total process runtime: 0:00:01.261772
