Date and Time:2023-05-12 14:07:59.337304

Initial Settings:
similarity_model: <function cosine_similarity at 0x000001D005A6E5E0>
similarity_threshold: 1e-05
nr_eigv_to_select: None
distribution: uniform
deviation: 0.3
nr_to_generate: 25
recompute: False

Selected eigenvectors and similarity score w.r.t objective loadcase:
objective_loadcase_nr: 98
similarity_model: cosine_similarity
similarity_threshold: 1e-05
nr_eigv_to_select: None
nr_eigv_selected: 665
approximation parameter model: lstsq
similarity score and approx. param. value
:  eigv_idx    score      value
        1 0.556035  32.486308
        3 0.544397  31.806368
        2 0.482144 -28.169268
        0 0.399076  23.316024
        6 0.048383   2.826777
       39 0.014225   0.831070
        4 0.010163   0.593796
       68 0.004271  -0.249519
      639 0.003217   0.187976
      186 0.001903  -0.111210
      612 0.001836  -0.107266
      593 0.001702  -0.099465
      586 0.001570   0.091756
      218 0.001534  -0.089600
      710 0.001511  -0.088258
      716 0.001449   0.084650
      618 0.001446   0.084501
       71 0.001380  -0.080641
      143 0.001348   0.078768
      187 0.001334  -0.077922
      668 0.001302   0.076069
      663 0.001281  -0.074843
      182 0.001278  -0.074673
       69 0.001121  -0.065490
      749 0.001044  -0.061022
      184 0.001026  -0.059926
      617 0.000956   0.055848
      659 0.000944  -0.055170
      595 0.000937   0.054732
      194 0.000882   0.051525
      686 0.000871  -0.050897
      688 0.000811  -0.047391
      388 0.000747  -0.043647
      579 0.000727   0.042466
       70 0.000721   0.042119
      635 0.000711   0.041531
      683 0.000702   0.041002
      700 0.000679   0.039664
      599 0.000670   0.039158
      562 0.000656  -0.038339
      626 0.000656   0.038323
      183 0.000655   0.038284
      582 0.000645  -0.037713
      137 0.000635  -0.037077
      735 0.000627  -0.036613
      578 0.000611   0.035710
      666 0.000552  -0.032245
      179 0.000546   0.031875
      670 0.000545   0.031868
      621 0.000544  -0.031794
      171 0.000531  -0.031004
      708 0.000508   0.029683
      602 0.000498  -0.029068
      733 0.000487   0.028481
      698 0.000477  -0.027859
      253 0.000471  -0.027532
      341 0.000464   0.027089
      153 0.000412   0.024086
      228 0.000411  -0.024028
      243 0.000400   0.023381
      606 0.000394  -0.023036
      741 0.000394   0.023009
      756 0.000392  -0.022903
      709 0.000390  -0.022763
      220 0.000389  -0.022725
      362 0.000382  -0.022332
      757 0.000380  -0.022190
      641 0.000380  -0.022181
      210 0.000350  -0.020466
      132 0.000345   0.020148
      567 0.000344  -0.020108
      631 0.000344  -0.020107
      583 0.000342  -0.019993
      174 0.000338   0.019771
      739 0.000326  -0.019051
      853 0.000321  -0.018762
      576 0.000321  -0.018752
      577 0.000320  -0.018703
      575 0.000305   0.017818
      628 0.000299   0.017453
      699 0.000296  -0.017308
      718 0.000293  -0.017113
      787 0.000289   0.016896
      604 0.000281  -0.016410
      750 0.000281   0.016401
      267 0.000274  -0.016015
      258 0.000270  -0.015787
      148 0.000269   0.015734
      419 0.000268  -0.015632
      848 0.000267  -0.015616
      412 0.000260  -0.015194
      807 0.000259   0.015115
      161 0.000256   0.014953
      400 0.000256  -0.014934
       91 0.000254  -0.014816
      254 0.000252   0.014703
      277 0.000250   0.014608
      271 0.000244   0.014230
      620 0.000243  -0.014174
      587 0.000231   0.013520
      573 0.000231   0.013499
      403 0.000228   0.013303
      601 0.000227   0.013257
      361 0.000227   0.013241
      138 0.000211   0.012321
      549 0.000206  -0.012032
      658 0.000204   0.011901
      377 0.000203  -0.011886
      355 0.000187   0.010950
      204 0.000187   0.010949
      857 0.000186  -0.010884
      580 0.000184  -0.010728
      383 0.000183   0.010703
      564 0.000181  -0.010587
      262 0.000180  -0.010538
      815 0.000179  -0.010455
      367 0.000179   0.010454
      640 0.000179  -0.010450
      753 0.000178  -0.010388
      818 0.000177  -0.010367
      249 0.000174  -0.010143
      570 0.000171  -0.009976
      234 0.000170   0.009938
      941 0.000169  -0.009875
      373 0.000165  -0.009646
      828 0.000165  -0.009627
      566 0.000164   0.009607
      665 0.000164  -0.009592
      820 0.000162  -0.009468
      800 0.000160  -0.009342
      427 0.000159  -0.009318
      107 0.000157  -0.009158
      684 0.000154  -0.009020
      726 0.000154  -0.009017
      198 0.000154   0.009014
      743 0.000153  -0.008966
      687 0.000153   0.008962
      605 0.000153  -0.008916
      199 0.000152  -0.008894
      759 0.000152   0.008890
      299 0.000151   0.008849
      398 0.000151  -0.008810
      790 0.000150   0.008757
      312 0.000150  -0.008756
      301 0.000150  -0.008753
      711 0.000148   0.008665
      255 0.000147  -0.008570
      704 0.000146  -0.008516
      236 0.000144   0.008441
      295 0.000144  -0.008419
      380 0.000143   0.008363
      175 0.000142  -0.008298
      690 0.000141   0.008250
      770 0.000141   0.008241
      824 0.000141   0.008215
      847 0.000140   0.008205
      798 0.000139   0.008140
      859 0.000139   0.008103
      801 0.000134  -0.007827
      614 0.000133   0.007785
      793 0.000133  -0.007765
      230 0.000130  -0.007607
      353 0.000128  -0.007495
      436 0.000128   0.007452
      392 0.000127   0.007404
      308 0.000127  -0.007394
      257 0.000126  -0.007336
      273 0.000123  -0.007208
      561 0.000123   0.007184
      855 0.000122  -0.007128
      241 0.000121   0.007086
      390 0.000120   0.007008
      294 0.000120  -0.007007
      600 0.000119  -0.006933
      784 0.000118  -0.006905
      359 0.000118   0.006887
      247 0.000117   0.006851
      235 0.000117  -0.006821
      281 0.000116   0.006781
      364 0.000116  -0.006757
      574 0.000114  -0.006661
      808 0.000113   0.006587
      275 0.000111  -0.006502
      829 0.000111   0.006491
      557 0.000111  -0.006486
      908 0.000110  -0.006437
      261 0.000109  -0.006388
      297 0.000109  -0.006379
      431 0.000108  -0.006310
      335 0.000108   0.006304
      423 0.000105  -0.006153
      723 0.000104  -0.006093
      773 0.000103   0.006046
      974 0.000103   0.006030
      572 0.000102  -0.005932
      882 0.000101   0.005921
      269 0.000100  -0.005830
      734 0.000100  -0.005819
      667 0.000099   0.005771
      407 0.000098  -0.005716
      222 0.000098  -0.005700
      581 0.000097  -0.005690
      762 0.000097   0.005662
      843 0.000097  -0.005646
      840 0.000095  -0.005578
      795 0.000094   0.005504
      707 0.000094  -0.005480
      266 0.000093  -0.005448
      611 0.000093  -0.005448
      193 0.000093  -0.005430
      320 0.000093  -0.005413
      349 0.000093  -0.005408
      742 0.000092  -0.005358
      350 0.000092   0.005349
      406 0.000091   0.005288
      264 0.000090   0.005284
       87 0.000090  -0.005259
      799 0.000090  -0.005259
      740 0.000090  -0.005249
      217 0.000089  -0.005193
      302 0.000089  -0.005186
       86 0.000088  -0.005141
      319 0.000088   0.005124
      782 0.000088  -0.005123
      227 0.000087   0.005097
      239 0.000087   0.005094
      114 0.000087   0.005093
      386 0.000087   0.005086
      402 0.000087   0.005083
       64 0.000087  -0.005072
      118 0.000087   0.005058
      778 0.000086  -0.005052
      645 0.000086   0.005046
       66 0.000086  -0.005011
      123 0.000085  -0.004991
       60 0.000085  -0.004971
      223 0.000085   0.004965
      142 0.000085   0.004943
      216 0.000084   0.004925
      318 0.000084   0.004920
      343 0.000084  -0.004890
      158 0.000082  -0.004808
      146 0.000082  -0.004803
      610 0.000081   0.004728
       81 0.000081  -0.004710
      603 0.000080  -0.004694
      608 0.000080  -0.004687
      585 0.000080  -0.004681
       93 0.000080   0.004679
      276 0.000080  -0.004667
      428 0.000080   0.004655
     1095 0.000079  -0.004629
      125 0.000079   0.004609
      397 0.000079  -0.004606
      744 0.000079  -0.004594
      736 0.000079  -0.004592
       95 0.000078  -0.004563
       63 0.000077   0.004520
      955 0.000077   0.004490
      414 0.000076   0.004437
      844 0.000076  -0.004428
       59 0.000076  -0.004421
      330 0.000075   0.004411
      677 0.000075   0.004369
      609 0.000074  -0.004331
      864 0.000074   0.004295
      296 0.000073   0.004267
      728 0.000073  -0.004242
      545 0.000073  -0.004236
       88 0.000071   0.004150
      805 0.000071  -0.004128
      937 0.000071  -0.004127
      323 0.000071  -0.004120
      289 0.000070   0.004117
      613 0.000070  -0.004093
      259 0.000070   0.004092
      697 0.000070   0.004092
      144 0.000070   0.004081
      748 0.000070  -0.004062
      333 0.000069   0.004024
       99 0.000069  -0.004012
      594 0.000069  -0.004005
      164 0.000069  -0.004003
      315 0.000068   0.003952
      597 0.000068  -0.003946
      405 0.000067  -0.003909
      803 0.000067   0.003900
       80 0.000067   0.003897
      425 0.000066   0.003872
      552 0.000066  -0.003870
      584 0.000066  -0.003864
      159 0.000066  -0.003861
      354 0.000066   0.003853
      357 0.000066  -0.003848
      625 0.000066  -0.003829
      638 0.000065  -0.003810
      694 0.000065  -0.003804
      112 0.000065  -0.003790
      589 0.000065  -0.003770
     1005 0.000064   0.003720
      802 0.000064   0.003715
      879 0.000063  -0.003689
       73 0.000063  -0.003689
      830 0.000062   0.003648
      314 0.000062   0.003638
      629 0.000062  -0.003634
       83 0.000062   0.003629
      913 0.000062  -0.003599
      943 0.000061   0.003583
      286 0.000061   0.003570
       89 0.000061  -0.003548
      823 0.000061   0.003543
      591 0.000060   0.003496
      145 0.000060   0.003496
      978 0.000060   0.003495
      214 0.000059  -0.003461
      326 0.000059  -0.003435
      293 0.000058  -0.003411
      922 0.000058  -0.003406
      891 0.000058  -0.003403
      826 0.000057  -0.003343
      832 0.000057   0.003327
      169 0.000057  -0.003321
      553 0.000057  -0.003316
      115 0.000056   0.003254
      863 0.000055  -0.003235
      337 0.000055  -0.003235
      141 0.000055  -0.003212
      765 0.000054   0.003180
       94 0.000054  -0.003157
      894 0.000054  -0.003154
      366 0.000054   0.003141
      332 0.000054  -0.003136
      157 0.000054   0.003126
       14 0.000053  -0.003108
      155 0.000053  -0.003098
      884 0.000053  -0.003097
      409 0.000053  -0.003095
       13 0.000053   0.003094
      880 0.000053   0.003087
      948 0.000053   0.003070
      539 0.000052   0.003063
      789 0.000052   0.003057
      650 0.000052  -0.003048
      131 0.000052  -0.003017
      251 0.000051  -0.002995
      904 0.000051   0.002991
      870 0.000051  -0.002967
      101 0.000051  -0.002964
      874 0.000050  -0.002931
      209 0.000049  -0.002878
      382 0.000049  -0.002871
      374 0.000049   0.002855
      309 0.000048  -0.002829
      895 0.000048   0.002804
      272 0.000048  -0.002799
      662 0.000047  -0.002774
      160 0.000047  -0.002760
      693 0.000047  -0.002744
      368 0.000047   0.002740
       77 0.000047   0.002727
      283 0.000046   0.002714
      342 0.000046   0.002709
      701 0.000046  -0.002707
      681 0.000046   0.002702
      821 0.000046  -0.002700
       74 0.000046  -0.002698
      170 0.000046  -0.002694
      839 0.000045  -0.002656
      347 0.000045   0.002653
      675 0.000045   0.002633
      831 0.000045   0.002630
      128 0.000045   0.002618
      165 0.000045  -0.002615
      540 0.000045  -0.002608
      654 0.000044   0.002583
      528 0.000044   0.002566
      369 0.000043   0.002518
      215 0.000043   0.002517
       76 0.000043  -0.002509
      268 0.000043  -0.002508
      119 0.000043  -0.002503
      304 0.000043   0.002489
      117 0.000043   0.002487
      837 0.000042   0.002438
      274 0.000041   0.002404
      713 0.000041   0.002404
       57 0.000041  -0.002399
      838 0.000041   0.002398
      542 0.000041   0.002394
      696 0.000041  -0.002392
      401 0.000040  -0.002362
      310 0.000040  -0.002360
      712 0.000040  -0.002338
      664 0.000040  -0.002336
      763 0.000040  -0.002336
      722 0.000040  -0.002318
      292 0.000040  -0.002309
      860 0.000039  -0.002301
       90 0.000038  -0.002228
      632 0.000038   0.002206
      646 0.000038   0.002197
      448 0.000038   0.002193
       82 0.000037   0.002184
      616 0.000037   0.002173
      554 0.000037   0.002154
      987 0.000037   0.002140
      671 0.000037   0.002137
      881 0.000037  -0.002136
      588 0.000036  -0.002131
      965 0.000036  -0.002121
      867 0.000036   0.002116
      371 0.000036  -0.002115
      695 0.000036   0.002103
      147 0.000036  -0.002093
      555 0.000036  -0.002086
      623 0.000035  -0.002054
      152 0.000035  -0.002045
      387 0.000035   0.002042
      139 0.000035   0.002042
     1001 0.000035  -0.002042
      365 0.000035  -0.002040
      928 0.000035  -0.002016
      307 0.000034   0.002015
      384 0.000034  -0.002012
      136 0.000034   0.002008
      560 0.000034  -0.001990
      649 0.000034  -0.001984
      950 0.000034  -0.001962
      248 0.000034   0.001960
      336 0.000034  -0.001958
      260 0.000033  -0.001954
      852 0.000033   0.001940
      535 0.000033   0.001935
      121 0.000033  -0.001929
      358 0.000033   0.001922
      116 0.000033   0.001916
      221 0.000033  -0.001913
      445 0.000032  -0.001897
      338 0.000032   0.001893
      396 0.000032  -0.001864
      518 0.000032   0.001854
      242 0.000032  -0.001849
      724 0.000032  -0.001841
      636 0.000031  -0.001833
      811 0.000031   0.001830
      942 0.000031   0.001817
      727 0.000031  -0.001815
      776 0.000031  -0.001815
      109 0.000031   0.001810
      691 0.000031  -0.001807
      993 0.000031   0.001807
      933 0.000031   0.001806
       79 0.000031  -0.001800
      964 0.000030   0.001765
      530 0.000030   0.001739
      935 0.000030  -0.001733
      113 0.000030   0.001731
      360 0.000029   0.001719
      569 0.000029   0.001717
       55 0.000029  -0.001712
      130 0.000029   0.001712
      245 0.000029  -0.001686
      399 0.000029   0.001685
      673 0.000029   0.001685
      404 0.000029  -0.001673
      162 0.000029  -0.001672
     1025 0.000029   0.001669
      100 0.000028   0.001656
      810 0.000028   0.001650
      424 0.000028  -0.001639
      491 0.000028   0.001621
      263 0.000028  -0.001616
      432 0.000027   0.001599
      154 0.000027  -0.001594
      410 0.000027  -0.001578
      181 0.000027  -0.001576
      363 0.000026  -0.001546
      705 0.000026   0.001544
      598 0.000026   0.001539
      233 0.000026  -0.001539
      352 0.000026  -0.001532
     1032 0.000026   0.001520
       78 0.000026  -0.001515
      755 0.000026  -0.001515
      111 0.000026   0.001512
      849 0.000026  -0.001511
      325 0.000026  -0.001503
      149 0.000025   0.001482
       65 0.000025   0.001473
      792 0.000025   0.001470
      232 0.000025  -0.001461
      532 0.000025   0.001444
      395 0.000025   0.001442
      938 0.000025   0.001442
      191 0.000024  -0.001424
      966 0.000024   0.001421
      156 0.000024  -0.001415
       84 0.000024   0.001408
      642 0.000024  -0.001401
      596 0.000024  -0.001397
      988 0.000023  -0.001368
      627 0.000023  -0.001364
      172 0.000023  -0.001362
      206 0.000023  -0.001351
      505 0.000023   0.001348
       98 0.000023   0.001348
      841 0.000023   0.001347
      278 0.000023   0.001346
      858 0.000023  -0.001343
      780 0.000023  -0.001336
      287 0.000023   0.001335
      475 0.000023  -0.001332
     1017 0.000023   0.001326
      449 0.000023  -0.001325
      488 0.000023   0.001321
      134 0.000023  -0.001320
      238 0.000022  -0.001314
      105 0.000022   0.001299
      971 0.000022  -0.001298
      502 0.000022   0.001290
      127 0.000022   0.001284
      524 0.000022  -0.001279
       31 0.000021   0.001248
       92 0.000021   0.001232
      231 0.000021  -0.001223
      331 0.000021   0.001217
      519 0.000021   0.001202
      676 0.000021   0.001200
      489 0.000020   0.001195
      875 0.000020   0.001186
      339 0.000020   0.001184
      192 0.000020   0.001177
      814 0.000020   0.001176
       61 0.000020  -0.001166
       29 0.000020  -0.001157
     1034 0.000020  -0.001154
      900 0.000020  -0.001151
      163 0.000020  -0.001150
     1096 0.000020   0.001150
       50 0.000020   0.001144
      265 0.000019  -0.001138
      110 0.000019   0.001138
       67 0.000019  -0.001136
       33 0.000019  -0.001130
      835 0.000019  -0.001128
      284 0.000019   0.001115
      226 0.000019   0.001114
      921 0.000019  -0.001112
      270 0.000019   0.001107
       48 0.000019  -0.001105
      876 0.000019   0.001099
      538 0.000019   0.001089
      102 0.000019  -0.001083
      455 0.000018  -0.001080
       85 0.000018   0.001068
      250 0.000018  -0.001067
      983 0.000018   0.001055
      313 0.000018  -0.001048
       36 0.000018   0.001045
      327 0.000018   0.001041
      917 0.000018   0.001039
      927 0.000018  -0.001034
      185 0.000018   0.001031
      809 0.000017   0.001018
      285 0.000017   0.001015
      437 0.000017   0.001014
      565 0.000017   0.001003
      224 0.000017  -0.000996
      714 0.000017  -0.000996
      291 0.000017   0.000986
      201 0.000017   0.000984
       62 0.000017  -0.000977
      526 0.000017   0.000972
       27 0.000016   0.000957
       53 0.000016  -0.000957
      791 0.000016   0.000956
       51 0.000016  -0.000947
      178 0.000016   0.000946
       75 0.000016   0.000945
      225 0.000016   0.000944
     1052 0.000016   0.000942
      344 0.000016  -0.000941
      176 0.000016  -0.000939
      458 0.000016   0.000936
      316 0.000016  -0.000921
      856 0.000016   0.000918
      559 0.000016  -0.000912
      168 0.000016   0.000910
      957 0.000016   0.000908
      463 0.000016  -0.000906
      370 0.000015  -0.000903
       21 0.000015   0.000900
      934 0.000015  -0.000895
      106 0.000015   0.000887
      356 0.000015  -0.000886
      536 0.000015  -0.000885
      512 0.000015  -0.000882
      590 0.000015  -0.000882
       54 0.000015   0.000880
      977 0.000015   0.000860
      190 0.000015  -0.000855
      752 0.000014   0.000841
      563 0.000014   0.000836
      682 0.000014  -0.000830
      478 0.000014   0.000818
      177 0.000014  -0.000810
      450 0.000014  -0.000806
      751 0.000014  -0.000795
       16 0.000014   0.000793
      637 0.000013   0.000785
      334 0.000013   0.000779
      887 0.000013  -0.000775
      173 0.000013   0.000769
      151 0.000013  -0.000769
      196 0.000013  -0.000763
      883 0.000013   0.000762
      213 0.000013  -0.000761
       25 0.000013  -0.000761
      514 0.000013   0.000761
       72 0.000013  -0.000759
       18 0.000013   0.000757
      534 0.000013  -0.000738
       23 0.000013   0.000738
      479 0.000013   0.000735
      462 0.000013   0.000735
      842 0.000013  -0.000734
      510 0.000012  -0.000730
      653 0.000012   0.000721
      558 0.000012   0.000710
      413 0.000012   0.000702
      167 0.000012  -0.000699
      420 0.000012   0.000698
      994 0.000012  -0.000698
       38 0.000012  -0.000696
      898 0.000012   0.000691
      916 0.000012  -0.000688
      322 0.000012  -0.000680
     1020 0.000012  -0.000675
       19 0.000012   0.000675
      804 0.000012  -0.000674
      378 0.000011  -0.000670
     1009 0.000011  -0.000663
      306 0.000011  -0.000660
      619 0.000011   0.000659
      634 0.000011  -0.000652
      197 0.000011   0.000646
     1047 0.000011   0.000643
      729 0.000011  -0.000642
      418 0.000011  -0.000641
      483 0.000011  -0.000639
     1016 0.000011  -0.000636
      669 0.000011   0.000631
      340 0.000011  -0.000629
      426 0.000011   0.000624
      229 0.000011  -0.000620
      345 0.000011   0.000618
      393 0.000011   0.000616
      329 0.000011  -0.000614
      644 0.000010  -0.000612
      244 0.000010   0.000609
      959 0.000010   0.000608
      772 0.000010  -0.000605
        5 0.000010  -0.000589
      949 0.000010   0.000588
euclid. distance of OLC and linear combination of EV * x_coef: 0.004950645270770244

Generate samples based on objective loadcase 98
nr_to_generate: 25

Parameter variation distribution settings
distribution: uniform
low: 0.7
high: 1.3

Total process runtime: 0:00:01.421111
