Date and Time:2023-05-12 14:14:30.855629

Initial Settings:
similarity_model: <function cosine_similarity at 0x000001D005A6E5E0>
similarity_threshold: 1e-05
nr_eigv_to_select: None
distribution: uniform
deviation: 0.3
nr_to_generate: 25
recompute: False

Selected eigenvectors and similarity score w.r.t objective loadcase:
objective_loadcase_nr: 392
similarity_model: cosine_similarity
similarity_threshold: 1e-05
nr_eigv_to_select: None
nr_eigv_selected: 498
approximation parameter model: lstsq
similarity score and approx. param. value
:  eigv_idx    score      value
        1 0.553309  66.552521
        3 0.537997  64.710778
        2 0.493459 -59.353796
        0 0.396705  47.716066
        6 0.055280   6.649184
       39 0.016240   1.953344
        4 0.010308   1.239862
       68 0.004789  -0.576055
      639 0.003863   0.464659
      186 0.002318  -0.278860
      612 0.002122  -0.255218
      593 0.002032  -0.244436
       71 0.002003  -0.240956
      586 0.001860   0.223677
      218 0.001636  -0.196830
       69 0.001632  -0.196289
      618 0.001575   0.189392
      716 0.001547   0.186123
      663 0.001547  -0.186051
      187 0.001502  -0.180674
      710 0.001447  -0.174027
      668 0.001382   0.166261
      595 0.001166   0.140191
      182 0.001106  -0.133039
      194 0.001080   0.129873
      659 0.001036  -0.124610
      617 0.000944   0.113563
      388 0.000882  -0.106054
      686 0.000868  -0.104379
      626 0.000814   0.097857
      143 0.000808   0.097199
      599 0.000807   0.097085
       70 0.000798   0.096012
      700 0.000792   0.095307
      635 0.000788   0.094772
      688 0.000768  -0.092391
      184 0.000765  -0.091967
      683 0.000763   0.091716
      562 0.000761  -0.091555
      582 0.000755  -0.090785
      579 0.000754   0.090640
      670 0.000718   0.086331
      749 0.000702  -0.084379
      578 0.000697   0.083832
      183 0.000656   0.078962
      621 0.000638  -0.076781
      733 0.000627   0.075437
      698 0.000613  -0.073719
      228 0.000589  -0.070824
      666 0.000564  -0.067828
      602 0.000547  -0.065832
      253 0.000544  -0.065440
      341 0.000540   0.064996
      718 0.000508  -0.061109
      735 0.000477  -0.057380
      708 0.000452   0.054403
      174 0.000441   0.053021
      567 0.000439  -0.052815
      179 0.000439   0.052748
      641 0.000437  -0.052523
      699 0.000429  -0.051634
      704 0.000422  -0.050724
      606 0.000421  -0.050622
      210 0.000413  -0.049625
      577 0.000401  -0.048220
      171 0.000398  -0.047852
      153 0.000396   0.047683
      583 0.000396  -0.047681
      575 0.000393   0.047287
      620 0.000386  -0.046444
      362 0.000379  -0.045616
      220 0.000373  -0.044859
      709 0.000369  -0.044344
      267 0.000362  -0.043512
      137 0.000351  -0.042175
      631 0.000331  -0.039788
      204 0.000328   0.039484
      604 0.000323  -0.038828
      756 0.000322  -0.038684
      848 0.000318  -0.038285
      403 0.000310   0.037278
      576 0.000309  -0.037129
      628 0.000307   0.036909
      601 0.000306   0.036762
      419 0.000304  -0.036616
      243 0.000302   0.036336
      757 0.000301  -0.036207
      807 0.000293   0.035270
      412 0.000292  -0.035120
      707 0.000280  -0.033678
      199 0.000276  -0.033234
      383 0.000275   0.033050
      587 0.000272   0.032660
      400 0.000260  -0.031302
      573 0.000248   0.029780
      271 0.000246   0.029560
      258 0.000245  -0.029514
      161 0.000243   0.029285
      132 0.000243   0.029259
      254 0.000243   0.029180
      787 0.000242   0.029081
      753 0.000238  -0.028569
      148 0.000237   0.028449
      741 0.000236   0.028444
      377 0.000233  -0.028013
      853 0.000231  -0.027780
      236 0.000231   0.027736
      570 0.000226  -0.027158
      815 0.000221  -0.026598
       91 0.000217  -0.026106
      658 0.000216   0.025985
      580 0.000214  -0.025769
      739 0.000213  -0.025651
      564 0.000212  -0.025453
      640 0.000210  -0.025288
      665 0.000207  -0.024877
      277 0.000206   0.024823
      941 0.000198  -0.023765
      234 0.000187   0.022489
      273 0.000185  -0.022294
      356 0.000185  -0.022193
      750 0.000183   0.022016
      687 0.000180   0.021685
      566 0.000180   0.021633
      175 0.000178  -0.021366
      667 0.000175   0.021104
      301 0.000174  -0.020977
      828 0.000174  -0.020936
      800 0.000173  -0.020831
      138 0.000172   0.020679
      427 0.000172  -0.020666
      557 0.000172  -0.020636
      696 0.000172  -0.020630
      217 0.000171  -0.020571
      255 0.000170  -0.020412
      743 0.000167  -0.020045
      857 0.000159  -0.019154
      380 0.000158   0.018985
      299 0.000156   0.018800
      369 0.000154   0.018478
      361 0.000151   0.018208
      820 0.000151  -0.018123
      711 0.000150   0.018055
      257 0.000150  -0.018052
      793 0.000149  -0.017912
      574 0.000149  -0.017864
      247 0.000147   0.017712
      784 0.000146  -0.017580
      759 0.000146   0.017580
      790 0.000143   0.017213
      549 0.000142  -0.017072
      398 0.000142  -0.017049
      353 0.000141  -0.016994
      107 0.000140  -0.016792
      585 0.000138  -0.016653
      798 0.000138   0.016605
      690 0.000138   0.016543
      629 0.000136  -0.016415
      855 0.000135  -0.016289
      645 0.000134   0.016107
      847 0.000131   0.015742
      908 0.000131  -0.015737
      436 0.000131   0.015722
      818 0.000130  -0.015673
      373 0.000130  -0.015672
      726 0.000125  -0.015061
      859 0.000125   0.015058
      354 0.000125   0.015001
      294 0.000124  -0.014885
      295 0.000123  -0.014786
      552 0.000122  -0.014627
      974 0.000122   0.014622
      697 0.000121   0.014558
      269 0.000120  -0.014408
      605 0.000120  -0.014391
      423 0.000118  -0.014233
      281 0.000118   0.014232
      808 0.000118   0.014205
      241 0.000118   0.014163
      553 0.000117  -0.014113
      581 0.000117  -0.014070
      249 0.000117  -0.014036
      431 0.000115  -0.013865
      795 0.000114   0.013710
      638 0.000113  -0.013639
      736 0.000112  -0.013500
      367 0.000112   0.013447
      600 0.000111  -0.013348
      355 0.000111   0.013315
      829 0.000110   0.013234
      742 0.000110  -0.013194
      801 0.000109  -0.013081
      824 0.000107   0.012881
      222 0.000106  -0.012707
      882 0.000105   0.012685
      394 0.000105   0.012662
      840 0.000105  -0.012644
      308 0.000103  -0.012378
      392 0.000102   0.012224
      291 0.000101   0.012199
      312 0.000101  -0.012196
      266 0.000101  -0.012171
      594 0.000100  -0.012044
      844 0.000099  -0.011866
      263 0.000099  -0.011854
      799 0.000098  -0.011781
      193 0.000098  -0.011755
      386 0.000097   0.011636
      832 0.000095   0.011474
      611 0.000095  -0.011428
      292 0.000095  -0.011383
      740 0.000094  -0.011362
      572 0.000093  -0.011177
      209 0.000093  -0.011166
      684 0.000093  -0.011153
      803 0.000092   0.011070
      302 0.000092  -0.011027
     1095 0.000089  -0.010745
      584 0.000089  -0.010734
      343 0.000089  -0.010647
      235 0.000088  -0.010589
      561 0.000088   0.010544
      206 0.000087   0.010456
      632 0.000086   0.010338
      262 0.000084  -0.010152
      744 0.000082  -0.009868
      428 0.000081   0.009741
      374 0.000081   0.009741
      261 0.000081  -0.009730
      734 0.000081  -0.009701
      701 0.000081  -0.009689
      762 0.000080   0.009626
      955 0.000080   0.009609
      723 0.000079  -0.009525
      232 0.000079  -0.009510
      597 0.000078  -0.009423
      802 0.000078   0.009398
      414 0.000078   0.009325
      560 0.000077  -0.009264
      778 0.000075  -0.009047
      313 0.000075  -0.008982
      569 0.000074   0.008858
      937 0.000073  -0.008795
      748 0.000073  -0.008758
     1005 0.000073   0.008742
      776 0.000073  -0.008728
      913 0.000072  -0.008689
      728 0.000072  -0.008682
      390 0.000070   0.008443
      826 0.000070  -0.008428
      251 0.000069  -0.008352
      978 0.000069   0.008352
      591 0.000069   0.008341
      805 0.000069  -0.008292
      275 0.000069  -0.008252
      654 0.000067   0.008111
      770 0.000067   0.008067
      922 0.000067  -0.008044
      773 0.000067   0.008020
      545 0.000066  -0.007985
      879 0.000066  -0.007881
      843 0.000065  -0.007873
      596 0.000065  -0.007775
      539 0.000064   0.007714
      782 0.000064  -0.007686
      279 0.000062  -0.007492
      722 0.000062  -0.007475
      268 0.000061  -0.007346
      895 0.000059   0.007117
      863 0.000059  -0.007036
      425 0.000058   0.006950
      831 0.000057   0.006916
      603 0.000057  -0.006862
      325 0.000057  -0.006839
      298 0.000057  -0.006824
      891 0.000057  -0.006805
      789 0.000056   0.006686
      614 0.000056   0.006682
      864 0.000055   0.006639
      364 0.000054   0.006459
      407 0.000053  -0.006412
      948 0.000053   0.006358
      131 0.000053  -0.006324
      627 0.000052   0.006313
      289 0.000052   0.006257
      765 0.000051   0.006114
      528 0.000050   0.006047
      322 0.000050  -0.006028
       88 0.000050   0.006023
      589 0.000050  -0.005958
      337 0.000050  -0.005955
      821 0.000049  -0.005935
      870 0.000048  -0.005796
      329 0.000048  -0.005770
      413 0.000047   0.005711
      763 0.000047  -0.005657
      239 0.000047   0.005643
      542 0.000047   0.005605
      540 0.000046  -0.005544
      860 0.000046  -0.005539
      224 0.000046  -0.005490
       93 0.000045   0.005471
      780 0.000045  -0.005453
      297 0.000043  -0.005207
      409 0.000043  -0.005205
      858 0.000043  -0.005162
      223 0.000042   0.005104
      881 0.000042  -0.005088
      987 0.000042   0.005086
      359 0.000042  -0.005079
      928 0.000041  -0.004972
      616 0.000041  -0.004907
      323 0.000041  -0.004907
      867 0.000040   0.004826
      332 0.000040  -0.004794
      448 0.000040   0.004779
      535 0.000039   0.004718
      874 0.000039  -0.004663
      333 0.000038  -0.004609
      823 0.000038   0.004561
      319 0.000037   0.004409
      226 0.000037  -0.004404
      397 0.000036  -0.004319
     1001 0.000036  -0.004278
      884 0.000035  -0.004232
      933 0.000034   0.004128
      518 0.000034   0.004124
      950 0.000034  -0.004117
      491 0.000034   0.004096
      880 0.000034   0.004090
      216 0.000034  -0.004071
      310 0.000034  -0.004043
      904 0.000034   0.004031
      792 0.000034   0.004030
      225 0.000034  -0.004030
      636 0.000033  -0.004028
      320 0.000033   0.004027
      406 0.000033  -0.004026
      214 0.000033   0.004023
      608 0.000033  -0.003998
      530 0.000033   0.003955
      410 0.000033  -0.003946
      993 0.000033   0.003914
      943 0.000032   0.003907
      488 0.000032   0.003886
      965 0.000032  -0.003835
      334 0.000032   0.003809
     1025 0.000032   0.003801
      357 0.000031   0.003779
      894 0.000031  -0.003746
      360 0.000031  -0.003736
      643 0.000031  -0.003734
      350 0.000031  -0.003707
      532 0.000031   0.003702
      475 0.000031  -0.003669
      402 0.000030  -0.003662
      680 0.000030   0.003651
      842 0.000030  -0.003585
      590 0.000030  -0.003583
      432 0.000030   0.003569
      213 0.000030   0.003564
     1032 0.000030   0.003560
      335 0.000029  -0.003541
      677 0.000029   0.003540
      650 0.000029  -0.003505
      942 0.000029   0.003449
      610 0.000028  -0.003392
      524 0.000028  -0.003356
      814 0.000027   0.003249
      215 0.000027  -0.003203
      276 0.000026   0.003184
     1017 0.000026   0.003164
      445 0.000026  -0.003113
      264 0.000026  -0.003085
      198 0.000025   0.003061
      938 0.000025   0.002997
      900 0.000024  -0.002938
      227 0.000024   0.002920
      245 0.000024  -0.002916
      169 0.000024  -0.002871
      424 0.000024  -0.002864
      420 0.000023   0.002774
     1034 0.000023  -0.002742
      328 0.000023  -0.002714
      538 0.000023   0.002714
      296 0.000023  -0.002708
      592 0.000022  -0.002705
      917 0.000022   0.002680
      286 0.000022   0.002657
      519 0.000022   0.002643
      342 0.000022   0.002636
      347 0.000022  -0.002611
      536 0.000021  -0.002584
      685 0.000021  -0.002530
      502 0.000021   0.002529
      694 0.000021   0.002499
      479 0.000021   0.002487
      315 0.000020   0.002442
      455 0.000020  -0.002431
      489 0.000020   0.002370
       66 0.000019  -0.002338
      714 0.000019  -0.002338
      512 0.000019  -0.002333
      233 0.000019   0.002302
      681 0.000019  -0.002299
      221 0.000019   0.002286
      837 0.000019  -0.002256
      201 0.000018  -0.002220
      463 0.000018  -0.002200
     1052 0.000018   0.002184
      399 0.000018  -0.002176
      324 0.000018  -0.002171
      526 0.000018   0.002170
      290 0.000018   0.002163
      458 0.000018   0.002149
      191 0.000018   0.002138
      949 0.000018   0.002129
      505 0.000018   0.002121
      229 0.000017   0.002104
      514 0.000017   0.002055
      452 0.000017  -0.002052
      437 0.000017   0.002040
      856 0.000017   0.002031
      285 0.000016  -0.001921
      662 0.000016  -0.001901
      192 0.000016  -0.001882
      964 0.000016   0.001867
      230 0.000016  -0.001866
      732 0.000015   0.001862
      888 0.000015   0.001814
      252 0.000015   0.001806
      346 0.000015   0.001780
      259 0.000015  -0.001771
      287 0.000014  -0.001713
      649 0.000014  -0.001699
      534 0.000014  -0.001696
      483 0.000014  -0.001677
      382 0.000014   0.001661
      816 0.000014   0.001657
      450 0.000014  -0.001650
      852 0.000014  -0.001639
      123 0.000014   0.001638
      804 0.000014  -0.001633
      619 0.000013   0.001622
      178 0.000013  -0.001615
      849 0.000013   0.001603
      351 0.000013  -0.001569
      988 0.000013  -0.001532
      248 0.000013  -0.001526
       80 0.000013  -0.001519
      727 0.000013  -0.001505
      907 0.000012   0.001487
      971 0.000012  -0.001484
      196 0.000012   0.001479
     1010 0.000012   0.001472
      197 0.000012  -0.001469
      927 0.000012  -0.001464
       74 0.000012  -0.001459
      242 0.000012   0.001456
      811 0.000012   0.001443
       81 0.000012   0.001442
      830 0.000012   0.001437
      543 0.000012  -0.001432
      177 0.000012   0.001429
      775 0.000012   0.001427
       75 0.000012  -0.001425
     1047 0.000012   0.001424
      705 0.000012  -0.001421
      128 0.000012  -0.001417
      887 0.000012   0.001416
      625 0.000012   0.001398
      634 0.000012  -0.001390
      669 0.000012   0.001385
      195 0.000011   0.001376
      462 0.000011   0.001367
      921 0.000011  -0.001363
       43 0.000011   0.001360
      363 0.000011   0.001348
      934 0.000011  -0.001343
      120 0.000011  -0.001334
      405 0.000011   0.001330
      112 0.000011   0.001326
      755 0.000011  -0.001319
      957 0.000011   0.001313
      473 0.000011  -0.001309
       86 0.000011   0.001305
       40 0.000011   0.001299
      487 0.000011  -0.001292
      935 0.000011  -0.001277
      796 0.000011   0.001274
       14 0.000010  -0.001246
      318 0.000010  -0.001240
      966 0.000010   0.001240
       13 0.000010   0.001237
      875 0.000010  -0.001230
      237 0.000010   0.001220
      461 0.000010   0.001211
      348 0.000010  -0.001208
euclid. distance of OLC and linear combination of EV * x_coef: 0.011991195224054377

Generate samples based on objective loadcase 392
nr_to_generate: 25

Parameter variation distribution settings
distribution: uniform
low: 0.7
high: 1.3

Total process runtime: 0:00:01.231498
