Date and Time:2023-05-12 14:17:20.248752

Initial Settings:
similarity_model: <function cosine_similarity at 0x000001D005A6E5E0>
similarity_threshold: 1e-05
nr_eigv_to_select: None
distribution: uniform
deviation: 0.3
nr_to_generate: 25
recompute: False

Selected eigenvectors and similarity score w.r.t objective loadcase:
objective_loadcase_nr: 520
similarity_model: cosine_similarity
similarity_threshold: 1e-05
nr_eigv_to_select: None
nr_eigv_selected: 533
approximation parameter model: lstsq
similarity score and approx. param. value
:  eigv_idx    score      value
        1 0.556331  47.364130
        3 0.539048  45.892695
        2 0.486685 -41.434687
        0 0.399769  34.034912
        6 0.053191   4.528534
       39 0.015017   1.278456
        4 0.010134   0.862816
       68 0.003898  -0.331900
      639 0.003520   0.299718
      186 0.002111  -0.179699
      612 0.001975  -0.168135
      593 0.001880  -0.160045
      586 0.001704   0.145097
      716 0.001550   0.131947
      710 0.001508  -0.128410
      618 0.001507   0.128270
      218 0.001501  -0.127779
      187 0.001455  -0.123914
      663 0.001405  -0.119621
      668 0.001365   0.116200
      143 0.001268   0.107980
      182 0.001234  -0.105044
       71 0.001156  -0.098428
      595 0.001074   0.091432
      659 0.001006  -0.085667
      184 0.000970  -0.082543
      194 0.000963   0.082005
      617 0.000948   0.080708
       69 0.000929  -0.079079
      686 0.000902  -0.076809
      749 0.000852  -0.072508
      388 0.000821  -0.069922
      688 0.000812  -0.069124
      599 0.000771   0.065675
      700 0.000747   0.063557
      579 0.000740   0.063039
      626 0.000739   0.062881
      683 0.000728   0.061942
      635 0.000726   0.061808
      562 0.000718  -0.061168
      582 0.000710  -0.060478
      183 0.000695   0.059141
       70 0.000652   0.055502
      578 0.000649   0.055216
      670 0.000640   0.054448
      621 0.000588  -0.050028
      733 0.000565   0.048140
      698 0.000563  -0.047944
      666 0.000559  -0.047560
      735 0.000540  -0.045992
      228 0.000538  -0.045810
      253 0.000538  -0.045766
      602 0.000533  -0.045336
      137 0.000532  -0.045284
      341 0.000511   0.043528
      179 0.000511   0.043476
      708 0.000485   0.041311
      171 0.000476  -0.040528
      153 0.000435   0.037073
      220 0.000410  -0.034935
      174 0.000407   0.034692
      718 0.000406  -0.034557
      641 0.000406  -0.034552
      567 0.000395  -0.033599
      606 0.000394  -0.033546
      709 0.000380  -0.032375
      362 0.000379  -0.032288
      699 0.000377  -0.032064
      243 0.000371   0.031577
      575 0.000368   0.031326
      577 0.000362  -0.030808
      756 0.000362  -0.030804
      583 0.000361  -0.030729
      757 0.000346  -0.029441
      210 0.000344  -0.029251
      631 0.000326  -0.027768
      741 0.000324   0.027620
      620 0.000321  -0.027367
      132 0.000320   0.027240
      267 0.000314  -0.026744
      576 0.000300  -0.025562
      628 0.000295   0.025117
      704 0.000292  -0.024886
      419 0.000290  -0.024691
      604 0.000288  -0.024499
      848 0.000283  -0.024080
      807 0.000279   0.023771
      412 0.000279  -0.023769
      853 0.000275  -0.023421
      787 0.000272   0.023149
      739 0.000262  -0.022271
      271 0.000256   0.021829
      400 0.000256  -0.021796
      601 0.000255   0.021752
      161 0.000254   0.021585
      573 0.000251   0.021367
      403 0.000250   0.021315
      587 0.000250   0.021255
      148 0.000245   0.020885
      258 0.000240  -0.020440
      254 0.000234   0.019958
      377 0.000230  -0.019574
      750 0.000227   0.019301
      361 0.000223   0.018945
      815 0.000217  -0.018499
      383 0.000217   0.018495
      277 0.000217   0.018474
      570 0.000214  -0.018183
      658 0.000213   0.018142
      707 0.000208  -0.017713
      580 0.000206  -0.017549
      204 0.000204   0.017327
      753 0.000199  -0.016928
      564 0.000195  -0.016585
      236 0.000195   0.016560
       91 0.000191  -0.016236
      640 0.000187  -0.015882
      549 0.000185  -0.015769
      759 0.000185   0.015758
      941 0.000183  -0.015579
      355 0.000182   0.015496
      665 0.000181  -0.015423
      234 0.000180   0.015349
      687 0.000178   0.015180
      373 0.000174  -0.014848
      857 0.000172  -0.014623
      199 0.000170  -0.014476
      427 0.000169  -0.014379
      800 0.000169  -0.014374
      828 0.000168  -0.014332
      367 0.000168   0.014318
      301 0.000165  -0.014012
      566 0.000163   0.013912
      398 0.000160  -0.013637
      198 0.000160   0.013628
      175 0.000160  -0.013595
      743 0.000159  -0.013574
      820 0.000157  -0.013397
      273 0.000156  -0.013316
      249 0.000155  -0.013213
      299 0.000154   0.013116
      138 0.000152   0.012967
      798 0.000149   0.012692
      847 0.000149   0.012653
      790 0.000148   0.012604
      711 0.000148   0.012600
      255 0.000146  -0.012423
      667 0.000142   0.012062
      380 0.000141   0.012029
      107 0.000139  -0.011836
      262 0.000138  -0.011780
      557 0.000137  -0.011700
      818 0.000136  -0.011611
      793 0.000135  -0.011501
      257 0.000134  -0.011417
      295 0.000134  -0.011394
      574 0.000134  -0.011391
      353 0.000134  -0.011378
      222 0.000133  -0.011343
      726 0.000131  -0.011158
      690 0.000130   0.011110
      436 0.000130   0.011043
      784 0.000129  -0.011022
      859 0.000129   0.011002
      247 0.000127   0.010843
      294 0.000127  -0.010824
      392 0.000126   0.010696
      801 0.000125  -0.010676
      645 0.000122   0.010373
      855 0.000121  -0.010309
      808 0.000121   0.010298
      605 0.000120  -0.010250
      696 0.000119  -0.010162
      908 0.000119  -0.010132
      281 0.000116   0.009854
      974 0.000116   0.009838
      684 0.000116  -0.009836
      312 0.000115  -0.009777
      431 0.000114  -0.009694
      308 0.000113  -0.009659
      423 0.000113  -0.009655
      629 0.000112  -0.009511
      638 0.000111  -0.009445
      561 0.000110   0.009347
      740 0.000110  -0.009328
      241 0.000109   0.009295
      824 0.000109   0.009276
      390 0.000109   0.009269
      594 0.000108  -0.009175
      762 0.000107   0.009090
      882 0.000106   0.009042
      275 0.000103  -0.008807
      795 0.000102   0.008724
      581 0.000101  -0.008636
      266 0.000100  -0.008535
      840 0.000099  -0.008452
      600 0.000098  -0.008383
      193 0.000098  -0.008320
      723 0.000097  -0.008246
      799 0.000096  -0.008148
      829 0.000095   0.008127
      364 0.000095  -0.008089
      734 0.000094  -0.008036
      770 0.000094   0.008028
      407 0.000094  -0.007979
      552 0.000094  -0.007976
      697 0.000093   0.007897
      217 0.000093  -0.007877
      261 0.000092  -0.007854
      611 0.000092  -0.007795
      614 0.000091   0.007711
      742 0.000090  -0.007636
      843 0.000089  -0.007570
      302 0.000089  -0.007570
      736 0.000088  -0.007455
      597 0.000087  -0.007401
      386 0.000087   0.007394
      269 0.000087  -0.007374
     1095 0.000086  -0.007349
      844 0.000084  -0.007170
      584 0.000084  -0.007135
      803 0.000083   0.007083
      805 0.000083  -0.007054
      354 0.000083   0.007036
      773 0.000082   0.006939
      955 0.000081   0.006855
      585 0.000080  -0.006852
      428 0.000080   0.006846
      744 0.000080  -0.006819
      832 0.000079   0.006756
      701 0.000079  -0.006710
      572 0.000078  -0.006672
      778 0.000078  -0.006663
      359 0.000077   0.006564
      235 0.000076  -0.006508
      414 0.000076   0.006496
      763 0.000075  -0.006412
      802 0.000075   0.006385
      209 0.000075  -0.006371
      343 0.000075  -0.006349
      232 0.000075  -0.006346
      349 0.000074  -0.006307
      728 0.000074  -0.006284
      553 0.000073  -0.006213
      545 0.000070  -0.005963
      937 0.000070  -0.005947
      826 0.000069  -0.005863
     1005 0.000069   0.005835
      369 0.000068   0.005823
      350 0.000068   0.005815
      863 0.000068  -0.005761
      313 0.000067  -0.005743
      239 0.000067   0.005687
      397 0.000067  -0.005683
      632 0.000067   0.005679
      879 0.000066  -0.005643
      913 0.000066  -0.005605
      782 0.000066  -0.005587
      319 0.000065   0.005525
      425 0.000065   0.005517
      748 0.000065  -0.005510
      978 0.000064   0.005418
      589 0.000064  -0.005409
      891 0.000063  -0.005374
      292 0.000062  -0.005308
      402 0.000062   0.005299
      922 0.000062  -0.005267
      608 0.000061  -0.005170
      297 0.000060  -0.005110
      357 0.000059  -0.005010
      789 0.000059   0.005004
      289 0.000059   0.004995
      864 0.000059   0.004983
      539 0.000057   0.004858
      335 0.000056   0.004792
      318 0.000056   0.004777
      591 0.000056   0.004776
      569 0.000056   0.004774
      765 0.000056   0.004743
      654 0.000055   0.004720
      216 0.000053   0.004554
      320 0.000053  -0.004519
      870 0.000052  -0.004461
      948 0.000052   0.004438
      406 0.000052   0.004428
      409 0.000052  -0.004425
      226 0.000052   0.004418
      776 0.000052  -0.004414
      560 0.000051  -0.004330
      214 0.000051  -0.004310
      722 0.000050  -0.004298
      874 0.000050  -0.004240
      895 0.000050   0.004235
      342 0.000049   0.004214
      374 0.000049   0.004198
      225 0.000049   0.004177
      286 0.000049   0.004148
      823 0.000048   0.004099
      251 0.000048  -0.004097
      230 0.000048  -0.004091
      528 0.000048   0.004089
      366 0.000048   0.004082
      337 0.000048  -0.004070
      291 0.000048   0.004051
      169 0.000047  -0.004040
      298 0.000047  -0.004027
      904 0.000047   0.004011
      821 0.000047  -0.003978
      894 0.000047  -0.003973
      943 0.000046   0.003928
      259 0.000046   0.003917
      603 0.000046  -0.003906
      540 0.000046  -0.003890
      542 0.000045   0.003869
      360 0.000045   0.003845
      867 0.000045   0.003825
      322 0.000045  -0.003816
      880 0.000045   0.003812
      830 0.000045   0.003793
      356 0.000044  -0.003775
      223 0.000044   0.003772
      206 0.000044  -0.003740
      588 0.000043  -0.003702
      325 0.000043  -0.003663
      131 0.000043  -0.003657
      332 0.000042  -0.003573
      263 0.000042  -0.003537
      677 0.000042   0.003535
      780 0.000041  -0.003527
      987 0.000041   0.003493
      884 0.000041  -0.003488
      279 0.000041  -0.003467
      831 0.000040   0.003424
      250 0.000039  -0.003345
      215 0.000039   0.003322
      448 0.000039   0.003312
      838 0.000039   0.003304
      928 0.000038  -0.003262
      858 0.000038  -0.003242
      965 0.000037  -0.003176
      535 0.000037   0.003158
      213 0.000037  -0.003155
      260 0.000037  -0.003139
      881 0.000037  -0.003115
      333 0.000037   0.003108
      293 0.000036  -0.003106
      310 0.000036  -0.003096
      382 0.000036  -0.003093
      860 0.000036  -0.003068
     1001 0.000036  -0.003058
      264 0.000036   0.003038
      227 0.000035   0.002995
      609 0.000035  -0.002975
      518 0.000034   0.002935
       93 0.000034   0.002915
      993 0.000034   0.002881
      323 0.000033  -0.002781
      224 0.000033  -0.002781
      950 0.000032  -0.002728
      933 0.000032   0.002726
      268 0.000032  -0.002705
      839 0.000032  -0.002691
     1025 0.000031   0.002679
      613 0.000031  -0.002650
      296 0.000031   0.002649
      530 0.000031   0.002637
      491 0.000031   0.002601
      942 0.000031   0.002598
      164 0.000030  -0.002590
      445 0.000030  -0.002578
      410 0.000030  -0.002553
      347 0.000030   0.002547
      384 0.000030  -0.002547
      413 0.000030   0.002523
      650 0.000029  -0.002510
      252 0.000029   0.002485
      532 0.000029   0.002428
     1032 0.000028   0.002405
      592 0.000028  -0.002402
      432 0.000028   0.002398
      283 0.000028   0.002377
      394 0.000028   0.002345
      488 0.000027   0.002268
      424 0.000027  -0.002263
      610 0.000027   0.002263
      201 0.000026   0.002243
      792 0.000026   0.002229
      314 0.000026   0.002213
      475 0.000026  -0.002206
      627 0.000026   0.002206
      278 0.000026   0.002196
     1017 0.000026   0.002190
      727 0.000026  -0.002188
      643 0.000025  -0.002168
      524 0.000025  -0.002142
      662 0.000025  -0.002140
      317 0.000025  -0.002133
      814 0.000025   0.002132
      596 0.000025  -0.002120
      276 0.000025  -0.002101
      713 0.000024   0.002075
      304 0.000024   0.002048
      900 0.000024  -0.002033
      938 0.000024   0.002025
      248 0.000024   0.002001
      837 0.000023   0.001965
      165 0.000023  -0.001958
      502 0.000023   0.001933
      598 0.000023   0.001925
      309 0.000023  -0.001918
      505 0.000022   0.001907
      334 0.000022   0.001877
      712 0.000022  -0.001863
      324 0.000022  -0.001834
      964 0.000021   0.001804
      519 0.000021   0.001795
      288 0.000021   0.001784
       88 0.000021   0.001779
      724 0.000021  -0.001773
     1034 0.000021  -0.001764
      675 0.000021   0.001763
      917 0.000021   0.001761
      387 0.000021   0.001747
      685 0.000020  -0.001740
      489 0.000020   0.001739
      329 0.000020  -0.001739
      221 0.000020  -0.001683
      755 0.000020  -0.001672
      455 0.000020  -0.001669
      538 0.000019   0.001659
      935 0.000019  -0.001643
      966 0.000019   0.001617
      636 0.000019  -0.001612
      714 0.000019  -0.001591
      536 0.000018  -0.001514
      437 0.000018   0.001511
      526 0.000018   0.001509
     1052 0.000018   0.001505
      512 0.000018  -0.001499
      326 0.000018  -0.001491
      769 0.000017  -0.001479
      330 0.000017   0.001459
      463 0.000017  -0.001452
      458 0.000017   0.001451
      988 0.000016  -0.001403
      616 0.000016  -0.001370
      405 0.000016  -0.001342
      479 0.000016   0.001331
      625 0.000016  -0.001326
      856 0.000016   0.001325
      779 0.000015   0.001300
      791 0.000015   0.001299
      811 0.000015   0.001294
      514 0.000015   0.001293
      649 0.000015  -0.001292
      883 0.000015   0.001289
      242 0.000015  -0.001286
      971 0.000015  -0.001285
      927 0.000015  -0.001284
      331 0.000015  -0.001268
      619 0.000015   0.001265
      265 0.000015  -0.001264
      921 0.000015  -0.001252
      868 0.000015  -0.001238
      646 0.000014   0.001228
      420 0.000014   0.001226
      450 0.000014  -0.001202
      162 0.000014  -0.001201
      229 0.000014  -0.001194
      315 0.000014   0.001193
       43 0.000014  -0.001193
      810 0.000014   0.001182
      110 0.000014  -0.001182
      705 0.000014   0.001164
      693 0.000014  -0.001162
      934 0.000014  -0.001151
      321 0.000013  -0.001149
      170 0.000013  -0.001145
       81 0.000013   0.001141
      555 0.000013   0.001131
      103 0.000013  -0.001120
      752 0.000013   0.001118
      449 0.000013  -0.001101
      290 0.000013  -0.001096
      287 0.000013  -0.001089
      478 0.000013   0.001088
       80 0.000013  -0.001079
      949 0.000013   0.001078
      108 0.000013  -0.001075
      695 0.000013   0.001073
      841 0.000013   0.001065
      534 0.000012  -0.001061
      105 0.000012  -0.001058
      282 0.000012   0.001053
      376 0.000012  -0.001051
      483 0.000012  -0.001042
      101 0.000012  -0.001039
      816 0.000012   0.001032
      462 0.000012   0.001028
       41 0.000012   0.001023
      233 0.000012  -0.001017
      680 0.000012   0.001017
      590 0.000012  -0.001010
       40 0.000012  -0.001003
      510 0.000012  -0.000988
       98 0.000012   0.000988
      565 0.000012  -0.000987
      352 0.000012  -0.000987
      732 0.000012   0.000985
      764 0.000011   0.000978
     1047 0.000011   0.000970
      379 0.000011  -0.000960
      842 0.000011  -0.000950
      852 0.000011   0.000946
      328 0.000011  -0.000945
      804 0.000011  -0.000944
      623 0.000011  -0.000929
      642 0.000011  -0.000925
       42 0.000011  -0.000922
      957 0.000011   0.000921
      994 0.000011  -0.000913
      554 0.000011  -0.000909
      128 0.000011   0.000905
      634 0.000011  -0.000898
      112 0.000011   0.000895
      903 0.000010  -0.000888
      473 0.000010  -0.000888
      104 0.000010   0.000887
      418 0.000010  -0.000884
     1096 0.000010   0.000881
     1010 0.000010   0.000870
      849 0.000010  -0.000858
      760 0.000010   0.000856
euclid. distance of OLC and linear combination of EV * x_coef: 0.0078840264776443

Generate samples based on objective loadcase 520
nr_to_generate: 25

Parameter variation distribution settings
distribution: uniform
low: 0.7
high: 1.3

Total process runtime: 0:00:01.284094
