Date and Time:2023-05-12 14:12:59.846754

Initial Settings:
similarity_model: <function cosine_similarity at 0x000001D005A6E5E0>
similarity_threshold: 1e-05
nr_eigv_to_select: None
distribution: uniform
deviation: 0.3
nr_to_generate: 25
recompute: False

Selected eigenvectors and similarity score w.r.t objective loadcase:
objective_loadcase_nr: 324
similarity_model: cosine_similarity
similarity_threshold: 1e-05
nr_eigv_to_select: None
nr_eigv_selected: 489
approximation parameter model: lstsq
similarity score and approx. param. value
:  eigv_idx    score      value
        3 0.570740  51.382522
        1 0.528699  47.597676
        2 0.506251 -45.576715
        0 0.369167  33.235332
        6 0.036565   3.291838
       39 0.024738   2.227068
        4 0.011873   1.068882
      639 0.003400   0.306136
      218 0.002200  -0.198058
      186 0.002114  -0.190292
      593 0.002057  -0.185161
      612 0.001933  -0.174034
      586 0.001902   0.171244
      710 0.001633  -0.146992
      187 0.001398  -0.125826
      716 0.001373   0.123589
      595 0.001231   0.110857
       68 0.001222  -0.110031
      618 0.001170   0.105368
      663 0.001168  -0.105153
      668 0.001144   0.103025
      626 0.001035   0.093180
      686 0.000968  -0.087191
      143 0.000936   0.084226
      194 0.000935   0.084194
      388 0.000890  -0.080113
      659 0.000849  -0.076406
      688 0.000818  -0.073675
      617 0.000804   0.072392
      599 0.000767   0.069086
      749 0.000757  -0.068170
      582 0.000726  -0.065321
      562 0.000719  -0.064700
      670 0.000709   0.063798
      621 0.000708  -0.063739
      635 0.000705   0.063499
      183 0.000648   0.058371
      704 0.000644  -0.057996
      578 0.000613   0.055156
      341 0.000590   0.053130
      733 0.000589   0.053042
      718 0.000577  -0.051940
      579 0.000548   0.049352
      698 0.000542  -0.048754
      567 0.000534  -0.048070
       69 0.000529   0.047634
      606 0.000529  -0.047591
      602 0.000521  -0.046927
      577 0.000502  -0.045230
      708 0.000496   0.044681
       71 0.000490   0.044107
      253 0.000489  -0.044022
      153 0.000483   0.043446
      666 0.000474  -0.042692
      700 0.000461   0.041523
      735 0.000461  -0.041492
      182 0.000451  -0.040594
      174 0.000445   0.040085
      683 0.000437   0.039371
      575 0.000436   0.039279
      267 0.000435  -0.039170
      696 0.000429  -0.038595
      220 0.000419  -0.037764
      620 0.000414  -0.037311
      709 0.000413  -0.037201
      707 0.000396  -0.035662
      258 0.000386  -0.034711
      641 0.000384  -0.034569
      699 0.000374  -0.033649
      601 0.000367   0.033028
      753 0.000357  -0.032154
      184 0.000342  -0.030834
      583 0.000339  -0.030508
      210 0.000339  -0.030491
      848 0.000338  -0.030425
      412 0.000330  -0.029742
      807 0.000312   0.028069
      419 0.000311  -0.027992
      756 0.000310  -0.027942
      230 0.000304  -0.027380
      362 0.000298  -0.026856
      403 0.000297   0.026726
      227 0.000293   0.026353
      631 0.000292  -0.026333
      273 0.000290  -0.026125
      587 0.000289   0.026022
      793 0.000283  -0.025515
      137 0.000282  -0.025366
      243 0.000279   0.025110
      383 0.000267   0.023996
      757 0.000265  -0.023866
      853 0.000259  -0.023279
      228 0.000248  -0.022337
      570 0.000246  -0.022110
      269 0.000241  -0.021667
      361 0.000237   0.021380
      741 0.000228   0.020526
      235 0.000221  -0.019905
      239 0.000219   0.019705
       70 0.000219   0.019703
      377 0.000219  -0.019695
      299 0.000218   0.019636
      726 0.000218  -0.019586
      739 0.000217  -0.019556
      263 0.000211  -0.019032
      204 0.000210   0.018904
      604 0.000207  -0.018629
      576 0.000206  -0.018535
      580 0.000202  -0.018152
      132 0.000202   0.018143
      179 0.000196   0.017612
      658 0.000194   0.017436
      301 0.000193  -0.017377
      750 0.000192   0.017322
      373 0.000190  -0.017139
      400 0.000190  -0.017107
      564 0.000187  -0.016858
      427 0.000187  -0.016791
      199 0.000185  -0.016668
      787 0.000183   0.016462
      743 0.000182  -0.016422
      800 0.000182  -0.016372
      247 0.000181   0.016310
      855 0.000178  -0.015985
      175 0.000177  -0.015905
      763 0.000177   0.015895
      549 0.000173  -0.015578
      857 0.000172  -0.015525
      574 0.000169  -0.015201
      312 0.000168  -0.015149
      818 0.000168  -0.015111
      784 0.000165  -0.014839
      171 0.000165  -0.014834
      392 0.000163   0.014655
      628 0.000163   0.014631
      828 0.000163  -0.014631
      711 0.000162   0.014621
      667 0.000162   0.014541
      742 0.000162  -0.014540
      795 0.000161   0.014487
      941 0.000160  -0.014389
      820 0.000159  -0.014340
      665 0.000157  -0.014107
      553 0.000154  -0.013888
      591 0.000153   0.013818
      824 0.000150   0.013502
      616 0.000148  -0.013327
      759 0.000146  -0.013178
      778 0.000142  -0.012739
      605 0.000141  -0.012733
      223 0.000141   0.012730
      271 0.000140   0.012619
      815 0.000140  -0.012597
      557 0.000140  -0.012592
      808 0.000140   0.012585
      255 0.000139  -0.012481
      277 0.000139   0.012477
      355 0.000138   0.012416
      206 0.000137   0.012379
      790 0.000136   0.012253
      275 0.000134  -0.012100
      369 0.000134   0.012087
      859 0.000134   0.012042
      736 0.000131  -0.011825
      566 0.000131   0.011754
      257 0.000130  -0.011677
      337 0.000128  -0.011535
      398 0.000127  -0.011471
      829 0.000127   0.011459
      585 0.000125  -0.011292
      687 0.000125   0.011213
      380 0.000122   0.010949
      332 0.000121  -0.010910
      290 0.000121   0.010905
      423 0.000121  -0.010865
      690 0.000121   0.010850
      294 0.000120  -0.010800
      431 0.000119  -0.010734
      697 0.000118   0.010639
      775 0.000118   0.010586
      241 0.000117   0.010573
      217 0.000116  -0.010454
      234 0.000116   0.010436
      645 0.000114   0.010294
      279 0.000113  -0.010195
      573 0.000113   0.010179
      354 0.000110   0.009860
      638 0.000109  -0.009818
      569 0.000109   0.009816
      367 0.000109   0.009802
      908 0.000108  -0.009766
      251 0.000108  -0.009749
      799 0.000107  -0.009635
      298 0.000105  -0.009465
      353 0.000103  -0.009297
      770 0.000103   0.009258
      295 0.000102  -0.009188
      684 0.000102  -0.009177
      329 0.000101  -0.009099
      847 0.000101   0.009089
       88 0.000101  -0.009055
      600 0.000100  -0.008986
      436 0.000100   0.008980
      292 0.000098  -0.008855
      974 0.000097   0.008729
      728 0.000097  -0.008694
      840 0.000091  -0.008227
      734 0.000090  -0.008106
      744 0.000090  -0.008079
      581 0.000088  -0.007967
      611 0.000088  -0.007932
      629 0.000088  -0.007898
      266 0.000087  -0.007857
      723 0.000087  -0.007845
      844 0.000085  -0.007686
      262 0.000083  -0.007476
      594 0.000083  -0.007474
      261 0.000083  -0.007454
       93 0.000083  -0.007448
      281 0.000083   0.007447
      584 0.000081  -0.007269
      782 0.000081  -0.007265
      254 0.000079   0.007119
      560 0.000078  -0.007049
      882 0.000078   0.007012
      864 0.000078   0.006984
      937 0.000077  -0.006911
      390 0.000076   0.006835
      201 0.000075  -0.006759
      552 0.000075  -0.006742
      948 0.000074   0.006653
      342 0.000074   0.006644
      104 0.000073   0.006592
      701 0.000073  -0.006583
      572 0.000073  -0.006558
      769 0.000072   0.006523
      107 0.000072  -0.006459
      843 0.000071  -0.006422
      321 0.000071  -0.006416
     1095 0.000071  -0.006374
      978 0.000071   0.006365
      325 0.000071  -0.006354
      943 0.000070   0.006334
      302 0.000070  -0.006290
      773 0.000069   0.006252
      356 0.000069  -0.006237
      632 0.000069   0.006214
      694 0.000069   0.006205
      654 0.000069   0.006188
      268 0.000068  -0.006153
      291 0.000067   0.006005
      161 0.000065   0.005864
      860 0.000065  -0.005851
     1005 0.000063   0.005703
      236 0.000063   0.005696
      913 0.000061  -0.005497
      826 0.000061  -0.005469
      308 0.000061  -0.005464
      823 0.000061   0.005448
      428 0.000060   0.005436
      386 0.000060   0.005413
      539 0.000059   0.005285
      285 0.000059   0.005278
      722 0.000058  -0.005247
      884 0.000058  -0.005229
      545 0.000058  -0.005222
      319 0.000058   0.005213
      425 0.000058   0.005190
      870 0.000057  -0.005168
      880 0.000057   0.005137
      589 0.000057  -0.005132
      561 0.000057   0.005125
      414 0.000056   0.005083
      765 0.000056   0.005064
      895 0.000055   0.004933
      955 0.000055   0.004926
      364 0.000055  -0.004924
      792 0.000054   0.004857
      922 0.000053  -0.004784
      831 0.000053   0.004781
      801 0.000052  -0.004677
      323 0.000052  -0.004655
      789 0.000051   0.004630
      322 0.000050  -0.004546
      528 0.000050   0.004546
      832 0.000050   0.004542
      627 0.000049   0.004409
      614 0.000048   0.004329
      596 0.000048  -0.004301
      821 0.000047  -0.004249
      283 0.000047   0.004242
      289 0.000047   0.004204
      590 0.000047  -0.004189
      169 0.000046  -0.004180
      748 0.000046  -0.004144
      874 0.000045  -0.004073
      313 0.000045  -0.004047
      535 0.000045   0.004044
      894 0.000045  -0.004031
      879 0.000045  -0.004017
      318 0.000043  -0.003899
      343 0.000043  -0.003884
      148 0.000043   0.003861
       91 0.000042  -0.003799
      650 0.000041  -0.003722
      374 0.000041   0.003680
      226 0.000041   0.003647
      315 0.000040   0.003632
      597 0.000040  -0.003579
      225 0.000039   0.003547
      805 0.000038  -0.003429
      407 0.000037  -0.003350
      881 0.000037  -0.003342
      359 0.000037   0.003295
      366 0.000036   0.003255
      278 0.000036   0.003253
      942 0.000036   0.003246
      950 0.000036  -0.003222
      232 0.000036  -0.003217
      640 0.000035  -0.003177
      491 0.000035   0.003166
      780 0.000035   0.003157
      904 0.000035   0.003140
      518 0.000035   0.003111
      540 0.000034  -0.003101
      842 0.000034  -0.003092
      935 0.000034  -0.003037
      643 0.000033  -0.003010
      394 0.000033   0.002994
      138 0.000033  -0.002938
      542 0.000033   0.002926
      409 0.000032  -0.002905
      532 0.000032   0.002897
      891 0.000032  -0.002891
      488 0.000032   0.002888
      849 0.000032   0.002876
      448 0.000031   0.002794
      727 0.000031  -0.002752
      928 0.000031  -0.002752
      636 0.000030  -0.002740
      357 0.000030  -0.002729
      957 0.000030   0.002705
      830 0.000030   0.002705
      245 0.000030  -0.002683
      933 0.000029   0.002649
      297 0.000029  -0.002639
      244 0.000029  -0.002633
      410 0.000029  -0.002595
      413 0.000029  -0.002588
      310 0.000029  -0.002584
      987 0.000028   0.002559
      988 0.000028  -0.002548
      964 0.000028   0.002530
      740 0.000028  -0.002519
      794 0.000028   0.002512
      475 0.000028  -0.002489
      397 0.000028  -0.002485
      762 0.000027  -0.002454
      971 0.000027  -0.002439
      445 0.000027  -0.002437
      524 0.000027  -0.002429
      685 0.000027  -0.002420
      610 0.000027  -0.002405
      803 0.000027   0.002402
      776 0.000026  -0.002347
      677 0.000026   0.002338
      811 0.000026   0.002336
      649 0.000026  -0.002313
     1032 0.000026   0.002302
     1073 0.000025  -0.002291
     1001 0.000025  -0.002261
      530 0.000025   0.002249
      131 0.000025   0.002221
     1096 0.000024   0.002194
      284 0.000024   0.002182
      382 0.000024  -0.002152
      240 0.000024  -0.002151
      424 0.000024  -0.002131
      833 0.000024  -0.002126
      406 0.000023  -0.002114
      921 0.000023  -0.002086
      360 0.000023   0.002085
      526 0.000023   0.002075
     1034 0.000023  -0.002073
      791 0.000023   0.002069
      802 0.000022   0.002025
      810 0.000022   0.001998
      856 0.000022   0.001991
      680 0.000022   0.001990
      286 0.000022   0.001978
      841 0.000021   0.001889
     1025 0.000021   0.001867
      863 0.000021  -0.001866
      198 0.000021   0.001863
      237 0.000020   0.001843
      858 0.000020  -0.001842
      349 0.000020  -0.001825
      837 0.000020  -0.001814
      333 0.000020  -0.001805
      568 0.000020   0.001798
      838 0.000020  -0.001792
      927 0.000020  -0.001762
      479 0.000019   0.001749
     1010 0.000019   0.001743
      384 0.000019  -0.001740
      514 0.000019   0.001706
      835 0.000019  -0.001704
      432 0.000019   0.001696
      814 0.000018   0.001664
      983 0.000018   0.001662
      350 0.000018   0.001660
      669 0.000018   0.001651
      977 0.000018   0.001620
      224 0.000018  -0.001615
      519 0.000018   0.001598
     1017 0.000018   0.001593
      536 0.000018  -0.001583
      867 0.000018   0.001579
      455 0.000017  -0.001575
      248 0.000017   0.001570
      502 0.000017   0.001566
      714 0.000017  -0.001565
      934 0.000017  -0.001559
      463 0.000017  -0.001545
      437 0.000017   0.001527
      993 0.000017   0.001499
      249 0.000016  -0.001465
      512 0.000016  -0.001442
      949 0.000015   0.001389
     1009 0.000015  -0.001388
      809 0.000015   0.001377
      646 0.000015   0.001368
      917 0.000015   0.001341
      458 0.000015   0.001334
      713 0.000015   0.001329
      662 0.000015  -0.001327
      965 0.000015  -0.001319
      489 0.000015   0.001316
      839 0.000015   0.001313
      902 0.000014  -0.001296
      188 0.000014  -0.001288
      916 0.000014  -0.001246
      899 0.000014  -0.001236
      900 0.000014  -0.001229
      907 0.000013   0.001205
      732 0.000013   0.001203
      505 0.000013   0.001199
      938 0.000013   0.001195
      324 0.000013  -0.001193
     1052 0.000013   0.001173
      609 0.000013   0.001172
      450 0.000013  -0.001152
      238 0.000013  -0.001143
      875 0.000013  -0.001128
      222 0.000013  -0.001127
      876 0.000012  -0.001105
     1003 0.000012  -0.001092
      655 0.000012  -0.001087
     1016 0.000012  -0.001086
      316 0.000012  -0.001064
      608 0.000012  -0.001052
     1020 0.000012  -0.001043
      966 0.000011   0.001035
      816 0.000011   0.001033
      898 0.000011   0.001017
      952 0.000011  -0.001016
      296 0.000011  -0.001009
      959 0.000011  -0.001008
      483 0.000011  -0.001006
      399 0.000011  -0.001005
       98 0.000011  -0.001002
      193 0.000011   0.000986
      402 0.000011  -0.000986
      619 0.000011   0.000984
      487 0.000011  -0.000964
      634 0.000011  -0.000964
      320 0.000011   0.000964
      452 0.000011  -0.000957
      623 0.000011  -0.000955
      346 0.000011   0.000954
      229 0.000011  -0.000947
      681 0.000010  -0.000941
      478 0.000010   0.000939
      691 0.000010   0.000939
      347 0.000010   0.000933
      538 0.000010   0.000920
      461 0.000010   0.000920
     1061 0.000010  -0.000916
      764 0.000010  -0.000914
euclid. distance of OLC and linear combination of EV * x_coef: 0.007532184036343476

Generate samples based on objective loadcase 324
nr_to_generate: 25

Parameter variation distribution settings
distribution: uniform
low: 0.7
high: 1.3

Total process runtime: 0:00:01.309134
