Date and Time:2023-05-12 14:23:16.511024

Initial Settings:
similarity_model: <function cosine_similarity at 0x000001D005A6E5E0>
similarity_threshold: 1e-05
nr_eigv_to_select: None
distribution: uniform
deviation: 0.3
nr_to_generate: 25
recompute: False

Selected eigenvectors and similarity score w.r.t objective loadcase:
objective_loadcase_nr: 787
similarity_model: cosine_similarity
similarity_threshold: 1e-05
nr_eigv_to_select: None
nr_eigv_selected: 492
approximation parameter model: lstsq
similarity score and approx. param. value
:  eigv_idx    score      value
        3 0.576980  45.550527
        1 0.520152  41.064149
        2 0.514581 -40.624363
        0 0.360020  28.422322
        6 0.033182   2.619608
       39 0.028312   2.235119
        4 0.012368   0.976404
      639 0.003544   0.279759
      218 0.002532  -0.199862
      593 0.002173  -0.171582
      186 0.002059  -0.162580
      612 0.002036  -0.160715
      586 0.002025   0.159836
      710 0.001572  -0.124110
      187 0.001350  -0.106564
      595 0.001314   0.103775
      716 0.001300   0.102598
      663 0.001173  -0.092595
      626 0.001114   0.087947
      618 0.001081   0.085333
      668 0.001050   0.082869
      388 0.000937  -0.073987
      194 0.000911   0.071950
      686 0.000908  -0.071684
      599 0.000804   0.063486
      659 0.000774  -0.061144
      688 0.000770  -0.060752
      582 0.000754  -0.059527
      562 0.000751  -0.059250
      621 0.000747  -0.058950
      749 0.000746  -0.058912
      635 0.000744   0.058716
      617 0.000740   0.058394
      670 0.000718   0.056706
       69 0.000663   0.052368
      704 0.000654  -0.051596
      143 0.000652   0.051452
      578 0.000640   0.050490
      341 0.000626   0.049458
      183 0.000614   0.048507
       71 0.000611   0.048209
      733 0.000601   0.047426
       68 0.000588  -0.046429
      718 0.000587  -0.046380
      567 0.000581  -0.045849
      606 0.000575  -0.045370
      602 0.000560  -0.044224
      577 0.000554  -0.043744
      698 0.000518  -0.040889
      579 0.000508   0.040105
      267 0.000504  -0.039772
      253 0.000499  -0.039417
      708 0.000475   0.037479
      575 0.000467   0.036901
      153 0.000463   0.036513
      696 0.000453  -0.035798
      620 0.000449  -0.035441
      735 0.000447  -0.035284
      258 0.000443  -0.034978
      220 0.000441  -0.034825
      666 0.000428  -0.033826
      174 0.000424   0.033510
      683 0.000416   0.032853
      753 0.000403  -0.031812
      707 0.000401  -0.031650
      700 0.000399   0.031522
      641 0.000397  -0.031306
      709 0.000396  -0.031276
      601 0.000393   0.030993
      230 0.000384  -0.030348
      227 0.000371   0.029299
      848 0.000365  -0.028829
      699 0.000357  -0.028206
      412 0.000355  -0.028065
      583 0.000354  -0.027910
      210 0.000345  -0.027227
      807 0.000333   0.026277
      273 0.000333  -0.026268
      419 0.000329  -0.025988
      793 0.000324  -0.025583
      631 0.000318  -0.025072
      403 0.000312   0.024616
      587 0.000312   0.024598
      756 0.000301  -0.023728
      182 0.000299  -0.023639
      235 0.000295  -0.023308
      383 0.000294   0.023216
      269 0.000289  -0.022817
      362 0.000281  -0.022196
      239 0.000266   0.021030
      853 0.000262  -0.020694
      570 0.000262  -0.020669
      263 0.000260  -0.020526
      361 0.000254   0.020024
      763 0.000253   0.019947
      299 0.000252   0.019863
      757 0.000251  -0.019797
      759 0.000241  -0.019008
      184 0.000224  -0.017647
      726 0.000223  -0.017625
      377 0.000223  -0.017622
      741 0.000219   0.017268
      243 0.000214   0.016875
      739 0.000213  -0.016782
      743 0.000208  -0.016438
      301 0.000207  -0.016305
      855 0.000205  -0.016161
      427 0.000200  -0.015766
      580 0.000199  -0.015696
      204 0.000198   0.015643
      604 0.000198  -0.015616
      373 0.000197  -0.015570
      800 0.000196  -0.015468
      564 0.000194  -0.015314
      247 0.000193   0.015211
      750 0.000192   0.015128
      549 0.000190  -0.014992
      818 0.000188  -0.014870
      742 0.000188  -0.014854
      206 0.000188   0.014829
      312 0.000187  -0.014759
      392 0.000180   0.014246
      795 0.000180   0.014207
      576 0.000179  -0.014116
      199 0.000176  -0.013899
      658 0.000175   0.013816
      591 0.000175   0.013815
      400 0.000175  -0.013802
      784 0.000173  -0.013683
      828 0.000171  -0.013526
      553 0.000171  -0.013518
      574 0.000170  -0.013449
      820 0.000169  -0.013342
      223 0.000169   0.013323
      175 0.000168  -0.013261
      857 0.000166  -0.013127
      778 0.000163  -0.012863
      824 0.000163   0.012863
      941 0.000162  -0.012777
      290 0.000158   0.012509
      616 0.000157  -0.012389
      275 0.000157  -0.012388
      711 0.000155   0.012273
      667 0.000154   0.012165
      369 0.000154   0.012150
      337 0.000153  -0.012077
      665 0.000151  -0.011883
      787 0.000149   0.011797
      775 0.000149   0.011783
      332 0.000148  -0.011722
      808 0.000145   0.011453
      628 0.000143   0.011311
      132 0.000142   0.011231
      179 0.000140   0.011041
      736 0.000140  -0.011036
      355 0.000140   0.011031
      137 0.000139  -0.010983
      557 0.000138  -0.010891
      829 0.000136   0.010729
      605 0.000136  -0.010719
      228 0.000134  -0.010563
      585 0.000132  -0.010459
      257 0.000128  -0.010128
      423 0.000128  -0.010089
      431 0.000127  -0.010000
      329 0.000127  -0.009991
      859 0.000127   0.009990
      398 0.000126  -0.009929
      217 0.000125  -0.009872
      279 0.000124  -0.009784
      687 0.000122   0.009666
      298 0.000122  -0.009663
      294 0.000122  -0.009619
       88 0.000121  -0.009529
       70 0.000120   0.009469
      815 0.000120  -0.009447
      790 0.000119   0.009410
      255 0.000117  -0.009224
      697 0.000116   0.009188
      645 0.000116   0.009171
      354 0.000116   0.009169
      171 0.000116  -0.009166
      380 0.000115   0.009081
      799 0.000115  -0.009078
      566 0.000114   0.009033
      569 0.000114   0.009018
      908 0.000113  -0.008898
      690 0.000112   0.008865
      277 0.000110   0.008653
      201 0.000108  -0.008515
      241 0.000106   0.008356
      744 0.000105  -0.008302
      266 0.000102  -0.008079
      769 0.000102   0.008068
      295 0.000101  -0.008013
      770 0.000101   0.007999
      684 0.000099  -0.007823
       93 0.000098  -0.007754
      974 0.000098   0.007752
      271 0.000097   0.007695
      728 0.000097  -0.007680
      353 0.000097  -0.007656
      600 0.000097  -0.007641
      573 0.000097   0.007632
      840 0.000095  -0.007510
      638 0.000095  -0.007491
      367 0.000095   0.007478
      292 0.000094  -0.007396
      611 0.000093  -0.007364
      436 0.000093   0.007324
      948 0.000092   0.007263
      937 0.000090  -0.007115
      581 0.000090  -0.007094
      261 0.000090  -0.007068
      104 0.000089   0.007042
      321 0.000089  -0.007037
      782 0.000089  -0.007015
      285 0.000088   0.006958
      844 0.000087  -0.006833
      325 0.000085  -0.006726
      734 0.000084  -0.006660
      860 0.000083  -0.006576
      864 0.000082   0.006491
      594 0.000082  -0.006476
      584 0.000082  -0.006469
      847 0.000082   0.006468
      251 0.000080  -0.006287
      723 0.000079  -0.006275
      560 0.000079  -0.006248
      978 0.000079   0.006233
      342 0.000078   0.006197
      572 0.000076  -0.005978
      281 0.000076   0.005963
      629 0.000074  -0.005847
      762 0.000073  -0.005797
      943 0.000073   0.005767
      234 0.000073   0.005762
      882 0.000073   0.005750
     1095 0.000072  -0.005645
      694 0.000071   0.005592
      843 0.000070  -0.005498
      654 0.000069   0.005424
      291 0.000068   0.005378
      262 0.000068  -0.005359
      701 0.000067  -0.005281
     1005 0.000067   0.005266
      268 0.000067  -0.005255
      302 0.000066  -0.005217
      823 0.000065   0.005127
      913 0.000065  -0.005118
      792 0.000065   0.005098
      390 0.000064   0.005081
      318 0.000064  -0.005048
      773 0.000064   0.005017
      356 0.000063  -0.004990
      138 0.000063  -0.004987
      552 0.000063  -0.004935
      539 0.000062   0.004913
      895 0.000062   0.004862
      319 0.000061   0.004851
      289 0.000061   0.004828
      561 0.000059   0.004641
      283 0.000058   0.004617
      831 0.000058   0.004576
      323 0.000058  -0.004544
      826 0.000057  -0.004530
      722 0.000057  -0.004509
      425 0.000057   0.004503
      545 0.000056  -0.004445
      780 0.000056   0.004440
      428 0.000056   0.004400
      884 0.000056  -0.004388
      632 0.000054   0.004268
      528 0.000054   0.004230
      765 0.000053   0.004185
      922 0.000053  -0.004157
      590 0.000052  -0.004123
      821 0.000052  -0.004099
      414 0.000052   0.004084
      364 0.000051  -0.004065
      955 0.000051   0.004064
      880 0.000050   0.003953
      789 0.000050   0.003949
      322 0.000050  -0.003910
      107 0.000049  -0.003860
      386 0.000049   0.003841
      535 0.000048   0.003800
      284 0.000048   0.003776
      870 0.000048  -0.003763
      589 0.000048  -0.003758
      627 0.000047   0.003718
      748 0.000047  -0.003679
      315 0.000046   0.003653
      244 0.000046  -0.003651
      222 0.000045   0.003575
      413 0.000044  -0.003498
      193 0.000044   0.003450
      374 0.000043   0.003380
      614 0.000042   0.003325
      313 0.000042  -0.003310
      226 0.000042   0.003291
      881 0.000042  -0.003285
      935 0.000041  -0.003244
      596 0.000041  -0.003212
      879 0.000040  -0.003177
      225 0.000040   0.003175
      169 0.000040  -0.003151
      842 0.000040  -0.003128
      643 0.000039  -0.003107
      343 0.000039  -0.003087
      491 0.000037   0.002933
      518 0.000037   0.002894
      308 0.000036  -0.002870
      830 0.000036   0.002840
      832 0.000035   0.002773
      610 0.000034  -0.002703
      838 0.000034  -0.002694
      650 0.000034  -0.002683
      532 0.000034   0.002676
      359 0.000034   0.002675
     1073 0.000034  -0.002672
      240 0.000034  -0.002671
      488 0.000034   0.002660
      894 0.000034  -0.002648
      366 0.000033   0.002626
      237 0.000032   0.002565
      874 0.000032  -0.002564
      333 0.000032  -0.002551
      942 0.000032   0.002521
      957 0.000032   0.002493
      394 0.000031   0.002481
      933 0.000031   0.002458
      540 0.000031  -0.002447
      407 0.000031  -0.002417
      597 0.000030  -0.002406
      542 0.000030   0.002358
      727 0.000030  -0.002356
      410 0.000030  -0.002351
      357 0.000030  -0.002350
      835 0.000029  -0.002313
      409 0.000029  -0.002309
      161 0.000029   0.002303
      448 0.000029   0.002298
      928 0.000029  -0.002289
      445 0.000029  -0.002288
      833 0.000029  -0.002285
      636 0.000029  -0.002272
      131 0.000029   0.002271
      475 0.000029  -0.002267
      524 0.000028  -0.002239
      841 0.000028   0.002189
      971 0.000028  -0.002186
      794 0.000028   0.002177
     1032 0.000027   0.002122
      987 0.000027   0.002113
      310 0.000027  -0.002105
      950 0.000027  -0.002101
      921 0.000027  -0.002095
      811 0.000026   0.002076
      278 0.000026   0.002039
      297 0.000026  -0.002020
      856 0.000026   0.002017
     1034 0.000026  -0.002015
      988 0.000025  -0.001999
      264 0.000025   0.001998
      677 0.000025   0.001988
      526 0.000025   0.001966
     1001 0.000024  -0.001921
      849 0.000024   0.001911
     1010 0.000024   0.001895
      685 0.000024  -0.001892
      252 0.000024  -0.001860
      424 0.000023  -0.001851
      406 0.000023  -0.001828
      530 0.000023   0.001825
     1096 0.000023   0.001820
      791 0.000023   0.001807
      382 0.000022  -0.001771
      798 0.000022  -0.001760
      810 0.000022   0.001757
      360 0.000022   0.001754
      776 0.000022  -0.001709
      245 0.000022  -0.001705
      320 0.000021   0.001683
      286 0.000021   0.001681
      397 0.000021  -0.001671
      964 0.000021   0.001670
      977 0.000021   0.001670
      259 0.000021   0.001652
      868 0.000021   0.001626
      479 0.000021   0.001624
      514 0.000020   0.001601
      927 0.000020  -0.001591
      891 0.000020  -0.001582
      254 0.000020   0.001579
      983 0.000020   0.001562
     1025 0.000019   0.001527
      907 0.000019   0.001526
      649 0.000019  -0.001505
      640 0.000019  -0.001500
      568 0.000019   0.001485
      209 0.000019   0.001482
      959 0.000019  -0.001478
      384 0.000019  -0.001474
      536 0.000018  -0.001456
      904 0.000018   0.001436
      437 0.000018   0.001417
      455 0.000018  -0.001417
      934 0.000018  -0.001413
      463 0.000018  -0.001413
      250 0.000018   0.001405
      609 0.000018   0.001385
      809 0.000018   0.001382
      350 0.000017   0.001333
      669 0.000017   0.001332
      324 0.000017  -0.001318
      519 0.000017   0.001314
     1017 0.000017   0.001312
      349 0.000017  -0.001311
      714 0.000017  -0.001308
      512 0.000017  -0.001306
     1009 0.000017  -0.001303
      432 0.000016   0.001302
      502 0.000016   0.001298
      916 0.000016  -0.001288
      662 0.000016  -0.001275
      764 0.000016  -0.001274
      224 0.000016  -0.001268
      655 0.000015  -0.001218
      296 0.000015  -0.001216
      625 0.000015  -0.001162
      680 0.000015   0.001159
      608 0.000015  -0.001145
      801 0.000014  -0.001144
      188 0.000014  -0.001138
      814 0.000014   0.001124
      732 0.000014   0.001120
      458 0.000014   0.001113
      876 0.000014  -0.001099
      489 0.000014   0.001090
      949 0.000014   0.001089
       74 0.000014   0.001083
      450 0.000013  -0.001058
      875 0.000013  -0.001052
      592 0.000013   0.001045
       54 0.000013   0.001038
       87 0.000013  -0.001037
      984 0.000013  -0.001034
      993 0.000013   0.001032
      917 0.000013   0.001031
      837 0.000013  -0.001017
     1052 0.000013   0.001013
      505 0.000012   0.000985
     1003 0.000012  -0.000985
      316 0.000012  -0.000984
      938 0.000012   0.000974
       81 0.000012   0.000954
      346 0.000012   0.000946
       56 0.000012  -0.000943
      903 0.000012   0.000938
      816 0.000012   0.000928
      713 0.000012   0.000924
       63 0.000012   0.000921
     1016 0.000012  -0.000916
      260 0.000012  -0.000914
       73 0.000012   0.000909
      623 0.000012  -0.000909
      779 0.000011  -0.000906
      634 0.000011  -0.000905
       64 0.000011  -0.000903
      236 0.000011   0.000901
      256 0.000011   0.000900
     1061 0.000011  -0.000898
       86 0.000011  -0.000894
       80 0.000011  -0.000893
      642 0.000011   0.000893
      478 0.000011   0.000891
      487 0.000011  -0.000889
      402 0.000011  -0.000886
       12 0.000011  -0.000875
      839 0.000011   0.000854
       11 0.000011   0.000851
      852 0.000011   0.000847
      461 0.000011   0.000844
      803 0.000011   0.000838
      238 0.000011  -0.000837
      483 0.000011  -0.000837
      229 0.000011  -0.000831
      952 0.000010  -0.000818
      399 0.000010  -0.000816
      671 0.000010   0.000801
     1015 0.000010  -0.000800
euclid. distance of OLC and linear combination of EV * x_coef: 0.007308553354125259

Generate samples based on objective loadcase 787
nr_to_generate: 25

Parameter variation distribution settings
distribution: uniform
low: 0.7
high: 1.3

Total process runtime: 0:00:01.293603
