Date and Time:2023-05-12 14:27:27.686372

Initial Settings:
similarity_model: <function cosine_similarity at 0x000001D005A6E5E0>
similarity_threshold: 1e-05
nr_eigv_to_select: None
distribution: uniform
deviation: 0.3
nr_to_generate: 25
recompute: False

Selected eigenvectors and similarity score w.r.t objective loadcase:
objective_loadcase_nr: 974
similarity_model: cosine_similarity
similarity_threshold: 1e-05
nr_eigv_to_select: None
nr_eigv_selected: 609
approximation parameter model: lstsq
similarity score and approx. param. value
:  eigv_idx    score      value
        3 0.553977  43.756695
        1 0.545309  43.072064
        2 0.493101 -38.948378
        0 0.387358  30.596041
        6 0.043908   3.468147
       39 0.020953   1.655041
        4 0.010862   0.857960
      639 0.003261   0.257552
      186 0.002340  -0.184798
      593 0.001902  -0.150255
      612 0.001884  -0.148772
      586 0.001738   0.137254
      218 0.001692  -0.133634
      710 0.001652  -0.130513
      187 0.001551  -0.122491
      716 0.001527   0.120636
      618 0.001276   0.100825
      668 0.001220   0.096361
      663 0.001167  -0.092158
      143 0.001151   0.090948
      595 0.001125   0.088885
       71 0.001048   0.082800
      194 0.001041   0.082230
       69 0.000976   0.077056
      686 0.000966  -0.076268
      659 0.000899  -0.071048
      749 0.000876  -0.069166
      617 0.000875   0.069150
      626 0.000865   0.068290
      688 0.000840  -0.066318
      388 0.000834  -0.065852
      183 0.000790   0.062390
      599 0.000706   0.055746
      562 0.000688  -0.054365
      635 0.000685   0.054144
      578 0.000670   0.052897
      582 0.000651  -0.051411
      621 0.000630  -0.049770
      579 0.000618   0.048806
      670 0.000617   0.048766
      153 0.000578   0.045654
      182 0.000553  -0.043703
      700 0.000552   0.043596
      733 0.000527   0.041609
      341 0.000525   0.041461
      683 0.000519   0.040981
      735 0.000515  -0.040665
      666 0.000514  -0.040607
      174 0.000510   0.040315
      708 0.000502   0.039624
      698 0.000491  -0.038762
      184 0.000490  -0.038714
      228 0.000473  -0.037375
      577 0.000471  -0.037211
      253 0.000462  -0.036486
      567 0.000445  -0.035135
      606 0.000445  -0.035122
      718 0.000431  -0.034034
      602 0.000419  -0.033102
      709 0.000419  -0.033063
      704 0.000417  -0.032947
      220 0.000411  -0.032441
       68 0.000381  -0.030106
      575 0.000370   0.029231
      267 0.000369  -0.029134
      583 0.000367  -0.028980
      756 0.000366  -0.028889
      601 0.000363   0.028640
      641 0.000360  -0.028402
      699 0.000345  -0.027252
      210 0.000344  -0.027161
      258 0.000340  -0.026837
      137 0.000337  -0.026585
      243 0.000336   0.026560
      757 0.000332  -0.026227
      620 0.000330  -0.026102
      362 0.000322  -0.025434
      204 0.000319   0.025205
      741 0.000310   0.024464
      631 0.000303  -0.023945
      807 0.000301   0.023765
      412 0.000298  -0.023574
      403 0.000298   0.023529
      848 0.000297  -0.023466
      199 0.000297  -0.023440
      739 0.000293  -0.023151
      419 0.000293  -0.023137
      853 0.000287  -0.022651
      383 0.000281   0.022216
      696 0.000263  -0.020810
      604 0.000262  -0.020692
      753 0.000257  -0.020308
      707 0.000254  -0.020034
      587 0.000251   0.019795
      585 0.000245  -0.019361
      570 0.000244  -0.019242
      179 0.000243   0.019219
      132 0.000242   0.019148
      273 0.000236  -0.018654
      787 0.000232   0.018361
      750 0.000229   0.018059
      356 0.000226  -0.017859
      377 0.000218  -0.017219
      576 0.000213  -0.016840
      628 0.000212   0.016738
      175 0.000212  -0.016720
      400 0.000212  -0.016706
      793 0.000208  -0.016447
      564 0.000202  -0.015993
      369 0.000200   0.015770
      254 0.000198   0.015616
      726 0.000194  -0.015330
      235 0.000190  -0.015003
      580 0.000188  -0.014867
      573 0.000186   0.014687
      271 0.000186   0.014653
      658 0.000181   0.014309
      171 0.000180  -0.014241
      711 0.000180   0.014182
      857 0.000177  -0.013999
      818 0.000175  -0.013818
      665 0.000175  -0.013802
      427 0.000174  -0.013731
      301 0.000173  -0.013673
      828 0.000173  -0.013635
      800 0.000172  -0.013602
      941 0.000172  -0.013580
      549 0.000172  -0.013563
      275 0.000171  -0.013483
      815 0.000169  -0.013370
      743 0.000168  -0.013297
      596 0.000168  -0.013237
      299 0.000161   0.012739
      820 0.000158  -0.012501
      295 0.000158  -0.012486
      557 0.000156  -0.012303
      687 0.000155   0.012282
      269 0.000155  -0.012216
      230 0.000152  -0.011978
      855 0.000150  -0.011835
      257 0.000148  -0.011718
      667 0.000147   0.011637
      222 0.000147  -0.011597
      217 0.000147  -0.011592
      206 0.000146   0.011570
      605 0.000145  -0.011484
      784 0.000145  -0.011482
      380 0.000145   0.011431
      824 0.000144   0.011413
      247 0.000141   0.011132
      790 0.000140   0.011073
      553 0.000140  -0.011035
      239 0.000137   0.010784
      566 0.000135   0.010660
      263 0.000133  -0.010518
      574 0.000133  -0.010479
      847 0.000131   0.010327
      249 0.000131  -0.010327
      859 0.000130   0.010303
      795 0.000129   0.010221
      742 0.000129  -0.010162
      353 0.000128  -0.010109
      588 0.000127   0.009997
      354 0.000125   0.009865
      373 0.000124  -0.009812
      262 0.000124  -0.009779
      279 0.000120  -0.009517
      255 0.000120  -0.009482
      392 0.000119   0.009429
      398 0.000119  -0.009403
      308 0.000119  -0.009388
      829 0.000119   0.009361
      234 0.000119   0.009360
      241 0.000118   0.009300
      808 0.000118   0.009300
      364 0.000115   0.009093
      423 0.000115  -0.009044
      431 0.000114  -0.009042
      736 0.000114  -0.009014
       88 0.000114  -0.008979
      908 0.000113  -0.008926
      277 0.000112   0.008833
      361 0.000111   0.008747
      697 0.000110   0.008697
      690 0.000109   0.008603
      591 0.000108   0.008565
      298 0.000108  -0.008520
      436 0.000107   0.008464
      645 0.000107   0.008456
      236 0.000106   0.008397
      261 0.000106  -0.008356
      974 0.000106   0.008334
      312 0.000104  -0.008192
      600 0.000104  -0.008180
      581 0.000103  -0.008119
      638 0.000100  -0.007886
      840 0.000099  -0.007790
      770 0.000098   0.007763
      266 0.000098  -0.007735
      337 0.000098  -0.007707
      561 0.000098   0.007707
      799 0.000097  -0.007683
      882 0.000097   0.007679
      292 0.000097  -0.007641
      281 0.000096   0.007607
      773 0.000095   0.007475
      169 0.000094  -0.007455
      778 0.000092  -0.007305
      611 0.000090  -0.007104
      728 0.000090  -0.007078
      209 0.000089  -0.007048
      332 0.000089  -0.006997
      294 0.000088  -0.006957
      844 0.000087  -0.006863
      343 0.000087  -0.006846
       93 0.000086  -0.006805
      394 0.000086   0.006761
      640 0.000085  -0.006723
      734 0.000085  -0.006698
      614 0.000083   0.006539
      629 0.000082  -0.006444
      386 0.000081   0.006406
      360 0.000081  -0.006374
      323 0.000081  -0.006373
      104 0.000080   0.006346
      798 0.000080   0.006294
      744 0.000080  -0.006293
     1095 0.000080  -0.006293
      832 0.000079   0.006221
      801 0.000078  -0.006171
      572 0.000078  -0.006142
      590 0.000077  -0.006120
      782 0.000077  -0.006078
      302 0.000077  -0.006049
      684 0.000076  -0.006002
      357 0.000075   0.005932
       70 0.000074   0.005828
      584 0.000073  -0.005798
      748 0.000073  -0.005789
      723 0.000073  -0.005780
      843 0.000073  -0.005761
      616 0.000073  -0.005754
      226 0.000072  -0.005652
      569 0.000072   0.005651
      864 0.000071   0.005616
      740 0.000071  -0.005573
      290 0.000070   0.005524
      937 0.000070  -0.005495
      978 0.000068   0.005389
      107 0.000068  -0.005344
      225 0.000067  -0.005323
      955 0.000067   0.005273
      278 0.000066   0.005243
      594 0.000066  -0.005220
     1005 0.000066   0.005216
      428 0.000066   0.005196
      319 0.000065   0.005120
      359 0.000065  -0.005097
      193 0.000064  -0.005085
      589 0.000064  -0.005029
      313 0.000064  -0.005018
      765 0.000063   0.005013
      913 0.000063  -0.004997
      545 0.000063  -0.004968
      948 0.000063   0.004960
      701 0.000062  -0.004925
      414 0.000062   0.004924
      831 0.000062   0.004899
      288 0.000062   0.004896
      560 0.000062  -0.004888
      227 0.000061   0.004851
      425 0.000061   0.004824
      632 0.000061   0.004799
      654 0.000061   0.004784
      826 0.000061  -0.004780
      367 0.000061   0.004779
      776 0.000060  -0.004739
      879 0.000060  -0.004725
      350 0.000060  -0.004719
      329 0.000059  -0.004687
      922 0.000058  -0.004612
      943 0.000058   0.004578
      694 0.000057   0.004534
      775 0.000057   0.004533
      291 0.000057   0.004529
      148 0.000057   0.004525
      223 0.000057   0.004511
      283 0.000057   0.004506
      803 0.000055   0.004378
      286 0.000055   0.004367
      259 0.000055   0.004332
      597 0.000055  -0.004321
      891 0.000055  -0.004315
      355 0.000054   0.004291
      539 0.000054   0.004237
      287 0.000053  -0.004201
      860 0.000052  -0.004142
      374 0.000052   0.004105
      895 0.000051   0.004009
      293 0.000051  -0.004003
      552 0.000050  -0.003973
      264 0.000050   0.003916
      260 0.000049  -0.003874
       60 0.000049  -0.003872
      870 0.000048  -0.003814
      325 0.000047  -0.003744
      821 0.000047  -0.003733
      792 0.000047   0.003716
      268 0.000047  -0.003715
      200 0.000047  -0.003708
      528 0.000047   0.003708
      802 0.000047   0.003697
      789 0.000047   0.003686
      880 0.000046   0.003669
      568 0.000046  -0.003616
      894 0.000045  -0.003584
      240 0.000044   0.003511
      823 0.000044   0.003502
       63 0.000044   0.003470
      221 0.000044   0.003468
      805 0.000044  -0.003450
      315 0.000043   0.003403
      195 0.000043  -0.003397
      289 0.000043   0.003394
      904 0.000042   0.003334
      160 0.000042   0.003327
      103 0.000042  -0.003313
      722 0.000042  -0.003296
      161 0.000042   0.003292
      535 0.000041   0.003268
      874 0.000041  -0.003246
      884 0.000040  -0.003199
      643 0.000040  -0.003181
       59 0.000040  -0.003167
      863 0.000040  -0.003162
      542 0.000040   0.003151
      330 0.000040  -0.003148
      197 0.000040   0.003127
      759 0.000039   0.003081
       74 0.000039   0.003078
      201 0.000038  -0.003023
      216 0.000037  -0.002956
      540 0.000037  -0.002934
       75 0.000037   0.002923
      358 0.000037   0.002893
      942 0.000036   0.002882
      881 0.000036  -0.002850
      128 0.000036  -0.002832
      237 0.000036  -0.002828
      928 0.000035  -0.002781
      987 0.000035   0.002752
      142 0.000035  -0.002731
      950 0.000034  -0.002668
      320 0.000034  -0.002665
      130 0.000034  -0.002658
      409 0.000034  -0.002654
       86 0.000034   0.002652
      310 0.000033  -0.002643
      390 0.000033   0.002643
      114 0.000033   0.002618
      491 0.000033   0.002614
      518 0.000033   0.002590
      407 0.000033  -0.002583
       87 0.000033   0.002582
      448 0.000033   0.002574
      154 0.000032  -0.002548
      331 0.000032  -0.002515
      282 0.000032   0.002509
     1001 0.000032  -0.002508
      138 0.000031  -0.002473
      105 0.000031  -0.002454
      933 0.000031   0.002451
      532 0.000031   0.002443
      842 0.000031  -0.002422
      196 0.000031  -0.002412
      326 0.000030   0.002368
      265 0.000030  -0.002368
      345 0.000030   0.002340
      382 0.000030   0.002336
       64 0.000029  -0.002329
      488 0.000029   0.002307
      156 0.000029  -0.002300
      445 0.000029  -0.002292
      150 0.000029   0.002281
      101 0.000029  -0.002265
       52 0.000029  -0.002251
      867 0.000028   0.002248
      410 0.000028  -0.002247
      762 0.000028   0.002245
      144 0.000028  -0.002235
      276 0.000028  -0.002224
       89 0.000028   0.002219
      112 0.000028  -0.002204
      118 0.000028   0.002195
      530 0.000028   0.002194
       79 0.000028   0.002192
      609 0.000028  -0.002188
     1032 0.000027   0.002164
      158 0.000027  -0.002163
      475 0.000027  -0.002162
      763 0.000027   0.002161
      296 0.000027   0.002147
      344 0.000027  -0.002143
      152 0.000027  -0.002115
     1025 0.000027   0.002101
       53 0.000027   0.002101
      251 0.000027  -0.002095
      397 0.000026  -0.002089
      229 0.000026   0.002083
      129 0.000026   0.002071
      613 0.000026  -0.002059
      524 0.000026  -0.002032
      993 0.000026   0.002028
      244 0.000025  -0.002008
      192 0.000025   0.001996
      424 0.000025  -0.001995
       77 0.000025  -0.001994
      935 0.000025  -0.001988
      625 0.000025  -0.001968
      858 0.000025  -0.001966
      681 0.000025  -0.001959
       83 0.000025  -0.001948
      321 0.000025  -0.001942
      965 0.000024  -0.001929
      346 0.000024   0.001921
      338 0.000024   0.001910
      349 0.000024   0.001897
      769 0.000024   0.001866
       82 0.000024  -0.001864
      375 0.000024  -0.001862
      139 0.000024  -0.001860
       76 0.000023  -0.001846
      653 0.000023  -0.001823
       50 0.000023   0.001813
      248 0.000023  -0.001811
      565 0.000023  -0.001806
      396 0.000022   0.001777
      964 0.000022   0.001767
      322 0.000022  -0.001764
      215 0.000022  -0.001762
     1034 0.000022  -0.001753
       17 0.000022  -0.001752
      559 0.000022   0.001747
       19 0.000022   0.001734
       78 0.000022  -0.001732
      724 0.000022   0.001713
      224 0.000022  -0.001700
     1017 0.000021   0.001696
      131 0.000021   0.001694
      900 0.000021  -0.001685
      971 0.000021  -0.001684
      342 0.000021   0.001677
      188 0.000021  -0.001674
      627 0.000021   0.001669
      957 0.000021   0.001659
      432 0.000021   0.001641
      636 0.000021  -0.001639
      242 0.000021   0.001632
      755 0.000021  -0.001629
      198 0.000021  -0.001628
       96 0.000020   0.001612
      123 0.000020  -0.001602
      309 0.000020   0.001580
      526 0.000020   0.001579
      610 0.000020   0.001576
      177 0.000020   0.001572
      314 0.000020  -0.001568
      339 0.000020   0.001568
      181 0.000020   0.001566
      917 0.000020   0.001561
      988 0.000020  -0.001553
      714 0.000019  -0.001538
      387 0.000019  -0.001525
      479 0.000019   0.001518
      376 0.000019  -0.001517
      307 0.000019  -0.001506
      502 0.000019   0.001506
      519 0.000019   0.001492
      712 0.000019   0.001485
      603 0.000019  -0.001482
      856 0.000019   0.001476
      233 0.000018   0.001457
      695 0.000018  -0.001453
      250 0.000018   0.001450
      113 0.000018   0.001445
      455 0.000018  -0.001428
      830 0.000018   0.001417
      395 0.000018  -0.001413
      272 0.000018  -0.001412
      270 0.000018   0.001410
       48 0.000018  -0.001407
      729 0.000018   0.001407
      927 0.000018  -0.001404
      685 0.000018  -0.001403
      401 0.000018  -0.001396
       72 0.000018  -0.001393
       21 0.000018   0.001385
      514 0.000018   0.001384
      921 0.000017  -0.001377
      379 0.000017  -0.001371
      649 0.000017  -0.001362
      437 0.000017   0.001352
      647 0.000017   0.001352
      297 0.000017  -0.001349
      556 0.000017  -0.001346
      463 0.000017  -0.001335
      133 0.000017  -0.001331
      489 0.000017   0.001325
      536 0.000017  -0.001322
      656 0.000017  -0.001317
      231 0.000017   0.001314
      141 0.000017   0.001305
      794 0.000016   0.001295
      155 0.000016  -0.001294
      404 0.000016  -0.001292
      852 0.000016   0.001292
      159 0.000016  -0.001285
      512 0.000016  -0.001274
      804 0.000016  -0.001274
       73 0.000016   0.001273
       95 0.000016   0.001262
      328 0.000016  -0.001259
      554 0.000016   0.001256
      120 0.000016   0.001242
      178 0.000016  -0.001236
     1052 0.000016   0.001236
      378 0.000016   0.001236
      949 0.000016   0.001230
      746 0.000016  -0.001227
       62 0.000015  -0.001219
     1073 0.000015  -0.001212
      333 0.000015  -0.001203
      705 0.000015  -0.001192
     1010 0.000015   0.001192
      907 0.000015   0.001186
      458 0.000015   0.001182
      100 0.000015  -0.001178
      108 0.000015  -0.001175
      934 0.000015  -0.001170
       55 0.000015   0.001166
      814 0.000015   0.001165
     1096 0.000015   0.001165
      902 0.000015  -0.001163
      680 0.000015   0.001161
      732 0.000015   0.001159
      811 0.000015   0.001154
      340 0.000015  -0.001151
       15 0.000014   0.001145
      619 0.000014   0.001143
      505 0.000014   0.001133
      426 0.000014   0.001116
      399 0.000014   0.001109
      149 0.000014  -0.001108
      671 0.000014  -0.001102
      977 0.000014   0.001092
      983 0.000014   0.001080
      780 0.000014  -0.001079
      677 0.000013   0.001061
      102 0.000013   0.001060
      450 0.000013  -0.001050
       99 0.000013  -0.001038
      737 0.000013   0.001037
      841 0.000013   0.001027
      238 0.000013   0.001026
      642 0.000013   0.001022
      140 0.000013   0.001020
      938 0.000013   0.001019
      598 0.000013  -0.001016
      887 0.000013  -0.001016
      384 0.000013   0.001013
       91 0.000013  -0.001002
      883 0.000012   0.000984
      664 0.000012   0.000980
      368 0.000012  -0.000979
      558 0.000012  -0.000972
      966 0.000012   0.000970
      810 0.000012   0.000964
      405 0.000012  -0.000964
      623 0.000012  -0.000952
      406 0.000012   0.000936
      747 0.000012  -0.000934
      214 0.000012   0.000932
       67 0.000012   0.000928
      327 0.000012   0.000913
       43 0.000011   0.000903
       45 0.000011  -0.000899
        5 0.000011   0.000894
      318 0.000011   0.000888
      393 0.000011  -0.000887
      538 0.000011   0.000886
       57 0.000011  -0.000885
      483 0.000011  -0.000881
      106 0.000011   0.000877
      899 0.000011  -0.000871
     1009 0.000011  -0.000867
      146 0.000011  -0.000862
      462 0.000011   0.000854
      644 0.000011   0.000849
      875 0.000011   0.000846
      348 0.000011   0.000844
       98 0.000011  -0.000843
      916 0.000011  -0.000835
      650 0.000010  -0.000827
       34 0.000010   0.000809
      151 0.000010  -0.000807
      347 0.000010  -0.000806
      876 0.000010   0.000805
      145 0.000010   0.000804
      371 0.000010   0.000790
euclid. distance of OLC and linear combination of EV * x_coef: 0.007498751140823922

Generate samples based on objective loadcase 974
nr_to_generate: 25

Parameter variation distribution settings
distribution: uniform
low: 0.7
high: 1.3

Total process runtime: 0:00:01.329704
