Date and Time:2023-05-12 14:24:33.198664

Initial Settings:
similarity_model: <function cosine_similarity at 0x000001D005A6E5E0>
similarity_threshold: 1e-05
nr_eigv_to_select: None
distribution: uniform
deviation: 0.3
nr_to_generate: 25
recompute: False

Selected eigenvectors and similarity score w.r.t objective loadcase:
objective_loadcase_nr: 844
similarity_model: cosine_similarity
similarity_threshold: 1e-05
nr_eigv_to_select: None
nr_eigv_selected: 687
approximation parameter model: lstsq
similarity score and approx. param. value
:  eigv_idx    score      value
        1 0.560396  35.706841
        3 0.537416  34.242595
        2 0.480383 -30.608642
        0 0.404074  25.746465
        6 0.052239   3.328502
       39 0.011962   0.762204
        4 0.009889   0.630121
       68 0.006467  -0.412085
      639 0.003449   0.219734
       71 0.003120  -0.198814
       69 0.002594  -0.165299
      186 0.002447  -0.155898
      612 0.001911  -0.121788
      593 0.001705  -0.108629
      618 0.001617   0.103033
      586 0.001539   0.098084
      187 0.001517  -0.096643
      710 0.001462  -0.093151
      716 0.001443   0.091960
      663 0.001416  -0.090236
      668 0.001354   0.086302
      218 0.001337  -0.085217
      194 0.001139   0.072571
       70 0.001088   0.069349
      182 0.001071  -0.068223
      749 0.001039  -0.066196
      659 0.000994  -0.063328
      595 0.000963   0.061340
      617 0.000933   0.059454
      686 0.000808  -0.051459
      579 0.000802   0.051070
      683 0.000794   0.050567
      143 0.000788   0.050219
      688 0.000765  -0.048751
      700 0.000745   0.047501
      599 0.000735   0.046831
      388 0.000732  -0.046615
      228 0.000725  -0.046197
      635 0.000710   0.045258
      582 0.000659  -0.041981
      562 0.000652  -0.041571
      735 0.000628  -0.040008
      184 0.000614  -0.039101
      183 0.000608   0.038748
      253 0.000582  -0.037091
      626 0.000580   0.036970
      578 0.000572   0.036459
      666 0.000565  -0.036004
      602 0.000533  -0.033953
      670 0.000530   0.033801
      621 0.000498  -0.031737
      174 0.000483   0.030758
      733 0.000481   0.030630
      210 0.000460  -0.029320
      698 0.000444  -0.028278
      708 0.000439   0.027954
      341 0.000432   0.027512
      137 0.000431  -0.027455
      362 0.000405  -0.025833
      756 0.000401  -0.025554
      179 0.000400   0.025496
      243 0.000389   0.024801
      199 0.000372  -0.023717
      709 0.000369  -0.023495
      741 0.000368   0.023473
      204 0.000366   0.023332
       91 0.000364  -0.023188
      757 0.000359  -0.022902
      576 0.000357  -0.022740
      606 0.000354  -0.022559
      628 0.000352   0.022409
      171 0.000348  -0.022158
      641 0.000347  -0.022125
      575 0.000344   0.021888
      567 0.000343  -0.021849
      583 0.000338  -0.021567
      153 0.000335   0.021330
      699 0.000327  -0.020836
      236 0.000314   0.020020
      403 0.000312   0.019881
      604 0.000310  -0.019766
      739 0.000310  -0.019749
      853 0.000308  -0.019594
      271 0.000302   0.019218
      620 0.000301  -0.019183
      148 0.000297   0.018910
      161 0.000295   0.018793
      356 0.000291  -0.018515
      132 0.000290   0.018458
      807 0.000288   0.018343
      718 0.000287  -0.018297
      787 0.000286   0.018216
      750 0.000285   0.018141
      400 0.000283  -0.018011
      267 0.000280  -0.017846
      631 0.000273  -0.017387
      138 0.000269   0.017143
      577 0.000267  -0.017023
      383 0.000265   0.016861
      848 0.000260  -0.016573
      220 0.000255  -0.016250
      640 0.000253  -0.016103
      254 0.000252   0.016062
      573 0.000251   0.015984
      419 0.000245  -0.015608
      217 0.000242  -0.015413
      566 0.000234   0.014883
      277 0.000233   0.014836
      601 0.000233   0.014831
      587 0.000230   0.014671
      412 0.000216  -0.013754
      258 0.000211  -0.013425
      665 0.000207  -0.013212
      580 0.000207  -0.013203
      175 0.000204  -0.012978
      232 0.000203  -0.012949
      658 0.000195   0.012405
      377 0.000194  -0.012388
      759 0.000194   0.012377
      557 0.000194  -0.012344
      815 0.000192  -0.012259
      257 0.000184  -0.011745
      857 0.000184  -0.011696
      941 0.000181  -0.011522
      234 0.000179   0.011419
      667 0.000179   0.011393
      394 0.000177   0.011301
      107 0.000175  -0.011171
      564 0.000175  -0.011132
      828 0.000175  -0.011120
      570 0.000173  -0.011031
      552 0.000172  -0.010935
      369 0.000170   0.010827
       88 0.000170   0.010820
      291 0.000168   0.010687
      380 0.000168   0.010683
      273 0.000166  -0.010590
      800 0.000164  -0.010474
       93 0.000163   0.010378
      798 0.000162   0.010339
      206 0.000160   0.010220
      753 0.000160  -0.010176
      320 0.000159   0.010144
      790 0.000157   0.010000
       10 0.000156  -0.009911
        9 0.000155  -0.009901
      690 0.000155   0.009887
      711 0.000155   0.009858
      726 0.000154  -0.009794
      364 0.000153   0.009741
      818 0.000152  -0.009670
      629 0.000148  -0.009429
      249 0.000147  -0.009378
      824 0.000145   0.009229
      354 0.000144   0.009175
      855 0.000142  -0.009041
      406 0.000140  -0.008941
      743 0.000140  -0.008930
      600 0.000140  -0.008897
      574 0.000140  -0.008896
      847 0.000139   0.008854
      687 0.000139   0.008843
      281 0.000138   0.008790
      301 0.000138  -0.008768
      294 0.000137  -0.008750
      230 0.000137   0.008728
      820 0.000136  -0.008676
      276 0.000135   0.008599
      436 0.000135   0.008570
      353 0.000134  -0.008508
      859 0.000133   0.008472
      193 0.000131  -0.008353
      784 0.000131  -0.008335
      594 0.000130  -0.008268
      770 0.000130   0.008259
      645 0.000130   0.008256
      359 0.000128  -0.008168
      427 0.000128  -0.008152
      605 0.000128  -0.008141
      292 0.000127  -0.008119
      553 0.000124  -0.007873
      801 0.000122  -0.007782
      829 0.000121   0.007695
      386 0.000121   0.007691
      402 0.000121  -0.007684
      793 0.000120  -0.007654
      908 0.000120  -0.007645
      296 0.000119  -0.007602
      308 0.000119  -0.007590
      773 0.000118   0.007525
      597 0.000118  -0.007523
      252 0.000117   0.007477
      632 0.000117   0.007447
      581 0.000116  -0.007402
      350 0.000116  -0.007401
      882 0.000113   0.007215
      974 0.000113   0.007193
      808 0.000107   0.006841
      333 0.000107  -0.006813
      335 0.000106  -0.006774
      264 0.000106  -0.006743
      241 0.000106   0.006725
      398 0.000105  -0.006675
      255 0.000104  -0.006635
      374 0.000103   0.006544
      832 0.000103   0.006533
      299 0.000101   0.006433
      262 0.000101  -0.006424
      131 0.000100  -0.006391
      233 0.000100   0.006360
      762 0.000099   0.006318
      213 0.000099   0.006289
      697 0.000099   0.006285
      302 0.000097  -0.006206
      638 0.000097  -0.006165
      357 0.000096   0.006128
      413 0.000096   0.006127
      840 0.000095  -0.006059
      423 0.000095  -0.006033
      799 0.000094  -0.005993
      844 0.000092  -0.005864
       53 0.000092  -0.005837
      367 0.000091   0.005805
      707 0.000090  -0.005733
      704 0.000090  -0.005717
      782 0.000089  -0.005689
      334 0.000089   0.005672
      560 0.000089  -0.005668
      795 0.000088   0.005621
      431 0.000088  -0.005604
      343 0.000087  -0.005567
      763 0.000087  -0.005522
      428 0.000086   0.005484
      414 0.000086   0.005471
      734 0.000086  -0.005449
      247 0.000085   0.005421
       52 0.000083   0.005313
      589 0.000083  -0.005301
     1095 0.000083  -0.005295
      260 0.000083  -0.005294
      603 0.000082  -0.005232
      221 0.000082   0.005213
      611 0.000082  -0.005213
      318 0.000081  -0.005184
      399 0.000080  -0.005113
      736 0.000080  -0.005082
      313 0.000080  -0.005079
      279 0.000079  -0.005064
      742 0.000078  -0.004973
      331 0.000078   0.004971
      584 0.000077  -0.004926
      955 0.000077   0.004926
      214 0.000077   0.004917
      740 0.000075  -0.004802
      701 0.000075  -0.004794
      728 0.000075  -0.004758
      142 0.000075  -0.004757
      146 0.000074   0.004736
      191 0.000074   0.004693
      843 0.000074  -0.004684
      654 0.000073   0.004671
      803 0.000073   0.004650
      879 0.000073  -0.004642
      145 0.000073  -0.004626
      209 0.000072  -0.004618
      150 0.000072  -0.004584
      235 0.000072   0.004581
      224 0.000072  -0.004570
      152 0.000071   0.004553
       55 0.000071  -0.004534
       76 0.000070  -0.004484
      744 0.000070  -0.004476
      222 0.000070  -0.004468
      349 0.000069   0.004401
      864 0.000069   0.004393
      360 0.000069  -0.004392
       62 0.000069  -0.004377
      569 0.000068   0.004353
       46 0.000068   0.004337
      250 0.000068  -0.004319
      684 0.000067  -0.004286
       56 0.000067   0.004283
       59 0.000067  -0.004282
       57 0.000067  -0.004277
      891 0.000067  -0.004277
      723 0.000067  -0.004250
      245 0.000067   0.004249
      297 0.000067  -0.004248
      237 0.000066   0.004236
     1005 0.000066   0.004200
      614 0.000066   0.004196
      608 0.000066  -0.004179
      748 0.000065  -0.004166
      913 0.000065  -0.004152
      680 0.000065   0.004140
      405 0.000064   0.004098
      545 0.000064  -0.004052
       94 0.000064  -0.004047
       47 0.000063  -0.004014
      922 0.000063  -0.004013
      937 0.000063  -0.004010
      627 0.000063   0.004008
      136 0.000063  -0.003987
      643 0.000062  -0.003969
       81 0.000062  -0.003958
      329 0.000062  -0.003955
      216 0.000062  -0.003955
       87 0.000062  -0.003943
       99 0.000062  -0.003938
       50 0.000062  -0.003925
      978 0.000062   0.003924
      287 0.000062  -0.003919
      636 0.000061  -0.003899
       63 0.000061   0.003861
      681 0.000061  -0.003855
      765 0.000060   0.003846
      805 0.000060  -0.003842
      588 0.000060  -0.003831
      802 0.000060   0.003823
      572 0.000060  -0.003815
      215 0.000060  -0.003795
      223 0.000059  -0.003764
      863 0.000059  -0.003729
      539 0.000058   0.003725
      778 0.000058  -0.003697
      361 0.000058   0.003695
      144 0.000058  -0.003670
      776 0.000057  -0.003641
       13 0.000057   0.003640
      904 0.000057   0.003632
       95 0.000057  -0.003601
       75 0.000056   0.003591
      831 0.000056   0.003571
      826 0.000056  -0.003560
      268 0.000056  -0.003554
      242 0.000056   0.003549
      101 0.000055  -0.003532
      238 0.000055   0.003530
       14 0.000055  -0.003516
       83 0.000055   0.003475
       19 0.000054  -0.003471
      373 0.000054  -0.003459
      653 0.000054  -0.003459
      178 0.000054  -0.003446
       80 0.000054   0.003445
      192 0.000053  -0.003389
      103 0.000053  -0.003385
      895 0.000053   0.003374
      943 0.000053   0.003361
      821 0.000053  -0.003357
       77 0.000052   0.003300
      789 0.000051   0.003280
       42 0.000051   0.003270
      147 0.000051   0.003263
       40 0.000051   0.003263
       65 0.000051  -0.003262
       66 0.000051  -0.003260
      312 0.000051  -0.003260
       72 0.000051  -0.003256
      323 0.000051  -0.003254
       60 0.000051  -0.003252
      119 0.000051  -0.003247
      289 0.000051   0.003247
       67 0.000051   0.003228
       58 0.000051  -0.003223
       11 0.000050  -0.003161
      585 0.000050  -0.003155
       73 0.000049  -0.003132
      325 0.000049  -0.003131
      263 0.000049  -0.003129
      139 0.000049  -0.003112
       44 0.000049  -0.003103
      293 0.000048   0.003088
       86 0.000048  -0.003064
      309 0.000048  -0.003059
      894 0.000048  -0.003056
      592 0.000048  -0.003037
       21 0.000048  -0.003035
      948 0.000047   0.003004
      155 0.000047  -0.003004
      266 0.000047  -0.002979
      355 0.000047   0.002979
       82 0.000047   0.002978
      226 0.000047  -0.002977
      322 0.000047  -0.002965
       17 0.000046   0.002962
      420 0.000046   0.002950
      780 0.000046  -0.002942
       48 0.000046   0.002939
      347 0.000046  -0.002937
      229 0.000046   0.002928
      104 0.000046  -0.002928
      540 0.000046  -0.002909
      120 0.000045  -0.002896
      823 0.000045   0.002889
      295 0.000045  -0.002887
       12 0.000045   0.002884
      646 0.000045  -0.002846
      382 0.000045   0.002840
      177 0.000044   0.002788
      275 0.000044   0.002780
       61 0.000043   0.002767
      110 0.000043  -0.002757
       49 0.000043   0.002753
      870 0.000043  -0.002740
      642 0.000043   0.002731
      860 0.000043  -0.002730
      542 0.000043   0.002724
      198 0.000042  -0.002708
      269 0.000042  -0.002699
       37 0.000042  -0.002699
       98 0.000042   0.002691
       23 0.000042  -0.002682
      157 0.000042   0.002665
      190 0.000042   0.002664
      288 0.000042   0.002663
       34 0.000042  -0.002663
      159 0.000042  -0.002651
      549 0.000041  -0.002636
      425 0.000041   0.002630
      675 0.000041  -0.002629
      884 0.000041  -0.002624
      987 0.000041   0.002600
      656 0.000041  -0.002596
      696 0.000041   0.002595
      528 0.000041   0.002593
      248 0.000041  -0.002591
       15 0.000040  -0.002580
       35 0.000040  -0.002568
      880 0.000040   0.002557
      105 0.000040  -0.002555
      664 0.000040   0.002552
      401 0.000040   0.002552
       54 0.000040  -0.002546
      837 0.000040  -0.002544
      881 0.000040  -0.002520
      448 0.000039   0.002510
      647 0.000039   0.002499
      928 0.000039  -0.002498
      244 0.000039  -0.002491
      328 0.000039  -0.002488
      874 0.000039  -0.002480
      409 0.000039  -0.002463
      108 0.000038  -0.002445
       79 0.000038  -0.002410
      390 0.000038   0.002399
      396 0.000038   0.002393
      338 0.000037   0.002379
       64 0.000037  -0.002362
       24 0.000037   0.002340
      151 0.000036   0.002308
      196 0.000036   0.002298
      265 0.000036  -0.002275
      867 0.000036   0.002267
      950 0.000036  -0.002264
      310 0.000036  -0.002263
       32 0.000036  -0.002262
      432 0.000035   0.002258
      625 0.000035   0.002253
       26 0.000035  -0.002252
      942 0.000035   0.002246
      156 0.000035  -0.002217
       28 0.000035   0.002212
      315 0.000035   0.002212
     1001 0.000035  -0.002202
      387 0.000034  -0.002196
      392 0.000034   0.002189
       84 0.000034   0.002179
      965 0.000034  -0.002161
       78 0.000034  -0.002157
      129 0.000034  -0.002150
      225 0.000034  -0.002145
       30 0.000034  -0.002141
      662 0.000033   0.002133
      993 0.000033   0.002127
      530 0.000033   0.002118
      141 0.000032   0.002064
      695 0.000032  -0.002053
      616 0.000032   0.002051
      849 0.000032   0.002040
      488 0.000032   0.002036
      814 0.000032   0.002027
      722 0.000032  -0.002014
      933 0.000031   0.001997
      336 0.000031  -0.001987
     1025 0.000031   0.001980
      286 0.000031   0.001972
      384 0.000031   0.001966
       90 0.000031  -0.001946
      491 0.000030   0.001936
      475 0.000030  -0.001919
      240 0.000030  -0.001916
       96 0.000030   0.001906
      434 0.000030   0.001903
      792 0.000030   0.001897
      239 0.000030  -0.001894
       92 0.000030   0.001893
      842 0.000030  -0.001886
      535 0.000029   0.001872
      410 0.000029  -0.001867
      154 0.000029  -0.001865
      839 0.000029   0.001860
      366 0.000029  -0.001843
      888 0.000029   0.001838
      112 0.000028   0.001803
      964 0.000028   0.001774
      219 0.000028  -0.001763
      571 0.000027   0.001726
      197 0.000027  -0.001725
      121 0.000027  -0.001719
     1032 0.000027   0.001717
       85 0.000027   0.001711
      650 0.000027   0.001706
      661 0.000027  -0.001699
      518 0.000027   0.001690
      563 0.000027   0.001689
      375 0.000026   0.001686
      227 0.000026  -0.001664
      532 0.000026   0.001663
      558 0.000026   0.001662
      345 0.000026   0.001660
      900 0.000026  -0.001658
      452 0.000026  -0.001655
      858 0.000026  -0.001650
      158 0.000026  -0.001644
      344 0.000026  -0.001635
      181 0.000026  -0.001634
      404 0.000026   0.001629
      376 0.000026   0.001626
      164 0.000025   0.001623
      875 0.000025  -0.001614
      887 0.000025   0.001596
      134 0.000025   0.001594
       89 0.000025  -0.001592
     1017 0.000025   0.001590
      195 0.000025   0.001587
      598 0.000025   0.001584
      524 0.000025  -0.001582
      633 0.000025  -0.001572
      339 0.000025   0.001567
      407 0.000024  -0.001558
      127 0.000024  -0.001556
      556 0.000024  -0.001552
      648 0.000024  -0.001548
      133 0.000024   0.001544
      538 0.000024   0.001534
      876 0.000024  -0.001533
       16 0.000024   0.001532
      669 0.000024   0.001531
      270 0.000024   0.001521
       74 0.000024  -0.001519
      712 0.000024   0.001516
       20 0.000024   0.001511
      363 0.000024   0.001506
      304 0.000024   0.001505
      128 0.000023   0.001472
      705 0.000023  -0.001467
      172 0.000023   0.001460
      479 0.000023   0.001455
      548 0.000023  -0.001436
      118 0.000022   0.001433
      568 0.000022   0.001432
      149 0.000022   0.001425
      352 0.000022   0.001410
      162 0.000022   0.001394
      917 0.000022   0.001390
      988 0.000022  -0.001384
      938 0.000022   0.001381
      316 0.000022  -0.001377
      130 0.000021   0.001362
      284 0.000021   0.001336
      519 0.000021   0.001333
      126 0.000021   0.001331
      693 0.000021   0.001329
      202 0.000021  -0.001326
      536 0.000021  -0.001325
      685 0.000021  -0.001324
      673 0.000021  -0.001321
      957 0.000020   0.001305
      106 0.000020   0.001302
      561 0.000020   0.001297
      811 0.000020   0.001275
      180 0.000020   0.001267
     1034 0.000020  -0.001266
      395 0.000020  -0.001265
      117 0.000020   0.001254
      449 0.000019   0.001236
      724 0.000019   0.001230
      167 0.000019  -0.001221
      714 0.000019  -0.001217
      282 0.000019  -0.001213
      124 0.000019  -0.001210
      140 0.000019   0.001204
      109 0.000019  -0.001202
      114 0.000019  -0.001197
      610 0.000019  -0.001191
      489 0.000018   0.001176
      971 0.000018  -0.001174
      512 0.000018  -0.001165
      559 0.000018   0.001157
      651 0.000018   0.001155
      458 0.000018   0.001152
      935 0.000018  -0.001147
      125 0.000018   0.001141
      201 0.000018  -0.001139
      321 0.000018   0.001139
      856 0.000018   0.001136
      502 0.000018   0.001132
      555 0.000018  -0.001124
     1052 0.000018   0.001116
      346 0.000017   0.001106
      796 0.000017   0.001102
      165 0.000017   0.001095
      455 0.000017  -0.001087
      816 0.000017   0.001084
      424 0.000017  -0.001083
      966 0.000017   0.001073
      261 0.000017  -0.001057
      852 0.000017  -0.001056
      550 0.000017  -0.001055
     1096 0.000016   0.001047
      463 0.000016  -0.001044
      317 0.000016   0.001022
      168 0.000016  -0.001017
      534 0.000016  -0.001001
      927 0.000015  -0.000986
      514 0.000015   0.000976
      385 0.000015   0.000971
      483 0.000015  -0.000947
      729 0.000015   0.000944
      330 0.000015   0.000938
       25 0.000015   0.000937
      445 0.000015  -0.000935
      208 0.000015  -0.000934
      189 0.000015   0.000933
      755 0.000014  -0.000920
      379 0.000014  -0.000895
      934 0.000014  -0.000888
      607 0.000014   0.000886
      526 0.000014   0.000883
      543 0.000014  -0.000876
      440 0.000014  -0.000868
      921 0.000014  -0.000866
      634 0.000013  -0.000855
      903 0.000013  -0.000855
      671 0.000013  -0.000843
      623 0.000013   0.000842
      389 0.000013   0.000841
      883 0.000013   0.000836
      319 0.000013  -0.000830
      340 0.000013  -0.000826
      116 0.000013   0.000811
      393 0.000013  -0.000805
      899 0.000013   0.000804
       22 0.000013  -0.000801
      994 0.000013  -0.000798
      437 0.000012   0.000790
      170 0.000012   0.000789
      332 0.000012   0.000772
      949 0.000012   0.000768
      732 0.000012   0.000768
      372 0.000012  -0.000763
      211 0.000012  -0.000762
      278 0.000012   0.000756
      505 0.000012   0.000755
      619 0.000012   0.000754
      433 0.000012   0.000754
      246 0.000012   0.000747
        5 0.000012  -0.000745
      547 0.000012  -0.000736
      231 0.000011   0.000732
      590 0.000011   0.000730
     1047 0.000011   0.000725
      207 0.000011   0.000719
      122 0.000011   0.000718
       43 0.000011   0.000714
      473 0.000011  -0.000705
      450 0.000011  -0.000696
      487 0.000011  -0.000689
      691 0.000011   0.000688
      769 0.000011  -0.000677
      285 0.000011  -0.000676
      817 0.000011  -0.000672
      983 0.000010   0.000666
      461 0.000010   0.000656
      365 0.000010   0.000651
     1020 0.000010  -0.000651
euclid. distance of OLC and linear combination of EV * x_coef: 0.005473750508066132

Generate samples based on objective loadcase 844
nr_to_generate: 25

Parameter variation distribution settings
distribution: uniform
low: 0.7
high: 1.3

Total process runtime: 0:00:01.414814
