Date and Time:2023-05-12 14:08:36.167054

Initial Settings:
similarity_model: <function cosine_similarity at 0x000001D005A6E5E0>
similarity_threshold: 1e-05
nr_eigv_to_select: None
distribution: uniform
deviation: 0.3
nr_to_generate: 25
recompute: False

Selected eigenvectors and similarity score w.r.t objective loadcase:
objective_loadcase_nr: 126
similarity_model: cosine_similarity
similarity_threshold: 1e-05
nr_eigv_to_select: None
nr_eigv_selected: 507
approximation parameter model: lstsq
similarity score and approx. param. value
:  eigv_idx    score      value
        3 0.593880  35.134680
        1 0.511548  30.263769
        2 0.511400 -30.255048
        0 0.350184  20.717316
       39 0.026803   1.585713
        6 0.022717   1.343982
        4 0.012899   0.763100
      639 0.003088   0.182715
      218 0.002397  -0.141780
       68 0.002055  -0.121549
      593 0.001917  -0.113413
      186 0.001838  -0.108763
      586 0.001801   0.106533
      612 0.001785  -0.105590
      710 0.001644  -0.097247
      187 0.001213  -0.071767
      595 0.001177   0.069658
      143 0.001115   0.065939
      716 0.001094   0.064717
      618 0.001022   0.060450
      668 0.001009   0.059675
      626 0.001003   0.059346
      663 0.000998  -0.059049
      749 0.000941  -0.055676
      686 0.000936  -0.055395
      388 0.000829  -0.049066
      688 0.000803  -0.047518
      194 0.000803   0.047495
      659 0.000726  -0.042954
      617 0.000702   0.041536
      599 0.000697   0.041260
      621 0.000675  -0.039924
      562 0.000664  -0.039275
      582 0.000662  -0.039150
      635 0.000647   0.038298
      670 0.000629   0.037222
      704 0.000618  -0.036573
      183 0.000572   0.033831
      341 0.000560   0.033129
      578 0.000559   0.033046
      718 0.000540  -0.031936
      735 0.000540  -0.031935
      733 0.000529   0.031272
      567 0.000527  -0.031159
      606 0.000513  -0.030359
      708 0.000496   0.029354
      577 0.000496  -0.029349
      579 0.000483   0.028581
      602 0.000480  -0.028392
      267 0.000472  -0.027927
      153 0.000459   0.027171
      253 0.000459  -0.027157
      698 0.000450  -0.026597
      220 0.000442  -0.026151
      696 0.000429  -0.025391
      575 0.000427   0.025266
      709 0.000423  -0.025021
      258 0.000417  -0.024651
      666 0.000413  -0.024411
      174 0.000406   0.024029
      137 0.000393  -0.023240
      620 0.000385  -0.022788
      753 0.000380  -0.022500
      707 0.000376  -0.022242
       70 0.000372   0.022033
      601 0.000368   0.021777
      230 0.000359  -0.021259
      756 0.000352  -0.020829
      641 0.000348  -0.020578
      243 0.000331   0.019603
      683 0.000326   0.019285
      227 0.000318   0.018784
      848 0.000317  -0.018777
      412 0.000316  -0.018684
      583 0.000315  -0.018635
      273 0.000313  -0.018509
      853 0.000308  -0.018206
      699 0.000304  -0.017982
      700 0.000296   0.017519
      759 0.000294  -0.017399
      419 0.000290  -0.017179
      793 0.000288  -0.017052
      403 0.000287   0.016964
      763 0.000282   0.016703
      210 0.000280  -0.016556
      269 0.000278  -0.016449
      587 0.000276   0.016306
      757 0.000275  -0.016258
      741 0.000274   0.016187
      631 0.000272  -0.016063
      362 0.000270  -0.015988
       69 0.000269   0.015920
      726 0.000268  -0.015877
      263 0.000268  -0.015870
      383 0.000268   0.015851
      239 0.000265   0.015691
      807 0.000262   0.015476
      235 0.000256  -0.015149
      182 0.000256  -0.015128
      739 0.000254  -0.015042
      750 0.000253   0.014981
      132 0.000246   0.014543
      299 0.000240   0.014178
      787 0.000239   0.014131
      228 0.000238  -0.014097
      361 0.000231   0.013643
      570 0.000225  -0.013306
      857 0.000214  -0.012668
      206 0.000208   0.012302
      743 0.000198  -0.011712
      377 0.000196  -0.011602
      818 0.000194  -0.011448
      184 0.000192  -0.011358
      824 0.000191   0.011276
      576 0.000187  -0.011079
      301 0.000186  -0.010985
      204 0.000185   0.010954
      742 0.000183  -0.010846
      855 0.000178  -0.010550
      427 0.000176  -0.010410
      658 0.000175   0.010367
      312 0.000175  -0.010324
      373 0.000174  -0.010276
      247 0.000172   0.010193
      859 0.000172   0.010176
      400 0.000172  -0.010164
      770 0.000170   0.010049
      604 0.000167  -0.009884
      199 0.000167  -0.009855
       71 0.000166   0.009796
      564 0.000165  -0.009765
      223 0.000165   0.009747
      829 0.000163   0.009641
      591 0.000162   0.009614
      175 0.000162  -0.009577
      290 0.000161   0.009518
      795 0.000160   0.009453
      553 0.000159  -0.009432
      549 0.000159  -0.009421
      790 0.000157   0.009266
      800 0.000155  -0.009199
      332 0.000155  -0.009175
      580 0.000155  -0.009142
      392 0.000154   0.009139
      277 0.000154   0.009120
      711 0.000153   0.009022
      667 0.000149   0.008844
      337 0.000148  -0.008736
      775 0.000147   0.008702
      628 0.000145   0.008552
      778 0.000142  -0.008400
      784 0.000140  -0.008292
      275 0.000137  -0.008128
      605 0.000137  -0.008102
      736 0.000137  -0.008081
      585 0.000136  -0.008053
      369 0.000136   0.008044
      820 0.000131  -0.007729
      566 0.000129   0.007623
      574 0.000128  -0.007567
      828 0.000128  -0.007554
      808 0.000128   0.007547
      665 0.000126  -0.007463
      179 0.000125   0.007382
      298 0.000123  -0.007306
      941 0.000123  -0.007258
      355 0.000121   0.007156
      616 0.000120  -0.007075
      329 0.000119  -0.007068
      271 0.000118   0.006957
      241 0.000118   0.006957
      279 0.000116  -0.006873
      557 0.000116  -0.006858
      864 0.000115   0.006804
      801 0.000113  -0.006689
      423 0.000113  -0.006663
      645 0.000112   0.006600
      431 0.000111  -0.006569
      943 0.000111   0.006538
      773 0.000110   0.006527
      201 0.000108  -0.006378
      690 0.000107   0.006306
      769 0.000106   0.006283
      884 0.000106  -0.006280
      251 0.000106  -0.006272
      234 0.000105   0.006223
      294 0.000104  -0.006139
      257 0.000103  -0.006104
      354 0.000103   0.006089
      171 0.000103  -0.006085
      217 0.000102  -0.006062
      255 0.000102  -0.006052
      367 0.000100   0.005928
      380 0.000100   0.005901
      638 0.000099  -0.005873
       88 0.000099  -0.005861
      398 0.000098  -0.005783
      744 0.000097  -0.005759
      697 0.000097   0.005720
      687 0.000095   0.005628
      880 0.000095   0.005599
      728 0.000094  -0.005587
      799 0.000094  -0.005584
      684 0.000094  -0.005567
      600 0.000094  -0.005562
      734 0.000093  -0.005516
      762 0.000093  -0.005489
      285 0.000092   0.005460
      321 0.000092  -0.005414
      815 0.000089  -0.005294
      782 0.000089  -0.005293
      353 0.000088  -0.005192
      847 0.000087   0.005167
      436 0.000087   0.005141
      908 0.000086  -0.005087
      589 0.000085  -0.005056
      723 0.000085  -0.005055
      295 0.000084  -0.004972
      292 0.000084  -0.004960
      325 0.000084  -0.004957
      611 0.000083  -0.004916
      870 0.000083  -0.004892
      569 0.000081   0.004764
      843 0.000079  -0.004656
      948 0.000078   0.004632
      107 0.000078  -0.004628
       93 0.000078  -0.004626
      266 0.000078  -0.004610
      281 0.000078   0.004589
      552 0.000077  -0.004554
      594 0.000076  -0.004512
      342 0.000075   0.004422
      823 0.000074   0.004400
      694 0.000074   0.004377
      573 0.000074   0.004350
      581 0.000073  -0.004328
      104 0.000073   0.004309
      937 0.000073  -0.004304
      860 0.000073  -0.004296
      974 0.000072   0.004285
      844 0.000071  -0.004219
      701 0.000071  -0.004183
      840 0.000070  -0.004169
      805 0.000070  -0.004130
      356 0.000069  -0.004076
      826 0.000068  -0.004017
      283 0.000067   0.003967
      308 0.000067  -0.003944
      874 0.000066  -0.003900
      261 0.000066  -0.003895
      894 0.000066  -0.003895
      390 0.000065   0.003825
      978 0.000064   0.003802
       91 0.000064  -0.003763
      654 0.000063   0.003719
      629 0.000063  -0.003700
      302 0.000062  -0.003676
      560 0.000061  -0.003622
      765 0.000060   0.003545
      319 0.000060   0.003544
      318 0.000060  -0.003543
      632 0.000060   0.003537
      386 0.000059   0.003515
      289 0.000059   0.003506
      780 0.000059   0.003492
      722 0.000057  -0.003390
      957 0.000057   0.003356
      539 0.000056   0.003329
      291 0.000056   0.003319
      262 0.000055  -0.003278
      590 0.000055  -0.003233
      964 0.000055   0.003233
      935 0.000055  -0.003230
      428 0.000054   0.003185
      789 0.000054   0.003171
      278 0.000053   0.003123
      268 0.000052  -0.003091
      414 0.000052   0.003061
     1005 0.000052   0.003052
     1095 0.000052  -0.003047
      988 0.000051  -0.003039
      315 0.000051   0.003009
      323 0.000051  -0.003002
      545 0.000051  -0.002994
      169 0.000050  -0.002987
      913 0.000050  -0.002982
      792 0.000050   0.002974
      138 0.000050  -0.002945
      313 0.000049  -0.002926
     1096 0.000049   0.002918
      895 0.000049   0.002890
      849 0.000049   0.002874
      364 0.000048  -0.002856
      572 0.000048  -0.002837
      627 0.000047   0.002808
      528 0.000047   0.002800
      904 0.000046   0.002718
      833 0.000046  -0.002707
      942 0.000046   0.002704
      596 0.000046  -0.002698
      950 0.000045  -0.002686
      425 0.000045   0.002680
      841 0.000045   0.002678
      343 0.000045  -0.002664
      882 0.000045   0.002663
      830 0.000045   0.002638
      193 0.000044   0.002612
      971 0.000043  -0.002558
      831 0.000043   0.002555
      535 0.000043   0.002530
      406 0.000042  -0.002491
      584 0.000042  -0.002487
      413 0.000042  -0.002469
      798 0.000041  -0.002417
      322 0.000040  -0.002359
      643 0.000040  -0.002354
      842 0.000039  -0.002323
      922 0.000039  -0.002306
      727 0.000038  -0.002260
      614 0.000038   0.002227
      374 0.000038   0.002225
      821 0.000037  -0.002206
      394 0.000037   0.002189
      244 0.000036  -0.002147
      838 0.000035  -0.002074
      222 0.000035  -0.002072
      983 0.000035   0.002059
      650 0.000035  -0.002053
      921 0.000034  -0.002033
      685 0.000034  -0.001996
     1073 0.000033  -0.001970
      491 0.000033   0.001968
      407 0.000033  -0.001946
      955 0.000033   0.001928
      881 0.000032  -0.001913
      286 0.000032   0.001896
      518 0.000032   0.001887
      977 0.000032   0.001882
      811 0.000031   0.001844
      488 0.000031   0.001815
      568 0.000030   0.001766
      532 0.000030   0.001764
      791 0.000029   0.001732
      540 0.000029  -0.001727
      561 0.000029   0.001711
      592 0.000029   0.001693
      409 0.000029  -0.001692
      794 0.000029   0.001689
      898 0.000028   0.001654
      161 0.000028   0.001651
      597 0.000028  -0.001648
      236 0.000028   0.001642
      810 0.000028   0.001640
     1009 0.000027  -0.001617
      310 0.000027  -0.001594
      927 0.000027  -0.001568
      669 0.000026   0.001564
      839 0.000026   0.001558
      410 0.000026  -0.001554
      448 0.000026   0.001553
      225 0.000026   0.001540
      837 0.000026  -0.001537
      636 0.000026  -0.001523
      382 0.000026  -0.001522
      475 0.000026  -0.001521
      198 0.000026  -0.001519
      297 0.000026  -0.001513
      524 0.000025  -0.001484
      835 0.000025  -0.001482
      713 0.000025   0.001478
      402 0.000025  -0.001475
      680 0.000025   0.001469
      832 0.000024   0.001447
      357 0.000024  -0.001444
      359 0.000024   0.001443
      328 0.000024  -0.001439
      226 0.000024   0.001435
      933 0.000024   0.001433
      445 0.000024  -0.001431
      934 0.000023  -0.001384
      256 0.000023   0.001345
     1016 0.000022  -0.001329
      748 0.000022  -0.001326
      623 0.000022  -0.001323
      959 0.000022  -0.001315
      856 0.000022   0.001309
      598 0.000022  -0.001308
      526 0.000022   0.001302
      334 0.000022   0.001302
      284 0.000022   0.001298
     1010 0.000022   0.001290
      868 0.000022   0.001276
     1020 0.000022  -0.001272
     1034 0.000021  -0.001266
      876 0.000021  -0.001264
      316 0.000021  -0.001257
      131 0.000021   0.001253
      875 0.000021  -0.001253
      248 0.000021   0.001252
      610 0.000021  -0.001251
     1003 0.000021  -0.001250
      655 0.000021  -0.001243
      764 0.000021  -0.001237
      366 0.000021   0.001236
      928 0.000021  -0.001231
      879 0.000021  -0.001230
      530 0.000021   0.001221
      899 0.000021  -0.001218
      360 0.000021   0.001213
      384 0.000020  -0.001204
      542 0.000020   0.001188
     1032 0.000020   0.001187
      902 0.000020  -0.001185
      916 0.000020  -0.001171
      238 0.000019  -0.001132
      479 0.000019   0.001115
      424 0.000019  -0.001109
      333 0.000019  -0.001097
      609 0.000018   0.001077
      514 0.000018   0.001071
      691 0.000018   0.001068
      432 0.000018   0.001063
      740 0.000018   0.001061
      640 0.000018  -0.001054
      588 0.000018   0.001052
     1040 0.000018  -0.001041
      852 0.000017  -0.001016
      677 0.000017   0.001012
      649 0.000017  -0.001012
      987 0.000017   0.001012
       56 0.000017   0.001007
      270 0.000017  -0.001000
       50 0.000017   0.000983
      399 0.000017  -0.000980
      720 0.000016  -0.000969
      536 0.000016  -0.000965
      637 0.000016  -0.000937
      966 0.000016   0.000936
      463 0.000016  -0.000935
      814 0.000016   0.000930
      729 0.000016  -0.000926
      455 0.000015  -0.000915
      903 0.000015   0.000915
      437 0.000015   0.000915
      209 0.000015   0.000912
      809 0.000015   0.000895
      994 0.000015  -0.000880
     1001 0.000015  -0.000877
      265 0.000015   0.000877
      519 0.000015   0.000873
      717 0.000015  -0.000872
      216 0.000015  -0.000871
      512 0.000014  -0.000856
       45 0.000014   0.000851
      264 0.000014   0.000850
      259 0.000014   0.000849
      502 0.000014   0.000847
      803 0.000014   0.000843
      625 0.000014  -0.000829
      254 0.000014  -0.000827
      714 0.000014  -0.000823
      804 0.000014   0.000812
      984 0.000014  -0.000810
      936 0.000014   0.000808
      405 0.000014   0.000807
      249 0.000014   0.000805
      320 0.000013   0.000793
      188 0.000013  -0.000783
      802 0.000013   0.000783
      282 0.000013  -0.000767
      746 0.000013   0.000760
      648 0.000013  -0.000756
      324 0.000013  -0.000751
      214 0.000013   0.000749
      458 0.000013   0.000747
      613 0.000013  -0.000744
      646 0.000013   0.000741
      949 0.000012   0.000737
      738 0.000012  -0.000730
      760 0.000012  -0.000728
      489 0.000012   0.000717
      232 0.000012  -0.000715
       38 0.000012   0.000711
      732 0.000012   0.000707
      603 0.000012   0.000699
     1025 0.000012   0.000687
      215 0.000012  -0.000682
      450 0.000011  -0.000679
       62 0.000011   0.000661
      671 0.000011   0.000660
      681 0.000011  -0.000644
      863 0.000011   0.000641
      452 0.000011  -0.000640
     1017 0.000011   0.000637
      335 0.000011  -0.000635
      397 0.000011  -0.000631
      505 0.000010   0.000621
      693 0.000010   0.000620
      642 0.000010   0.000614
      487 0.000010  -0.000613
      296 0.000010  -0.000603
     1046 0.000010  -0.000602
      272 0.000010   0.000601
      858 0.000010  -0.000598
      747 0.000010   0.000598
      634 0.000010  -0.000593
       51 0.000010  -0.000593
euclid. distance of OLC and linear combination of EV * x_coef: 0.005593328087026603

Generate samples based on objective loadcase 126
nr_to_generate: 25

Parameter variation distribution settings
distribution: uniform
low: 0.7
high: 1.3

Total process runtime: 0:00:01.286586
