Date and Time:2023-05-12 14:13:20.873747

Initial Settings:
similarity_model: <function cosine_similarity at 0x000001D005A6E5E0>
similarity_threshold: 1e-05
nr_eigv_to_select: None
distribution: uniform
deviation: 0.3
nr_to_generate: 25
recompute: False

Selected eigenvectors and similarity score w.r.t objective loadcase:
objective_loadcase_nr: 340
similarity_model: cosine_similarity
similarity_threshold: 1e-05
nr_eigv_to_select: None
nr_eigv_selected: 473
approximation parameter model: lstsq
similarity score and approx. param. value
:  eigv_idx    score      value
        1 0.549411  62.536596
        3 0.541755  61.665154
        2 0.497226 -56.596716
        0 0.392420  44.667200
        6 0.053457   6.084781
       39 0.019215   2.187122
        4 0.010556   1.201569
      639 0.003801   0.432598
       68 0.002542  -0.289290
      186 0.002258  -0.257066
      612 0.002124  -0.241712
      593 0.002123  -0.241668
      586 0.001935   0.220305
      218 0.001807  -0.205631
      716 0.001605   0.182638
      187 0.001521  -0.173184
      710 0.001519  -0.172877
      663 0.001456  -0.165748
      618 0.001443   0.164292
      668 0.001339   0.152424
      595 0.001224   0.139293
      194 0.001029   0.117086
      659 0.001004  -0.114317
      182 0.000980  -0.111497
      686 0.000932  -0.106082
      626 0.000928   0.105614
      617 0.000923   0.105108
      388 0.000923  -0.105016
      143 0.000919   0.104609
      599 0.000829   0.094330
      688 0.000802  -0.091320
      562 0.000783  -0.089118
      635 0.000782   0.088999
      582 0.000774  -0.088071
      184 0.000751  -0.085508
      670 0.000751   0.085479
      700 0.000726   0.082592
      183 0.000699   0.079619
      621 0.000688  -0.078311
      578 0.000686   0.078044
      579 0.000685   0.077986
      683 0.000677   0.077030
      749 0.000644  -0.073295
      733 0.000643   0.073184
      698 0.000636  -0.072358
      341 0.000586   0.066725
      602 0.000567  -0.064562
      718 0.000550  -0.062613
      666 0.000546  -0.062108
      253 0.000539  -0.061371
      704 0.000524  -0.059618
       71 0.000492  -0.056011
      606 0.000490  -0.055727
      567 0.000486  -0.055332
      708 0.000479   0.054545
      153 0.000451   0.051285
      577 0.000444  -0.050486
      174 0.000442   0.050325
      699 0.000436  -0.049652
      735 0.000436  -0.049633
      641 0.000435  -0.049496
      228 0.000430  -0.048952
       70 0.000423   0.048121
      575 0.000420   0.047757
      220 0.000415  -0.047265
      179 0.000405   0.046069
      620 0.000403  -0.045862
      267 0.000388  -0.044151
      583 0.000385  -0.043817
      709 0.000383  -0.043603
      210 0.000377  -0.042935
      171 0.000364  -0.041421
      362 0.000354  -0.040307
       69 0.000339  -0.038576
      631 0.000339  -0.038573
      707 0.000334  -0.037984
      848 0.000333  -0.037913
      137 0.000324  -0.036828
      419 0.000324  -0.036825
      412 0.000324  -0.036823
      807 0.000321   0.036576
      601 0.000321   0.036562
      756 0.000298  -0.033970
      403 0.000294   0.033517
      757 0.000290  -0.033046
      604 0.000290  -0.033037
      258 0.000289  -0.032861
      587 0.000286   0.032550
      696 0.000283  -0.032178
      243 0.000282   0.032151
      753 0.000274  -0.031206
      576 0.000272  -0.030961
      383 0.000257   0.029207
      628 0.000249   0.028339
      570 0.000247  -0.028073
      377 0.000243  -0.027712
      400 0.000235  -0.026699
      204 0.000234   0.026650
      361 0.000232   0.026362
      132 0.000228   0.025917
      580 0.000227  -0.025856
      741 0.000225   0.025573
      853 0.000223  -0.025411
      273 0.000221  -0.025182
      815 0.000219  -0.024925
      658 0.000217   0.024696
      573 0.000214   0.024389
      564 0.000205  -0.023327
      254 0.000203   0.023108
      739 0.000203  -0.023050
      787 0.000202   0.022939
      793 0.000197  -0.022448
      941 0.000196  -0.022287
      271 0.000196   0.022286
      199 0.000193  -0.021982
      161 0.000192   0.021844
      549 0.000191  -0.021766
      800 0.000190  -0.021662
      665 0.000190  -0.021645
      427 0.000190  -0.021605
      301 0.000189  -0.021529
      373 0.000185  -0.021065
      828 0.000182  -0.020758
      299 0.000179   0.020329
      148 0.000175   0.019922
      277 0.000174   0.019825
      820 0.000174  -0.019776
      175 0.000173  -0.019681
      574 0.000171  -0.019466
      687 0.000171   0.019430
      667 0.000170   0.019371
      355 0.000169   0.019278
      743 0.000168  -0.019153
      557 0.000166  -0.018870
      255 0.000165  -0.018835
      269 0.000164  -0.018665
      247 0.000163   0.018566
      784 0.000161  -0.018311
      711 0.000161   0.018304
      750 0.000161   0.018284
      236 0.000160   0.018235
      398 0.000159  -0.018069
      234 0.000155   0.017651
      857 0.000147  -0.016725
      855 0.000146  -0.016667
      566 0.000146   0.016651
      380 0.000144   0.016383
      392 0.000143   0.016304
      257 0.000141  -0.016020
      640 0.000138  -0.015718
      690 0.000137   0.015631
      235 0.000137  -0.015585
      808 0.000137   0.015557
      367 0.000136   0.015435
      294 0.000135  -0.015394
      605 0.000135  -0.015323
      726 0.000135  -0.015319
      230 0.000134  -0.015227
      795 0.000133   0.015116
      790 0.000132   0.015057
      847 0.000131   0.014862
      227 0.000130   0.014794
      645 0.000129   0.014736
      908 0.000129  -0.014646
      295 0.000128  -0.014626
      818 0.000128  -0.014513
      312 0.000127  -0.014511
      353 0.000127  -0.014463
      423 0.000126  -0.014344
      697 0.000126   0.014311
      431 0.000125  -0.014273
      974 0.000122   0.013938
      436 0.000122   0.013915
      217 0.000122  -0.013875
      742 0.000119  -0.013571
      553 0.000119  -0.013548
      736 0.000118  -0.013375
      275 0.000117  -0.013361
      581 0.000116  -0.013249
      369 0.000116   0.013161
       91 0.000115  -0.013140
      239 0.000115   0.013120
      638 0.000115  -0.013117
      629 0.000113  -0.012863
      263 0.000112  -0.012761
      859 0.000112   0.012743
      585 0.000111  -0.012688
      266 0.000110  -0.012485
      798 0.000110   0.012483
      684 0.000110  -0.012467
      799 0.000109  -0.012444
      354 0.000109   0.012372
      249 0.000108  -0.012345
      882 0.000107   0.012229
      198 0.000107   0.012213
      778 0.000107  -0.012143
      840 0.000106  -0.012033
      107 0.000106  -0.012009
      759 0.000104   0.011883
      591 0.000104   0.011861
      241 0.000104   0.011851
      600 0.000104  -0.011787
      281 0.000103   0.011705
      584 0.000103  -0.011688
      262 0.000100  -0.011391
      740 0.000098  -0.011154
      390 0.000097   0.011064
      611 0.000097  -0.011057
      261 0.000097  -0.011012
      824 0.000096   0.010954
      844 0.000096  -0.010935
      569 0.000095   0.010864
      594 0.000095  -0.010805
      723 0.000094  -0.010705
      616 0.000093  -0.010601
      572 0.000092  -0.010494
      292 0.000092  -0.010472
     1095 0.000091  -0.010337
      561 0.000089   0.010186
      829 0.000088   0.009967
      734 0.000087  -0.009916
      308 0.000086  -0.009838
      744 0.000084  -0.009608
      302 0.000084  -0.009552
      138 0.000084   0.009528
      552 0.000083  -0.009406
      832 0.000081   0.009239
      728 0.000081  -0.009186
      955 0.000079   0.009034
      223 0.000078   0.008932
      298 0.000078  -0.008826
      386 0.000077   0.008821
      762 0.000077   0.008820
      937 0.000077  -0.008765
      701 0.000077  -0.008743
      337 0.000075  -0.008483
      428 0.000074   0.008461
     1005 0.000074   0.008461
      978 0.000073   0.008305
      803 0.000073   0.008265
      560 0.000072  -0.008184
      356 0.000072  -0.008155
      222 0.000072  -0.008151
      843 0.000071  -0.008105
      913 0.000071  -0.008077
      632 0.000071   0.008050
      279 0.000070  -0.008017
      748 0.000070  -0.007969
      414 0.000069   0.007899
      251 0.000069  -0.007883
      654 0.000069   0.007844
      826 0.000068  -0.007694
      545 0.000067  -0.007632
      801 0.000067  -0.007575
      425 0.000066   0.007554
      922 0.000066  -0.007540
      879 0.000066  -0.007532
      291 0.000066   0.007514
      407 0.000065  -0.007394
      332 0.000064  -0.007334
      597 0.000064  -0.007314
      614 0.000064   0.007271
      313 0.000064  -0.007234
      232 0.000063  -0.007204
      948 0.000062   0.007108
      539 0.000062   0.007090
      802 0.000062   0.007087
      364 0.000062  -0.007074
      782 0.000062  -0.007050
      343 0.000061  -0.006999
      863 0.000061  -0.006931
      322 0.000060  -0.006865
      209 0.000060  -0.006838
      891 0.000060  -0.006830
      722 0.000060  -0.006784
      193 0.000059  -0.006764
      789 0.000059   0.006702
      268 0.000059  -0.006665
      329 0.000058  -0.006572
      319 0.000057   0.006512
      895 0.000057   0.006503
      374 0.000057   0.006444
      342 0.000056   0.006391
      776 0.000055  -0.006269
      805 0.000053  -0.006074
      770 0.000053   0.006071
      528 0.000053   0.006033
      397 0.000052  -0.005894
      821 0.000051  -0.005835
      765 0.000049   0.005560
      323 0.000049  -0.005546
      831 0.000048   0.005494
      349 0.000048  -0.005482
      860 0.000048  -0.005418
      325 0.000047  -0.005384
      359 0.000047   0.005302
      542 0.000046   0.005282
      864 0.000046   0.005273
      226 0.000046   0.005229
      289 0.000046   0.005213
      870 0.000044  -0.005042
      823 0.000044   0.005015
      603 0.000044  -0.004982
      394 0.000044   0.004972
      773 0.000044   0.004970
      535 0.000044   0.004960
      225 0.000044   0.004953
      409 0.000044  -0.004952
      627 0.000043   0.004943
      540 0.000043  -0.004937
      987 0.000042   0.004733
      867 0.000041   0.004710
      589 0.000041  -0.004672
      596 0.000041  -0.004669
      881 0.000040  -0.004609
      928 0.000040  -0.004601
      858 0.000040  -0.004588
      169 0.000040  -0.004586
      792 0.000040   0.004580
      366 0.000040   0.004562
      321 0.000039  -0.004486
      297 0.000038  -0.004354
      104 0.000038   0.004306
      448 0.000038   0.004289
      357 0.000038  -0.004286
      874 0.000038  -0.004278
      518 0.000037   0.004234
      650 0.000037  -0.004195
      608 0.000037  -0.004190
      290 0.000036   0.004146
     1001 0.000036  -0.004110
      491 0.000035   0.004013
      775 0.000035   0.003992
      677 0.000035   0.003939
      933 0.000034   0.003927
       88 0.000034  -0.003897
      224 0.000034  -0.003876
      943 0.000033   0.003809
      830 0.000033   0.003785
      350 0.000033   0.003779
      532 0.000033   0.003726
      965 0.000033  -0.003709
      310 0.000032  -0.003697
      410 0.000032  -0.003674
      488 0.000032   0.003640
      993 0.000032   0.003630
      643 0.000032  -0.003601
      445 0.000031  -0.003567
     1025 0.000031   0.003562
      894 0.000031  -0.003551
      904 0.000031   0.003531
      530 0.000031   0.003490
     1032 0.000031   0.003473
      880 0.000030   0.003452
      360 0.000030   0.003447
      694 0.000030   0.003370
      590 0.000029  -0.003357
      475 0.000029  -0.003325
      950 0.000028  -0.003237
      315 0.000028   0.003232
      524 0.000028  -0.003220
      245 0.000028  -0.003204
      942 0.000028   0.003177
      424 0.000027  -0.003110
      382 0.000027  -0.003098
      636 0.000027  -0.003080
     1017 0.000026   0.002962
      588 0.000026  -0.002920
      814 0.000026   0.002909
      884 0.000025  -0.002853
      727 0.000025  -0.002801
      432 0.000024   0.002784
      900 0.000024  -0.002718
      216 0.000024   0.002708
     1034 0.000024  -0.002689
      842 0.000023  -0.002649
      206 0.000023   0.002613
      780 0.000023  -0.002591
      214 0.000023  -0.002575
      685 0.000023  -0.002571
      384 0.000022  -0.002506
      938 0.000022   0.002501
      662 0.000022  -0.002472
      680 0.000022   0.002461
      502 0.000022   0.002452
      917 0.000021   0.002438
      526 0.000021   0.002422
      240 0.000021  -0.002396
      519 0.000021   0.002395
      286 0.000021   0.002384
       93 0.000021  -0.002367
      838 0.000021   0.002356
      402 0.000021   0.002349
      455 0.000021  -0.002347
      592 0.000021  -0.002342
      347 0.000020   0.002326
      213 0.000020  -0.002288
      714 0.000020  -0.002256
      215 0.000020   0.002248
      536 0.000020  -0.002235
      649 0.000020  -0.002226
      505 0.000019   0.002196
      437 0.000019   0.002131
      489 0.000019   0.002122
      856 0.000019   0.002120
      479 0.000019   0.002119
      512 0.000019  -0.002114
      463 0.000019  -0.002114
      514 0.000018   0.002085
     1052 0.000018   0.002060
      538 0.000018   0.002048
      335 0.000018   0.002048
      839 0.000018  -0.002031
      237 0.000018   0.001993
      713 0.000017   0.001951
      458 0.000017   0.001935
      907 0.000017   0.001904
      949 0.000017   0.001898
      283 0.000017   0.001892
      791 0.000016   0.001862
      794 0.000016   0.001823
      248 0.000016   0.001766
      264 0.000015   0.001754
      250 0.000015  -0.001746
      259 0.000015   0.001744
      131 0.000015  -0.001682
      450 0.000015  -0.001681
      732 0.000014   0.001642
      284 0.000014   0.001609
     1010 0.000014   0.001608
      324 0.000014  -0.001583
      811 0.000014   0.001574
      387 0.000014   0.001573
      221 0.000014  -0.001568
      610 0.000014  -0.001554
      935 0.000013  -0.001536
      646 0.000013   0.001533
      669 0.000013   0.001503
      483 0.000013  -0.001496
      619 0.000013   0.001480
      927 0.000013  -0.001469
      816 0.000013   0.001469
      201 0.000013  -0.001445
      921 0.000012  -0.001415
      229 0.000012  -0.001409
      351 0.000012   0.001399
      320 0.000012  -0.001386
      462 0.000012   0.001380
      883 0.000012   0.001362
      285 0.000012   0.001357
      478 0.000012   0.001356
     1073 0.000012  -0.001356
     1047 0.000012   0.001351
      810 0.000012   0.001346
      242 0.000012  -0.001313
      568 0.000011   0.001300
      634 0.000011  -0.001297
      406 0.000011   0.001296
      934 0.000011  -0.001293
      534 0.000011  -0.001292
      971 0.000011  -0.001283
      413 0.000011   0.001276
      244 0.000011  -0.001228
      473 0.000011  -0.001222
      510 0.000011  -0.001212
      598 0.000011   0.001207
      487 0.000011  -0.001201
      260 0.000010  -0.001194
      779 0.000010   0.001176
      418 0.000010  -0.001174
      675 0.000010   0.001158
     1061 0.000010  -0.001156
       87 0.000010  -0.001152
euclid. distance of OLC and linear combination of EV * x_coef: 0.010393189104784142

Generate samples based on objective loadcase 340
nr_to_generate: 25

Parameter variation distribution settings
distribution: uniform
low: 0.7
high: 1.3

Total process runtime: 0:00:01.311591
