Date and Time:2023-05-12 14:08:50.331274

Initial Settings:
similarity_model: <function cosine_similarity at 0x000001D005A6E5E0>
similarity_threshold: 1e-05
nr_eigv_to_select: None
distribution: uniform
deviation: 0.3
nr_to_generate: 25
recompute: False

Selected eigenvectors and similarity score w.r.t objective loadcase:
objective_loadcase_nr: 137
similarity_model: cosine_similarity
similarity_threshold: 1e-05
nr_eigv_to_select: None
nr_eigv_selected: 471
approximation parameter model: lstsq
similarity score and approx. param. value
:  eigv_idx    score      value
        3 0.561603  45.148249
        1 0.536806  43.154760
        2 0.501024 -40.278180
        0 0.378090  30.395267
        6 0.042721   3.434388
       39 0.020805   1.672515
        4 0.011378   0.914667
      639 0.003498   0.281241
       68 0.002637  -0.212007
      186 0.002097  -0.168554
      593 0.002025  -0.162783
      612 0.001954  -0.157124
      218 0.001868  -0.150170
      586 0.001863   0.149758
      710 0.001589  -0.127777
      716 0.001429   0.114857
      187 0.001418  -0.114003
      618 0.001310   0.105336
      663 0.001288  -0.103516
      143 0.001255   0.100875
      668 0.001254   0.100775
      595 0.001194   0.095955
      686 0.000976  -0.078450
      626 0.000964   0.077537
      194 0.000944   0.075864
      659 0.000938  -0.075420
      388 0.000884  -0.071027
      617 0.000861   0.069226
      688 0.000829  -0.066673
      182 0.000780  -0.062684
      599 0.000779   0.062599
      670 0.000735   0.059072
      562 0.000730  -0.058646
      582 0.000726  -0.058374
      635 0.000721   0.057965
      749 0.000715  -0.057487
      621 0.000683  -0.054940
      183 0.000672   0.054024
      578 0.000638   0.051301
      704 0.000621  -0.049912
      733 0.000619   0.049753
      579 0.000615   0.049447
      184 0.000611  -0.049084
      698 0.000603  -0.048513
      700 0.000582   0.046824
      718 0.000581  -0.046716
      341 0.000569   0.045775
      602 0.000538  -0.043249
      683 0.000538   0.043223
      666 0.000521  -0.041917
      606 0.000496  -0.039857
      708 0.000493   0.039649
      567 0.000491  -0.039485
      253 0.000488  -0.039217
      137 0.000474  -0.038124
      577 0.000465  -0.037386
      153 0.000462   0.037117
      735 0.000460  -0.036983
       70 0.000451   0.036266
      174 0.000442   0.035541
      228 0.000433  -0.034827
      575 0.000412   0.033116
      699 0.000412  -0.033102
      620 0.000407  -0.032706
      709 0.000404  -0.032473
      641 0.000398  -0.032022
      267 0.000396  -0.031848
      220 0.000395  -0.031788
      707 0.000379  -0.030474
      696 0.000374  -0.030037
      243 0.000361   0.029035
      583 0.000354  -0.028438
      848 0.000334  -0.026846
      179 0.000327   0.026307
      210 0.000326  -0.026247
      601 0.000325   0.026165
      362 0.000322  -0.025883
      412 0.000321  -0.025784
      753 0.000313  -0.025202
      419 0.000310  -0.024897
      756 0.000309  -0.024814
      631 0.000306  -0.024639
      258 0.000301  -0.024212
      807 0.000297   0.023903
      171 0.000287  -0.023090
      403 0.000287   0.023050
      132 0.000280   0.022482
      587 0.000277   0.022267
      757 0.000276  -0.022224
      383 0.000256   0.020602
      853 0.000241  -0.019372
      576 0.000241  -0.019370
      604 0.000238  -0.019150
      570 0.000238  -0.019101
      273 0.000237  -0.019071
      204 0.000229   0.018387
      741 0.000228   0.018348
      377 0.000226  -0.018198
      793 0.000224  -0.018005
      787 0.000222   0.017838
      400 0.000212  -0.017021
      739 0.000209  -0.016784
      658 0.000205   0.016508
      628 0.000205   0.016506
      361 0.000204   0.016395
      580 0.000201  -0.016128
      269 0.000198  -0.015881
      277 0.000197   0.015799
      564 0.000195  -0.015641
      230 0.000193  -0.015480
      549 0.000189  -0.015226
      750 0.000188   0.015112
      299 0.000187   0.015058
      199 0.000186  -0.014975
      301 0.000185  -0.014903
      427 0.000185  -0.014864
      815 0.000181  -0.014533
      227 0.000179   0.014352
      726 0.000178  -0.014348
      271 0.000178   0.014310
      665 0.000178  -0.014302
      235 0.000175  -0.014108
      743 0.000174  -0.013995
      373 0.000174  -0.013950
      175 0.000173  -0.013936
      800 0.000172  -0.013849
      857 0.000170  -0.013643
      941 0.000167  -0.013447
      247 0.000165   0.013255
      667 0.000163   0.013077
      573 0.000161   0.012958
      711 0.000157   0.012621
      828 0.000156  -0.012531
      161 0.000155   0.012478
      254 0.000155   0.012438
      820 0.000155  -0.012432
      234 0.000153   0.012325
      574 0.000153  -0.012307
      784 0.000153  -0.012282
      687 0.000153   0.012271
      255 0.000151  -0.012159
       71 0.000150  -0.012072
      392 0.000150   0.012038
      790 0.000145   0.011676
      818 0.000144  -0.011599
      795 0.000143   0.011506
      557 0.000143  -0.011495
      241 0.000141   0.011374
      236 0.000140   0.011266
      239 0.000140   0.011243
      263 0.000140  -0.011236
      566 0.000139   0.011190
      312 0.000138  -0.011081
      605 0.000137  -0.011041
      859 0.000136   0.010972
      380 0.000136   0.010967
      355 0.000135   0.010890
      369 0.000135   0.010843
      398 0.000134  -0.010792
      742 0.000134  -0.010786
      855 0.000132  -0.010582
      148 0.000130   0.010440
      553 0.000127  -0.010230
      591 0.000126   0.010131
      690 0.000126   0.010111
      616 0.000125  -0.010044
      275 0.000125  -0.010011
      697 0.000123   0.009918
      778 0.000121  -0.009722
      808 0.000121   0.009714
      423 0.000121  -0.009688
      431 0.000120  -0.009654
      736 0.000119  -0.009600
      354 0.000119   0.009552
      847 0.000119   0.009538
      367 0.000117   0.009442
      294 0.000117  -0.009373
      824 0.000116   0.009360
      217 0.000116  -0.009337
      645 0.000115   0.009272
       91 0.000115  -0.009223
      107 0.000114  -0.009184
      684 0.000113  -0.009058
      257 0.000112  -0.009006
      295 0.000112  -0.008968
      638 0.000111  -0.008939
      908 0.000111  -0.008933
      436 0.000110   0.008869
      585 0.000109  -0.008758
      801 0.000106  -0.008505
      353 0.000105  -0.008471
      974 0.000104   0.008326
      629 0.000103  -0.008257
      829 0.000101   0.008107
      356 0.000100  -0.008005
      799 0.000098  -0.007882
      337 0.000098  -0.007875
      223 0.000098   0.007871
      308 0.000098  -0.007865
      600 0.000097  -0.007818
      581 0.000097  -0.007760
      266 0.000094  -0.007571
      251 0.000094  -0.007545
      770 0.000094   0.007537
      281 0.000093   0.007478
      728 0.000093  -0.007472
      744 0.000092  -0.007427
      594 0.000092  -0.007363
      262 0.000091  -0.007298
      840 0.000090  -0.007206
      611 0.000088  -0.007113
      763 0.000088   0.007100
      844 0.000088  -0.007039
      292 0.000087  -0.006962
      882 0.000086   0.006897
      298 0.000084  -0.006766
      569 0.000084   0.006758
      640 0.000084  -0.006739
      332 0.000084  -0.006723
      561 0.000081   0.006532
      572 0.000081  -0.006503
      723 0.000080  -0.006421
      261 0.000079  -0.006365
      390 0.000079   0.006356
      584 0.000079  -0.006348
      734 0.000079  -0.006344
      386 0.000077   0.006196
      222 0.000076  -0.006097
      249 0.000076  -0.006090
      302 0.000075  -0.006068
     1095 0.000075  -0.006063
      279 0.000075  -0.005999
      206 0.000074   0.005928
      826 0.000073  -0.005892
      843 0.000072  -0.005765
      343 0.000072  -0.005763
      329 0.000072  -0.005760
      552 0.000071  -0.005710
      654 0.000071   0.005695
      701 0.000070  -0.005632
      773 0.000070   0.005598
      937 0.000069  -0.005520
      632 0.000067   0.005426
      864 0.000067   0.005421
      775 0.000067   0.005410
      428 0.000067   0.005396
      748 0.000067  -0.005369
      782 0.000066  -0.005284
      978 0.000065   0.005261
      198 0.000065   0.005225
      740 0.000065  -0.005216
      870 0.000065  -0.005210
     1005 0.000065   0.005202
      832 0.000064   0.005165
      805 0.000064  -0.005136
      290 0.000064   0.005121
      722 0.000064  -0.005106
      414 0.000063   0.005041
      955 0.000062   0.005016
      425 0.000062   0.005007
      545 0.000062  -0.004994
      589 0.000062  -0.004990
      560 0.000062  -0.004983
      291 0.000062   0.004972
      803 0.000062   0.004969
      913 0.000062  -0.004953
      313 0.000060  -0.004857
      943 0.000059   0.004779
      880 0.000059   0.004747
      539 0.000059   0.004723
      948 0.000059   0.004716
      407 0.000057  -0.004586
      884 0.000057  -0.004563
      922 0.000056  -0.004528
      325 0.000056  -0.004514
      798 0.000056   0.004492
      874 0.000056  -0.004486
      597 0.000055  -0.004436
       88 0.000055  -0.004431
      319 0.000055   0.004418
      802 0.000054   0.004360
      614 0.000053   0.004262
      895 0.000052   0.004161
      323 0.000052  -0.004153
      879 0.000051  -0.004126
      765 0.000051   0.004106
      904 0.000051   0.004076
      209 0.000051  -0.004064
      894 0.000051  -0.004063
      528 0.000050   0.004042
      792 0.000050   0.004040
      821 0.000048  -0.003871
      823 0.000048   0.003866
      169 0.000048  -0.003864
      627 0.000048   0.003856
      863 0.000047  -0.003802
      289 0.000047   0.003792
      321 0.000047  -0.003780
      342 0.000047   0.003777
      322 0.000046  -0.003723
      694 0.000046   0.003699
      374 0.000045   0.003652
      860 0.000045  -0.003644
      769 0.000045   0.003584
      268 0.000044  -0.003573
      397 0.000044  -0.003521
      776 0.000043  -0.003484
      535 0.000043   0.003470
      830 0.000043   0.003454
      891 0.000043  -0.003451
      789 0.000041   0.003306
      950 0.000041  -0.003273
      104 0.000041   0.003268
       69 0.000041  -0.003259
      831 0.000041   0.003259
       93 0.000040  -0.003231
      540 0.000040  -0.003209
      138 0.000039   0.003157
      409 0.000039  -0.003142
      232 0.000039  -0.003124
      297 0.000038  -0.003091
      650 0.000037  -0.003012
      677 0.000037   0.002996
      315 0.000037   0.002973
      542 0.000037   0.002967
      394 0.000036   0.002920
      942 0.000036   0.002896
      590 0.000035  -0.002812
      518 0.000035   0.002804
      596 0.000035  -0.002802
      858 0.000035  -0.002795
      881 0.000035  -0.002789
      201 0.000034  -0.002772
      193 0.000034  -0.002769
      608 0.000034  -0.002754
      491 0.000034   0.002733
      448 0.000034   0.002726
      928 0.000034  -0.002723
      987 0.000033   0.002672
      867 0.000032   0.002595
      532 0.000031   0.002512
      278 0.000031   0.002507
      349 0.000031  -0.002486
      310 0.000031  -0.002466
      964 0.000030   0.002446
      488 0.000030   0.002444
      842 0.000030  -0.002444
      410 0.000030  -0.002393
      366 0.000030   0.002387
      933 0.000030   0.002385
      445 0.000030  -0.002381
      224 0.000030  -0.002374
      285 0.000029   0.002306
      643 0.000028  -0.002271
     1001 0.000028  -0.002270
      530 0.000028   0.002228
      839 0.000027  -0.002195
      475 0.000027  -0.002178
      649 0.000027  -0.002160
      988 0.000027  -0.002133
      524 0.000026  -0.002125
      636 0.000026  -0.002097
      334 0.000026   0.002073
     1032 0.000026   0.002068
      424 0.000026  -0.002063
      957 0.000025   0.002022
      759 0.000025  -0.002020
     1025 0.000024   0.001955
      603 0.000024  -0.001937
      588 0.000024  -0.001910
      841 0.000024   0.001907
      245 0.000024  -0.001903
      685 0.000024  -0.001900
      283 0.000023   0.001884
      837 0.000023   0.001873
      935 0.000023  -0.001857
      244 0.000023  -0.001849
      402 0.000023   0.001841
      993 0.000023   0.001838
      286 0.000023   0.001826
      794 0.000022   0.001805
      214 0.000022  -0.001799
     1034 0.000022  -0.001797
      938 0.000022   0.001788
      971 0.000022  -0.001764
      610 0.000022  -0.001764
      216 0.000022   0.001757
      965 0.000022  -0.001744
      364 0.000022  -0.001742
      432 0.000022   0.001732
      526 0.000022   0.001731
     1017 0.000021   0.001699
     1096 0.000021   0.001657
      502 0.000020   0.001598
      727 0.000020  -0.001580
      519 0.000019   0.001562
      814 0.000019   0.001520
      455 0.000019  -0.001502
      888 0.000018   0.001479
      921 0.000018  -0.001459
      900 0.000018  -0.001456
      215 0.000018   0.001455
      714 0.000018  -0.001451
      662 0.000018  -0.001432
      949 0.000018   0.001428
      437 0.000018   0.001421
      514 0.000018   0.001419
      536 0.000018  -0.001410
      479 0.000018   0.001409
      213 0.000017  -0.001404
      917 0.000017   0.001401
      463 0.000017  -0.001385
      927 0.000017  -0.001375
      856 0.000017   0.001374
      382 0.000017  -0.001373
      755 0.000017  -0.001369
      406 0.000017   0.001366
      505 0.000017   0.001358
      226 0.000017   0.001350
      838 0.000017   0.001349
      887 0.000017   0.001332
      833 0.000017  -0.001332
      489 0.000017   0.001331
      225 0.000017   0.001331
      512 0.000016  -0.001324
      966 0.000016   0.001317
     1073 0.000016  -0.001305
      359 0.000016   0.001294
      357 0.000016  -0.001265
      835 0.000016  -0.001248
      458 0.000015   0.001242
      934 0.000015  -0.001228
      350 0.000015   0.001214
     1010 0.000015   0.001183
      384 0.000015  -0.001183
      413 0.000015  -0.001175
     1052 0.000015   0.001173
      732 0.000015   0.001166
      899 0.000014   0.001153
      675 0.000014   0.001153
      646 0.000014   0.001137
      328 0.000014  -0.001107
      804 0.000014  -0.001101
      983 0.000014   0.001101
      538 0.000014   0.001100
      264 0.000014   0.001099
      849 0.000014  -0.001098
      450 0.000014  -0.001091
      680 0.000013   0.001062
      360 0.000013   0.001005
      883 0.000012   0.001004
     1020 0.000012  -0.000996
      619 0.000012   0.000949
      977 0.000012   0.000945
      816 0.000012   0.000945
      994 0.000012  -0.000941
      478 0.000012   0.000937
      483 0.000012  -0.000936
     1009 0.000012  -0.000929
      669 0.000011   0.000915
      852 0.000011   0.000911
      791 0.000011   0.000894
      811 0.000011   0.000887
      462 0.000011   0.000879
      713 0.000011   0.000859
      534 0.000011  -0.000847
      634 0.000010  -0.000830
     1016 0.000010  -0.000816
      324 0.000010  -0.000808
      487 0.000010  -0.000806
      318 0.000010  -0.000806
euclid. distance of OLC and linear combination of EV * x_coef: 0.006796007638595886

Generate samples based on objective loadcase 137
nr_to_generate: 25

Parameter variation distribution settings
distribution: uniform
low: 0.7
high: 1.3

Total process runtime: 0:00:01.438265
