Date and Time:2023-05-12 14:17:45.233312

Initial Settings:
similarity_model: <function cosine_similarity at 0x000001D005A6E5E0>
similarity_threshold: 1e-05
nr_eigv_to_select: None
distribution: uniform
deviation: 0.3
nr_to_generate: 25
recompute: False

Selected eigenvectors and similarity score w.r.t objective loadcase:
objective_loadcase_nr: 539
similarity_model: cosine_similarity
similarity_threshold: 1e-05
nr_eigv_to_select: None
nr_eigv_selected: 500
approximation parameter model: lstsq
similarity score and approx. param. value
:  eigv_idx    score      value
        3 0.552401  57.990001
        1 0.544383  57.148321
        2 0.496385 -52.109551
        0 0.386498  40.573822
        6 0.046231   4.853197
       39 0.019782   2.076649
        4 0.010902   1.144486
      639 0.003516   0.369079
       68 0.002506  -0.263043
      186 0.002071  -0.217428
      612 0.001991  -0.209007
      593 0.001973  -0.207086
      218 0.001837  -0.192838
      586 0.001819   0.191005
      710 0.001534  -0.161027
      716 0.001469   0.154161
      618 0.001365   0.143303
      187 0.001345  -0.141200
      663 0.001314  -0.137894
      668 0.001252   0.131395
      595 0.001166   0.122437
      143 0.001112   0.116786
      182 0.000999  -0.104871
      194 0.000934   0.098053
      659 0.000921  -0.096733
      686 0.000908  -0.095352
      626 0.000866   0.090957
      388 0.000866  -0.090861
      617 0.000844   0.088600
      749 0.000817  -0.085759
      688 0.000800  -0.083979
      599 0.000770   0.080848
      635 0.000734   0.077022
      582 0.000726  -0.076183
      562 0.000723  -0.075873
      184 0.000715  -0.075071
      578 0.000665   0.069862
      670 0.000662   0.069489
      579 0.000648   0.067993
      621 0.000631  -0.066220
      183 0.000623   0.065367
      700 0.000622   0.065246
      683 0.000619   0.064947
      733 0.000577   0.060561
      341 0.000543   0.057029
      698 0.000536  -0.056311
      666 0.000514  -0.053943
      735 0.000510  -0.053570
      253 0.000504  -0.052891
      602 0.000489  -0.051360
      708 0.000468   0.049134
      153 0.000462   0.048517
      718 0.000462  -0.048479
      567 0.000460  -0.048255
      606 0.000457  -0.047986
      228 0.000449  -0.047125
      577 0.000446  -0.046803
      174 0.000444   0.046597
      137 0.000433  -0.045496
       70 0.000427   0.044814
      704 0.000408  -0.042820
      220 0.000401  -0.042126
      575 0.000401   0.042047
      179 0.000393   0.041245
      709 0.000391  -0.041038
      641 0.000388  -0.040745
      620 0.000387  -0.040676
      699 0.000379  -0.039746
      267 0.000370  -0.038876
       71 0.000370  -0.038819
      583 0.000366  -0.038457
      756 0.000347  -0.036408
      601 0.000338   0.035523
      362 0.000336  -0.035249
      171 0.000330  -0.034685
      210 0.000320  -0.033624
      403 0.000319   0.033481
      757 0.000315  -0.033093
      848 0.000314  -0.032935
      258 0.000303  -0.031842
      419 0.000299  -0.031381
      807 0.000298   0.031302
      412 0.000298  -0.031279
      631 0.000295  -0.030964
      741 0.000290   0.030416
      383 0.000282   0.029636
      243 0.000281   0.029472
      204 0.000281   0.029447
      604 0.000277  -0.029125
      707 0.000271  -0.028440
      753 0.000270  -0.028311
      587 0.000269   0.028240
      853 0.000264  -0.027692
      739 0.000261  -0.027418
      576 0.000246  -0.025818
      132 0.000241   0.025258
      628 0.000240   0.025165
      199 0.000239  -0.025091
      696 0.000233  -0.024451
      570 0.000232  -0.024391
       69 0.000230  -0.024096
      787 0.000227   0.023878
      400 0.000224  -0.023567
      377 0.000218  -0.022883
      750 0.000217   0.022736
      277 0.000212   0.022209
      273 0.000209  -0.021945
      235 0.000204  -0.021406
      564 0.000202  -0.021241
      793 0.000202  -0.021228
      658 0.000201   0.021138
      580 0.000197  -0.020726
      573 0.000197   0.020666
      271 0.000190   0.019959
      269 0.000187  -0.019653
      356 0.000184  -0.019356
      815 0.000181  -0.018969
      743 0.000180  -0.018920
      800 0.000178  -0.018685
      254 0.000178   0.018662
      301 0.000177  -0.018628
      175 0.000177  -0.018537
      255 0.000174  -0.018303
      941 0.000174  -0.018256
      585 0.000173  -0.018187
      427 0.000173  -0.018149
      665 0.000173  -0.018132
      828 0.000170  -0.017889
      161 0.000168   0.017682
      299 0.000168   0.017664
      857 0.000168  -0.017650
      247 0.000165   0.017343
      369 0.000164   0.017252
      557 0.000163  -0.017113
      726 0.000162  -0.016981
      566 0.000160   0.016830
      148 0.000157   0.016438
      818 0.000156  -0.016383
      855 0.000155  -0.016245
      711 0.000154   0.016194
      667 0.000153   0.016078
      820 0.000153  -0.016075
      687 0.000152   0.015926
      234 0.000151   0.015802
      361 0.000149   0.015666
      784 0.000148  -0.015552
      380 0.000146   0.015292
      241 0.000146   0.015290
      574 0.000144  -0.015115
      549 0.000143  -0.015061
      217 0.000141  -0.014762
      263 0.000139  -0.014637
      553 0.000139  -0.014543
      790 0.000138   0.014473
      230 0.000137  -0.014357
      239 0.000135   0.014131
      605 0.000134  -0.014092
      824 0.000134   0.014029
      257 0.000133  -0.013936
      373 0.000131  -0.013704
      742 0.000130  -0.013620
      690 0.000130   0.013609
      312 0.000129  -0.013573
      795 0.000129   0.013565
      354 0.000128   0.013462
      859 0.000127   0.013372
      808 0.000127   0.013361
      392 0.000126   0.013263
      847 0.000124   0.013069
      640 0.000123  -0.012939
      353 0.000122  -0.012854
      251 0.000122  -0.012850
      736 0.000118  -0.012363
      829 0.000117   0.012329
       91 0.000117  -0.012266
      423 0.000116  -0.012209
      294 0.000115  -0.012106
      908 0.000115  -0.012046
      629 0.000115  -0.012040
      431 0.000114  -0.011963
      295 0.000114  -0.011938
      697 0.000113   0.011877
      645 0.000113   0.011833
      398 0.000113  -0.011817
      436 0.000112   0.011810
      236 0.000109   0.011467
      974 0.000109   0.011443
      292 0.000109  -0.011442
      227 0.000104   0.010970
      107 0.000103  -0.010842
      591 0.000103   0.010818
      209 0.000103  -0.010789
      799 0.000103  -0.010766
      281 0.000102   0.010748
      600 0.000100  -0.010531
      770 0.000098   0.010284
      638 0.000097  -0.010207
      840 0.000097  -0.010206
      193 0.000096  -0.010111
      552 0.000096  -0.010060
      778 0.000096  -0.010052
      684 0.000095  -0.009921
      882 0.000094   0.009835
      367 0.000093   0.009806
      262 0.000093  -0.009789
      594 0.000093  -0.009767
      355 0.000092   0.009656
      596 0.000092  -0.009615
      308 0.000091  -0.009587
      206 0.000091   0.009554
      138 0.000091   0.009512
      616 0.000090  -0.009475
      291 0.000090   0.009433
      611 0.000089  -0.009296
      798 0.000088   0.009284
      801 0.000088  -0.009257
      266 0.000088  -0.009225
      844 0.000088  -0.009223
      744 0.000088  -0.009203
      581 0.000087  -0.009126
      632 0.000086   0.009066
      734 0.000084  -0.008770
      222 0.000083  -0.008761
      773 0.000083   0.008732
      832 0.000082   0.008637
      268 0.000081  -0.008516
      261 0.000081  -0.008514
     1095 0.000081  -0.008452
      302 0.000080  -0.008430
      386 0.000080   0.008404
      569 0.000080   0.008364
      394 0.000080   0.008362
      584 0.000078  -0.008218
      343 0.000078  -0.008209
      223 0.000078   0.008199
      782 0.000078  -0.008143
      843 0.000078  -0.008139
      572 0.000077  -0.008069
      337 0.000076  -0.008027
      937 0.000076  -0.007950
      740 0.000075  -0.007904
      701 0.000075  -0.007832
      560 0.000075  -0.007823
      728 0.000073  -0.007679
      275 0.000073  -0.007664
      290 0.000073   0.007636
      561 0.000072   0.007607
      723 0.000071  -0.007498
      374 0.000071   0.007432
      329 0.000070  -0.007382
      597 0.000070  -0.007370
      428 0.000070   0.007312
      955 0.000070   0.007302
      332 0.000069  -0.007290
      978 0.000068   0.007186
     1005 0.000067   0.007060
      414 0.000067   0.007015
      654 0.000066   0.006965
      948 0.000066   0.006947
      864 0.000065   0.006809
      913 0.000065  -0.006795
      748 0.000064  -0.006767
      325 0.000064  -0.006746
      826 0.000063  -0.006625
      298 0.000062  -0.006462
      545 0.000061  -0.006430
      803 0.000060   0.006267
      539 0.000059   0.006204
      364 0.000058   0.006114
      922 0.000058  -0.006063
      943 0.000057   0.006000
      879 0.000056  -0.005928
      323 0.000056  -0.005906
      722 0.000056  -0.005885
      831 0.000056   0.005866
      776 0.000055  -0.005790
      765 0.000055   0.005787
      425 0.000055   0.005740
      589 0.000054  -0.005633
      870 0.000053  -0.005528
      789 0.000052   0.005495
      245 0.000052  -0.005478
      279 0.000052  -0.005454
      821 0.000052  -0.005453
      169 0.000052  -0.005452
      313 0.000052  -0.005435
      895 0.000052   0.005412
      775 0.000051   0.005405
      860 0.000051  -0.005354
      802 0.000051   0.005325
      590 0.000051  -0.005308
      297 0.000050  -0.005244
      610 0.000050  -0.005242
      805 0.000050  -0.005241
      588 0.000050   0.005207
      528 0.000049   0.005104
      249 0.000048  -0.005068
      891 0.000048  -0.005067
      627 0.000048   0.005065
      333 0.000048  -0.004997
      880 0.000047   0.004949
      884 0.000047  -0.004893
      874 0.000046  -0.004877
      863 0.000046  -0.004867
      390 0.000046   0.004845
      894 0.000044  -0.004636
      636 0.000043  -0.004545
      359 0.000043  -0.004543
      823 0.000043   0.004478
      792 0.000043   0.004469
      319 0.000041   0.004286
      542 0.000040   0.004209
      540 0.000040  -0.004205
      535 0.000040   0.004203
      360 0.000040  -0.004186
      350 0.000040  -0.004148
      315 0.000039   0.004119
      289 0.000039   0.004108
      320 0.000039   0.004098
      904 0.000038   0.003994
      881 0.000038  -0.003945
      104 0.000038   0.003944
      216 0.000038  -0.003940
      357 0.000037   0.003925
      250 0.000037   0.003900
      397 0.000037  -0.003863
      763 0.000037   0.003852
      650 0.000036  -0.003815
      987 0.000036   0.003749
      759 0.000035   0.003717
      226 0.000035  -0.003707
      318 0.000035  -0.003694
      214 0.000035   0.003677
      409 0.000035  -0.003639
      694 0.000035   0.003635
      491 0.000035   0.003634
      928 0.000035  -0.003633
      406 0.000034  -0.003605
      448 0.000034   0.003590
      225 0.000034  -0.003583
      614 0.000034   0.003561
       93 0.000034  -0.003549
      867 0.000034   0.003525
      252 0.000034  -0.003520
      322 0.000034  -0.003519
      762 0.000033   0.003510
      518 0.000033   0.003439
      335 0.000033  -0.003435
      942 0.000032   0.003392
      488 0.000032   0.003369
      310 0.000032  -0.003365
      603 0.000032  -0.003335
      407 0.000032  -0.003331
     1001 0.000032  -0.003323
      402 0.000031  -0.003288
       88 0.000031  -0.003283
      933 0.000031   0.003281
      532 0.000031   0.003257
      224 0.000031  -0.003219
      858 0.000031  -0.003208
      410 0.000030  -0.003191
      950 0.000030  -0.003120
      475 0.000029  -0.003092
      215 0.000029  -0.003021
      334 0.000028   0.002979
      213 0.000028   0.002975
      530 0.000028   0.002973
      342 0.000028   0.002969
     1032 0.000028   0.002911
      935 0.000028  -0.002908
      769 0.000028   0.002896
      965 0.000027  -0.002866
      198 0.000027   0.002840
      524 0.000027  -0.002838
     1025 0.000027   0.002836
      649 0.000027  -0.002791
      677 0.000027   0.002785
      609 0.000026   0.002774
      993 0.000026   0.002727
      328 0.000026  -0.002710
      445 0.000025  -0.002673
      842 0.000025  -0.002642
      331 0.000025   0.002641
      164 0.000025   0.002602
      643 0.000025  -0.002600
      347 0.000024  -0.002553
      432 0.000024   0.002546
      680 0.000023   0.002440
      293 0.000023   0.002440
      259 0.000023  -0.002436
      288 0.000023  -0.002402
      424 0.000022  -0.002350
      685 0.000022  -0.002329
     1034 0.000022  -0.002302
      260 0.000022   0.002300
     1017 0.000022   0.002294
      399 0.000022  -0.002281
      479 0.000021   0.002224
      964 0.000021   0.002221
      165 0.000021   0.002185
      988 0.000020  -0.002129
      285 0.000020   0.002105
      526 0.000020   0.002098
      287 0.000020   0.002082
      837 0.000020  -0.002075
      519 0.000020   0.002071
      814 0.000020   0.002052
      957 0.000019   0.002029
      971 0.000019  -0.002024
      900 0.000019  -0.002024
      382 0.000019   0.002019
      856 0.000019   0.002019
      921 0.000019  -0.002006
      349 0.000019   0.001996
      201 0.000019  -0.001996
      613 0.000019   0.001993
      413 0.000019   0.001988
      662 0.000019  -0.001962
      274 0.000019   0.001950
      455 0.000019  -0.001943
      714 0.000018  -0.001937
      811 0.000018   0.001919
      502 0.000018   0.001916
      536 0.000018  -0.001911
      917 0.000018   0.001902
      849 0.000018   0.001886
      463 0.000018  -0.001857
      514 0.000018   0.001840
      512 0.000017  -0.001819
      321 0.000017  -0.001818
      927 0.000017  -0.001817
      272 0.000017  -0.001806
      282 0.000017  -0.001804
      244 0.000017  -0.001797
      296 0.000017  -0.001796
      437 0.000017   0.001747
      489 0.000017   0.001735
      830 0.000016   0.001668
      458 0.000016   0.001667
     1052 0.000016   0.001665
      538 0.000016   0.001658
      405 0.000016   0.001654
      938 0.000016   0.001648
      188 0.000016  -0.001643
      346 0.000016   0.001636
      794 0.000016   0.001633
      420 0.000016   0.001627
      934 0.000015  -0.001615
      351 0.000015  -0.001613
     1073 0.000015  -0.001584
     1096 0.000015   0.001582
      681 0.000015  -0.001566
     1010 0.000015   0.001562
      248 0.000015  -0.001553
      810 0.000015   0.001537
      732 0.000015   0.001532
      705 0.000014  -0.001482
       98 0.000014  -0.001465
      816 0.000014   0.001457
      966 0.000014   0.001454
      221 0.000014   0.001426
      452 0.000014  -0.001423
      804 0.000014  -0.001419
      907 0.000013   0.001415
      316 0.000013  -0.001411
      284 0.000013   0.001386
      450 0.000013  -0.001376
      505 0.000013   0.001370
      619 0.000013   0.001363
      358 0.000013   0.001341
      712 0.000013   0.001316
      669 0.000013   0.001316
      949 0.000012   0.001293
      983 0.000012   0.001280
      833 0.000012  -0.001269
      841 0.000012   0.001262
      809 0.000012   0.001260
      338 0.000012   0.001251
      483 0.000012  -0.001246
      131 0.000012   0.001242
      883 0.000012   0.001239
       99 0.000012   0.001228
      336 0.000012  -0.001227
      977 0.000012   0.001211
      724 0.000011   0.001191
      634 0.000011  -0.001176
      434 0.000011   0.001156
      791 0.000011   0.001155
      229 0.000011   0.001152
      916 0.000011  -0.001143
      487 0.000011  -0.001132
      534 0.000011  -0.001115
      304 0.000011  -0.001115
      839 0.000011   0.001113
      461 0.000010   0.001093
      162 0.000010   0.001090
     1009 0.000010  -0.001083
     1047 0.000010   0.001077
      101 0.000010   0.001061
      170 0.000010   0.001050
euclid. distance of OLC and linear combination of EV * x_coef: 0.00977855817180346

Generate samples based on objective loadcase 539
nr_to_generate: 25

Parameter variation distribution settings
distribution: uniform
low: 0.7
high: 1.3

Total process runtime: 0:00:01.240037
