Date and Time:2023-05-12 14:24:19.824653

Initial Settings:
similarity_model: <function cosine_similarity at 0x000001D005A6E5E0>
similarity_threshold: 1e-05
nr_eigv_to_select: None
distribution: uniform
deviation: 0.3
nr_to_generate: 25
recompute: False

Selected eigenvectors and similarity score w.r.t objective loadcase:
objective_loadcase_nr: 834
similarity_model: cosine_similarity
similarity_threshold: 1e-05
nr_eigv_to_select: None
nr_eigv_selected: 454
approximation parameter model: lstsq
similarity score and approx. param. value
:  eigv_idx    score      value
        1 0.552356  55.134920
        3 0.539629  53.864607
        2 0.493670 -49.277015
        0 0.395614  39.489322
        6 0.054802   5.470238
       39 0.016230   1.620092
        4 0.010371   1.035197
       68 0.004950  -0.494065
      639 0.003838   0.383109
      186 0.002383  -0.237836
      612 0.002084  -0.208046
       71 0.002035  -0.203179
      593 0.002023  -0.201945
      586 0.001852   0.184839
       69 0.001658  -0.165471
      218 0.001634  -0.163128
      618 0.001590   0.158686
      187 0.001582  -0.157899
      716 0.001565   0.156259
      663 0.001542  -0.153918
      710 0.001500  -0.149716
      668 0.001417   0.141403
      595 0.001171   0.116901
      194 0.001104   0.110152
      659 0.001069  -0.106702
      617 0.000978   0.097617
      182 0.000959  -0.095686
      686 0.000913  -0.091105
      388 0.000880  -0.087858
      626 0.000842   0.084069
       70 0.000826   0.082417
      599 0.000804   0.080292
      700 0.000801   0.079999
      688 0.000790  -0.078872
      635 0.000789   0.078784
      562 0.000758  -0.075703
      579 0.000758   0.075669
      670 0.000755   0.075331
      143 0.000751   0.074942
      582 0.000745  -0.074347
      683 0.000724   0.072282
      183 0.000705   0.070322
      184 0.000701  -0.069968
      578 0.000680   0.067884
      621 0.000661  -0.065979
      698 0.000654  -0.065249
      733 0.000648   0.064692
      749 0.000632  -0.063036
      718 0.000582  -0.058049
      228 0.000579  -0.057833
      666 0.000575  -0.057409
      253 0.000550  -0.054889
      341 0.000548   0.054698
      704 0.000547  -0.054592
      602 0.000547  -0.054577
      708 0.000474   0.047331
      699 0.000448  -0.044758
      735 0.000448  -0.044735
      567 0.000445  -0.044448
      174 0.000437   0.043602
      641 0.000436  -0.043563
      153 0.000435   0.043434
      210 0.000420  -0.041897
      606 0.000417  -0.041589
      577 0.000404  -0.040319
      179 0.000398   0.039704
      575 0.000396   0.039550
      583 0.000389  -0.038819
      220 0.000387  -0.038651
      362 0.000382  -0.038134
      709 0.000382  -0.038102
      620 0.000380  -0.037972
      171 0.000374  -0.037315
      267 0.000353  -0.035214
      707 0.000346  -0.034493
      631 0.000339  -0.033823
      848 0.000319  -0.031889
      604 0.000315  -0.031403
      601 0.000314   0.031324
      137 0.000308  -0.030762
      576 0.000308  -0.030723
      419 0.000306  -0.030500
      756 0.000303  -0.030254
      628 0.000301   0.030020
      243 0.000300   0.029992
      412 0.000299  -0.029836
      403 0.000293   0.029276
      757 0.000283  -0.028224
      204 0.000281   0.028037
      807 0.000273   0.027286
      587 0.000271   0.027042
      400 0.000260  -0.026001
      258 0.000257  -0.025693
      753 0.000250  -0.024929
      383 0.000247   0.024683
      787 0.000247   0.024655
      696 0.000240  -0.023967
      271 0.000233   0.023305
      573 0.000233   0.023250
      199 0.000230  -0.023003
      377 0.000229  -0.022847
      132 0.000228   0.022775
      658 0.000228   0.022734
      815 0.000226  -0.022592
      236 0.000225   0.022478
      570 0.000222  -0.022188
      254 0.000221   0.022040
      580 0.000220  -0.021957
      853 0.000218  -0.021736
      277 0.000217   0.021696
      564 0.000203  -0.020253
      361 0.000202   0.020173
      640 0.000202  -0.020118
      665 0.000201  -0.020035
      234 0.000200   0.019975
      161 0.000196   0.019539
      148 0.000196   0.019535
       91 0.000196  -0.019515
      941 0.000193  -0.019272
      741 0.000192   0.019121
      739 0.000179  -0.017912
      273 0.000179  -0.017818
      667 0.000176   0.017613
      427 0.000176  -0.017520
      301 0.000175  -0.017464
      687 0.000173   0.017274
      175 0.000173  -0.017231
      566 0.000172   0.017212
      549 0.000167  -0.016645
      857 0.000165  -0.016484
      800 0.000162  -0.016161
      557 0.000162  -0.016144
      828 0.000160  -0.015988
      711 0.000160   0.015959
      750 0.000160   0.015950
      299 0.000159   0.015914
      255 0.000159  -0.015837
      257 0.000157  -0.015702
      743 0.000156  -0.015612
      373 0.000156  -0.015573
      574 0.000155  -0.015458
      398 0.000154  -0.015395
      380 0.000154   0.015365
      247 0.000154   0.015322
      355 0.000153   0.015290
      790 0.000151   0.015050
      820 0.000149  -0.014827
      138 0.000147   0.014651
      367 0.000146   0.014582
      793 0.000145  -0.014518
      217 0.000144  -0.014361
      690 0.000144   0.014326
      295 0.000142  -0.014210
      784 0.000141  -0.014094
      353 0.000138  -0.013821
      645 0.000137   0.013717
      726 0.000137  -0.013710
      269 0.000137  -0.013661
      859 0.000137   0.013627
      585 0.000134  -0.013348
      436 0.000133   0.013282
      107 0.000132  -0.013180
      759 0.000130   0.013022
      847 0.000129   0.012881
      798 0.000128   0.012759
      908 0.000127  -0.012707
      697 0.000125   0.012475
      581 0.000125  -0.012441
      818 0.000123  -0.012310
      629 0.000122  -0.012157
      855 0.000122  -0.012150
      808 0.000121   0.012038
      249 0.000120  -0.012012
      736 0.000120  -0.011957
      294 0.000119  -0.011860
      423 0.000119  -0.011854
      222 0.000118  -0.011822
      801 0.000118  -0.011804
      600 0.000118  -0.011754
      974 0.000118   0.011734
      431 0.000117  -0.011662
      605 0.000117  -0.011656
      392 0.000117   0.011650
      266 0.000116  -0.011582
      281 0.000115   0.011487
      795 0.000115   0.011440
      638 0.000114  -0.011404
      263 0.000113  -0.011271
      241 0.000113   0.011264
      684 0.000112  -0.011177
      829 0.000111   0.011055
      594 0.000110  -0.011005
      742 0.000110  -0.010935
      356 0.000109  -0.010908
      553 0.000109  -0.010870
      552 0.000108  -0.010814
      369 0.000108   0.010760
      354 0.000108   0.010743
      312 0.000107  -0.010727
      308 0.000107  -0.010654
      261 0.000106  -0.010585
      235 0.000103  -0.010252
      824 0.000102   0.010192
      840 0.000101  -0.010115
      390 0.000101   0.010114
      572 0.000098  -0.009795
      844 0.000097  -0.009646
      803 0.000096   0.009622
      723 0.000096  -0.009615
      292 0.000096  -0.009615
      882 0.000096   0.009585
      611 0.000096  -0.009564
      805 0.000095  -0.009518
      262 0.000095  -0.009472
      740 0.000094  -0.009396
      799 0.000094  -0.009337
      386 0.000093   0.009235
      302 0.000092  -0.009174
      584 0.000091  -0.009119
      561 0.000090   0.009030
      275 0.000089  -0.008878
      762 0.000086   0.008613
     1095 0.000086  -0.008568
      734 0.000086  -0.008562
      701 0.000085  -0.008459
      802 0.000083   0.008244
      428 0.000082   0.008163
      632 0.000081   0.008109
      728 0.000081  -0.008058
      778 0.000081  -0.008040
      826 0.000080  -0.007969
      597 0.000080  -0.007961
      569 0.000078   0.007748
      374 0.000078   0.007737
      414 0.000077   0.007717
      744 0.000077  -0.007684
      832 0.000077   0.007679
      291 0.000077   0.007667
      955 0.000075   0.007495
      313 0.000074  -0.007417
      591 0.000073   0.007328
      343 0.000073  -0.007268
      560 0.000073  -0.007253
      198 0.000071   0.007073
     1005 0.000070   0.007029
      268 0.000070  -0.007001
      913 0.000070  -0.006973
      394 0.000070   0.006963
      251 0.000070  -0.006957
      937 0.000069  -0.006916
      545 0.000068  -0.006837
      978 0.000068   0.006750
      298 0.000065  -0.006520
      922 0.000065  -0.006503
      776 0.000065  -0.006486
      407 0.000065  -0.006479
      654 0.000065   0.006446
      843 0.000064  -0.006422
      789 0.000064   0.006373
      722 0.000063  -0.006338
      539 0.000063   0.006331
      425 0.000063   0.006287
      596 0.000062  -0.006227
      748 0.000061  -0.006082
      223 0.000061   0.006074
      864 0.000061   0.006065
      770 0.000060   0.005979
      870 0.000059  -0.005863
      209 0.000058  -0.005832
      232 0.000058  -0.005824
      879 0.000058  -0.005820
      895 0.000058   0.005770
      193 0.000057  -0.005700
      614 0.000057   0.005681
      863 0.000056  -0.005545
      239 0.000055   0.005531
      322 0.000055  -0.005483
      337 0.000054  -0.005400
      782 0.000054  -0.005359
      616 0.000053  -0.005309
      589 0.000052  -0.005224
      603 0.000052  -0.005152
      773 0.000051   0.005118
      329 0.000051  -0.005103
      891 0.000051  -0.005053
      528 0.000050   0.005034
      765 0.000050   0.004963
      319 0.000050   0.004958
      858 0.000049  -0.004934
      325 0.000049  -0.004930
      332 0.000049  -0.004880
      948 0.000049   0.004880
      206 0.000048   0.004800
      131 0.000047  -0.004687
      397 0.000047  -0.004680
      540 0.000047  -0.004679
      831 0.000046   0.004631
      542 0.000046   0.004620
      409 0.000046  -0.004597
      874 0.000046  -0.004581
      884 0.000046  -0.004564
      780 0.000045  -0.004480
      297 0.000044  -0.004414
      821 0.000044  -0.004395
      342 0.000044   0.004389
      880 0.000044   0.004345
      323 0.000043  -0.004340
      823 0.000043   0.004333
      860 0.000043  -0.004310
      289 0.000042   0.004237
      279 0.000042  -0.004216
      224 0.000041  -0.004096
      448 0.000041   0.004061
      881 0.000040  -0.004041
      987 0.000040   0.004026
      928 0.000040  -0.004023
      867 0.000040   0.004023
      535 0.000040   0.003988
      627 0.000040   0.003985
      950 0.000040  -0.003961
      677 0.000039   0.003892
      364 0.000039  -0.003845
      245 0.000038  -0.003769
      230 0.000037  -0.003686
      763 0.000036  -0.003610
      830 0.000036   0.003584
      943 0.000035   0.003530
      518 0.000035   0.003462
      169 0.000034  -0.003386
      310 0.000034  -0.003362
      530 0.000033   0.003339
      933 0.000033   0.003322
      643 0.000033  -0.003321
      491 0.000033   0.003319
      650 0.000033  -0.003299
     1001 0.000033  -0.003286
      894 0.000032  -0.003244
      410 0.000032  -0.003214
      942 0.000031   0.003144
      488 0.000031   0.003109
       88 0.000031   0.003069
      590 0.000031  -0.003068
      413 0.000030   0.003024
      532 0.000030   0.003021
      993 0.000030   0.003000
      842 0.000030  -0.002994
     1025 0.000030   0.002979
      636 0.000030  -0.002959
      904 0.000029   0.002928
       93 0.000029   0.002922
      432 0.000029   0.002903
      475 0.000029  -0.002891
     1032 0.000028   0.002829
      349 0.000028  -0.002796
      445 0.000028  -0.002796
      814 0.000028   0.002777
      608 0.000028  -0.002769
      680 0.000028   0.002761
      366 0.000027   0.002731
      227 0.000027   0.002717
      524 0.000027  -0.002716
      965 0.000027  -0.002713
      792 0.000027   0.002704
      290 0.000027   0.002684
      315 0.000026   0.002610
      424 0.000026  -0.002592
     1017 0.000026   0.002564
      662 0.000025  -0.002509
      727 0.000025  -0.002507
      321 0.000025  -0.002466
      685 0.000024  -0.002424
      359 0.000024   0.002385
      592 0.000023  -0.002300
      694 0.000023   0.002278
      900 0.000023  -0.002254
      538 0.000023   0.002250
      519 0.000023   0.002247
      334 0.000022   0.002242
      226 0.000022   0.002240
      502 0.000022   0.002234
      201 0.000022  -0.002220
     1034 0.000022  -0.002189
      357 0.000022  -0.002182
      713 0.000022   0.002151
      225 0.000021   0.002133
      917 0.000021   0.002128
      536 0.000021  -0.002123
      852 0.000021  -0.002107
      455 0.000020  -0.002039
      838 0.000020   0.002007
      964 0.000020   0.001997
      489 0.000020   0.001995
      382 0.000020  -0.001994
      949 0.000020   0.001989
      505 0.000020   0.001959
      714 0.000019  -0.001922
      610 0.000019  -0.001915
      512 0.000019  -0.001883
      479 0.000018   0.001819
      779 0.000018   0.001816
      384 0.000018  -0.001816
      526 0.000018   0.001801
      420 0.000018   0.001793
      458 0.000018   0.001788
      463 0.000018  -0.001774
      360 0.000018   0.001767
      324 0.000018  -0.001766
      437 0.000017   0.001723
     1052 0.000017   0.001712
      791 0.000017   0.001680
      669 0.000017   0.001664
      988 0.000017  -0.001660
      514 0.000016   0.001634
      938 0.000015   0.001541
      286 0.000015   0.001541
      856 0.000015   0.001528
      957 0.000015   0.001528
      971 0.000015  -0.001504
      732 0.000015   0.001477
      534 0.000015  -0.001463
      333 0.000015  -0.001461
      350 0.000015   0.001459
      483 0.000014  -0.001418
      619 0.000014   0.001399
      849 0.000014   0.001388
      450 0.000014  -0.001383
      188 0.000014  -0.001382
      452 0.000014  -0.001364
      902 0.000013  -0.001347
      318 0.000013   0.001343
      899 0.000013  -0.001332
      264 0.000013   0.001290
      927 0.000013  -0.001271
      462 0.000013   0.001255
      907 0.000012   0.001245
      921 0.000012  -0.001241
     1010 0.000012   0.001222
      816 0.000012   0.001211
      248 0.000012   0.001203
      775 0.000012   0.001174
      634 0.000012  -0.001153
     1047 0.000012   0.001148
      934 0.000011  -0.001148
      655 0.000011  -0.001138
      811 0.000011   0.001135
      649 0.000011  -0.001125
      543 0.000011  -0.001110
      473 0.000011  -0.001085
      935 0.000011  -0.001058
      810 0.000010   0.001040
      487 0.000010  -0.001028
      794 0.000010   0.001024
      510 0.000010  -0.001015
      646 0.000010   0.001002
euclid. distance of OLC and linear combination of EV * x_coef: 0.008900427414186285

Generate samples based on objective loadcase 834
nr_to_generate: 25

Parameter variation distribution settings
distribution: uniform
low: 0.7
high: 1.3

Total process runtime: 0:00:01.328362
