Date and Time:2023-05-12 14:19:46.485220

Initial Settings:
similarity_model: <function cosine_similarity at 0x000001D005A6E5E0>
similarity_threshold: 1e-05
nr_eigv_to_select: None
distribution: uniform
deviation: 0.3
nr_to_generate: 25
recompute: False

Selected eigenvectors and similarity score w.r.t objective loadcase:
objective_loadcase_nr: 631
similarity_model: cosine_similarity
similarity_threshold: 1e-05
nr_eigv_to_select: None
nr_eigv_selected: 649
approximation parameter model: lstsq
similarity score and approx. param. value
:  eigv_idx    score      value
        3 0.558363  47.611033
        1 0.539448  45.998113
        2 0.499513 -42.592970
        0 0.381016  32.488827
        6 0.042716   3.642324
       39 0.022760   1.940740
        4 0.011208   0.955706
      639 0.003387   0.288819
      186 0.002420  -0.206353
      218 0.002072  -0.176694
      593 0.002012  -0.171541
      612 0.001951  -0.166358
      586 0.001869   0.159326
      710 0.001700  -0.144916
      187 0.001567  -0.133652
      716 0.001533   0.130744
      618 0.001270   0.108291
      668 0.001240   0.105714
      595 0.001220   0.104032
      663 0.001197  -0.102052
      194 0.001092   0.093102
      686 0.000998  -0.085131
      626 0.000960   0.081865
      659 0.000910  -0.077581
      388 0.000882  -0.075177
       68 0.000870  -0.074166
      688 0.000843  -0.071904
      617 0.000832   0.070963
      599 0.000741   0.063160
      749 0.000738  -0.062943
      143 0.000731   0.062300
      582 0.000729  -0.062204
      635 0.000719   0.061325
      562 0.000713  -0.060773
      670 0.000694   0.059134
      183 0.000689   0.058785
      621 0.000677  -0.057743
      704 0.000609  -0.051907
       69 0.000600   0.051173
      578 0.000589   0.050256
       71 0.000588   0.050155
      579 0.000587   0.050065
      733 0.000581   0.049573
      253 0.000574  -0.048945
      341 0.000572   0.048747
      718 0.000564  -0.048117
      698 0.000550  -0.046914
      700 0.000549   0.046770
      153 0.000540   0.046032
      708 0.000526   0.044822
      567 0.000498  -0.042471
      606 0.000496  -0.042298
      602 0.000486  -0.041408
      174 0.000483   0.041203
      683 0.000477   0.040697
      666 0.000473  -0.040357
      735 0.000463  -0.039488
      577 0.000454  -0.038712
      575 0.000447   0.038156
      709 0.000429  -0.036565
      210 0.000425  -0.036258
      267 0.000421  -0.035903
      707 0.000404  -0.034415
      696 0.000390  -0.033232
      182 0.000389  -0.033137
      699 0.000384  -0.032776
      601 0.000381   0.032464
      620 0.000377  -0.032110
      641 0.000371  -0.031647
      230 0.000364  -0.031020
      258 0.000354  -0.030168
      220 0.000349  -0.029733
      583 0.000338  -0.028804
      631 0.000330  -0.028115
      848 0.000326  -0.027836
      756 0.000318  -0.027150
      362 0.000316  -0.026909
      227 0.000315   0.026833
      412 0.000311  -0.026537
      419 0.000304  -0.025931
      753 0.000302  -0.025751
      807 0.000301   0.025626
      403 0.000289   0.024607
      235 0.000284  -0.024200
      587 0.000281   0.023937
      757 0.000279  -0.023799
      273 0.000267  -0.022729
      243 0.000260   0.022163
      204 0.000250   0.021299
      383 0.000249   0.021254
      793 0.000248  -0.021108
      853 0.000248  -0.021107
      184 0.000241  -0.020569
      570 0.000239  -0.020386
      199 0.000235  -0.020039
      239 0.000234   0.019938
      604 0.000228  -0.019409
      739 0.000226  -0.019303
      576 0.000225  -0.019147
      580 0.000221  -0.018867
      741 0.000220   0.018730
      361 0.000218   0.018593
      377 0.000218  -0.018547
      263 0.000210  -0.017892
      726 0.000208  -0.017715
      400 0.000206  -0.017556
      658 0.000206   0.017546
      175 0.000200  -0.017072
      787 0.000198   0.016894
      564 0.000196  -0.016683
      628 0.000195   0.016608
      269 0.000191  -0.016327
      299 0.000191   0.016251
      574 0.000187  -0.015972
      373 0.000186  -0.015882
      301 0.000186  -0.015824
      132 0.000179   0.015266
      750 0.000179   0.015233
      557 0.000178  -0.015136
      566 0.000177   0.015109
      137 0.000177  -0.015079
      427 0.000177  -0.015074
      800 0.000173  -0.014779
      179 0.000172   0.014686
      941 0.000171  -0.014621
      257 0.000170  -0.014494
      217 0.000170  -0.014473
      247 0.000170   0.014455
      275 0.000169  -0.014424
      855 0.000169  -0.014380
      857 0.000167  -0.014262
      828 0.000166  -0.014173
      815 0.000164  -0.014002
      784 0.000163  -0.013887
      392 0.000160   0.013644
      206 0.000156   0.013315
      312 0.000156  -0.013308
      553 0.000154  -0.013132
       70 0.000153   0.013032
      271 0.000153   0.013007
      667 0.000152   0.012949
      228 0.000152  -0.012948
      820 0.000152  -0.012938
      605 0.000149  -0.012732
      711 0.000149   0.012663
      690 0.000148   0.012652
      591 0.000148   0.012652
      818 0.000148  -0.012584
      266 0.000147  -0.012499
      585 0.000144  -0.012283
      743 0.000144  -0.012260
      573 0.000144   0.012253
      795 0.000142   0.012148
      808 0.000142   0.012140
      380 0.000142   0.012080
      824 0.000142   0.012076
      790 0.000140   0.011935
      549 0.000140  -0.011904
      171 0.000139  -0.011857
      398 0.000137  -0.011702
      742 0.000137  -0.011697
      645 0.000135   0.011509
      223 0.000135   0.011488
      261 0.000133  -0.011337
      369 0.000132   0.011272
      859 0.000130   0.011116
      292 0.000130  -0.011083
      241 0.000128   0.010923
      665 0.000128  -0.010916
      294 0.000128  -0.010900
      684 0.000128  -0.010888
      355 0.000126   0.010722
      616 0.000125  -0.010618
      354 0.000124   0.010591
      736 0.000123  -0.010475
      569 0.000122   0.010416
      829 0.000122   0.010406
      290 0.000122   0.010363
      337 0.000121  -0.010356
      600 0.000120  -0.010222
      423 0.000118  -0.010061
      778 0.000117  -0.009954
      277 0.000116   0.009914
      431 0.000116  -0.009854
      908 0.000114  -0.009729
      332 0.000113  -0.009657
      847 0.000113   0.009651
       88 0.000113  -0.009615
      687 0.000112   0.009550
      697 0.000111   0.009455
      367 0.000110   0.009394
      728 0.000108  -0.009203
      723 0.000107  -0.009133
      974 0.000107   0.009117
      436 0.000107   0.009111
      329 0.000106  -0.009049
      594 0.000106  -0.008998
      295 0.000105  -0.008958
      638 0.000105  -0.008915
      353 0.000104  -0.008876
      799 0.000103  -0.008778
      581 0.000103  -0.008750
      734 0.000101  -0.008585
      356 0.000100  -0.008520
      552 0.000097  -0.008278
      279 0.000097  -0.008230
      840 0.000094  -0.008032
      584 0.000093  -0.007901
      560 0.000092  -0.007860
      281 0.000092   0.007842
      844 0.000090  -0.007657
      611 0.000089  -0.007623
      701 0.000089  -0.007619
      104 0.000089   0.007561
      770 0.000088   0.007506
      882 0.000087   0.007454
       87 0.000087  -0.007439
      255 0.000087  -0.007388
      262 0.000086  -0.007344
      775 0.000083   0.007115
      297 0.000080  -0.006798
      201 0.000079  -0.006763
       86 0.000079  -0.006755
     1095 0.000079  -0.006735
      234 0.000078   0.006649
      937 0.000077  -0.006598
      596 0.000077  -0.006559
      782 0.000077  -0.006529
      302 0.000076  -0.006484
      390 0.000075   0.006412
      763 0.000074   0.006269
      643 0.000072  -0.006158
      291 0.000072   0.006153
      773 0.000072   0.006126
      978 0.000071   0.006077
      843 0.000070  -0.005995
       73 0.000070   0.005959
      948 0.000069   0.005918
      251 0.000069  -0.005917
      640 0.000068  -0.005774
     1005 0.000068   0.005761
      864 0.000067   0.005754
      386 0.000067   0.005720
      264 0.000066   0.005662
      801 0.000066  -0.005625
       99 0.000066   0.005615
      832 0.000065   0.005565
      428 0.000065   0.005559
      333 0.000065  -0.005545
      142 0.000064   0.005489
      744 0.000064  -0.005485
      913 0.000064  -0.005459
      152 0.000064  -0.005454
      955 0.000063   0.005412
      406 0.000063  -0.005407
      313 0.000063  -0.005386
      101 0.000062   0.005303
      323 0.000062  -0.005280
      414 0.000062   0.005259
      322 0.000062  -0.005256
      765 0.000062   0.005246
      146 0.000061   0.005210
      254 0.000061   0.005206
      259 0.000061   0.005185
      114 0.000061   0.005179
      151 0.000060  -0.005158
      321 0.000060  -0.005143
      629 0.000060  -0.005100
       80 0.000060  -0.005094
      826 0.000060  -0.005094
      107 0.000059  -0.005070
       93 0.000059  -0.005065
      325 0.000059  -0.005017
      545 0.000059  -0.005017
      748 0.000058  -0.004986
      654 0.000058   0.004979
      860 0.000058  -0.004975
      740 0.000058  -0.004970
      943 0.000058   0.004924
      539 0.000058   0.004905
      922 0.000057  -0.004887
      722 0.000057  -0.004882
      169 0.000057  -0.004828
      252 0.000057  -0.004820
      805 0.000056  -0.004810
      105 0.000056  -0.004736
      425 0.000055   0.004717
      343 0.000055  -0.004710
      125 0.000055  -0.004668
      145 0.000055  -0.004663
      895 0.000055   0.004662
      823 0.000055   0.004653
       60 0.000054  -0.004605
      870 0.000054  -0.004602
      798 0.000054   0.004571
      318 0.000053  -0.004559
      590 0.000053  -0.004547
      572 0.000053  -0.004521
      110 0.000053  -0.004520
      342 0.000052   0.004418
      136 0.000052  -0.004418
      632 0.000052   0.004417
      610 0.000052  -0.004402
      320 0.000051   0.004371
      879 0.000051  -0.004358
      831 0.000051   0.004352
      268 0.000050  -0.004261
      528 0.000050   0.004254
       63 0.000049   0.004218
      789 0.000049   0.004209
      880 0.000049   0.004190
      625 0.000049  -0.004155
      308 0.000049  -0.004147
       81 0.000048   0.004107
      285 0.000048   0.004070
      133 0.000048   0.004064
      150 0.000047   0.004040
      118 0.000047   0.004032
      144 0.000046   0.003961
      331 0.000046   0.003961
      884 0.000046  -0.003939
      803 0.000046   0.003928
      159 0.000046   0.003919
      792 0.000046   0.003911
       74 0.000046   0.003890
      222 0.000045   0.003872
       79 0.000045  -0.003861
      155 0.000045  -0.003808
       94 0.000045   0.003806
      298 0.000045  -0.003799
      249 0.000045  -0.003798
      364 0.000044  -0.003782
      109 0.000044  -0.003777
      407 0.000044  -0.003774
      374 0.000044   0.003768
      874 0.000044  -0.003755
      250 0.000044   0.003755
      821 0.000044  -0.003741
      589 0.000043  -0.003687
      535 0.000043   0.003680
      359 0.000043   0.003676
       66 0.000043   0.003667
      727 0.000043  -0.003627
      147 0.000042   0.003612
      655 0.000042  -0.003559
      891 0.000042  -0.003549
       59 0.000042  -0.003541
      405 0.000041   0.003491
       53 0.000041   0.003461
       52 0.000040  -0.003450
      609 0.000040   0.003411
      348 0.000040   0.003407
       96 0.000040  -0.003403
      849 0.000040   0.003401
      338 0.000040  -0.003372
      894 0.000040  -0.003372
      128 0.000039  -0.003362
      366 0.000039   0.003359
       82 0.000039   0.003325
      776 0.000039  -0.003324
      108 0.000039  -0.003316
      542 0.000039   0.003299
      134 0.000039   0.003294
      214 0.000038   0.003277
      769 0.000037   0.003176
       89 0.000037  -0.003153
      394 0.000037   0.003117
      216 0.000036  -0.003092
      397 0.000036  -0.003087
      802 0.000036   0.003076
      540 0.000036  -0.003075
      881 0.000036  -0.003050
      185 0.000035   0.003020
      225 0.000035   0.003014
      568 0.000035   0.003012
      409 0.000035  -0.003000
      319 0.000035   0.002980
       78 0.000035   0.002968
      491 0.000035   0.002967
      863 0.000035  -0.002948
      304 0.000034  -0.002927
      987 0.000034   0.002915
      213 0.000034   0.002903
      518 0.000034   0.002892
      330 0.000034   0.002891
        8 0.000034   0.002889
      402 0.000034  -0.002878
      181 0.000034  -0.002876
      382 0.000034  -0.002868
      244 0.000034  -0.002863
      928 0.000034  -0.002863
      226 0.000034   0.002860
      358 0.000033   0.002851
       92 0.000033  -0.002842
        7 0.000033  -0.002830
      558 0.000033   0.002828
      351 0.000033   0.002827
      335 0.000033  -0.002812
      448 0.000033   0.002806
      140 0.000033  -0.002795
      694 0.000033   0.002788
      642 0.000033   0.002785
       58 0.000032  -0.002765
       55 0.000032   0.002755
      488 0.000032   0.002750
      532 0.000032   0.002727
      942 0.000032   0.002721
       45 0.000032   0.002714
      154 0.000031  -0.002670
      904 0.000031   0.002668
      608 0.000031   0.002651
       84 0.000031   0.002646
     1001 0.000031  -0.002629
      933 0.000031   0.002623
      950 0.000031  -0.002606
      842 0.000030  -0.002586
       38 0.000030   0.002564
      260 0.000030  -0.002551
      561 0.000030   0.002550
      811 0.000030   0.002529
      310 0.000030  -0.002516
      410 0.000029  -0.002498
      623 0.000029  -0.002496
      858 0.000029  -0.002489
      475 0.000029  -0.002486
      245 0.000029  -0.002459
      597 0.000029  -0.002431
      644 0.000028   0.002425
      524 0.000028  -0.002414
     1032 0.000028   0.002400
      830 0.000028   0.002380
      935 0.000028  -0.002364
      272 0.000028   0.002359
      867 0.000028   0.002357
      170 0.000027   0.002342
      161 0.000027   0.002316
      274 0.000027  -0.002272
      309 0.000027   0.002261
      368 0.000026  -0.002249
      598 0.000026  -0.002244
      530 0.000026   0.002242
      156 0.000026  -0.002239
      794 0.000026   0.002232
       51 0.000026  -0.002216
      837 0.000026  -0.002216
      399 0.000026  -0.002192
       95 0.000026   0.002187
     1025 0.000026   0.002186
       36 0.000026  -0.002185
      656 0.000026   0.002184
      115 0.000026   0.002181
      168 0.000026  -0.002179
      215 0.000025  -0.002164
      339 0.000025  -0.002140
      278 0.000025   0.002134
      445 0.000025  -0.002133
      814 0.000025   0.002107
       62 0.000025  -0.002094
       29 0.000024  -0.002089
      852 0.000024  -0.002088
       91 0.000024  -0.002073
       50 0.000024   0.002055
      810 0.000024   0.002050
      762 0.000024   0.002046
      346 0.000024   0.002023
       90 0.000024  -0.002015
      993 0.000024   0.002008
      424 0.000023  -0.002003
      138 0.000023  -0.002000
      588 0.000023   0.001988
      695 0.000023   0.001956
      124 0.000023   0.001954
      344 0.000023   0.001954
      371 0.000023   0.001944
      148 0.000023   0.001943
      680 0.000023   0.001933
      293 0.000023   0.001929
      350 0.000023  -0.001927
      759 0.000023  -0.001920
      370 0.000023   0.001920
     1034 0.000022  -0.001917
      676 0.000022   0.001897
      556 0.000022  -0.001896
      957 0.000022   0.001894
     1017 0.000022   0.001892
      317 0.000022  -0.001886
       54 0.000022   0.001882
      791 0.000022   0.001873
      965 0.000022  -0.001871
      669 0.000022   0.001861
      432 0.000022   0.001856
      401 0.000022   0.001846
      685 0.000022  -0.001845
      256 0.000022   0.001835
      856 0.000021   0.001816
      479 0.000021   0.001796
      526 0.000021   0.001792
      289 0.000021   0.001776
      232 0.000021   0.001765
      971 0.000021  -0.001761
       61 0.000021   0.001752
      671 0.000021   0.001751
       44 0.000020  -0.001745
       18 0.000020   0.001745
      326 0.000020  -0.001744
      921 0.000020  -0.001737
      636 0.000020  -0.001727
      158 0.000020   0.001708
      559 0.000020   0.001706
      614 0.000020   0.001683
       27 0.000020   0.001682
      340 0.000020   0.001675
      238 0.000020  -0.001672
      514 0.000020   0.001670
      833 0.000020  -0.001664
      536 0.000019  -0.001662
      964 0.000019   0.001657
      988 0.000019  -0.001638
      714 0.000019  -0.001603
      713 0.000019   0.001595
      237 0.000019   0.001592
      637 0.000019  -0.001588
      193 0.000019   0.001587
      809 0.000019   0.001581
      395 0.000018   0.001575
      664 0.000018   0.001564
      519 0.000018   0.001544
      455 0.000018  -0.001542
      502 0.000018   0.001540
     1073 0.000018  -0.001539
      900 0.000018  -0.001515
      286 0.000018  -0.001513
      192 0.000018   0.001511
      384 0.000018  -0.001506
      463 0.000017  -0.001491
      927 0.000017  -0.001479
      512 0.000017  -0.001469
       31 0.000017   0.001465
      691 0.000017   0.001461
      221 0.000017   0.001456
      113 0.000017   0.001454
      554 0.000017   0.001447
      284 0.000017   0.001444
       76 0.000017   0.001444
      233 0.000017   0.001441
      917 0.000017   0.001427
      347 0.000017   0.001424
      334 0.000017  -0.001421
     1010 0.000017   0.001418
      157 0.000017   0.001416
      876 0.000017  -0.001416
      270 0.000017  -0.001415
      360 0.000017  -0.001412
      363 0.000017  -0.001410
      907 0.000016   0.001402
      120 0.000016   0.001400
      231 0.000016  -0.001387
      712 0.000016  -0.001386
      437 0.000016   0.001382
      841 0.000016   0.001369
      550 0.000016   0.001368
      592 0.000016   0.001359
       43 0.000016  -0.001353
      875 0.000016  -0.001353
      489 0.000016   0.001349
      677 0.000016   0.001342
        5 0.000016  -0.001339
       98 0.000016   0.001337
      934 0.000016  -0.001337
      458 0.000016   0.001326
      387 0.000015   0.001319
     1052 0.000015   0.001310
      646 0.000015  -0.001308
      662 0.000015  -0.001307
      372 0.000015   0.001307
      188 0.000015  -0.001307
      117 0.000015   0.001305
      378 0.000015  -0.001304
      296 0.000015  -0.001302
       46 0.000015   0.001275
      404 0.000015   0.001264
      375 0.000015   0.001263
      209 0.000015   0.001262
       17 0.000015  -0.001262
      426 0.000015   0.001261
      720 0.000015  -0.001255
      938 0.000015   0.001254
      141 0.000015  -0.001253
     1096 0.000015   0.001242
      127 0.000014  -0.001231
      345 0.000014  -0.001217
       20 0.000014   0.001206
      287 0.000014  -0.001189
      314 0.000014  -0.001186
      949 0.000014   0.001181
      173 0.000014   0.001173
      505 0.000014   0.001173
      452 0.000014  -0.001163
      224 0.000013  -0.001149
      129 0.000013   0.001145
      102 0.000013   0.001144
      780 0.000013   0.001142
      396 0.000013  -0.001133
      112 0.000013  -0.001129
      839 0.000013   0.001127
      732 0.000013   0.001121
      450 0.000013  -0.001087
      565 0.000013   0.001082
       24 0.000013   0.001080
      103 0.000013  -0.001079
      282 0.000012   0.001063
      240 0.000012  -0.001058
      977 0.000012   0.001056
      248 0.000012   0.001054
      916 0.000012  -0.001053
      767 0.000012   0.001052
      648 0.000012  -0.001037
      902 0.000012  -0.001033
      483 0.000012  -0.001027
      538 0.000012   0.001025
      381 0.000012   0.001023
      563 0.000012  -0.001015
      167 0.000012  -0.000990
      983 0.000012   0.000985
      816 0.000012   0.000985
      357 0.000011  -0.000973
      487 0.000011  -0.000969
      634 0.000011  -0.000969
      899 0.000011  -0.000960
      752 0.000011   0.000957
      661 0.000011   0.000954
       48 0.000011   0.000945
       19 0.000011   0.000943
       16 0.000011   0.000941
      653 0.000011  -0.000930
      693 0.000011   0.000925
      551 0.000011   0.000920
      207 0.000011   0.000911
      534 0.000011  -0.000899
      461 0.000010   0.000891
      555 0.000010   0.000887
     1047 0.000010   0.000886
       67 0.000010   0.000870
      164 0.000010   0.000867
      276 0.000010  -0.000865
     1009 0.000010  -0.000858
      619 0.000010   0.000858
      172 0.000010  -0.000856
     1061 0.000010  -0.000853
euclid. distance of OLC and linear combination of EV * x_coef: 0.007635660763461853

Generate samples based on objective loadcase 631
nr_to_generate: 25

Parameter variation distribution settings
distribution: uniform
low: 0.7
high: 1.3

Total process runtime: 0:00:01.351533
