Date and Time:2023-05-12 14:12:21.945004

Initial Settings:
similarity_model: <function cosine_similarity at 0x000001D005A6E5E0>
similarity_threshold: 1e-05
nr_eigv_to_select: None
distribution: uniform
deviation: 0.3
nr_to_generate: 25
recompute: False

Selected eigenvectors and similarity score w.r.t objective loadcase:
objective_loadcase_nr: 296
similarity_model: cosine_similarity
similarity_threshold: 1e-05
nr_eigv_to_select: None
nr_eigv_selected: 651
approximation parameter model: lstsq
similarity score and approx. param. value
:  eigv_idx    score      value
        1 0.560429  45.544632
        3 0.535236  43.497261
        2 0.482386 -39.202304
        0 0.404296  32.856080
        6 0.053856   4.376740
       39 0.013665   1.110501
        4 0.009870   0.802119
       68 0.005173  -0.420358
      639 0.003504   0.284737
      186 0.002433  -0.197714
       71 0.002348  -0.190853
       69 0.001937  -0.157403
      612 0.001930  -0.156851
      593 0.001791  -0.145563
      187 0.001672  -0.135863
      586 0.001645   0.133669
      618 0.001612   0.130963
      716 0.001537   0.124920
      710 0.001511  -0.122773
      218 0.001451  -0.117882
      663 0.001420  -0.115374
      668 0.001378   0.111951
      194 0.001122   0.091170
      595 0.001019   0.082793
      659 0.001010  -0.082111
      617 0.000955   0.077618
      749 0.000902  -0.073277
       70 0.000864   0.070199
      686 0.000859  -0.069815
      182 0.000856  -0.069592
      579 0.000789   0.064086
      688 0.000789  -0.064085
      183 0.000788   0.064030
      388 0.000778  -0.063252
      700 0.000754   0.061264
      683 0.000736   0.059775
      635 0.000726   0.059031
      184 0.000716  -0.058157
      599 0.000709   0.057658
      562 0.000698  -0.056715
      143 0.000692   0.056242
      626 0.000670   0.054448
      582 0.000670  -0.054415
      578 0.000657   0.053369
      670 0.000604   0.049100
      735 0.000562  -0.045666
      666 0.000549  -0.044586
      621 0.000547  -0.044470
      228 0.000537  -0.043601
      733 0.000523   0.042500
      698 0.000514  -0.041776
      153 0.000498   0.040449
      253 0.000491  -0.039931
      708 0.000485   0.039424
      341 0.000477   0.038790
      602 0.000471  -0.038257
      174 0.000431   0.035001
      641 0.000415  -0.033737
      210 0.000414  -0.033648
      220 0.000410  -0.033320
      362 0.000406  -0.033005
      709 0.000382  -0.031064
      179 0.000381   0.030984
      171 0.000375  -0.030494
      756 0.000373  -0.030300
      718 0.000371  -0.030152
      583 0.000370  -0.030049
      567 0.000368  -0.029945
      577 0.000348  -0.028253
      699 0.000339  -0.027547
      757 0.000337  -0.027397
      631 0.000334  -0.027130
      575 0.000332   0.026994
      606 0.000331  -0.026873
      628 0.000329   0.026718
      267 0.000325  -0.026404
      576 0.000317  -0.025765
      620 0.000316  -0.025655
      741 0.000314   0.025523
      604 0.000306  -0.024878
      853 0.000298  -0.024223
      243 0.000293   0.023794
      807 0.000279   0.022693
      419 0.000279  -0.022667
      848 0.000278  -0.022580
      400 0.000273  -0.022189
      412 0.000269  -0.021866
      254 0.000266   0.021627
      601 0.000264   0.021451
      739 0.000263  -0.021402
      787 0.000258   0.021002
      573 0.000257   0.020875
      750 0.000243   0.019732
      204 0.000242   0.019658
      137 0.000240  -0.019534
      587 0.000240   0.019521
      704 0.000234  -0.019037
      403 0.000232   0.018834
      258 0.000229  -0.018641
      277 0.000229   0.018612
      361 0.000229   0.018611
      640 0.000224  -0.018198
      658 0.000220   0.017919
      234 0.000218   0.017701
      377 0.000208  -0.016879
      549 0.000207  -0.016791
      236 0.000206   0.016726
      580 0.000203  -0.016490
      570 0.000200  -0.016214
      815 0.000198  -0.016086
      271 0.000193   0.015699
      132 0.000193   0.015654
      355 0.000189   0.015373
      295 0.000187  -0.015235
      367 0.000186   0.015145
      753 0.000186  -0.015133
      941 0.000185  -0.015049
      383 0.000185   0.015028
      255 0.000184  -0.014948
      687 0.000183   0.014866
      564 0.000179  -0.014559
      707 0.000177  -0.014385
      759 0.000176   0.014317
      828 0.000174  -0.014133
      398 0.000174  -0.014109
      857 0.000170  -0.013822
      800 0.000170  -0.013799
      199 0.000165  -0.013372
      427 0.000165  -0.013369
      373 0.000164  -0.013299
      820 0.000163  -0.013283
      175 0.000162  -0.013179
      818 0.000161  -0.013121
      665 0.000160  -0.013025
      148 0.000160   0.012968
      726 0.000157  -0.012741
      380 0.000156   0.012670
      222 0.000156  -0.012654
      301 0.000154  -0.012494
      566 0.000151   0.012253
      261 0.000150  -0.012178
      299 0.000150   0.012176
      585 0.000149  -0.012126
      269 0.000149  -0.012087
      161 0.000147   0.011975
      711 0.000147   0.011947
      353 0.000147  -0.011940
      790 0.000147   0.011937
      266 0.000146  -0.011828
      798 0.000145   0.011797
      743 0.000143  -0.011650
      235 0.000143  -0.011610
      249 0.000142  -0.011575
      247 0.000142   0.011534
      257 0.000141  -0.011430
      241 0.000139   0.011321
      436 0.000138   0.011205
      855 0.000138  -0.011178
      390 0.000136   0.011022
      847 0.000136   0.011013
      793 0.000133  -0.010832
      824 0.000132   0.010731
      275 0.000132  -0.010706
      784 0.000131  -0.010668
      198 0.000131   0.010635
      273 0.000130  -0.010586
      138 0.000129   0.010453
      561 0.000127   0.010283
      859 0.000126   0.010217
      364 0.000125  -0.010198
      574 0.000125  -0.010146
      281 0.000124   0.010070
      557 0.000124  -0.010055
       91 0.000123  -0.009986
      908 0.000123  -0.009975
      690 0.000122   0.009941
      808 0.000122   0.009924
      684 0.000122  -0.009919
      107 0.000120  -0.009714
      645 0.000119   0.009643
      308 0.000118  -0.009596
      829 0.000117   0.009544
      605 0.000117  -0.009529
      629 0.000116  -0.009399
      392 0.000115   0.009368
      974 0.000115   0.009362
      581 0.000114  -0.009287
      667 0.000113   0.009193
      882 0.000112   0.009113
      431 0.000112  -0.009088
      423 0.000110  -0.008901
      840 0.000109  -0.008842
      638 0.000106  -0.008645
      600 0.000106  -0.008607
      320 0.000103  -0.008363
      407 0.000102  -0.008253
      263 0.000101  -0.008231
      294 0.000101  -0.008185
      245 0.000101  -0.008181
      359 0.000100   0.008118
      770 0.000100   0.008096
      762 0.000099   0.008069
      572 0.000099  -0.008050
      251 0.000099  -0.008037
      799 0.000098  -0.007977
      801 0.000098  -0.007966
      312 0.000098  -0.007960
      795 0.000098   0.007959
      843 0.000097  -0.007923
      262 0.000097  -0.007902
      302 0.000095  -0.007753
      386 0.000094   0.007661
      594 0.000093  -0.007541
      734 0.000093  -0.007534
      723 0.000093  -0.007531
      611 0.000091  -0.007422
      773 0.000090   0.007329
      596 0.000090  -0.007283
      276 0.000089  -0.007263
      223 0.000089   0.007246
      350 0.000089   0.007205
      217 0.000088  -0.007171
      406 0.000088   0.007148
      736 0.000087  -0.007036
     1095 0.000086  -0.006970
      428 0.000085   0.006943
      402 0.000085   0.006906
        9 0.000085   0.006890
       10 0.000085   0.006871
      701 0.000083  -0.006734
      343 0.000083  -0.006729
      349 0.000083  -0.006706
      742 0.000082  -0.006694
      298 0.000082  -0.006672
      252 0.000082  -0.006659
      264 0.000081   0.006577
      414 0.000081   0.006566
      740 0.000080  -0.006535
      318 0.000080   0.006529
      292 0.000080  -0.006472
      357 0.000079  -0.006427
      584 0.000079  -0.006380
      955 0.000078   0.006361
      782 0.000078  -0.006351
      268 0.000078  -0.006321
      313 0.000078  -0.006312
      296 0.000078   0.006303
      728 0.000077  -0.006278
      552 0.000077  -0.006250
      545 0.000076  -0.006184
      844 0.000076  -0.006171
      697 0.000074   0.006045
      319 0.000074   0.005981
      763 0.000074  -0.005977
      335 0.000073   0.005926
      879 0.000072  -0.005826
      803 0.000072   0.005811
      778 0.000071  -0.005788
      425 0.000071   0.005765
      597 0.000071  -0.005738
      397 0.000070  -0.005712
      744 0.000070  -0.005708
      937 0.000069  -0.005569
     1005 0.000069   0.005567
      913 0.000067  -0.005462
      891 0.000066  -0.005389
      789 0.000066   0.005365
      978 0.000066   0.005334
      374 0.000066   0.005333
      354 0.000065   0.005314
      213 0.000065  -0.005258
      696 0.000065  -0.005256
      233 0.000064  -0.005206
      864 0.000064   0.005165
      214 0.000063  -0.005147
      922 0.000063  -0.005136
      802 0.000062   0.005026
      805 0.000062  -0.005016
      632 0.000061   0.004965
      226 0.000059   0.004825
      823 0.000059   0.004816
      765 0.000059   0.004771
      553 0.000059  -0.004763
      826 0.000059  -0.004760
      216 0.000058   0.004705
      322 0.000058  -0.004692
      832 0.000057   0.004659
      539 0.000057   0.004637
      360 0.000057   0.004599
      748 0.000057  -0.004594
      831 0.000056   0.004567
      409 0.000056  -0.004542
      863 0.000056  -0.004518
      589 0.000056  -0.004513
      895 0.000054   0.004401
      169 0.000054  -0.004360
      366 0.000053   0.004342
      830 0.000053   0.004341
      948 0.000053   0.004313
      662 0.000053  -0.004280
      221 0.000052  -0.004230
      331 0.000052  -0.004220
      776 0.000052  -0.004197
      225 0.000050   0.004101
      332 0.000050  -0.004087
      337 0.000050  -0.004026
      250 0.000049   0.003977
      614 0.000048   0.003937
      215 0.000048   0.003935
      677 0.000048   0.003911
      722 0.000048  -0.003873
      591 0.000047   0.003847
       53 0.000047   0.003825
      943 0.000047   0.003803
      650 0.000047  -0.003798
      209 0.000047  -0.003787
      540 0.000046  -0.003772
      382 0.000046  -0.003758
      528 0.000046   0.003751
      287 0.000046   0.003750
      569 0.000046   0.003750
       52 0.000046  -0.003743
      333 0.000046   0.003725
      542 0.000045   0.003681
      860 0.000045  -0.003670
      191 0.000045  -0.003643
      260 0.000045   0.003625
      342 0.000045   0.003619
      821 0.000044  -0.003610
      603 0.000044  -0.003543
      405 0.000043  -0.003517
      369 0.000043   0.003496
      192 0.000043   0.003474
      560 0.000043  -0.003473
      654 0.000042   0.003436
      881 0.000042  -0.003407
      178 0.000041   0.003354
      244 0.000041   0.003350
      448 0.000041   0.003348
      904 0.000041   0.003347
      237 0.000041  -0.003346
      399 0.000041   0.003333
      987 0.000041   0.003326
      928 0.000039  -0.003195
      894 0.000039  -0.003184
      310 0.000039  -0.003167
       56 0.000039  -0.003160
      384 0.000039  -0.003140
      870 0.000038  -0.003124
       62 0.000038   0.003076
       47 0.000038   0.003076
       46 0.000038  -0.003073
      230 0.000038  -0.003064
      588 0.000037   0.003040
      780 0.000037  -0.003036
      347 0.000037   0.003018
       40 0.000037  -0.003000
      238 0.000037  -0.002989
      675 0.000036   0.002919
       42 0.000036  -0.002898
      325 0.000035  -0.002882
      867 0.000035   0.002880
     1001 0.000035  -0.002875
      535 0.000035   0.002868
       55 0.000035   0.002816
      242 0.000035  -0.002808
      884 0.000034  -0.002800
      119 0.000034   0.002787
      880 0.000034   0.002768
      874 0.000034  -0.002763
      590 0.000034  -0.002757
      965 0.000034  -0.002744
      518 0.000033   0.002710
       50 0.000033   0.002707
      530 0.000033   0.002696
      288 0.000033  -0.002693
      993 0.000033   0.002679
      206 0.000033  -0.002667
      387 0.000033   0.002653
      445 0.000033  -0.002651
      297 0.000033  -0.002646
       57 0.000033   0.002643
      229 0.000033  -0.002642
      942 0.000032   0.002611
      309 0.000032   0.002601
      227 0.000032  -0.002597
      933 0.000032   0.002594
       65 0.000032   0.002587
       19 0.000032   0.002581
       73 0.000032   0.002574
      839 0.000032  -0.002563
      950 0.000031  -0.002558
      401 0.000031  -0.002543
      131 0.000031  -0.002531
     1025 0.000031   0.002526
      646 0.000031   0.002525
       76 0.000031   0.002523
      120 0.000031   0.002523
      838 0.000030   0.002457
       37 0.000030   0.002435
      323 0.000030  -0.002430
      642 0.000030  -0.002412
      146 0.000029  -0.002397
      432 0.000029   0.002395
      150 0.000029   0.002380
      664 0.000029  -0.002379
      424 0.000029  -0.002376
      177 0.000029  -0.002371
      145 0.000029   0.002362
       67 0.000029  -0.002361
      196 0.000029  -0.002359
      293 0.000029  -0.002359
     1032 0.000029   0.002342
      410 0.000029  -0.002341
      195 0.000029  -0.002330
       94 0.000028   0.002307
      491 0.000028   0.002305
      356 0.000028  -0.002295
       77 0.000028  -0.002280
       21 0.000028   0.002268
      142 0.000028   0.002264
       34 0.000028   0.002253
       58 0.000028   0.002249
      792 0.000028   0.002247
      321 0.000027  -0.002229
       17 0.000027  -0.002227
      152 0.000027  -0.002218
       59 0.000027   0.002216
       54 0.000027   0.002214
       35 0.000027   0.002183
       44 0.000027   0.002177
      232 0.000027   0.002162
      197 0.000026   0.002152
      248 0.000026   0.002149
       61 0.000026  -0.002144
      190 0.000026  -0.002142
      625 0.000026  -0.002136
      900 0.000026  -0.002132
      532 0.000026   0.002103
      224 0.000026  -0.002100
       63 0.000025  -0.002063
       13 0.000025  -0.002061
       82 0.000025  -0.002055
       72 0.000025   0.002042
     1017 0.000025   0.002031
       11 0.000025   0.002031
      505 0.000025   0.002025
      811 0.000025   0.002003
      681 0.000025   0.001995
       28 0.000024  -0.001989
      488 0.000024   0.001984
      502 0.000024   0.001975
       14 0.000024   0.001973
      285 0.000024  -0.001960
      289 0.000024   0.001959
       49 0.000024  -0.001954
       98 0.000024  -0.001951
      475 0.000024  -0.001944
       23 0.000024   0.001942
      858 0.000024  -0.001937
      338 0.000024  -0.001931
       30 0.000024   0.001918
      524 0.000023  -0.001909
      837 0.000023   0.001889
      713 0.000023   0.001885
       32 0.000023   0.001880
      291 0.000023   0.001874
      284 0.000023  -0.001868
      556 0.000023   0.001850
       12 0.000023  -0.001844
       83 0.000023  -0.001841
      519 0.000023   0.001838
       26 0.000023   0.001833
      694 0.000023  -0.001832
      136 0.000023   0.001830
      449 0.000022  -0.001821
       75 0.000022  -0.001821
      144 0.000022   0.001820
      324 0.000022  -0.001817
       15 0.000022   0.001812
       79 0.000022   0.001808
      917 0.000022   0.001793
      538 0.000022   0.001792
      396 0.000022  -0.001772
      810 0.000022   0.001771
      489 0.000022   0.001758
      283 0.000022  -0.001758
      188 0.000021  -0.001734
       24 0.000021  -0.001725
      608 0.000021  -0.001698
      157 0.000021  -0.001695
      653 0.000021   0.001691
      413 0.000021   0.001690
      316 0.000021   0.001679
      265 0.000021   0.001675
      673 0.000021   0.001674
      336 0.000021   0.001674
      317 0.000020  -0.001652
      835 0.000020  -0.001652
      693 0.000020  -0.001646
     1034 0.000020  -0.001643
       48 0.000020  -0.001638
      240 0.000020   0.001637
       95 0.000020   0.001636
      814 0.000020   0.001634
      193 0.000020  -0.001609
      455 0.000020  -0.001601
       92 0.000020  -0.001596
      695 0.000020   0.001591
      852 0.000020   0.001586
      180 0.000019  -0.001582
       74 0.000019   0.001580
       81 0.000019   0.001579
      156 0.000019   0.001576
      779 0.000019   0.001572
      712 0.000019  -0.001570
      394 0.000019   0.001569
      964 0.000019   0.001557
      727 0.000019  -0.001556
      121 0.000019   0.001544
      155 0.000019   0.001534
      376 0.000019  -0.001528
      147 0.000019  -0.001526
      536 0.000019  -0.001524
      117 0.000019  -0.001519
      714 0.000019  -0.001513
      181 0.000019   0.001512
      935 0.000019  -0.001505
       43 0.000019  -0.001504
      404 0.000019  -0.001503
      571 0.000018  -0.001499
      671 0.000018   0.001490
      172 0.000018  -0.001488
      139 0.000018   0.001483
      159 0.000018   0.001443
      437 0.000018   0.001441
      938 0.000018   0.001436
     1052 0.000018   0.001430
      458 0.000018   0.001427
       99 0.000017   0.001421
      856 0.000017   0.001417
      563 0.000017  -0.001407
      239 0.000017   0.001396
      304 0.000017  -0.001391
      724 0.000017  -0.001384
       84 0.000017  -0.001374
      512 0.000017  -0.001374
       60 0.000017   0.001373
      352 0.000017  -0.001372
      656 0.000017   0.001372
      344 0.000017   0.001370
       80 0.000017  -0.001357
      610 0.000017  -0.001354
      971 0.000017  -0.001345
       85 0.000016  -0.001332
      116 0.000016  -0.001327
      988 0.000016  -0.001310
      685 0.000016  -0.001309
      463 0.000016  -0.001309
      201 0.000016  -0.001305
      103 0.000016   0.001304
      345 0.000016  -0.001293
       64 0.000016   0.001292
      375 0.000016  -0.001286
      619 0.000016   0.001277
      339 0.000016  -0.001268
       96 0.000015  -0.001247
      887 0.000015  -0.001245
      534 0.000015  -0.001234
      705 0.000015   0.001230
      927 0.000015  -0.001228
      902 0.000015  -0.001224
      526 0.000015   0.001223
      957 0.000015   0.001215
      649 0.000015  -0.001203
      661 0.000015   0.001194
      118 0.000015  -0.001185
      270 0.000015  -0.001183
       87 0.000014   0.001167
       93 0.000014  -0.001155
      450 0.000014  -0.001149
      921 0.000014  -0.001147
      329 0.000014  -0.001141
      934 0.000014  -0.001123
      462 0.000014   0.001117
      105 0.000014   0.001111
      791 0.000014   0.001103
      110 0.000014   0.001100
      633 0.000014   0.001098
      395 0.000013   0.001087
      478 0.000013   0.001080
      514 0.000013   0.001080
      420 0.000013   0.001070
      647 0.000013  -0.001062
      558 0.000013  -0.001055
      479 0.000013   0.001052
      483 0.000013  -0.001046
      510 0.000013  -0.001041
      949 0.000013   0.001041
      202 0.000013   0.001039
      907 0.000013   0.001033
      115 0.000013  -0.001028
      559 0.000013  -0.001028
      966 0.000013   0.001026
      151 0.000013  -0.001025
      623 0.000013  -0.001017
      219 0.000012   0.001014
      899 0.000012  -0.001010
      903 0.000012  -0.001000
      550 0.000012   0.000993
      769 0.000012  -0.000989
      426 0.000012   0.000988
      129 0.000012   0.000985
      101 0.000012   0.000983
      636 0.000012  -0.000975
      755 0.000012  -0.000969
      200 0.000012  -0.000967
      627 0.000012   0.000951
       78 0.000012   0.000948
       16 0.000012  -0.000947
      112 0.000012  -0.000944
      555 0.000012   0.000944
      732 0.000011   0.000931
      418 0.000011  -0.000929
       66 0.000011   0.000918
       20 0.000011  -0.000910
      616 0.000011  -0.000906
       90 0.000011   0.000901
      167 0.000011   0.000900
     1010 0.000011   0.000898
      149 0.000011  -0.000894
     1047 0.000011   0.000893
      551 0.000011   0.000890
      278 0.000011  -0.000888
      876 0.000011   0.000885
      875 0.000011   0.000882
        5 0.000011   0.000879
      473 0.000011  -0.000876
     1096 0.000011   0.000869
      154 0.000011   0.000860
      888 0.000011  -0.000857
      883 0.000010   0.000853
      816 0.000010   0.000851
      592 0.000010  -0.000851
      140 0.000010  -0.000844
      109 0.000010   0.000839
      547 0.000010   0.000838
      158 0.000010   0.000833
      796 0.000010   0.000832
      330 0.000010  -0.000827
      208 0.000010   0.000820
euclid. distance of OLC and linear combination of EV * x_coef: 0.007251278469388923

Generate samples based on objective loadcase 296
nr_to_generate: 25

Parameter variation distribution settings
distribution: uniform
low: 0.7
high: 1.3

Total process runtime: 0:00:01.370780
