Date and Time:2023-05-12 14:19:29.610352

Initial Settings:
similarity_model: <function cosine_similarity at 0x000001D005A6E5E0>
similarity_threshold: 1e-05
nr_eigv_to_select: None
distribution: uniform
deviation: 0.3
nr_to_generate: 25
recompute: False

Selected eigenvectors and similarity score w.r.t objective loadcase:
objective_loadcase_nr: 618
similarity_model: cosine_similarity
similarity_threshold: 1e-05
nr_eigv_to_select: None
nr_eigv_selected: 478
approximation parameter model: lstsq
similarity score and approx. param. value
:  eigv_idx    score      value
        3 0.550554  61.512595
        1 0.542615  60.625500
        2 0.501359 -56.016095
        0 0.384804  42.993520
        6 0.048403   5.407982
       39 0.021995   2.457445
        4 0.010993   1.228180
      639 0.003689   0.412135
      186 0.002300  -0.256957
      593 0.002143  -0.239481
      612 0.002084  -0.232885
      218 0.001979  -0.221133
      586 0.001962   0.219255
      710 0.001579  -0.176445
      716 0.001570   0.175465
      187 0.001536  -0.171653
      663 0.001349  -0.150726
      618 0.001331   0.148715
      668 0.001265   0.141387
       68 0.001260  -0.140765
      595 0.001253   0.139970
      194 0.001033   0.115462
      626 0.000994   0.111079
      686 0.000958  -0.107070
      659 0.000949  -0.105998
      388 0.000932  -0.104129
      143 0.000877   0.097961
      617 0.000873   0.097579
      599 0.000823   0.091932
      688 0.000815  -0.091008
      582 0.000774  -0.086504
      562 0.000769  -0.085973
      635 0.000764   0.085356
      670 0.000748   0.083547
      182 0.000713  -0.079704
      621 0.000707  -0.079019
      183 0.000699   0.078136
      578 0.000659   0.073674
      749 0.000657  -0.073451
      733 0.000630   0.070418
      700 0.000628   0.070213
      579 0.000626   0.069894
      698 0.000610  -0.068136
      341 0.000602   0.067235
      704 0.000587  -0.065563
      683 0.000581   0.064876
      718 0.000569  -0.063543
      602 0.000563  -0.062857
      184 0.000539  -0.060267
      253 0.000528  -0.059034
      666 0.000525  -0.058653
      606 0.000519  -0.058037
      567 0.000511  -0.057124
      708 0.000490   0.054706
      153 0.000488   0.054504
      577 0.000475  -0.053076
      174 0.000469   0.052360
      575 0.000444   0.049611
      735 0.000427  -0.047706
      699 0.000420  -0.046973
      620 0.000419  -0.046761
      641 0.000418  -0.046663
      267 0.000414  -0.046261
      220 0.000402  -0.044912
      709 0.000397  -0.044383
      210 0.000376  -0.042005
       69 0.000374   0.041789
      707 0.000369  -0.041197
      583 0.000367  -0.041024
      696 0.000357  -0.039926
      601 0.000347   0.038807
      848 0.000343  -0.038320
      807 0.000334   0.037312
      412 0.000332  -0.037148
       71 0.000331   0.037037
      362 0.000330  -0.036851
      258 0.000329  -0.036740
      631 0.000326  -0.036473
      419 0.000325  -0.036341
      228 0.000321  -0.035882
      753 0.000308  -0.034433
      403 0.000301   0.033595
      179 0.000298   0.033339
      756 0.000295  -0.032994
      587 0.000295   0.032928
      757 0.000279  -0.031187
      243 0.000261   0.029119
      383 0.000259   0.028914
      273 0.000257  -0.028700
      604 0.000256  -0.028648
      137 0.000255  -0.028509
      171 0.000255  -0.028501
      570 0.000251  -0.028001
      361 0.000240   0.026771
      793 0.000239  -0.026659
      576 0.000238  -0.026567
      377 0.000236  -0.026328
      580 0.000228  -0.025491
      853 0.000226  -0.025292
      204 0.000224   0.025049
      741 0.000222   0.024772
      227 0.000222   0.024762
      230 0.000221  -0.024662
      400 0.000215  -0.024007
       70 0.000212   0.023676
      628 0.000208   0.023232
      564 0.000207  -0.023110
      658 0.000206   0.023006
      269 0.000202  -0.022544
      739 0.000200  -0.022361
      800 0.000197  -0.021992
      815 0.000195  -0.021796
      301 0.000195  -0.021771
      299 0.000195   0.021746
      132 0.000193   0.021539
      427 0.000192  -0.021466
      373 0.000192  -0.021456
      199 0.000191  -0.021343
      941 0.000189  -0.021153
      235 0.000187  -0.020863
      828 0.000185  -0.020627
      549 0.000185  -0.020615
      175 0.000184  -0.020579
      665 0.000183  -0.020464
      574 0.000181  -0.020275
      787 0.000180   0.020077
      820 0.000179  -0.020002
      573 0.000177   0.019802
      247 0.000177   0.019725
      743 0.000172  -0.019192
      784 0.000171  -0.019085
      667 0.000167   0.018628
      711 0.000166   0.018511
      750 0.000165   0.018443
      557 0.000165  -0.018422
      726 0.000164  -0.018322
      855 0.000164  -0.018297
      392 0.000163   0.018207
      271 0.000162   0.018129
      239 0.000161   0.017998
      355 0.000161   0.017996
      255 0.000159  -0.017794
      687 0.000159   0.017781
      254 0.000155   0.017274
      263 0.000153  -0.017130
      277 0.000153   0.017044
      312 0.000151  -0.016826
      566 0.000149   0.016671
      795 0.000147   0.016427
      857 0.000147  -0.016417
      398 0.000147  -0.016413
      808 0.000144   0.016046
      380 0.000143   0.015973
      818 0.000140  -0.015693
      257 0.000140  -0.015626
      605 0.000138  -0.015365
      553 0.000136  -0.015206
      294 0.000134  -0.014927
      591 0.000131   0.014683
      217 0.000130  -0.014546
      790 0.000130   0.014506
      234 0.000130   0.014498
      742 0.000129  -0.014451
      616 0.000129  -0.014427
      275 0.000127  -0.014181
      690 0.000127   0.014172
      423 0.000127  -0.014134
      369 0.000126   0.014080
      431 0.000125  -0.014017
      908 0.000125  -0.014008
      161 0.000125   0.013975
      778 0.000125  -0.013957
      697 0.000124   0.013841
      367 0.000123   0.013785
      645 0.000123   0.013728
      736 0.000122  -0.013620
      847 0.000121   0.013572
      974 0.000118   0.013168
      295 0.000116  -0.012973
      241 0.000116   0.012925
      354 0.000115   0.012823
      353 0.000115  -0.012806
      799 0.000114  -0.012758
      436 0.000113   0.012634
      638 0.000111  -0.012409
      859 0.000111   0.012349
      824 0.000110   0.012279
      684 0.000110  -0.012251
      236 0.000110   0.012237
      569 0.000109   0.012161
      585 0.000108  -0.012014
      266 0.000107  -0.011990
      581 0.000107  -0.011966
      840 0.000106  -0.011866
      292 0.000105  -0.011753
      600 0.000104  -0.011620
      584 0.000104  -0.011600
      223 0.000104   0.011589
      882 0.000103   0.011532
      629 0.000102  -0.011364
      148 0.000100   0.011182
      337 0.000100  -0.011140
      261 0.000096  -0.010687
      844 0.000095  -0.010668
      611 0.000094  -0.010529
      829 0.000094   0.010468
      281 0.000094   0.010449
      594 0.000092  -0.010298
      262 0.000092  -0.010284
      251 0.000091  -0.010191
      723 0.000089  -0.009922
      640 0.000088  -0.009857
      728 0.000088  -0.009823
      332 0.000088  -0.009777
      390 0.000087   0.009776
     1095 0.000087  -0.009775
      744 0.000087  -0.009725
      279 0.000087  -0.009682
      734 0.000086  -0.009621
       88 0.000083  -0.009279
      572 0.000082  -0.009205
      107 0.000081  -0.009090
      329 0.000081  -0.009021
      298 0.000080  -0.008958
      552 0.000079  -0.008882
      560 0.000079  -0.008840
      198 0.000078   0.008764
      937 0.000078  -0.008764
      302 0.000078  -0.008732
      701 0.000077  -0.008581
      290 0.000077   0.008560
      740 0.000076  -0.008500
      561 0.000075   0.008379
      978 0.000075   0.008340
      955 0.000074   0.008233
     1005 0.000073   0.008157
      798 0.000072   0.008047
      291 0.000072   0.008004
      654 0.000070   0.007849
      832 0.000070   0.007833
      386 0.000069   0.007762
      913 0.000069  -0.007727
      632 0.000069   0.007702
      843 0.000069  -0.007688
      782 0.000069  -0.007667
      948 0.000068   0.007650
      428 0.000068   0.007638
      356 0.000067  -0.007506
      342 0.000066   0.007323
      308 0.000065  -0.007308
      775 0.000065   0.007305
      364 0.000065  -0.007261
      206 0.000065   0.007247
      249 0.000065  -0.007245
      268 0.000065  -0.007210
      425 0.000064   0.007175
      922 0.000064  -0.007142
      545 0.000064  -0.007125
      414 0.000064   0.007105
      879 0.000063  -0.007055
       93 0.000063  -0.007046
      104 0.000062   0.006953
      826 0.000062  -0.006906
      748 0.000061  -0.006850
      539 0.000061   0.006831
      770 0.000061   0.006814
      722 0.000059  -0.006611
      789 0.000059   0.006590
      895 0.000058   0.006452
      325 0.000058  -0.006445
      322 0.000056  -0.006216
      891 0.000055  -0.006192
      821 0.000055  -0.006122
      323 0.000054  -0.006082
      860 0.000054  -0.006066
       91 0.000054  -0.006065
      407 0.000054  -0.006046
      763 0.000054   0.006022
      319 0.000054   0.006012
      226 0.000054   0.005999
      313 0.000053  -0.005952
      831 0.000053   0.005931
      528 0.000053   0.005924
      597 0.000053  -0.005913
      803 0.000052   0.005811
      225 0.000052   0.005758
      397 0.000051  -0.005732
      614 0.000051   0.005681
      374 0.000051   0.005677
      863 0.000051  -0.005676
      343 0.000050  -0.005601
      864 0.000050   0.005576
      765 0.000049   0.005482
      694 0.000049   0.005450
      321 0.000049  -0.005444
      823 0.000048   0.005383
      762 0.000048   0.005352
      359 0.000047   0.005268
      792 0.000047   0.005264
      232 0.000047  -0.005251
      535 0.000045   0.005068
      776 0.000045  -0.005020
      802 0.000045   0.004995
      627 0.000044   0.004945
      169 0.000044  -0.004867
      801 0.000044  -0.004862
      870 0.000043  -0.004856
      542 0.000043   0.004794
      773 0.000043   0.004763
      366 0.000042   0.004719
      297 0.000042  -0.004646
      943 0.000040   0.004507
      881 0.000040  -0.004480
      349 0.000040  -0.004424
      540 0.000040  -0.004420
      289 0.000040   0.004417
      805 0.000039  -0.004376
      589 0.000039  -0.004368
      409 0.000039  -0.004352
      357 0.000039  -0.004352
      201 0.000039  -0.004338
      987 0.000039   0.004320
      928 0.000039  -0.004303
      245 0.000038  -0.004288
      518 0.000037   0.004116
      650 0.000037  -0.004089
      491 0.000036   0.004040
      677 0.000036   0.004021
      240 0.000036  -0.004018
      596 0.000036  -0.003982
      874 0.000036  -0.003969
      643 0.000035  -0.003941
      448 0.000035   0.003924
      867 0.000035   0.003867
      590 0.000034  -0.003840
     1001 0.000034  -0.003800
      858 0.000034  -0.003763
      285 0.000034   0.003753
      532 0.000034   0.003751
      933 0.000033   0.003739
      209 0.000033  -0.003728
      488 0.000033   0.003645
      894 0.000033  -0.003633
      237 0.000032   0.003626
      880 0.000032   0.003571
      610 0.000032  -0.003567
      769 0.000032   0.003546
      904 0.000032   0.003545
      410 0.000031  -0.003513
      360 0.000031   0.003429
      310 0.000031  -0.003418
      830 0.000030   0.003406
      588 0.000030  -0.003380
      445 0.000030  -0.003367
      224 0.000030  -0.003344
     1032 0.000030   0.003340
      942 0.000029   0.003293
      350 0.000029   0.003287
      475 0.000029  -0.003284
      636 0.000029  -0.003247
     1025 0.000029   0.003234
      950 0.000029  -0.003213
      965 0.000029  -0.003201
      315 0.000029   0.003198
      530 0.000029   0.003192
      524 0.000029  -0.003189
      993 0.000028   0.003155
      394 0.000028   0.003110
      842 0.000028  -0.003078
      382 0.000027  -0.002978
      759 0.000027   0.002971
      424 0.000026  -0.002947
      884 0.000026  -0.002929
     1034 0.000024  -0.002691
      685 0.000024  -0.002686
     1017 0.000024   0.002680
      284 0.000023   0.002604
      608 0.000023  -0.002588
      649 0.000023  -0.002578
      526 0.000023   0.002540
      814 0.000023   0.002516
      794 0.000022   0.002504
      727 0.000022  -0.002484
      244 0.000022  -0.002469
      318 0.000022  -0.002465
      900 0.000022  -0.002446
      432 0.000022   0.002429
      384 0.000022  -0.002418
      603 0.000022  -0.002417
      193 0.000021  -0.002387
      856 0.000021   0.002316
      917 0.000020   0.002253
      502 0.000020   0.002250
      938 0.000020   0.002246
      519 0.000020   0.002226
      455 0.000020  -0.002210
      333 0.000020  -0.002200
      568 0.000020   0.002195
      714 0.000020  -0.002193
      479 0.000020   0.002188
      791 0.000019   0.002173
      222 0.000019  -0.002169
      536 0.000019  -0.002149
      514 0.000019   0.002145
      662 0.000019  -0.002105
      463 0.000018  -0.002061
      437 0.000018   0.002053
      283 0.000018   0.002049
      512 0.000018  -0.001998
      935 0.000017  -0.001947
      907 0.000017   0.001940
      680 0.000017   0.001926
      811 0.000017   0.001916
      489 0.000017   0.001911
     1052 0.000017   0.001904
      347 0.000017   0.001903
      949 0.000017   0.001903
      505 0.000017   0.001875
     1073 0.000017  -0.001875
     1010 0.000016   0.001819
      458 0.000016   0.001815
      131 0.000016   0.001738
      810 0.000015   0.001700
      669 0.000015   0.001679
      921 0.000014  -0.001619
      538 0.000014   0.001610
      835 0.000014  -0.001604
      450 0.000014  -0.001598
      927 0.000014  -0.001598
      732 0.000014   0.001595
      216 0.000014   0.001593
      125 0.000014   0.001592
      971 0.000014  -0.001571
      242 0.000014  -0.001567
      264 0.000014   0.001557
      278 0.000014   0.001554
      849 0.000014   0.001552
      346 0.000014   0.001529
      229 0.000014  -0.001524
      609 0.000013   0.001489
      188 0.000013  -0.001484
      816 0.000013   0.001483
      387 0.000013   0.001442
       80 0.000013   0.001437
      324 0.000013  -0.001423
      934 0.000013  -0.001420
      248 0.000013   0.001404
      351 0.000012   0.001387
      138 0.000012   0.001373
      713 0.000012   0.001368
      215 0.000012   0.001368
      483 0.000012  -0.001368
      619 0.000012   0.001359
      655 0.000012  -0.001339
       89 0.000012   0.001314
      478 0.000012   0.001311
      883 0.000011   0.001275
      114 0.000011  -0.001269
      634 0.000011  -0.001266
      875 0.000011  -0.001261
      646 0.000011   0.001258
      462 0.000011   0.001246
     1047 0.000011   0.001244
      221 0.000011  -0.001232
      988 0.000011  -0.001229
       66 0.000011  -0.001214
      487 0.000011  -0.001204
     1061 0.000010  -0.001162
      957 0.000010   0.001162
      876 0.000010  -0.001161
      625 0.000010  -0.001149
      461 0.000010   0.001140
      473 0.000010  -0.001138
      534 0.000010  -0.001133
      452 0.000010  -0.001132
      964 0.000010   0.001131
       95 0.000010   0.001127
      592 0.000010  -0.001126
euclid. distance of OLC and linear combination of EV * x_coef: 0.009947912096636152

Generate samples based on objective loadcase 618
nr_to_generate: 25

Parameter variation distribution settings
distribution: uniform
low: 0.7
high: 1.3

Total process runtime: 0:00:01.229406
