Date and Time:2023-05-12 14:15:27.074720

Initial Settings:
similarity_model: <function cosine_similarity at 0x000001D005A6E5E0>
similarity_threshold: 1e-05
nr_eigv_to_select: None
distribution: uniform
deviation: 0.3
nr_to_generate: 25
recompute: False

Selected eigenvectors and similarity score w.r.t objective loadcase:
objective_loadcase_nr: 434
similarity_model: cosine_similarity
similarity_threshold: 1e-05
nr_eigv_to_select: None
nr_eigv_selected: 535
approximation parameter model: lstsq
similarity score and approx. param. value
:  eigv_idx    score      value
        3 0.556599  46.068261
        1 0.541500  44.818603
        2 0.497523 -41.178737
        0 0.383249  31.720509
        6 0.043282   3.582330
       39 0.022332   1.848325
        4 0.011087   0.917681
      639 0.003356   0.277802
      186 0.002486  -0.205775
      593 0.002012  -0.166549
      218 0.001951  -0.161488
      612 0.001928  -0.159607
      586 0.001817   0.150424
      710 0.001683  -0.139309
      187 0.001640  -0.135760
      716 0.001539   0.127406
      618 0.001285   0.106393
      668 0.001225   0.101366
      663 0.001187  -0.098268
      595 0.001164   0.096353
      194 0.001099   0.090954
      686 0.000985  -0.081493
      626 0.000934   0.077316
      659 0.000904  -0.074811
       71 0.000872   0.072198
      388 0.000864  -0.071517
      143 0.000854   0.070710
      688 0.000841  -0.069596
       69 0.000826   0.068382
      617 0.000817   0.067605
      749 0.000787  -0.065170
      599 0.000761   0.062964
      582 0.000744  -0.061587
      183 0.000728   0.060293
      635 0.000712   0.058932
      562 0.000707  -0.058523
      670 0.000672   0.055648
      621 0.000649  -0.053731
      579 0.000598   0.049472
      578 0.000582   0.048137
      341 0.000564   0.046707
      733 0.000562   0.046513
      153 0.000552   0.045688
      704 0.000546  -0.045220
      700 0.000545   0.045098
      698 0.000531  -0.043910
      708 0.000520   0.043024
      718 0.000516  -0.042682
      602 0.000515  -0.042617
      174 0.000514   0.042555
      253 0.000509  -0.042162
      606 0.000499  -0.041326
      666 0.000498  -0.041182
      567 0.000494  -0.040852
       68 0.000493  -0.040820
      683 0.000488   0.040404
      735 0.000475  -0.039289
      577 0.000439  -0.036305
      709 0.000422  -0.034940
      575 0.000421   0.034806
      620 0.000397  -0.032872
      210 0.000394  -0.032598
      641 0.000373  -0.030867
      258 0.000369  -0.030559
      699 0.000366  -0.030301
      182 0.000365  -0.030197
      267 0.000356  -0.029504
      696 0.000351  -0.029023
      707 0.000343  -0.028407
      220 0.000343  -0.028375
      601 0.000340   0.028112
      756 0.000326  -0.026974
      362 0.000323  -0.026720
      583 0.000316  -0.026143
      848 0.000313  -0.025929
      631 0.000312  -0.025800
      807 0.000309   0.025597
      412 0.000309  -0.025595
      227 0.000302   0.025019
      419 0.000300  -0.024845
      757 0.000299  -0.024778
      753 0.000291  -0.024062
      403 0.000290   0.023969
      230 0.000280  -0.023170
      587 0.000278   0.023010
      243 0.000265   0.021928
      853 0.000264  -0.021832
      741 0.000259   0.021413
      273 0.000254  -0.020994
      361 0.000246   0.020339
      184 0.000245  -0.020292
      576 0.000245  -0.020238
      570 0.000235  -0.019484
      793 0.000232  -0.019201
      383 0.000230   0.019033
      739 0.000229  -0.018938
      580 0.000228  -0.018876
      377 0.000227  -0.018798
      228 0.000225  -0.018647
      235 0.000219  -0.018126
      204 0.000212   0.017532
      400 0.000209  -0.017325
      604 0.000208  -0.017231
      726 0.000207  -0.017152
      787 0.000204   0.016881
      373 0.000202  -0.016705
      750 0.000202   0.016680
      175 0.000200  -0.016542
      199 0.000200  -0.016519
      137 0.000200  -0.016515
      628 0.000197   0.016345
      658 0.000196   0.016232
      574 0.000191  -0.015798
      564 0.000188  -0.015529
      271 0.000183   0.015169
      800 0.000183  -0.015154
      301 0.000183  -0.015110
      247 0.000179   0.014851
      239 0.000179   0.014788
      427 0.000177  -0.014625
      941 0.000177  -0.014622
      299 0.000176   0.014595
      269 0.000176  -0.014547
      828 0.000173  -0.014358
      263 0.000172  -0.014256
      257 0.000171  -0.014132
      132 0.000170   0.014068
      857 0.000170  -0.014032
      815 0.000169  -0.013969
      820 0.000169  -0.013966
      855 0.000165  -0.013660
      355 0.000164   0.013608
      711 0.000164   0.013604
      818 0.000164  -0.013574
      784 0.000161  -0.013363
      179 0.000161   0.013304
      549 0.000157  -0.012955
      743 0.000157  -0.012953
      312 0.000156  -0.012915
      241 0.000156   0.012895
      566 0.000156   0.012888
      605 0.000154  -0.012733
      665 0.000152  -0.012551
      557 0.000151  -0.012520
      392 0.000146   0.012078
      790 0.000143   0.011804
      217 0.000142  -0.011790
      367 0.000142   0.011712
      616 0.000141  -0.011658
      667 0.000140   0.011616
      255 0.000140  -0.011590
      573 0.000140   0.011590
      275 0.000140  -0.011575
      795 0.000139   0.011495
      808 0.000138   0.011430
      687 0.000138   0.011381
      553 0.000137  -0.011368
      292 0.000135  -0.011214
      398 0.000135  -0.011146
      251 0.000134  -0.011088
      262 0.000134  -0.011081
      824 0.000134   0.011078
      380 0.000129   0.010665
      254 0.000128   0.010624
      171 0.000128  -0.010621
      234 0.000127   0.010491
      859 0.000127   0.010471
      690 0.000126   0.010457
      277 0.000124   0.010261
      591 0.000124   0.010226
      847 0.000123   0.010139
      279 0.000122  -0.010092
      742 0.000121  -0.010028
      569 0.000121   0.010015
      908 0.000118  -0.009757
      778 0.000117  -0.009670
      684 0.000117  -0.009667
      423 0.000117  -0.009647
       88 0.000116  -0.009622
      294 0.000116  -0.009594
      223 0.000115   0.009532
      431 0.000115  -0.009508
      261 0.000113  -0.009351
      829 0.000112   0.009259
      295 0.000111  -0.009184
      736 0.000110  -0.009134
      354 0.000110   0.009118
      645 0.000110   0.009089
      600 0.000109  -0.009027
      436 0.000109   0.009018
      974 0.000109   0.009018
      799 0.000109  -0.009004
      697 0.000108   0.008946
      266 0.000105  -0.008658
      390 0.000103   0.008486
      584 0.000101  -0.008352
      364 0.000101  -0.008333
      353 0.000100  -0.008279
      840 0.000099  -0.008201
      290 0.000099   0.008175
      298 0.000097  -0.008066
      728 0.000097  -0.008004
      882 0.000095   0.007860
      638 0.000095  -0.007846
      369 0.000093   0.007735
      281 0.000093   0.007668
      734 0.000092  -0.007623
      552 0.000092  -0.007608
      337 0.000091  -0.007497
      770 0.000090   0.007459
      206 0.000089   0.007381
      844 0.000089  -0.007360
      329 0.000088  -0.007285
      560 0.000087  -0.007222
      723 0.000087  -0.007190
      629 0.000085  -0.007066
      104 0.000085   0.007065
       93 0.000084  -0.006974
      611 0.000084  -0.006971
       70 0.000083   0.006832
     1095 0.000081  -0.006686
      291 0.000081   0.006664
      594 0.000080  -0.006632
      226 0.000080   0.006622
      782 0.000079  -0.006572
      744 0.000079  -0.006531
      245 0.000079  -0.006510
      268 0.000078  -0.006443
      225 0.000078   0.006422
      581 0.000077  -0.006363
      332 0.000077  -0.006359
      302 0.000075  -0.006233
      937 0.000075  -0.006227
      775 0.000074   0.006091
      610 0.000073  -0.006083
      585 0.000073  -0.006075
      386 0.000073   0.006054
      701 0.000072  -0.005950
      843 0.000072  -0.005930
      978 0.000070   0.005779
      763 0.000070   0.005776
      955 0.000069   0.005676
      640 0.000069  -0.005673
      325 0.000068  -0.005618
     1005 0.000067   0.005580
      864 0.000067   0.005569
      428 0.000066   0.005492
      572 0.000066  -0.005466
      789 0.000066   0.005466
      342 0.000066   0.005458
      236 0.000066   0.005430
      948 0.000065   0.005406
      773 0.000065   0.005399
      913 0.000065  -0.005381
      240 0.000063  -0.005247
      308 0.000063  -0.005200
      414 0.000062   0.005166
      357 0.000062  -0.005139
      545 0.000062  -0.005119
      359 0.000061   0.005054
      654 0.000061   0.005008
      823 0.000060   0.004990
      826 0.000060  -0.004966
      201 0.000060  -0.004955
      922 0.000059  -0.004924
      832 0.000059   0.004919
      318 0.000059  -0.004910
      425 0.000059   0.004903
      322 0.000059  -0.004854
      632 0.000058   0.004842
      879 0.000058  -0.004820
      107 0.000058  -0.004792
      360 0.000058   0.004789
      801 0.000058  -0.004787
      860 0.000057  -0.004751
      722 0.000057  -0.004724
      589 0.000057  -0.004719
      895 0.000057   0.004679
      821 0.000056  -0.004657
      539 0.000056   0.004627
      237 0.000055   0.004548
      740 0.000055  -0.004524
      765 0.000055   0.004517
      198 0.000055   0.004515
      798 0.000054   0.004475
      831 0.000053   0.004426
      561 0.000053   0.004387
      278 0.000052   0.004312
      366 0.000052   0.004306
      943 0.000052   0.004305
      588 0.000051  -0.004234
      748 0.000051  -0.004212
      252 0.000051  -0.004208
      609 0.000050   0.004122
      528 0.000049   0.004036
      805 0.000049  -0.004021
      891 0.000049  -0.004019
      870 0.000048  -0.003968
      138 0.000047  -0.003926
      169 0.000047  -0.003912
      597 0.000047  -0.003901
      343 0.000047  -0.003892
      321 0.000046  -0.003843
      161 0.000044   0.003680
      350 0.000044   0.003642
      407 0.000044  -0.003616
      315 0.000044   0.003602
      568 0.000043   0.003549
      535 0.000043   0.003541
      397 0.000043  -0.003524
      803 0.000042   0.003515
      643 0.000042  -0.003509
      792 0.000042   0.003496
      880 0.000042   0.003481
      356 0.000042  -0.003451
      222 0.000042   0.003444
      762 0.000041   0.003402
      406 0.000041  -0.003370
      319 0.000041   0.003363
      285 0.000040   0.003341
      288 0.000040   0.003298
      884 0.000039  -0.003258
      542 0.000039   0.003257
      272 0.000039  -0.003240
      287 0.000039  -0.003238
      333 0.000039  -0.003230
      349 0.000039  -0.003219
      881 0.000038  -0.003181
      283 0.000038   0.003177
      894 0.000038  -0.003174
      131 0.000038   0.003128
      776 0.000038  -0.003127
      874 0.000037  -0.003096
      694 0.000037   0.003092
      313 0.000037  -0.003057
      863 0.000037  -0.003041
      904 0.000037   0.003030
      540 0.000036  -0.003020
      802 0.000036   0.002995
      320 0.000036   0.002986
      409 0.000036  -0.002960
      296 0.000036  -0.002953
      928 0.000036  -0.002945
      769 0.000035   0.002935
      987 0.000035   0.002926
      491 0.000034   0.002840
      274 0.000034   0.002830
      323 0.000034  -0.002809
      625 0.000034  -0.002797
      518 0.000034   0.002783
      448 0.000034   0.002780
      950 0.000033  -0.002766
      314 0.000033  -0.002698
      264 0.000032   0.002686
      374 0.000032   0.002676
      830 0.000032   0.002675
      942 0.000032   0.002645
      532 0.000031   0.002607
      250 0.000031   0.002606
      488 0.000031   0.002595
      933 0.000031   0.002588
      224 0.000031  -0.002585
     1001 0.000031  -0.002577
      310 0.000031  -0.002537
      384 0.000030  -0.002480
      382 0.000029  -0.002416
      636 0.000029  -0.002414
      677 0.000029   0.002405
      842 0.000029  -0.002404
      613 0.000029   0.002371
      410 0.000029  -0.002371
      232 0.000028  -0.002329
      475 0.000028  -0.002302
      965 0.000028  -0.002287
      849 0.000028   0.002286
     1032 0.000028   0.002280
      530 0.000027   0.002254
      524 0.000027  -0.002221
      242 0.000027  -0.002217
      394 0.000026   0.002192
     1025 0.000026   0.002182
      858 0.000026  -0.002154
      445 0.000026  -0.002147
      867 0.000026   0.002145
      316 0.000026  -0.002131
      993 0.000026   0.002112
      334 0.000025   0.002086
      794 0.000025   0.002074
      424 0.000025  -0.002064
      685 0.000024  -0.002006
       87 0.000024  -0.001962
      791 0.000024   0.001959
      590 0.000024  -0.001947
      935 0.000023  -0.001945
      284 0.000023   0.001936
      650 0.000023  -0.001921
      309 0.000023   0.001897
     1034 0.000023  -0.001897
      402 0.000023  -0.001873
      368 0.000022   0.001802
      432 0.000022   0.001790
      193 0.000022   0.001782
      727 0.000021  -0.001778
      244 0.000021  -0.001765
     1017 0.000021   0.001765
      331 0.000021   0.001758
      526 0.000021   0.001757
      248 0.000021   0.001754
      856 0.000021   0.001715
      249 0.000021  -0.001705
      358 0.000021  -0.001699
      662 0.000021  -0.001699
       45 0.000020   0.001694
      938 0.000020   0.001694
      297 0.000020  -0.001694
      811 0.000020   0.001657
      875 0.000020  -0.001652
      810 0.000020   0.001650
      229 0.000019  -0.001612
      900 0.000019  -0.001604
      592 0.000019  -0.001594
      479 0.000019   0.001580
      876 0.000019  -0.001579
      714 0.000019  -0.001576
      387 0.000019   0.001574
      519 0.000019   0.001572
      324 0.000019  -0.001571
      971 0.000019  -0.001569
      286 0.000019   0.001552
      148 0.000019   0.001550
      238 0.000019  -0.001549
      336 0.000019  -0.001548
      627 0.000019   0.001535
      536 0.000018  -0.001520
      502 0.000018   0.001517
      988 0.000018  -0.001516
      917 0.000018   0.001514
      289 0.000018   0.001513
      814 0.000018   0.001508
      558 0.000018   0.001506
      514 0.000018   0.001500
      260 0.000018   0.001497
      371 0.000018  -0.001495
      964 0.000018   0.001493
      921 0.000018  -0.001493
      649 0.000018  -0.001485
      455 0.000018  -0.001474
      463 0.000017  -0.001422
     1073 0.000017  -0.001417
      395 0.000017  -0.001413
      270 0.000017   0.001412
      655 0.000017  -0.001403
      835 0.000017  -0.001390
      231 0.000016  -0.001364
      927 0.000016  -0.001362
      188 0.000016  -0.001360
      437 0.000016   0.001360
      512 0.000016  -0.001358
      949 0.000016   0.001353
      326 0.000016   0.001317
      458 0.000016   0.001313
       43 0.000016  -0.001310
      489 0.000016   0.001306
     1010 0.000016   0.001306
     1052 0.000016   0.001294
      957 0.000016   0.001286
      164 0.000015   0.001269
       86 0.000015  -0.001252
      623 0.000015  -0.001241
      695 0.000015   0.001230
      907 0.000015   0.001228
      934 0.000015  -0.001227
      642 0.000015   0.001214
      396 0.000015   0.001203
      505 0.000014   0.001186
      966 0.000014   0.001185
       84 0.000014   0.001184
      125 0.000014   0.001135
      196 0.000014   0.001130
      596 0.000013  -0.001105
      669 0.000013   0.001105
       51 0.000013  -0.001099
      452 0.000013  -0.001098
      178 0.000013   0.001084
      888 0.000013   0.001081
      614 0.000013   0.001080
      671 0.000013   0.001078
      816 0.000013   0.001070
     1096 0.000013   0.001069
      221 0.000013  -0.001061
      450 0.000013  -0.001060
      180 0.000013  -0.001058
      133 0.000013  -0.001047
      233 0.000013  -0.001042
       81 0.000013   0.001042
       48 0.000012   0.001034
      328 0.000012  -0.001031
      197 0.000012  -0.001014
      833 0.000012  -0.001007
      675 0.000012   0.001005
      732 0.000012   0.001001
      483 0.000012  -0.000989
      335 0.000012  -0.000985
      191 0.000012   0.000985
      304 0.000012  -0.000971
      538 0.000012   0.000967
      365 0.000011  -0.000926
      634 0.000011  -0.000921
      155 0.000011  -0.000913
      338 0.000011   0.000906
       38 0.000011   0.000903
       54 0.000011   0.000895
      487 0.000011  -0.000889
      952 0.000011  -0.000883
      837 0.000011  -0.000882
       57 0.000011   0.000881
      555 0.000011   0.000877
       83 0.000011  -0.000874
      713 0.000011   0.000873
      983 0.000011   0.000872
       90 0.000011  -0.000872
      916 0.000010  -0.000868
      165 0.000010   0.000868
      185 0.000010   0.000859
      647 0.000010   0.000858
       92 0.000010  -0.000857
      977 0.000010   0.000856
      887 0.000010   0.000856
      841 0.000010   0.000855
      461 0.000010   0.000849
      534 0.000010  -0.000846
      202 0.000010  -0.000842
      619 0.000010   0.000836
      691 0.000010   0.000834
     1047 0.000010   0.000829
euclid. distance of OLC and linear combination of EV * x_coef: 0.007896139789762259

Generate samples based on objective loadcase 434
nr_to_generate: 25

Parameter variation distribution settings
distribution: uniform
low: 0.7
high: 1.3

Total process runtime: 0:00:01.327110
