Date and Time:2023-05-12 14:15:44.228741

Initial Settings:
similarity_model: <function cosine_similarity at 0x000001D005A6E5E0>
similarity_threshold: 1e-05
nr_eigv_to_select: None
distribution: uniform
deviation: 0.3
nr_to_generate: 25
recompute: False

Selected eigenvectors and similarity score w.r.t objective loadcase:
objective_loadcase_nr: 447
similarity_model: cosine_similarity
similarity_threshold: 1e-05
nr_eigv_to_select: None
nr_eigv_selected: 635
approximation parameter model: lstsq
similarity score and approx. param. value
:  eigv_idx    score      value
        1 0.569319  85.963168
        3 0.519092  78.379258
        2 0.479587 -72.414171
        0 0.414694  62.615852
        6 0.064133   9.683578
       39 0.010869   1.641201
        4 0.009237   1.394744
       68 0.005951  -0.898525
      639 0.003822   0.577152
       71 0.002781  -0.419872
      186 0.002503  -0.377973
       69 0.002324  -0.350835
      612 0.002072  -0.312840
      593 0.001897  -0.286439
      618 0.001765   0.266452
      586 0.001724   0.260296
      187 0.001723  -0.260144
      716 0.001688   0.254842
      663 0.001622  -0.244888
      668 0.001516   0.228853
      710 0.001454  -0.219551
      218 0.001229  -0.185596
      182 0.001205  -0.181876
      194 0.001169   0.176493
      659 0.001131  -0.170814
      595 0.001061   0.160216
      617 0.001040   0.157038
       70 0.000984   0.148520
      184 0.000967  -0.145947
      700 0.000925   0.139672
      686 0.000875  -0.132066
      683 0.000864   0.130425
      579 0.000856   0.129319
      388 0.000830  -0.125294
      183 0.000804   0.121463
      688 0.000792  -0.119539
      635 0.000785   0.118549
      143 0.000780   0.117721
      599 0.000772   0.116597
      562 0.000753  -0.113636
      749 0.000733  -0.110607
      582 0.000723  -0.109113
      578 0.000711   0.107394
      670 0.000688   0.103927
      626 0.000668   0.100925
      228 0.000665  -0.100460
      698 0.000628  -0.094852
      666 0.000606  -0.091505
      733 0.000599   0.090436
      621 0.000574  -0.086723
      179 0.000512   0.077262
      253 0.000511  -0.077084
      602 0.000510  -0.076988
      735 0.000503  -0.075972
      341 0.000498   0.075225
      171 0.000494  -0.074618
      153 0.000477   0.072033
      708 0.000476   0.071848
      641 0.000451  -0.068031
      718 0.000436  -0.065866
      174 0.000435   0.065667
      210 0.000432  -0.065300
      362 0.000429  -0.064778
      699 0.000420  -0.063394
      220 0.000403  -0.060917
      583 0.000402  -0.060671
      709 0.000368  -0.055558
      628 0.000366   0.055221
      567 0.000363  -0.054882
      604 0.000357  -0.053877
      631 0.000355  -0.053584
      254 0.000349   0.052746
      576 0.000348  -0.052587
      575 0.000341   0.051446
      756 0.000340  -0.051270
      577 0.000336  -0.050758
      620 0.000330  -0.049844
      757 0.000330  -0.049777
      606 0.000328  -0.049483
      137 0.000319  -0.048165
      759 0.000315   0.047535
      243 0.000314   0.047424
      573 0.000309   0.046600
      419 0.000295  -0.044496
      400 0.000294  -0.044398
      267 0.000292  -0.044054
      704 0.000290  -0.043800
      848 0.000289  -0.043578
      807 0.000282   0.042523
      236 0.000276   0.041697
      412 0.000275  -0.041555
      640 0.000270  -0.040780
      204 0.000266   0.040231
      741 0.000266   0.040221
      787 0.000266   0.040187
      601 0.000258   0.039022
      815 0.000255  -0.038544
      277 0.000255   0.038487
      403 0.000248   0.037487
      234 0.000248   0.037482
      587 0.000246   0.037104
      853 0.000244  -0.036844
      148 0.000242   0.036507
      658 0.000240   0.036267
      271 0.000239   0.036027
      377 0.000229  -0.034604
      161 0.000229   0.034590
      132 0.000228   0.034432
      739 0.000221  -0.033442
      580 0.000221  -0.033421
      361 0.000220   0.033237
      707 0.000211  -0.031835
      687 0.000210   0.031653
      570 0.000209  -0.031515
      549 0.000208  -0.031470
      941 0.000208  -0.031398
      255 0.000207  -0.031266
      798 0.000201   0.030290
      564 0.000199  -0.030049
      355 0.000199   0.030028
      138 0.000198   0.029969
      222 0.000195  -0.029413
      367 0.000194   0.029343
      665 0.000194  -0.029259
      383 0.000194   0.029259
      295 0.000194  -0.029223
      750 0.000192   0.028965
      249 0.000190  -0.028721
      398 0.000185  -0.027952
      199 0.000185  -0.027892
       91 0.000181  -0.027317
      828 0.000180  -0.027183
      258 0.000178  -0.026808
      763 0.000176  -0.026526
      427 0.000170  -0.025714
      800 0.000170  -0.025647
      198 0.000170   0.025605
      380 0.000168   0.025390
      820 0.000167  -0.025222
      566 0.000165   0.024857
      175 0.000164  -0.024768
      373 0.000163  -0.024550
      762 0.000161   0.024306
      353 0.000160  -0.024119
      301 0.000158  -0.023886
      753 0.000158  -0.023834
      847 0.000153   0.023107
      857 0.000151  -0.022750
      711 0.000150   0.022695
      257 0.000150  -0.022626
      436 0.000149   0.022537
      790 0.000148   0.022384
      261 0.000148  -0.022272
      585 0.000147  -0.022197
      557 0.000147  -0.022149
      266 0.000146  -0.021978
      107 0.000144  -0.021805
      390 0.000140   0.021212
      561 0.000140   0.021158
      247 0.000140   0.021069
      667 0.000139   0.020982
      690 0.000138   0.020786
      629 0.000135  -0.020436
      308 0.000135  -0.020393
      743 0.000135  -0.020361
      908 0.000135  -0.020355
      241 0.000134   0.020267
      784 0.000134  -0.020233
      574 0.000133  -0.020139
      281 0.000132   0.019893
      645 0.000131   0.019843
      740 0.000131  -0.019750
      974 0.000130   0.019660
      581 0.000128  -0.019255
      882 0.000126   0.019081
      299 0.000126   0.019068
      684 0.000125  -0.018836
      808 0.000121   0.018207
      818 0.000119  -0.018034
      801 0.000118  -0.017828
      431 0.000117  -0.017711
      840 0.000116  -0.017492
      859 0.000116   0.017466
      423 0.000116  -0.017457
      638 0.000115  -0.017370
      227 0.000115  -0.017302
      294 0.000113  -0.017081
      262 0.000112  -0.016887
      275 0.000112  -0.016881
      605 0.000111  -0.016721
      364 0.000111  -0.016710
      572 0.000111  -0.016694
      600 0.000110  -0.016635
      855 0.000110  -0.016579
      392 0.000108   0.016329
      407 0.000108  -0.016254
      803 0.000107   0.016217
      269 0.000104  -0.015738
      594 0.000104  -0.015648
      386 0.000103   0.015599
      302 0.000102  -0.015371
      726 0.000102  -0.015350
      723 0.000100  -0.015073
      320 0.000100  -0.015047
      318 0.000099   0.014936
      217 0.000099  -0.014878
      273 0.000097  -0.014696
      611 0.000097  -0.014686
     1095 0.000097  -0.014634
      697 0.000097   0.014627
      799 0.000097  -0.014617
      245 0.000097  -0.014602
      584 0.000094  -0.014127
      802 0.000092   0.013932
      428 0.000092   0.013916
      955 0.000092   0.013876
      734 0.000090  -0.013581
      552 0.000090  -0.013514
      343 0.000089  -0.013457
      359 0.000089   0.013451
      793 0.000089  -0.013436
      829 0.000089   0.013428
      596 0.000089  -0.013417
      805 0.000089  -0.013398
      844 0.000089  -0.013379
      597 0.000089  -0.013376
      736 0.000088  -0.013343
      206 0.000088  -0.013343
      701 0.000088  -0.013255
      406 0.000088   0.013222
      349 0.000087  -0.013151
      795 0.000087   0.013124
      414 0.000087   0.013112
      824 0.000086   0.013027
      843 0.000086  -0.012965
      863 0.000085  -0.012909
      313 0.000085  -0.012860
      832 0.000085   0.012849
      209 0.000085  -0.012800
      251 0.000085  -0.012788
      402 0.000085   0.012775
      891 0.000082  -0.012340
      879 0.000081  -0.012299
      397 0.000081  -0.012288
      350 0.000081   0.012213
      235 0.000081  -0.012172
      312 0.000080  -0.012129
      292 0.000080  -0.012117
      276 0.000079  -0.011982
      545 0.000079  -0.011922
      268 0.000076  -0.011503
      374 0.000076   0.011469
      193 0.000075  -0.011368
     1005 0.000075   0.011268
      425 0.000074   0.011243
      354 0.000074   0.011197
      780 0.000074  -0.011186
      296 0.000074   0.011109
      632 0.000073   0.011035
      913 0.000073  -0.010970
      335 0.000072   0.010947
        9 0.000072   0.010903
       10 0.000072   0.010853
      922 0.000072  -0.010815
      776 0.000071  -0.010749
      748 0.000071  -0.010722
      357 0.000070  -0.010643
      728 0.000070  -0.010642
      319 0.000070   0.010607
      826 0.000068  -0.010225
      264 0.000066   0.010006
      603 0.000066  -0.010002
      789 0.000066   0.009980
      214 0.000066  -0.009931
      744 0.000066  -0.009914
      978 0.000066   0.009896
      937 0.000065  -0.009803
      742 0.000064  -0.009594
      213 0.000063  -0.009544
      773 0.000062   0.009324
      216 0.000061   0.009282
      298 0.000061  -0.009263
      539 0.000061   0.009154
      252 0.000060  -0.009105
      614 0.000060   0.009052
      322 0.000060  -0.009020
      409 0.000060  -0.008996
      230 0.000058   0.008701
      233 0.000057  -0.008662
      782 0.000057  -0.008563
      770 0.000056   0.008502
      722 0.000055  -0.008331
      778 0.000055  -0.008289
      895 0.000055   0.008285
      867 0.000054   0.008206
      696 0.000054  -0.008121
      542 0.000054   0.008113
      226 0.000054   0.008107
      831 0.000053   0.007937
      838 0.000053   0.007933
      765 0.000053   0.007931
      540 0.000052  -0.007885
      131 0.000052  -0.007882
      285 0.000052  -0.007870
      677 0.000052   0.007851
      662 0.000052  -0.007799
      223 0.000051   0.007748
      366 0.000051   0.007745
      360 0.000051   0.007668
      553 0.000051  -0.007655
      169 0.000050  -0.007525
      769 0.000050  -0.007477
      215 0.000049   0.007449
      654 0.000049   0.007414
      244 0.000049   0.007411
      528 0.000049   0.007367
      987 0.000048   0.007321
      221 0.000048  -0.007275
      356 0.000048  -0.007263
      333 0.000048   0.007226
      331 0.000047  -0.007127
      560 0.000047  -0.007111
      569 0.000046   0.007012
      650 0.000046  -0.006999
      369 0.000046   0.006961
      830 0.000046   0.006960
      858 0.000046  -0.006955
      589 0.000046  -0.006944
      928 0.000046  -0.006923
      821 0.000046  -0.006904
      225 0.000046   0.006875
      448 0.000045   0.006782
      413 0.000044   0.006712
      290 0.000043  -0.006566
      965 0.000043  -0.006524
      382 0.000043  -0.006511
      263 0.000043  -0.006494
      823 0.000043   0.006441
      405 0.000042  -0.006377
      881 0.000042  -0.006358
       88 0.000041   0.006262
      993 0.000041   0.006236
      297 0.000041  -0.006217
      864 0.000041   0.006215
      904 0.000041   0.006215
      839 0.000041  -0.006206
     1001 0.000041  -0.006179
      948 0.000040   0.006097
      237 0.000040  -0.006054
      310 0.000040  -0.006006
      870 0.000039  -0.005947
      191 0.000039  -0.005899
      775 0.000039  -0.005893
      287 0.000039   0.005870
      260 0.000038   0.005774
      399 0.000038   0.005757
      239 0.000038  -0.005750
       53 0.000038   0.005676
      224 0.000037  -0.005619
       52 0.000037  -0.005607
      874 0.000037  -0.005597
     1025 0.000037   0.005571
      530 0.000037   0.005541
      192 0.000037   0.005531
      347 0.000037   0.005526
      342 0.000037   0.005512
      178 0.000036   0.005489
      535 0.000036   0.005444
      384 0.000036  -0.005437
      283 0.000036  -0.005382
      518 0.000035   0.005321
      933 0.000035   0.005246
       46 0.000035  -0.005226
      445 0.000034  -0.005129
       47 0.000034   0.005107
      675 0.000033   0.005058
       62 0.000033   0.005056
       56 0.000033  -0.005014
      394 0.000033   0.005014
      950 0.000033  -0.004968
      894 0.000033  -0.004962
      900 0.000032  -0.004906
      608 0.000032  -0.004892
      432 0.000032   0.004881
      291 0.000032   0.004842
      410 0.000032  -0.004799
      250 0.000032   0.004780
      284 0.000032  -0.004776
      242 0.000032  -0.004762
       40 0.000031  -0.004747
      642 0.000031  -0.004722
     1032 0.000031   0.004709
      238 0.000031  -0.004675
      424 0.000031  -0.004635
      119 0.000031   0.004626
      387 0.000030   0.004597
      323 0.000030  -0.004557
       42 0.000030  -0.004553
     1017 0.000030   0.004546
      491 0.000030   0.004508
      293 0.000030  -0.004467
      401 0.000029  -0.004447
      860 0.000029  -0.004379
      229 0.000029  -0.004365
      591 0.000029   0.004356
      120 0.000029   0.004327
      942 0.000029   0.004314
      646 0.000028   0.004303
      779 0.000028   0.004296
      309 0.000028   0.004269
       76 0.000028   0.004266
      592 0.000028  -0.004255
      588 0.000028   0.004253
      837 0.000028   0.004173
      532 0.000027   0.004144
      196 0.000027  -0.004136
       50 0.000027   0.004123
      694 0.000027  -0.004115
      590 0.000027  -0.004095
      664 0.000027  -0.004094
      288 0.000027  -0.004071
      505 0.000027   0.004057
      814 0.000027   0.004047
       55 0.000027   0.004038
       58 0.000027   0.004017
      538 0.000027   0.004010
      146 0.000027  -0.004008
      502 0.000026   0.003978
       57 0.000026   0.003960
      917 0.000026   0.003959
      150 0.000026   0.003948
      475 0.000026  -0.003947
      488 0.000026   0.003939
       65 0.000026   0.003935
       34 0.000026   0.003928
       37 0.000026   0.003892
      177 0.000026  -0.003888
       63 0.000026  -0.003875
      197 0.000026   0.003874
       19 0.000026   0.003860
       35 0.000025   0.003829
       77 0.000025  -0.003812
      195 0.000025  -0.003808
      524 0.000025  -0.003808
       67 0.000025  -0.003803
      316 0.000025   0.003781
      248 0.000025   0.003767
      145 0.000025   0.003740
      519 0.000025   0.003729
       59 0.000025   0.003728
      325 0.000025  -0.003723
       73 0.000025   0.003721
      713 0.000025   0.003701
      152 0.000024  -0.003670
       61 0.000024  -0.003654
       44 0.000024   0.003638
      142 0.000024   0.003633
      289 0.000024   0.003617
       93 0.000024   0.003606
      190 0.000024  -0.003570
      489 0.000023   0.003548
      278 0.000023  -0.003542
       21 0.000023   0.003531
      201 0.000023   0.003506
      880 0.000023   0.003480
       11 0.000023   0.003469
       72 0.000023   0.003426
      938 0.000023   0.003424
      868 0.000023  -0.003417
      449 0.000022  -0.003394
       49 0.000022  -0.003389
       13 0.000022  -0.003384
      279 0.000022   0.003343
       82 0.000022  -0.003324
       94 0.000022   0.003312
      455 0.000022  -0.003283
       17 0.000022  -0.003276
      324 0.000022  -0.003273
       75 0.000022  -0.003262
      240 0.000022   0.003258
       14 0.000021   0.003241
       23 0.000021   0.003222
       54 0.000021   0.003213
       12 0.000021  -0.003175
       32 0.000021   0.003118
     1034 0.000021  -0.003101
      536 0.000020  -0.003084
      943 0.000020   0.003083
      317 0.000020  -0.003082
      556 0.000020   0.003077
     1052 0.000020   0.003068
      714 0.000020  -0.003060
       83 0.000020  -0.003050
       79 0.000020   0.003021
      693 0.000020  -0.003004
      338 0.000020  -0.002994
       28 0.000020  -0.002947
      792 0.000019   0.002940
      727 0.000019  -0.002936
      625 0.000019  -0.002936
      903 0.000019  -0.002933
       26 0.000019   0.002920
       24 0.000019  -0.002888
       48 0.000019  -0.002877
       30 0.000019   0.002875
      144 0.000019   0.002865
      458 0.000019   0.002860
      512 0.000019  -0.002835
      712 0.000019  -0.002835
      337 0.000019  -0.002825
      437 0.000019   0.002823
      673 0.000018   0.002771
       15 0.000018   0.002764
      136 0.000018   0.002745
      188 0.000018  -0.002734
      396 0.000018  -0.002728
      681 0.000018   0.002702
      884 0.000018  -0.002699
       81 0.000018   0.002698
      104 0.000018  -0.002698
      156 0.000018   0.002650
      404 0.000018  -0.002647
       60 0.000017   0.002640
      157 0.000017  -0.002635
      121 0.000017   0.002634
      463 0.000017  -0.002625
      627 0.000017   0.002620
      147 0.000017  -0.002611
      336 0.000017   0.002597
      653 0.000017   0.002588
      695 0.000017   0.002577
      833 0.000017   0.002575
      172 0.000017  -0.002566
       98 0.000017  -0.002547
      619 0.000017   0.002540
      571 0.000017  -0.002526
      332 0.000017  -0.002511
      949 0.000017   0.002496
      636 0.000016  -0.002490
      117 0.000016  -0.002481
      265 0.000016   0.002463
       43 0.000016  -0.002433
      534 0.000016  -0.002431
      724 0.000016  -0.002426
       92 0.000016  -0.002422
      420 0.000016   0.002408
      685 0.000016  -0.002406
      139 0.000016   0.002399
      181 0.000016   0.002384
       87 0.000015   0.002333
      155 0.000015   0.002329
       84 0.000015  -0.002323
      764 0.000015   0.002317
      876 0.000015   0.002304
       64 0.000015   0.002302
      450 0.000015  -0.002294
      462 0.000015   0.002265
      526 0.000015   0.002261
       80 0.000015  -0.002252
       74 0.000015   0.002249
      180 0.000015  -0.002217
      887 0.000015  -0.002212
      376 0.000015  -0.002209
      875 0.000015   0.002202
       95 0.000015   0.002196
      883 0.000014   0.002185
      159 0.000014   0.002184
      849 0.000014  -0.002177
      563 0.000014  -0.002176
      116 0.000014  -0.002161
      483 0.000014  -0.002151
      304 0.000014  -0.002148
      671 0.000014   0.002143
      344 0.000014   0.002142
      856 0.000014   0.002129
      649 0.000014  -0.002124
      760 0.000014   0.002109
      352 0.000014  -0.002097
      959 0.000014   0.002092
      479 0.000014   0.002083
      514 0.000014   0.002065
      510 0.000014  -0.002057
      202 0.000014   0.002054
      103 0.000014   0.002054
      478 0.000014   0.002039
      811 0.000013   0.002028
      755 0.000013  -0.002027
       85 0.000013  -0.001999
      732 0.000013   0.001985
      345 0.000013  -0.001979
     1047 0.000013   0.001973
       96 0.000013  -0.001939
      339 0.000013  -0.001930
       99 0.000013   0.001927
      966 0.000013   0.001914
      543 0.000013  -0.001902
      907 0.000012   0.001876
      661 0.000012   0.001873
      810 0.000012   0.001868
      633 0.000012   0.001866
      984 0.000012   0.001818
      118 0.000012  -0.001811
      418 0.000012  -0.001810
      902 0.000012  -0.001795
      426 0.000012   0.001787
      200 0.000012  -0.001773
      115 0.000012  -0.001770
      816 0.000012   0.001764
      705 0.000012   0.001755
      375 0.000012  -0.001755
      219 0.000012   0.001750
      559 0.000011  -0.001735
      473 0.000011  -0.001728
       41 0.000011   0.001680
      656 0.000011   0.001672
      105 0.000011   0.001671
      647 0.000011  -0.001654
      351 0.000011   0.001652
     1074 0.000011   0.001652
      558 0.000011  -0.001651
      643 0.000011  -0.001635
      208 0.000011   0.001631
      796 0.000011   0.001619
      791 0.000011   0.001616
      610 0.000011  -0.001616
      305 0.000011   0.001604
      395 0.000010   0.001579
      964 0.000010   0.001561
      551 0.000010   0.001549
       90 0.000010   0.001547
      270 0.000010  -0.001533
      927 0.000010  -0.001533
       20 0.000010  -0.001530
      454 0.000010  -0.001527
      634 0.000010  -0.001521
euclid. distance of OLC and linear combination of EV * x_coef: 0.013322603621123265

Generate samples based on objective loadcase 447
nr_to_generate: 25

Parameter variation distribution settings
distribution: uniform
low: 0.7
high: 1.3

Total process runtime: 0:00:01.415430
