Date and Time:2023-05-12 14:22:49.261563

Initial Settings:
similarity_model: <function cosine_similarity at 0x000001D005A6E5E0>
similarity_threshold: 1e-05
nr_eigv_to_select: None
distribution: uniform
deviation: 0.3
nr_to_generate: 25
recompute: False

Selected eigenvectors and similarity score w.r.t objective loadcase:
objective_loadcase_nr: 767
similarity_model: cosine_similarity
similarity_threshold: 1e-05
nr_eigv_to_select: None
nr_eigv_selected: 523
approximation parameter model: lstsq
similarity score and approx. param. value
:  eigv_idx    score      value
        1 0.557551  55.481802
        3 0.534251  53.163250
        2 0.488880 -48.648368
        0 0.401366  39.939939
        6 0.056405   5.612902
       39 0.014941   1.486729
        4 0.010046   0.999641
       68 0.005048  -0.502278
      639 0.003789   0.377070
      186 0.002423  -0.241089
       71 0.002241  -0.222979
      612 0.002076  -0.206552
      593 0.001953  -0.194316
       69 0.001838  -0.182855
      586 0.001781   0.177228
      618 0.001618   0.161021
      716 0.001572   0.156472
      187 0.001559  -0.155155
      218 0.001548  -0.154062
      663 0.001532  -0.152477
      710 0.001469  -0.146221
      668 0.001403   0.139640
      194 0.001131   0.112509
      595 0.001123   0.111749
      182 0.001055  -0.104948
      659 0.001051  -0.104553
      617 0.000963   0.095813
      686 0.000867  -0.086308
      388 0.000848  -0.084419
       70 0.000842   0.083766
      700 0.000806   0.080159
      599 0.000794   0.079000
      579 0.000781   0.077675
      688 0.000774  -0.077008
      635 0.000771   0.076745
      683 0.000769   0.076489
      626 0.000761   0.075691
      749 0.000741  -0.073710
      562 0.000738  -0.073484
      582 0.000726  -0.072195
      184 0.000711  -0.070750
      143 0.000701   0.069752
      670 0.000687   0.068409
      183 0.000672   0.066902
      578 0.000672   0.066901
      621 0.000608  -0.060546
      228 0.000604  -0.060118
      733 0.000601   0.059813
      698 0.000587  -0.058455
      666 0.000574  -0.057091
      253 0.000573  -0.057017
      602 0.000541  -0.053869
      341 0.000515   0.051240
      735 0.000496  -0.049369
      718 0.000475  -0.047289
      708 0.000459   0.045635
      174 0.000452   0.045019
      210 0.000441  -0.043889
      641 0.000425  -0.042244
      567 0.000417  -0.041512
      179 0.000417   0.041454
      699 0.000414  -0.041244
      606 0.000403  -0.040104
      362 0.000392  -0.039009
      153 0.000392   0.038992
      583 0.000386  -0.038374
      171 0.000382  -0.037988
      575 0.000376   0.037453
      709 0.000376  -0.037391
      704 0.000374  -0.037177
      577 0.000372  -0.036999
      620 0.000369  -0.036768
      204 0.000350   0.034811
      220 0.000345  -0.034293
      267 0.000335  -0.033373
      756 0.000330  -0.032859
      604 0.000326  -0.032396
      576 0.000322  -0.032053
      628 0.000321   0.031953
      631 0.000321  -0.031912
      757 0.000310  -0.030850
      403 0.000308   0.030671
      848 0.000306  -0.030469
      137 0.000303  -0.030140
      243 0.000300   0.029839
      199 0.000298  -0.029648
      601 0.000297   0.029510
      419 0.000292  -0.029052
      807 0.000287   0.028608
      412 0.000277  -0.027598
      400 0.000270  -0.026819
      383 0.000269   0.026796
      587 0.000261   0.025971
      271 0.000258   0.025628
      707 0.000254  -0.025312
       91 0.000250  -0.024895
      573 0.000250   0.024873
      236 0.000247   0.024610
      741 0.000247   0.024541
      161 0.000246   0.024459
      787 0.000245   0.024421
      853 0.000245  -0.024348
      148 0.000240   0.023900
      258 0.000240  -0.023834
      254 0.000237   0.023582
      132 0.000234   0.023247
      739 0.000226  -0.022448
      377 0.000225  -0.022433
      640 0.000224  -0.022339
      580 0.000220  -0.021926
      815 0.000218  -0.021709
      570 0.000217  -0.021628
      658 0.000217   0.021589
      753 0.000216  -0.021503
      277 0.000213   0.021211
      665 0.000207  -0.020566
      564 0.000200  -0.019935
      356 0.000198  -0.019688
      941 0.000197  -0.019648
      750 0.000193   0.019193
      234 0.000189   0.018803
      217 0.000189  -0.018787
      175 0.000185  -0.018414
      566 0.000183   0.018247
      138 0.000180   0.017961
      687 0.000178   0.017733
      557 0.000176  -0.017486
      828 0.000176  -0.017467
      759 0.000174   0.017299
      667 0.000173   0.017219
      800 0.000171  -0.017034
      273 0.000168  -0.016732
      257 0.000167  -0.016659
      301 0.000165  -0.016447
      427 0.000164  -0.016305
      857 0.000162  -0.016074
      380 0.000161   0.016059
      743 0.000153  -0.015217
      574 0.000152  -0.015162
      820 0.000151  -0.015072
      255 0.000151  -0.014993
      711 0.000150   0.014971
      369 0.000149   0.014833
      353 0.000149  -0.014794
      798 0.000146   0.014547
      790 0.000145   0.014419
      107 0.000144  -0.014377
      784 0.000144  -0.014282
      629 0.000143  -0.014238
      299 0.000141   0.014068
      398 0.000139  -0.013861
      818 0.000139  -0.013850
      690 0.000138   0.013778
      793 0.000137  -0.013633
      361 0.000137   0.013609
      855 0.000135  -0.013468
      247 0.000135   0.013409
      436 0.000135   0.013398
      696 0.000134  -0.013343
      645 0.000133   0.013240
      549 0.000133  -0.013238
      726 0.000133  -0.013225
      847 0.000132   0.013136
      908 0.000131  -0.013042
      295 0.000129  -0.012807
      249 0.000126  -0.012542
      600 0.000126  -0.012542
      581 0.000126  -0.012516
      859 0.000125   0.012472
      585 0.000124  -0.012369
      605 0.000124  -0.012328
      281 0.000123   0.012264
      974 0.000122   0.012126
      552 0.000121  -0.012076
      354 0.000120   0.011924
      373 0.000120  -0.011896
      808 0.000118   0.011772
      829 0.000116   0.011583
      294 0.000116  -0.011574
      553 0.000116  -0.011539
      594 0.000116  -0.011529
      697 0.000115   0.011424
      638 0.000115  -0.011400
      367 0.000114   0.011329
      824 0.000114   0.011326
      423 0.000113  -0.011291
      291 0.000113   0.011226
      431 0.000110  -0.010980
      308 0.000110  -0.010897
      394 0.000109   0.010858
      882 0.000108   0.010792
      736 0.000108  -0.010724
      241 0.000108   0.010703
      840 0.000107  -0.010680
      801 0.000106  -0.010582
      795 0.000106   0.010566
      292 0.000103  -0.010216
      269 0.000103  -0.010209
      355 0.000102   0.010102
      232 0.000101  -0.010061
      266 0.000101  -0.010038
      742 0.000100  -0.009944
      206 0.000100   0.009940
      386 0.000098   0.009710
      799 0.000096  -0.009548
      222 0.000095  -0.009498
      302 0.000095  -0.009457
      392 0.000095   0.009450
      844 0.000095  -0.009411
      193 0.000094  -0.009390
      740 0.000094  -0.009338
      597 0.000094  -0.009321
      262 0.000094  -0.009317
      762 0.000093   0.009238
      611 0.000093  -0.009233
      832 0.000092   0.009196
      584 0.000092  -0.009163
      572 0.000092  -0.009139
      632 0.000092   0.009112
      263 0.000091  -0.009037
      684 0.000091  -0.009013
      343 0.000090  -0.008998
      803 0.000090   0.008994
     1095 0.000090  -0.008919
      209 0.000088  -0.008806
      312 0.000088  -0.008774
      374 0.000085   0.008467
      428 0.000084   0.008319
      261 0.000083  -0.008238
      701 0.000083  -0.008213
      734 0.000082  -0.008174
      561 0.000081   0.008036
       88 0.000081   0.008029
      955 0.000080   0.008006
      414 0.000080   0.007987
      560 0.000079  -0.007885
       93 0.000078   0.007755
      802 0.000078   0.007745
      723 0.000077  -0.007702
      569 0.000077   0.007664
      744 0.000076  -0.007570
      313 0.000075  -0.007456
      748 0.000074  -0.007389
     1005 0.000072   0.007204
      776 0.000072  -0.007196
      913 0.000072  -0.007174
      728 0.000072  -0.007127
      937 0.000072  -0.007123
      770 0.000071   0.007098
      843 0.000071  -0.007041
      268 0.000070  -0.006980
      773 0.000070   0.006939
      778 0.000070  -0.006938
      978 0.000069   0.006834
      545 0.000068  -0.006810
      782 0.000068  -0.006791
      879 0.000068  -0.006784
      763 0.000068  -0.006771
      922 0.000067  -0.006701
      826 0.000067  -0.006677
      390 0.000067   0.006645
      364 0.000067   0.006626
      654 0.000066   0.006588
      603 0.000065  -0.006464
      131 0.000064  -0.006415
      805 0.000064  -0.006376
      831 0.000063   0.006240
      539 0.000063   0.006226
      722 0.000062  -0.006170
      596 0.000060  -0.005981
      891 0.000060  -0.005924
      895 0.000059   0.005914
      425 0.000058   0.005821
      863 0.000058  -0.005767
      614 0.000057   0.005634
      864 0.000056   0.005622
      789 0.000056   0.005617
      322 0.000055  -0.005478
      589 0.000055  -0.005435
      279 0.000054  -0.005397
      359 0.000054  -0.005328
      235 0.000053  -0.005289
      297 0.000052  -0.005181
      413 0.000052   0.005170
      765 0.000052   0.005161
      627 0.000052   0.005142
      289 0.000052   0.005136
      948 0.000051   0.005113
      251 0.000051  -0.005081
      325 0.000051  -0.005069
      591 0.000051   0.005060
      224 0.000050  -0.004967
      780 0.000050  -0.004958
      275 0.000049  -0.004919
      528 0.000048   0.004795
      407 0.000048  -0.004760
      216 0.000048  -0.004748
      821 0.000048  -0.004741
      542 0.000047   0.004722
      329 0.000047  -0.004709
      540 0.000047  -0.004663
      860 0.000046  -0.004619
      320 0.000045   0.004489
      226 0.000045  -0.004459
      870 0.000044  -0.004402
      333 0.000044  -0.004383
      409 0.000043  -0.004292
      406 0.000043  -0.004286
      881 0.000043  -0.004281
      298 0.000043  -0.004277
      987 0.000043   0.004250
      323 0.000042  -0.004157
      928 0.000042  -0.004151
      823 0.000042   0.004148
      337 0.000042  -0.004136
      214 0.000041   0.004129
      350 0.000041  -0.004094
      225 0.000041  -0.004082
      448 0.000041   0.004055
      357 0.000040   0.003938
      858 0.000040  -0.003937
      608 0.000039  -0.003894
      867 0.000039   0.003893
      402 0.000039  -0.003873
      276 0.000038   0.003775
      397 0.000038  -0.003732
      535 0.000037   0.003697
      335 0.000036  -0.003617
     1001 0.000036  -0.003586
      360 0.000036  -0.003564
      874 0.000035  -0.003468
      310 0.000035  -0.003462
      636 0.000035  -0.003438
      933 0.000034   0.003394
      530 0.000034   0.003374
      904 0.000034   0.003359
      950 0.000034  -0.003350
      264 0.000033  -0.003333
      993 0.000033   0.003329
      491 0.000033   0.003281
      680 0.000033   0.003274
      965 0.000033  -0.003272
      943 0.000033   0.003267
      592 0.000033  -0.003265
      884 0.000033  -0.003254
      518 0.000033   0.003250
      252 0.000033   0.003238
      215 0.000032  -0.003221
      334 0.000032   0.003213
     1025 0.000032   0.003191
      319 0.000032   0.003191
      410 0.000032  -0.003176
      488 0.000032   0.003173
      296 0.000032  -0.003145
      643 0.000031  -0.003100
      880 0.000031   0.003070
      432 0.000031   0.003065
      616 0.000030  -0.002987
      332 0.000030  -0.002987
      475 0.000030  -0.002972
      894 0.000030  -0.002969
      792 0.000030   0.002958
     1032 0.000030   0.002941
      532 0.000029   0.002935
      942 0.000029   0.002886
      213 0.000028   0.002798
      239 0.000028   0.002767
      223 0.000027   0.002734
      677 0.000027   0.002726
      233 0.000027   0.002687
      524 0.000027  -0.002685
     1017 0.000027   0.002645
      315 0.000026   0.002614
      938 0.000026   0.002601
      842 0.000026  -0.002585
      900 0.000025  -0.002531
      191 0.000025   0.002520
      192 0.000025  -0.002512
      420 0.000025   0.002504
      445 0.000025  -0.002480
      221 0.000024   0.002431
      814 0.000024   0.002413
      424 0.000024  -0.002397
      347 0.000024  -0.002367
      538 0.000024   0.002344
      399 0.000023  -0.002329
      610 0.000023  -0.002312
      917 0.000023   0.002272
      650 0.000023  -0.002269
      286 0.000023   0.002267
      519 0.000023   0.002246
     1034 0.000023  -0.002241
      681 0.000022  -0.002229
      201 0.000022  -0.002220
      685 0.000022  -0.002210
      590 0.000022  -0.002173
      229 0.000022   0.002162
      536 0.000021  -0.002122
      502 0.000021   0.002119
      178 0.000021  -0.002089
      479 0.000020   0.002014
      455 0.000020  -0.001978
      837 0.000020  -0.001974
      237 0.000020   0.001971
      489 0.000020   0.001967
      714 0.000019  -0.001937
      512 0.000019  -0.001892
      290 0.000019   0.001857
      230 0.000019   0.001854
      328 0.000019  -0.001849
      342 0.000018   0.001836
      195 0.000018   0.001833
     1052 0.000018   0.001825
      287 0.000018  -0.001823
      250 0.000018  -0.001811
      458 0.000018   0.001809
      196 0.000018   0.001799
      382 0.000018   0.001785
       86 0.000018   0.001777
      197 0.000018  -0.001775
      463 0.000018  -0.001765
      949 0.000017   0.001727
      101 0.000017   0.001725
      505 0.000017   0.001711
      346 0.000017   0.001684
      526 0.000017   0.001676
      856 0.000017   0.001671
       43 0.000017   0.001661
       98 0.000017   0.001657
      169 0.000017  -0.001656
      115 0.000017   0.001654
      177 0.000017   0.001644
      804 0.000016  -0.001641
      452 0.000016  -0.001635
      694 0.000016   0.001635
      888 0.000016   0.001633
       66 0.000016  -0.001629
      331 0.000016   0.001624
      437 0.000016   0.001612
      514 0.000016   0.001611
      405 0.000016   0.001609
      324 0.000016  -0.001584
       87 0.000016   0.001574
      705 0.000016  -0.001545
      238 0.000015   0.001538
       40 0.000015   0.001537
       99 0.000015   0.001527
      285 0.000015  -0.001502
      534 0.000015  -0.001472
      242 0.000015   0.001470
      200 0.000015   0.001466
      732 0.000015   0.001466
      116 0.000015   0.001462
      260 0.000015  -0.001449
      964 0.000015   0.001449
      483 0.000015  -0.001443
      811 0.000014   0.001412
      108 0.000014   0.001387
      625 0.000014   0.001384
      293 0.000014   0.001365
      142 0.000014   0.001355
       41 0.000013  -0.001343
       42 0.000013   0.001341
      849 0.000013   0.001332
      450 0.000013  -0.001327
      363 0.000013   0.001327
      887 0.000013   0.001324
      619 0.000013   0.001319
      180 0.000013   0.001317
        9 0.000013  -0.001315
      907 0.000013   0.001308
      248 0.000013  -0.001299
      104 0.000013  -0.001298
      119 0.000013  -0.001286
       10 0.000013  -0.001286
       34 0.000013  -0.001261
       47 0.000013  -0.001259
       35 0.000013  -0.001257
       81 0.000013   0.001256
      755 0.000012  -0.001238
      649 0.000012  -0.001238
      971 0.000012  -0.001230
      927 0.000012  -0.001222
      816 0.000012   0.001221
      288 0.000012   0.001215
      988 0.000012  -0.001212
       80 0.000012  -0.001209
       45 0.000012  -0.001195
      830 0.000012   0.001195
      543 0.000012  -0.001192
      653 0.000012  -0.001191
     1047 0.000012   0.001191
      106 0.000012  -0.001184
      462 0.000012   0.001183
      662 0.000012  -0.001181
      351 0.000012  -0.001179
     1010 0.000012   0.001163
      634 0.000011  -0.001130
      934 0.000011  -0.001129
      120 0.000011  -0.001125
      656 0.000011  -0.001122
      473 0.000011  -0.001121
      957 0.000011   0.001121
      921 0.000011  -0.001106
      810 0.000011   0.001104
      729 0.000011   0.001104
      190 0.000011   0.001099
      702 0.000011  -0.001098
       37 0.000011  -0.001098
      809 0.000011   0.001079
      117 0.000011   0.001078
      598 0.000011   0.001074
      487 0.000011  -0.001058
      935 0.000011  -0.001056
       89 0.000011   0.001056
      434 0.000011   0.001055
      669 0.000011   0.001050
      875 0.000011  -0.001045
      141 0.000010  -0.001030
      136 0.000010   0.001021
      278 0.000010  -0.001003
      172 0.000010   0.001003
      852 0.000010  -0.000998
euclid. distance of OLC and linear combination of EV * x_coef: 0.01003987732246157

Generate samples based on objective loadcase 767
nr_to_generate: 25

Parameter variation distribution settings
distribution: uniform
low: 0.7
high: 1.3

Total process runtime: 0:00:01.291924
