Date and Time:2023-05-12 14:11:33.091128

Initial Settings:
similarity_model: <function cosine_similarity at 0x000001D005A6E5E0>
similarity_threshold: 1e-05
nr_eigv_to_select: None
distribution: uniform
deviation: 0.3
nr_to_generate: 25
recompute: False

Selected eigenvectors and similarity score w.r.t objective loadcase:
objective_loadcase_nr: 259
similarity_model: cosine_similarity
similarity_threshold: 1e-05
nr_eigv_to_select: None
nr_eigv_selected: 454
approximation parameter model: lstsq
similarity score and approx. param. value
:  eigv_idx    score      value
        3 0.589463  37.785902
        2 0.519323 -33.289817
        1 0.509543  32.662873
        0 0.348417  22.334319
       39 0.029472   1.889194
        6 0.026470   1.696817
        4 0.012988   0.832560
      639 0.003479   0.223009
      218 0.002606  -0.167054
      593 0.002147  -0.137621
      586 0.002014   0.129134
      612 0.002006  -0.128595
      186 0.001841  -0.118008
      710 0.001533  -0.098296
      595 0.001313   0.084149
       68 0.001227  -0.078680
      187 0.001212  -0.077711
      716 0.001136   0.072813
      663 0.001126  -0.072189
      626 0.001123   0.071961
      618 0.000993   0.063675
      668 0.000974   0.062419
      388 0.000930  -0.059595
      686 0.000883  -0.056586
      143 0.000876   0.056177
      194 0.000813   0.052096
      749 0.000809  -0.051842
      599 0.000787   0.050475
      688 0.000753  -0.048245
      621 0.000746  -0.047842
      562 0.000739  -0.047382
      582 0.000732  -0.046932
      635 0.000719   0.046103
      659 0.000715  -0.045851
      670 0.000705   0.045180
      617 0.000697   0.044648
      704 0.000662  -0.042461
      578 0.000649   0.041593
      341 0.000621   0.039822
      733 0.000593   0.038032
      183 0.000593   0.038001
      567 0.000588  -0.037670
      718 0.000584  -0.037464
      606 0.000579  -0.037109
      577 0.000572  -0.036673
      602 0.000555  -0.035588
      267 0.000510  -0.032696
      698 0.000494  -0.031670
       69 0.000484   0.031047
      220 0.000479  -0.030680
      579 0.000473   0.030290
      735 0.000472  -0.030254
      708 0.000466   0.029887
      258 0.000466  -0.029862
      696 0.000466  -0.029845
      575 0.000454   0.029113
      253 0.000452  -0.028993
      620 0.000452  -0.028960
      753 0.000427  -0.027342
      153 0.000426   0.027311
      666 0.000413  -0.026504
       71 0.000399   0.025577
      641 0.000397  -0.025455
      601 0.000397   0.025450
      174 0.000393   0.025197
      709 0.000391  -0.025044
      707 0.000390  -0.024974
      230 0.000388  -0.024895
      683 0.000377   0.024144
      848 0.000373  -0.023920
      227 0.000362   0.023197
      412 0.000359  -0.023014
      583 0.000358  -0.022932
      273 0.000344  -0.022025
      699 0.000341  -0.021834
      793 0.000331  -0.021203
      419 0.000328  -0.021027
      700 0.000324   0.020748
      759 0.000322  -0.020622
      807 0.000319   0.020434
      763 0.000313   0.020032
      587 0.000308   0.019753
      403 0.000308   0.019726
      756 0.000308  -0.019720
      383 0.000306   0.019586
      269 0.000304  -0.019464
      210 0.000304  -0.019461
      631 0.000294  -0.018834
      235 0.000289  -0.018516
      182 0.000285  -0.018266
      853 0.000275  -0.017655
      239 0.000271   0.017368
      570 0.000269  -0.017264
      263 0.000269  -0.017242
      299 0.000262   0.016768
      362 0.000261  -0.016718
      137 0.000260  -0.016680
      243 0.000259   0.016585
      184 0.000254  -0.016291
      757 0.000250  -0.016014
      741 0.000236   0.015141
      726 0.000235  -0.015044
      206 0.000234   0.015029
       70 0.000229   0.014705
      743 0.000228  -0.014618
      739 0.000223  -0.014318
      204 0.000221   0.014137
      377 0.000218  -0.013948
      361 0.000216   0.013861
      750 0.000213   0.013627
      301 0.000207  -0.013241
      742 0.000206  -0.013177
      549 0.000202  -0.012930
      427 0.000201  -0.012907
      312 0.000196  -0.012561
      818 0.000195  -0.012512
      247 0.000195   0.012492
      564 0.000193  -0.012397
      855 0.000192  -0.012323
      223 0.000189   0.012100
      369 0.000188   0.012065
      373 0.000187  -0.011992
      132 0.000187   0.011963
      392 0.000187   0.011956
      795 0.000186   0.011909
      800 0.000185  -0.011885
      604 0.000183  -0.011701
      199 0.000182  -0.011663
      591 0.000180   0.011551
      228 0.000180  -0.011547
      337 0.000180  -0.011520
      857 0.000179  -0.011483
      553 0.000174  -0.011145
      824 0.000174   0.011145
      787 0.000174   0.011143
      290 0.000171   0.010976
      576 0.000171  -0.010966
      778 0.000169  -0.010848
      775 0.000168   0.010791
      580 0.000167  -0.010713
      332 0.000165  -0.010560
      400 0.000163  -0.010478
      784 0.000162  -0.010372
      275 0.000162  -0.010353
      665 0.000161  -0.010338
      658 0.000159   0.010224
      175 0.000156  -0.009989
      828 0.000156  -0.009987
      667 0.000151   0.009702
      820 0.000151  -0.009677
      585 0.000150  -0.009608
      829 0.000146   0.009354
      941 0.000145  -0.009302
      711 0.000142   0.009102
      859 0.000140   0.009005
      574 0.000140  -0.008981
      179 0.000136   0.008731
      736 0.000135  -0.008656
      279 0.000134  -0.008559
      616 0.000134  -0.008558
      605 0.000132  -0.008477
      628 0.000132   0.008435
      687 0.000131   0.008366
      808 0.000130   0.008327
      423 0.000127  -0.008173
      770 0.000127   0.008170
      431 0.000127  -0.008142
      298 0.000126  -0.008059
      790 0.000124   0.007942
      354 0.000124   0.007937
      557 0.000124  -0.007918
      255 0.000123  -0.007857
      769 0.000122   0.007821
      762 0.000122  -0.007802
      201 0.000121  -0.007774
      171 0.000121  -0.007768
      329 0.000121  -0.007732
      277 0.000119   0.007660
      241 0.000118   0.007556
      356 0.000115  -0.007388
      697 0.000115   0.007380
      744 0.000115  -0.007376
      380 0.000114   0.007306
      398 0.000112  -0.007207
      799 0.000106  -0.006825
      294 0.000106  -0.006807
      257 0.000106  -0.006800
       88 0.000106  -0.006785
      217 0.000105  -0.006739
      908 0.000103  -0.006609
      645 0.000102   0.006564
      271 0.000102   0.006552
      295 0.000102  -0.006536
      321 0.000100  -0.006438
      815 0.000099  -0.006342
      566 0.000099   0.006338
      251 0.000099  -0.006321
      728 0.000097  -0.006233
      355 0.000095   0.006112
      864 0.000095   0.006090
      638 0.000095  -0.006080
      690 0.000095   0.006067
      353 0.000093  -0.005967
       93 0.000093  -0.005951
      948 0.000092   0.005866
      569 0.000091   0.005859
      600 0.000091  -0.005834
      611 0.000091  -0.005830
      943 0.000089   0.005704
      773 0.000089   0.005701
      782 0.000088  -0.005648
      974 0.000088   0.005632
      234 0.000087   0.005581
      325 0.000087  -0.005577
      629 0.000087  -0.005550
      937 0.000086  -0.005543
      840 0.000086  -0.005521
      436 0.000086   0.005492
      573 0.000085   0.005469
      684 0.000085  -0.005460
      860 0.000083  -0.005332
      844 0.000082  -0.005233
      285 0.000079   0.005089
      581 0.000079  -0.005040
      292 0.000078  -0.004979
      734 0.000077  -0.004918
      884 0.000076  -0.004889
      978 0.000075   0.004813
      594 0.000074  -0.004757
      847 0.000074   0.004745
      792 0.000074   0.004743
      694 0.000074   0.004739
      266 0.000073  -0.004695
      843 0.000073  -0.004663
      281 0.000072   0.004608
      107 0.000071  -0.004583
      104 0.000071   0.004582
      654 0.000071   0.004562
      319 0.000071   0.004555
      261 0.000071  -0.004539
      262 0.000071  -0.004536
      367 0.000069   0.004436
      283 0.000069   0.004424
      880 0.000068   0.004379
      614 0.000068   0.004371
      138 0.000068  -0.004350
      289 0.000067   0.004323
      342 0.000066   0.004256
      561 0.000066   0.004204
      722 0.000066  -0.004200
      572 0.000065  -0.004182
      823 0.000065   0.004146
      780 0.000064   0.004107
      589 0.000064  -0.004077
      627 0.000063   0.004051
      723 0.000063  -0.004048
      560 0.000063  -0.004038
     1095 0.000063  -0.004019
      539 0.000062   0.003998
      291 0.000062   0.003967
      826 0.000062  -0.003955
     1005 0.000062   0.003953
      302 0.000061  -0.003924
      913 0.000060  -0.003863
      882 0.000060   0.003855
      268 0.000059  -0.003806
      870 0.000059  -0.003797
      308 0.000059  -0.003771
      632 0.000059   0.003754
      895 0.000058   0.003742
      584 0.000058  -0.003720
      590 0.000057  -0.003682
      413 0.000057  -0.003677
      765 0.000056   0.003597
      323 0.000056  -0.003562
      343 0.000056  -0.003559
      748 0.000055  -0.003547
      315 0.000055   0.003524
      831 0.000054   0.003474
      425 0.000053   0.003428
      801 0.000053  -0.003423
      528 0.000053   0.003420
      545 0.000053  -0.003395
      596 0.000052  -0.003364
      428 0.000052   0.003323
      198 0.000052  -0.003311
      650 0.000051  -0.003254
      318 0.000050  -0.003188
      386 0.000049   0.003160
      552 0.000049  -0.003117
      701 0.000048  -0.003102
      535 0.000048   0.003100
      414 0.000048   0.003100
      935 0.000047  -0.003042
      922 0.000047  -0.003007
      821 0.000047  -0.002982
      244 0.000046  -0.002967
      894 0.000046  -0.002952
      798 0.000045  -0.002916
      322 0.000045  -0.002887
      161 0.000045   0.002862
      390 0.000044   0.002849
       91 0.000044  -0.002837
      874 0.000044  -0.002817
      957 0.000043   0.002765
      842 0.000042  -0.002724
      841 0.000042   0.002713
      955 0.000042   0.002677
      278 0.000041   0.002626
      169 0.000040  -0.002552
      881 0.000039  -0.002531
      833 0.000039  -0.002503
      193 0.000039   0.002486
      830 0.000038   0.002404
     1073 0.000037  -0.002371
      491 0.000037   0.002349
      518 0.000037   0.002346
      988 0.000037  -0.002341
      942 0.000036   0.002335
      852 0.000036   0.002283
      964 0.000035   0.002252
     1096 0.000035   0.002230
      313 0.000034  -0.002186
      838 0.000034  -0.002186
      971 0.000034  -0.002183
      374 0.000034   0.002182
      649 0.000034  -0.002160
      789 0.000034   0.002158
      950 0.000033  -0.002141
      532 0.000033   0.002139
      407 0.000033  -0.002117
      488 0.000033   0.002106
      608 0.000033  -0.002106
      832 0.000032   0.002082
      394 0.000032   0.002041
      879 0.000032  -0.002021
      904 0.000031   0.001996
      835 0.000031  -0.001969
      131 0.000031   0.001963
      921 0.000030  -0.001919
      445 0.000030  -0.001919
      636 0.000029  -0.001886
      410 0.000029  -0.001877
      286 0.000029   0.001877
      540 0.000029  -0.001858
      933 0.000029   0.001856
      597 0.000029  -0.001837
      297 0.000029  -0.001834
      409 0.000028  -0.001814
      475 0.000028  -0.001789
      236 0.000028   0.001780
      524 0.000028  -0.001777
      983 0.000027   0.001729
      448 0.000027   0.001702
      310 0.000027  -0.001701
      794 0.000026   0.001683
      977 0.000026   0.001675
      727 0.000026  -0.001641
     1034 0.000025  -0.001631
      928 0.000025  -0.001612
      677 0.000025   0.001607
      526 0.000025   0.001606
     1010 0.000025   0.001580
      868 0.000024   0.001568
      856 0.000024   0.001563
     1032 0.000024   0.001544
      740 0.000024   0.001526
      938 0.000024   0.001523
      542 0.000024   0.001507
      959 0.000023  -0.001496
      366 0.000023   0.001469
      779 0.000023  -0.001462
      927 0.000023  -0.001449
      646 0.000023   0.001445
      811 0.000022   0.001439
      809 0.000022   0.001429
      424 0.000022  -0.001406
      987 0.000022   0.001399
     1009 0.000021  -0.001376
      249 0.000021   0.001355
      530 0.000021   0.001346
      592 0.000021   0.001345
      479 0.000020   0.001292
      934 0.000020  -0.001281
      514 0.000020   0.001281
      284 0.000020   0.001264
      346 0.000020   0.001264
     1001 0.000020  -0.001259
      643 0.000019  -0.001209
      685 0.000019  -0.001197
      764 0.000018  -0.001184
      148 0.000018   0.001169
      437 0.000018   0.001166
      916 0.000018  -0.001146
      364 0.000018   0.001140
      536 0.000018  -0.001133
      463 0.000018  -0.001125
      455 0.000018  -0.001124
      776 0.000017  -0.001101
      810 0.000017   0.001072
     1016 0.000016  -0.001056
     1003 0.000016  -0.001042
      397 0.000016  -0.001036
      903 0.000016   0.001024
      512 0.000016  -0.001024
      898 0.000016   0.001018
      984 0.000016  -0.000997
      755 0.000016  -0.000997
      804 0.000015  -0.000991
      502 0.000015   0.000987
      519 0.000015   0.000978
      432 0.000015   0.000978
     1025 0.000015   0.000975
      324 0.000015  -0.000964
      714 0.000015  -0.000945
      732 0.000014   0.000925
     1020 0.000014  -0.000920
      949 0.000014   0.000899
     1017 0.000014   0.000887
      662 0.000014  -0.000878
      232 0.000014  -0.000870
      245 0.000013  -0.000860
      225 0.000013  -0.000856
      450 0.000013  -0.000854
     1040 0.000013  -0.000850
       98 0.000013  -0.000847
      359 0.000013  -0.000846
      791 0.000013   0.000844
      702 0.000013  -0.000837
      226 0.000013  -0.000829
      489 0.000013   0.000828
      803 0.000013   0.000819
      458 0.000013   0.000819
      610 0.000012  -0.000794
      333 0.000012  -0.000785
      505 0.000012   0.000784
      907 0.000012   0.000765
      478 0.000012   0.000764
      760 0.000012  -0.000738
      598 0.000011   0.000735
      328 0.000011  -0.000705
      640 0.000011  -0.000702
     1052 0.000011   0.000699
      802 0.000011   0.000698
      487 0.000011  -0.000698
     1015 0.000011  -0.000685
     1061 0.000011  -0.000685
      917 0.000011   0.000684
      816 0.000011   0.000679
      461 0.000010   0.000665
      426 0.000010   0.000658
      634 0.000010  -0.000655
      360 0.000010  -0.000642
      814 0.000010   0.000641
euclid. distance of OLC and linear combination of EV * x_coef: 0.005063359948159494

Generate samples based on objective loadcase 259
nr_to_generate: 25

Parameter variation distribution settings
distribution: uniform
low: 0.7
high: 1.3

Total process runtime: 0:00:01.317461
