Date and Time:2023-05-12 14:14:58.695667

Initial Settings:
similarity_model: <function cosine_similarity at 0x000001D005A6E5E0>
similarity_threshold: 1e-05
nr_eigv_to_select: None
distribution: uniform
deviation: 0.3
nr_to_generate: 25
recompute: False

Selected eigenvectors and similarity score w.r.t objective loadcase:
objective_loadcase_nr: 413
similarity_model: cosine_similarity
similarity_threshold: 1e-05
nr_eigv_to_select: None
nr_eigv_selected: 459
approximation parameter model: lstsq
similarity score and approx. param. value
:  eigv_idx    score      value
        3 0.550792  50.362727
        1 0.541625  49.524610
        2 0.502912 -45.984758
        0 0.383770  35.090780
        6 0.049271   4.505224
       39 0.020845   1.906001
        4 0.011050   1.010377
      639 0.003830   0.350209
       68 0.002979  -0.272347
      186 0.002228  -0.203740
      593 0.002153  -0.196833
      612 0.002124  -0.194241
      586 0.001979   0.180962
      218 0.001960  -0.179231
      716 0.001519   0.138938
      710 0.001518  -0.138815
      187 0.001462  -0.133662
      663 0.001447  -0.132271
      618 0.001402   0.128156
      668 0.001304   0.119228
      595 0.001267   0.115863
      194 0.001020   0.093296
      659 0.000984  -0.089968
      626 0.000983   0.089860
      388 0.000938  -0.085728
      686 0.000931  -0.085169
      617 0.000901   0.082406
      182 0.000854  -0.078110
      599 0.000831   0.076021
      143 0.000819   0.074924
      688 0.000791  -0.072329
      635 0.000789   0.072121
      562 0.000783  -0.071612
      670 0.000779   0.071268
      582 0.000776  -0.070942
       71 0.000757  -0.069197
      621 0.000719  -0.065704
      578 0.000692   0.063315
      700 0.000685   0.062593
      733 0.000664   0.060737
      579 0.000659   0.060263
      183 0.000657   0.060065
      698 0.000647  -0.059164
      704 0.000632  -0.057745
      683 0.000630   0.057571
      184 0.000617  -0.056406
      718 0.000616  -0.056332
      749 0.000604  -0.055182
      341 0.000597   0.054609
      602 0.000558  -0.051025
       69 0.000550  -0.050251
      666 0.000536  -0.049053
      253 0.000525  -0.047975
      567 0.000513  -0.046944
       70 0.000500   0.045752
      606 0.000498  -0.045497
      577 0.000479  -0.043831
      708 0.000475   0.043397
      699 0.000447  -0.040857
      575 0.000438   0.040005
      174 0.000437   0.039943
      153 0.000436   0.039912
      641 0.000433  -0.039556
      620 0.000422  -0.038608
      735 0.000419  -0.038309
      228 0.000416  -0.038063
      267 0.000411  -0.037590
      220 0.000409  -0.037406
      707 0.000390  -0.035684
      583 0.000389  -0.035556
      210 0.000387  -0.035398
      709 0.000387  -0.035391
      601 0.000358   0.032689
      179 0.000349   0.031932
      848 0.000348  -0.031842
      696 0.000348  -0.031780
      362 0.000338  -0.030929
      631 0.000331  -0.030291
      412 0.000330  -0.030163
      419 0.000326  -0.029773
      258 0.000318  -0.029080
      403 0.000317   0.028998
      171 0.000311  -0.028448
      753 0.000311  -0.028428
      807 0.000306   0.027952
      137 0.000297  -0.027156
      587 0.000293   0.026763
      756 0.000285  -0.026102
      604 0.000284  -0.025978
      383 0.000282   0.025789
      204 0.000277   0.025333
      243 0.000273   0.024937
      757 0.000265  -0.024269
      570 0.000255  -0.023282
      576 0.000252  -0.023057
      273 0.000240  -0.021900
      377 0.000237  -0.021696
      628 0.000235   0.021458
      199 0.000233  -0.021270
      400 0.000225  -0.020603
      580 0.000217  -0.019853
      793 0.000214  -0.019543
      132 0.000213   0.019511
      658 0.000212   0.019415
      853 0.000210  -0.019209
      564 0.000209  -0.019076
      361 0.000203   0.018533
      815 0.000203  -0.018519
      787 0.000202   0.018437
      665 0.000195  -0.017859
      301 0.000194  -0.017714
      573 0.000193   0.017641
      269 0.000193  -0.017610
      299 0.000191   0.017483
      427 0.000190  -0.017373
      271 0.000188   0.017187
      941 0.000188  -0.017172
      741 0.000184   0.016797
      739 0.000181  -0.016561
      667 0.000181   0.016541
      800 0.000179  -0.016382
      743 0.000177  -0.016198
      235 0.000175  -0.015995
      277 0.000175   0.015980
      175 0.000174  -0.015923
      247 0.000174   0.015918
      230 0.000174  -0.015889
      254 0.000173   0.015782
      549 0.000172  -0.015702
      828 0.000170  -0.015499
      557 0.000168  -0.015369
      373 0.000167  -0.015275
      574 0.000166  -0.015190
      161 0.000163   0.014937
      687 0.000161   0.014748
      784 0.000161  -0.014744
      255 0.000161  -0.014717
      263 0.000160  -0.014603
      711 0.000160   0.014598
      820 0.000159  -0.014576
      857 0.000155  -0.014147
      227 0.000154   0.014089
      726 0.000152  -0.013889
      148 0.000151   0.013763
      750 0.000150   0.013705
      855 0.000150  -0.013684
      369 0.000149   0.013647
      234 0.000149   0.013594
      585 0.000148  -0.013556
      217 0.000148  -0.013511
      566 0.000148   0.013502
      236 0.000146   0.013335
      257 0.000145  -0.013225
      380 0.000143   0.013121
      795 0.000142   0.012946
      553 0.000142  -0.012945
      398 0.000141  -0.012868
      392 0.000140   0.012843
      742 0.000140  -0.012759
      239 0.000138   0.012617
      790 0.000136   0.012467
      690 0.000135   0.012389
      312 0.000135  -0.012376
      736 0.000134  -0.012257
      697 0.000134   0.012223
      818 0.000134  -0.012213
      355 0.000133   0.012137
      645 0.000132   0.012082
      808 0.000131   0.011973
       91 0.000131  -0.011966
      356 0.000128  -0.011702
      605 0.000127  -0.011615
      423 0.000126  -0.011562
      295 0.000126  -0.011520
      640 0.000126  -0.011514
      859 0.000126   0.011492
      354 0.000125   0.011438
      908 0.000125  -0.011403
      431 0.000124  -0.011363
      294 0.000124  -0.011305
      353 0.000123  -0.011288
      591 0.000119   0.010857
      436 0.000117   0.010689
      847 0.000116   0.010571
      974 0.000115   0.010534
      638 0.000113  -0.010312
      241 0.000112   0.010226
      367 0.000112   0.010222
      275 0.000111  -0.010151
      581 0.000111  -0.010147
      778 0.000111  -0.010147
      629 0.000111  -0.010104
      824 0.000109   0.009948
      829 0.000109   0.009933
      206 0.000107   0.009806
      600 0.000107  -0.009799
      684 0.000107  -0.009754
      616 0.000106  -0.009707
      107 0.000106  -0.009670
      266 0.000105  -0.009639
      799 0.000103  -0.009454
      840 0.000101  -0.009247
      223 0.000099   0.009085
      844 0.000099  -0.009013
      281 0.000098   0.008983
      594 0.000098  -0.008978
      569 0.000098   0.008977
      292 0.000098  -0.008927
      611 0.000097  -0.008850
      261 0.000093  -0.008546
      584 0.000093  -0.008529
      552 0.000093  -0.008488
      882 0.000092   0.008406
      337 0.000089  -0.008181
      723 0.000089  -0.008124
      744 0.000087  -0.007984
      572 0.000086  -0.007888
      298 0.000084  -0.007719
     1095 0.000084  -0.007710
      734 0.000083  -0.007597
      308 0.000082  -0.007537
      332 0.000082  -0.007486
      262 0.000082  -0.007456
      302 0.000081  -0.007428
      798 0.000081   0.007419
      291 0.000081   0.007369
      728 0.000081  -0.007365
      251 0.000080  -0.007352
      279 0.000080  -0.007297
      560 0.000079  -0.007239
      801 0.000079  -0.007231
      249 0.000079  -0.007181
      832 0.000078   0.007127
      138 0.000078   0.007121
      632 0.000078   0.007096
      386 0.000078   0.007094
      937 0.000077  -0.007049
      561 0.000077   0.007025
      740 0.000077  -0.007022
      329 0.000077  -0.007001
      701 0.000077  -0.006999
      390 0.000076   0.006925
      978 0.000073   0.006657
      826 0.000073  -0.006649
      803 0.000073   0.006633
      654 0.000071   0.006537
      268 0.000071  -0.006536
     1005 0.000071   0.006530
      428 0.000071   0.006502
      955 0.000070   0.006427
      913 0.000070  -0.006357
      722 0.000069  -0.006313
      290 0.000069   0.006306
      394 0.000069   0.006272
      343 0.000067  -0.006157
      596 0.000067  -0.006131
      374 0.000067   0.006110
      414 0.000067   0.006101
      748 0.000064  -0.005890
      539 0.000064   0.005878
      325 0.000064  -0.005858
      948 0.000064   0.005835
      222 0.000063  -0.005770
      805 0.000063  -0.005765
      313 0.000063  -0.005754
      922 0.000063  -0.005747
      545 0.000063  -0.005740
      597 0.000062  -0.005707
      782 0.000062  -0.005681
      802 0.000061   0.005601
      425 0.000061   0.005544
      843 0.000060  -0.005516
      770 0.000060   0.005513
      895 0.000059   0.005359
      864 0.000058   0.005330
      776 0.000057  -0.005202
      209 0.000056  -0.005105
      870 0.000055  -0.005035
      322 0.000055  -0.004997
      614 0.000054   0.004963
      879 0.000054  -0.004958
      775 0.000054   0.004951
      789 0.000054   0.004949
      763 0.000054   0.004921
      528 0.000053   0.004870
      860 0.000053  -0.004856
      831 0.000053   0.004815
      319 0.000051   0.004632
      193 0.000050  -0.004603
      627 0.000050   0.004566
      289 0.000049   0.004482
      821 0.000049  -0.004471
      765 0.000047   0.004329
      323 0.000047  -0.004304
      694 0.000046   0.004249
      342 0.000046   0.004199
      863 0.000046  -0.004162
      407 0.000045  -0.004146
      589 0.000045  -0.004090
      773 0.000045   0.004075
      535 0.000044   0.004064
      891 0.000044  -0.004042
      590 0.000044  -0.004012
      321 0.000044  -0.004004
      201 0.000044  -0.003989
      874 0.000043  -0.003951
      792 0.000043   0.003928
      823 0.000043   0.003901
      542 0.000042   0.003885
      884 0.000042  -0.003838
      232 0.000042  -0.003829
      858 0.000042  -0.003827
      880 0.000042   0.003826
      540 0.000042  -0.003817
      943 0.000042   0.003815
      881 0.000040  -0.003678
      409 0.000038  -0.003469
      762 0.000038   0.003462
      928 0.000038  -0.003452
      987 0.000037   0.003408
      650 0.000037  -0.003349
      169 0.000037  -0.003346
      297 0.000036  -0.003334
      518 0.000036   0.003333
      491 0.000036   0.003322
      448 0.000036   0.003315
      104 0.000036   0.003305
      397 0.000036  -0.003283
      842 0.000036  -0.003254
      677 0.000035   0.003187
      867 0.000035   0.003166
      643 0.000034  -0.003154
      950 0.000034  -0.003098
      488 0.000034   0.003097
      933 0.000033   0.003049
      532 0.000033   0.003035
      603 0.000033  -0.003029
      410 0.000033  -0.002980
      636 0.000032  -0.002959
      894 0.000032  -0.002912
     1001 0.000032  -0.002901
      315 0.000032   0.002895
      769 0.000031   0.002819
      333 0.000031  -0.002800
      245 0.000031  -0.002798
      198 0.000031   0.002792
      942 0.000030   0.002785
      310 0.000030  -0.002784
      475 0.000030  -0.002781
      224 0.000030  -0.002758
      530 0.000030   0.002722
      524 0.000029  -0.002645
     1032 0.000029   0.002637
      445 0.000029  -0.002611
     1025 0.000028   0.002519
       88 0.000027  -0.002486
      610 0.000027  -0.002475
      904 0.000026   0.002416
      680 0.000026   0.002363
      993 0.000026   0.002360
      424 0.000025  -0.002283
      727 0.000024  -0.002237
      685 0.000024  -0.002225
      814 0.000024   0.002209
     1034 0.000024  -0.002185
      432 0.000024   0.002184
      965 0.000024  -0.002173
     1017 0.000024   0.002154
      830 0.000024   0.002150
      406 0.000023  -0.002080
      283 0.000023   0.002078
      285 0.000022   0.002033
      526 0.000022   0.001983
      366 0.000022   0.001967
      479 0.000021   0.001879
      536 0.000020  -0.001873
      519 0.000020   0.001872
      455 0.000020  -0.001838
      759 0.000020   0.001836
      502 0.000020   0.001834
      608 0.000019  -0.001777
      917 0.000019   0.001772
      318 0.000019  -0.001769
      900 0.000019  -0.001761
      714 0.000019  -0.001735
      514 0.000019   0.001728
       93 0.000019  -0.001721
      849 0.000019   0.001719
      512 0.000019  -0.001710
      662 0.000019  -0.001702
      463 0.000019  -0.001702
      856 0.000019   0.001699
      949 0.000018   0.001688
      324 0.000018  -0.001663
      649 0.000018  -0.001653
      437 0.000018   0.001646
      794 0.000018   0.001639
      938 0.000018   0.001627
      538 0.000018   0.001603
      935 0.000017  -0.001594
      489 0.000017   0.001592
      286 0.000017   0.001588
      320 0.000017   0.001570
      852 0.000017  -0.001546
     1073 0.000017  -0.001525
      458 0.000017   0.001520
      713 0.000016   0.001497
     1052 0.000016   0.001495
      244 0.000016  -0.001488
      957 0.000016   0.001487
      964 0.000016   0.001483
      971 0.000016  -0.001482
      505 0.000016   0.001474
      216 0.000016  -0.001471
     1010 0.000016   0.001467
      988 0.000016  -0.001466
      669 0.000016   0.001466
      284 0.000016   0.001459
      402 0.000016  -0.001458
      732 0.000016   0.001445
      791 0.000016   0.001440
      907 0.000016   0.001424
      214 0.000015   0.001412
      921 0.000015  -0.001400
      131 0.000015  -0.001387
      927 0.000014  -0.001298
      450 0.000014  -0.001288
      335 0.000014  -0.001281
      346 0.000014   0.001254
      811 0.000013   0.001233
      837 0.000013  -0.001226
      483 0.000013  -0.001196
      780 0.000013  -0.001181
      452 0.000013  -0.001176
      816 0.000013   0.001162
      934 0.000013  -0.001156
      399 0.000013  -0.001154
      619 0.000012   0.001115
      213 0.000012   0.001106
      534 0.000012  -0.001070
      634 0.000012  -0.001070
      188 0.000012  -0.001068
      592 0.000012  -0.001052
      215 0.000011  -0.001050
      810 0.000011   0.001048
      487 0.000011  -0.001031
      384 0.000011  -0.001016
      462 0.000011   0.001015
      588 0.000011   0.000998
     1047 0.000011   0.000998
      334 0.000011   0.000968
      473 0.000010  -0.000952
      349 0.000010  -0.000945
     1061 0.000010  -0.000945
      461 0.000010   0.000943
      655 0.000010  -0.000942
      833 0.000010  -0.000941
      420 0.000010   0.000927
      478 0.000010   0.000922
euclid. distance of OLC and linear combination of EV * x_coef: 0.007224092042918077

Generate samples based on objective loadcase 413
nr_to_generate: 25

Parameter variation distribution settings
distribution: uniform
low: 0.7
high: 1.3

Total process runtime: 0:00:01.271526
