Date and Time:2023-05-12 14:28:00.007520

Initial Settings:
similarity_model: <function cosine_similarity at 0x000001D005A6E5E0>
similarity_threshold: 1e-05
nr_eigv_to_select: None
distribution: uniform
deviation: 0.3
nr_to_generate: 25
recompute: False

Selected eigenvectors and similarity score w.r.t objective loadcase:
objective_loadcase_nr: 998
similarity_model: cosine_similarity
similarity_threshold: 1e-05
nr_eigv_to_select: None
nr_eigv_selected: 536
approximation parameter model: lstsq
similarity score and approx. param. value
:  eigv_idx    score      value
        1 0.561817  51.710909
        3 0.528962  48.686880
        2 0.485491 -44.685668
        0 0.406166  37.384397
        6 0.059096   5.439330
       39 0.014383   1.323854
        4 0.009756   0.897987
       68 0.003931  -0.361805
      639 0.003718   0.342198
      186 0.002345  -0.215884
      612 0.002063  -0.189884
      593 0.001948  -0.179324
      586 0.001783   0.164111
      716 0.001667   0.153404
      618 0.001599   0.147171
      710 0.001509  -0.138900
      187 0.001507  -0.138733
      663 0.001500  -0.138092
      218 0.001458  -0.134158
      668 0.001430   0.131632
       71 0.001357  -0.124933
      182 0.001274  -0.117224
      595 0.001108   0.101948
       69 0.001099  -0.101182
      194 0.001091   0.100415
      659 0.001069  -0.098353
      143 0.001000   0.092000
      617 0.000957   0.088104
      686 0.000917  -0.084433
      184 0.000868  -0.079867
      388 0.000856  -0.078829
      700 0.000822   0.075699
      688 0.000812  -0.074736
      599 0.000788   0.072492
      683 0.000773   0.071187
      626 0.000765   0.070438
      579 0.000763   0.070188
      582 0.000752  -0.069214
      635 0.000746   0.068673
      562 0.000745  -0.068584
      749 0.000730  -0.067164
      670 0.000688   0.063357
      578 0.000687   0.063256
      183 0.000658   0.060580
       70 0.000652   0.060031
      698 0.000606  -0.055746
      733 0.000604   0.055583
      621 0.000600  -0.055190
      666 0.000587  -0.054022
      228 0.000567  -0.052179
      253 0.000558  -0.051397
      341 0.000518   0.047699
      602 0.000514  -0.047341
      735 0.000494  -0.045446
      179 0.000491   0.045237
      708 0.000467   0.043012
      174 0.000466   0.042888
      718 0.000455  -0.041906
      606 0.000433  -0.039829
      171 0.000431  -0.039670
      699 0.000429  -0.039465
      641 0.000420  -0.038697
      153 0.000419   0.038578
      567 0.000417  -0.038358
      137 0.000413  -0.038006
      210 0.000410  -0.037775
      575 0.000390   0.035939
      577 0.000388  -0.035728
      709 0.000385  -0.035417
      362 0.000382  -0.035201
      583 0.000378  -0.034812
      620 0.000373  -0.034310
      204 0.000356   0.032748
      704 0.000350  -0.032238
      267 0.000346  -0.031866
      604 0.000339  -0.031157
      756 0.000337  -0.030976
      220 0.000336  -0.030895
      757 0.000322  -0.029656
      631 0.000309  -0.028433
      243 0.000308   0.028327
      601 0.000306   0.028153
      403 0.000305   0.028064
      628 0.000304   0.027941
      807 0.000302   0.027842
      848 0.000302  -0.027820
      199 0.000297  -0.027321
      419 0.000294  -0.027095
      576 0.000292  -0.026854
      412 0.000275  -0.025325
      383 0.000275   0.025275
      132 0.000272   0.025067
      161 0.000271   0.024982
      254 0.000270   0.024894
      741 0.000266   0.024447
      573 0.000264   0.024333
      400 0.000262  -0.024094
      587 0.000260   0.023932
      148 0.000257   0.023682
      271 0.000254   0.023389
      707 0.000251  -0.023067
      739 0.000246  -0.022615
      787 0.000238   0.021886
      759 0.000236   0.021753
      815 0.000234  -0.021584
      570 0.000234  -0.021519
      853 0.000233  -0.021449
      377 0.000232  -0.021330
      356 0.000231  -0.021253
      580 0.000226  -0.020811
      658 0.000220   0.020271
      236 0.000209   0.019234
      564 0.000207  -0.019042
      665 0.000204  -0.018776
      941 0.000202  -0.018563
      640 0.000200  -0.018382
      255 0.000198  -0.018246
      753 0.000197  -0.018143
      277 0.000195   0.017938
      750 0.000190   0.017504
      175 0.000189  -0.017433
      258 0.000188  -0.017318
      217 0.000188  -0.017258
       91 0.000185  -0.017008
      557 0.000184  -0.016972
      828 0.000184  -0.016963
      800 0.000180  -0.016600
      566 0.000180   0.016538
      687 0.000179   0.016450
      234 0.000177   0.016333
      273 0.000175  -0.016092
      667 0.000173   0.015882
      138 0.000170   0.015620
      369 0.000169   0.015599
      301 0.000169  -0.015520
      380 0.000164   0.015108
      427 0.000163  -0.015000
      820 0.000163  -0.014970
      798 0.000161   0.014860
      574 0.000156  -0.014392
      711 0.000154   0.014213
      784 0.000154  -0.014135
      857 0.000151  -0.013879
      629 0.000149  -0.013701
      585 0.000148  -0.013614
      605 0.000147  -0.013557
      847 0.000146   0.013419
      353 0.000145  -0.013361
      398 0.000144  -0.013279
      790 0.000144   0.013269
      690 0.000144   0.013255
      743 0.000143  -0.013136
      247 0.000142   0.013064
      696 0.000139  -0.012756
      299 0.000138   0.012723
      645 0.000137   0.012626
      193 0.000137  -0.012591
      793 0.000136  -0.012556
      107 0.000135  -0.012382
      257 0.000134  -0.012328
      354 0.000133   0.012239
      241 0.000132   0.012180
      552 0.000132  -0.012180
      436 0.000131   0.012103
      638 0.000131  -0.012062
      394 0.000131   0.012014
      855 0.000130  -0.011990
      908 0.000130  -0.011981
      600 0.000129  -0.011835
      209 0.000127  -0.011651
      294 0.000126  -0.011556
      818 0.000125  -0.011551
      740 0.000125  -0.011547
      974 0.000125   0.011502
      808 0.000123   0.011352
      281 0.000121   0.011137
      697 0.000120   0.011017
      762 0.000118   0.010881
      726 0.000118  -0.010821
      882 0.000117   0.010800
      291 0.000116   0.010715
      549 0.000116  -0.010696
      295 0.000116  -0.010658
      763 0.000115  -0.010582
      423 0.000114  -0.010530
      553 0.000114  -0.010518
      859 0.000114   0.010506
      361 0.000114   0.010466
      736 0.000112  -0.010350
      832 0.000111   0.010261
      431 0.000110  -0.010167
      373 0.000110  -0.010094
      249 0.000108  -0.009928
      840 0.000107  -0.009860
      292 0.000104  -0.009589
      795 0.000103   0.009499
      386 0.000102   0.009409
      799 0.000102  -0.009404
      251 0.000102  -0.009345
      801 0.000101  -0.009279
      594 0.000100  -0.009188
      266 0.000099  -0.009147
      584 0.000098  -0.009019
      844 0.000098  -0.009017
      581 0.000098  -0.008980
      824 0.000096   0.008851
      367 0.000096   0.008837
      222 0.000095  -0.008730
      343 0.000094  -0.008696
      597 0.000094  -0.008681
      364 0.000094   0.008669
      632 0.000094   0.008644
     1095 0.000094  -0.008641
      684 0.000093  -0.008575
      313 0.000093  -0.008531
      308 0.000093  -0.008530
      829 0.000092   0.008509
      302 0.000092  -0.008505
      611 0.000092  -0.008498
      803 0.000091   0.008393
      701 0.000089  -0.008154
      955 0.000088   0.008097
      742 0.000088  -0.008079
      235 0.000088  -0.008068
      355 0.000087   0.008049
      269 0.000087  -0.007995
      569 0.000085   0.007846
      374 0.000085   0.007811
      560 0.000083  -0.007674
      734 0.000083  -0.007620
      428 0.000082   0.007507
      561 0.000081   0.007441
      392 0.000081   0.007433
      603 0.000079  -0.007286
      748 0.000079  -0.007263
      312 0.000078  -0.007212
      414 0.000078   0.007212
      863 0.000078  -0.007208
      776 0.000078  -0.007175
      572 0.000078  -0.007173
      596 0.000077  -0.007117
      802 0.000076   0.007028
      723 0.000074  -0.006839
      879 0.000074  -0.006836
      359 0.000074  -0.006824
      262 0.000074  -0.006789
     1005 0.000073   0.006760
      279 0.000073  -0.006690
      913 0.000072  -0.006613
      891 0.000072  -0.006594
      937 0.000071  -0.006521
      744 0.000070  -0.006478
      843 0.000070  -0.006452
      782 0.000070  -0.006427
      922 0.000068  -0.006305
      773 0.000068   0.006285
      232 0.000068  -0.006278
      978 0.000068   0.006220
      591 0.000067   0.006201
      261 0.000067  -0.006125
      545 0.000066  -0.006096
      413 0.000066   0.006038
      722 0.000065  -0.005979
      770 0.000065   0.005978
      206 0.000065   0.005971
      826 0.000064  -0.005850
      298 0.000063  -0.005839
      333 0.000063  -0.005831
      805 0.000063  -0.005800
      778 0.000063  -0.005784
      325 0.000061  -0.005621
      728 0.000061  -0.005604
      539 0.000061   0.005578
      335 0.000060  -0.005562
      616 0.000060  -0.005537
      627 0.000060   0.005519
      831 0.000060   0.005514
      654 0.000060   0.005479
      320 0.000059   0.005441
      390 0.000059   0.005402
      406 0.000058  -0.005339
      360 0.000057  -0.005287
      425 0.000057   0.005287
      789 0.000057   0.005249
      402 0.000057  -0.005246
      263 0.000057  -0.005226
      226 0.000056  -0.005130
      275 0.000056  -0.005113
      357 0.000055   0.005082
      322 0.000054  -0.005003
      895 0.000054   0.004999
      216 0.000053  -0.004895
      350 0.000052  -0.004824
      214 0.000052   0.004767
      821 0.000052  -0.004748
      225 0.000051  -0.004735
      765 0.000051   0.004724
      780 0.000051  -0.004716
      867 0.000051   0.004715
      542 0.000050   0.004648
      407 0.000050  -0.004565
      528 0.000049   0.004489
      264 0.000049  -0.004475
      948 0.000048   0.004444
      347 0.000048  -0.004385
      268 0.000047  -0.004356
      540 0.000047  -0.004337
      858 0.000047  -0.004289
      131 0.000047  -0.004287
      987 0.000045   0.004170
      224 0.000045  -0.004127
      276 0.000045   0.004105
      289 0.000044   0.004052
      870 0.000044  -0.004031
      610 0.000043  -0.003972
      213 0.000043   0.003971
      928 0.000043  -0.003942
      614 0.000043   0.003931
      409 0.000043  -0.003926
      864 0.000042   0.003895
      239 0.000041   0.003804
      296 0.000041  -0.003744
      965 0.000041  -0.003738
      874 0.000040  -0.003716
      215 0.000040  -0.003694
      448 0.000040   0.003685
      589 0.000040  -0.003679
      881 0.000040  -0.003676
     1001 0.000040  -0.003653
      904 0.000039   0.003628
      334 0.000039   0.003552
      993 0.000038   0.003475
      535 0.000037   0.003447
      329 0.000037  -0.003408
      382 0.000037   0.003388
      328 0.000036  -0.003319
      285 0.000036  -0.003298
      259 0.000035  -0.003250
      643 0.000035  -0.003225
      860 0.000035  -0.003202
     1025 0.000035   0.003181
      894 0.000034  -0.003172
      680 0.000034   0.003165
      245 0.000034  -0.003156
      399 0.000034  -0.003145
      933 0.000034   0.003131
      310 0.000034  -0.003095
      491 0.000033   0.003082
      590 0.000033  -0.003082
      518 0.000033   0.003060
      530 0.000033   0.003041
      823 0.000033   0.003038
      351 0.000033  -0.003011
      410 0.000032  -0.002965
      488 0.000032   0.002962
      950 0.000031  -0.002895
      287 0.000031  -0.002857
     1032 0.000031   0.002847
      532 0.000031   0.002835
      792 0.000031   0.002833
      475 0.000031  -0.002816
      348 0.000030  -0.002766
      432 0.000030   0.002758
      223 0.000029   0.002675
      272 0.000029   0.002667
      221 0.000029   0.002646
      900 0.000029  -0.002635
      397 0.000028  -0.002618
      198 0.000028   0.002603
      169 0.000028  -0.002599
       93 0.000028   0.002593
       88 0.000028   0.002576
      524 0.000028  -0.002567
     1017 0.000028   0.002563
      942 0.000027   0.002519
      880 0.000027   0.002513
      318 0.000027  -0.002504
      233 0.000027   0.002498
      274 0.000027  -0.002463
      636 0.000027  -0.002440
      943 0.000026   0.002436
      677 0.000026   0.002426
      349 0.000026   0.002412
      814 0.000026   0.002400
      337 0.000026  -0.002393
      681 0.000026  -0.002384
      248 0.000026  -0.002368
      588 0.000025   0.002297
      317 0.000025  -0.002297
      330 0.000025  -0.002287
      917 0.000024   0.002242
      420 0.000024   0.002228
      323 0.000024  -0.002224
      324 0.000024  -0.002221
      424 0.000024  -0.002203
      229 0.000024   0.002202
      837 0.000024  -0.002188
      242 0.000024   0.002170
      445 0.000023  -0.002161
      685 0.000023  -0.002131
      625 0.000023   0.002115
      288 0.000023   0.002099
      297 0.000023  -0.002085
      842 0.000023  -0.002083
      884 0.000022  -0.002043
      519 0.000022   0.002041
      538 0.000022   0.002025
      650 0.000022  -0.001992
     1034 0.000022  -0.001987
      286 0.000022   0.001986
      479 0.000022   0.001979
      608 0.000021  -0.001974
      938 0.000021   0.001958
      502 0.000021   0.001945
      769 0.000021  -0.001916
      191 0.000021   0.001910
      714 0.000021  -0.001904
      536 0.000021  -0.001889
      694 0.000020   0.001881
      332 0.000020  -0.001856
      452 0.000020  -0.001838
      489 0.000020   0.001827
      455 0.000020  -0.001795
      512 0.000019  -0.001794
      868 0.000019  -0.001792
      838 0.000019   0.001787
     1052 0.000019   0.001775
      319 0.000019   0.001773
      385 0.000019  -0.001733
      346 0.000019   0.001724
      458 0.000018   0.001701
      526 0.000018   0.001683
      463 0.000018  -0.001678
      338 0.000018  -0.001677
      852 0.000018  -0.001640
      609 0.000018   0.001619
      613 0.000018   0.001618
      326 0.000017   0.001605
      705 0.000017  -0.001597
      395 0.000017   0.001589
      514 0.000017   0.001582
      555 0.000017  -0.001569
      505 0.000017   0.001560
      849 0.000017   0.001559
      949 0.000017   0.001554
      192 0.000016  -0.001513
      344 0.000016   0.001503
      437 0.000016   0.001498
      856 0.000016   0.001490
       40 0.000015   0.001423
      293 0.000015   0.001412
      592 0.000015  -0.001398
      434 0.000015   0.001395
      732 0.000015   0.001386
      238 0.000015   0.001382
       43 0.000015   0.001380
      883 0.000015   0.001377
      903 0.000015  -0.001365
      563 0.000015   0.001365
      804 0.000015  -0.001359
      558 0.000015   0.001336
       10 0.000015  -0.001336
      363 0.000015   0.001335
        9 0.000014  -0.001331
      543 0.000014  -0.001331
      483 0.000014  -0.001325
      368 0.000014  -0.001324
      662 0.000014  -0.001323
       42 0.000014   0.001322
      811 0.000014   0.001322
       47 0.000014  -0.001316
      314 0.000014  -0.001301
      907 0.000014   0.001297
      966 0.000014   0.001296
      178 0.000014  -0.001294
      375 0.000014  -0.001292
      230 0.000014  -0.001284
      307 0.000014  -0.001276
      345 0.000014  -0.001259
      816 0.000013   0.001241
      164 0.000013   0.001240
      712 0.000013   0.001231
      196 0.000013   0.001225
      450 0.000013  -0.001224
       46 0.000013   0.001223
      729 0.000013   0.001221
      724 0.000013   0.001216
      358 0.000013   0.001211
      197 0.000013  -0.001202
      554 0.000013   0.001200
      534 0.000013  -0.001193
      755 0.000012  -0.001148
     1047 0.000012   0.001139
      336 0.000012   0.001138
      177 0.000012   0.001126
      619 0.000012   0.001121
      340 0.000012   0.001120
      244 0.000012  -0.001107
      669 0.000012   0.001104
      888 0.000012   0.001097
       41 0.000012  -0.001096
      927 0.000012  -0.001073
      260 0.000012   0.001060
      250 0.000011   0.001057
      473 0.000011  -0.001055
      695 0.000011  -0.001052
      623 0.000011   0.001051
      227 0.000011   0.001033
      607 0.000011   0.001033
       35 0.000011  -0.001031
      959 0.000011   0.001027
      165 0.000011   0.001024
      405 0.000011   0.001023
      339 0.000011  -0.001017
      315 0.000011  -0.001017
      796 0.000011   0.001009
      461 0.000011   0.000999
      934 0.000011  -0.000998
      656 0.000011  -0.000998
       37 0.000011  -0.000996
      462 0.000011   0.000995
      284 0.000011  -0.000992
      487 0.000011  -0.000987
      964 0.000011   0.000978
      810 0.000011   0.000972
      794 0.000011   0.000969
      195 0.000011   0.000968
      809 0.000010   0.000958
      634 0.000010  -0.000952
      365 0.000010   0.000950
       19 0.000010  -0.000946
      440 0.000010  -0.000946
      321 0.000010   0.000946
      283 0.000010  -0.000928
       52 0.000010   0.000927
       34 0.000010  -0.000924
euclid. distance of OLC and linear combination of EV * x_coef: 0.009004376217558037

Generate samples based on objective loadcase 998
nr_to_generate: 25

Parameter variation distribution settings
distribution: uniform
low: 0.7
high: 1.3

Total process runtime: 0:00:01.373088
