Date and Time:2023-05-12 14:06:53.827269

Initial Settings:
similarity_model: <function cosine_similarity at 0x000001D005A6E5E0>
similarity_threshold: 1e-05
nr_eigv_to_select: None
distribution: uniform
deviation: 0.3
nr_to_generate: 25
recompute: False

Selected eigenvectors and similarity score w.r.t objective loadcase:
objective_loadcase_nr: 49
similarity_model: cosine_similarity
similarity_threshold: 1e-05
nr_eigv_to_select: None
nr_eigv_selected: 488
approximation parameter model: lstsq
similarity score and approx. param. value
:  eigv_idx    score      value
        3 0.592336  34.108151
        1 0.512384  29.504314
        2 0.511648 -29.461927
        0 0.351131  20.218979
       39 0.027167   1.564336
        6 0.023558   1.356503
        4 0.012848   0.739844
      639 0.003133   0.180386
      218 0.002415  -0.139060
      593 0.001948  -0.112150
       68 0.001923  -0.110728
      586 0.001831   0.105417
      186 0.001808  -0.104133
      612 0.001800  -0.103643
      710 0.001629  -0.093828
      595 0.001197   0.068938
      187 0.001189  -0.068458
      716 0.001107   0.063722
      143 0.001061   0.061071
      626 0.001035   0.059571
      618 0.001017   0.058548
      663 0.001011  -0.058192
      668 0.001007   0.057994
      686 0.000936  -0.053893
      749 0.000903  -0.052008
      388 0.000842  -0.048484
      688 0.000798  -0.045979
      194 0.000788   0.045393
      659 0.000732  -0.042133
      617 0.000714   0.041142
      599 0.000709   0.040798
      621 0.000691  -0.039808
      562 0.000670  -0.038597
      582 0.000669  -0.038499
      635 0.000653   0.037621
      670 0.000648   0.037294
      704 0.000641  -0.036908
      341 0.000570   0.032851
      578 0.000570   0.032824
      183 0.000565   0.032543
      718 0.000556  -0.031996
      733 0.000542   0.031199
      567 0.000539  -0.031037
      606 0.000524  -0.030183
      735 0.000520  -0.029954
      577 0.000512  -0.029491
      602 0.000488  -0.028125
      708 0.000488   0.028123
      579 0.000480   0.027666
      267 0.000471  -0.027128
      698 0.000458  -0.026389
      220 0.000453  -0.026058
      696 0.000448  -0.025820
      153 0.000448   0.025797
      253 0.000442  -0.025454
      575 0.000430   0.024761
      258 0.000427  -0.024597
      666 0.000417  -0.024023
      709 0.000416  -0.023962
      620 0.000400  -0.023025
      753 0.000397  -0.022866
      174 0.000397   0.022837
      707 0.000387  -0.022266
      601 0.000374   0.021510
      137 0.000370  -0.021280
      641 0.000355  -0.020448
       70 0.000350   0.020172
      230 0.000343  -0.019758
      756 0.000339  -0.019540
      848 0.000327  -0.018825
      683 0.000325   0.018715
      412 0.000323  -0.018579
      759 0.000321  -0.018495
      583 0.000320  -0.018425
      273 0.000317  -0.018266
      227 0.000316   0.018222
      699 0.000314  -0.018103
      243 0.000313   0.018041
      763 0.000302   0.017410
      793 0.000301  -0.017350
      700 0.000300   0.017279
      853 0.000300  -0.017274
      182 0.000298  -0.017162
      419 0.000295  -0.016984
      403 0.000288   0.016588
       69 0.000284   0.016332
      587 0.000280   0.016138
      210 0.000276  -0.015867
      269 0.000274  -0.015759
      383 0.000272   0.015661
      362 0.000269  -0.015511
      807 0.000269   0.015508
      631 0.000268  -0.015440
      757 0.000266  -0.015306
      726 0.000263  -0.015143
      263 0.000262  -0.015064
      239 0.000260   0.014965
      741 0.000260   0.014951
      228 0.000246  -0.014154
      235 0.000245  -0.014117
      739 0.000243  -0.013999
      299 0.000241   0.013903
      750 0.000238   0.013733
      132 0.000236   0.013618
      361 0.000235   0.013560
      570 0.000232  -0.013372
      184 0.000228  -0.013113
      787 0.000217   0.012506
      743 0.000208  -0.011978
      857 0.000207  -0.011922
      206 0.000199   0.011442
      818 0.000197  -0.011335
      377 0.000195  -0.011241
      742 0.000194  -0.011172
      824 0.000191   0.010994
      301 0.000189  -0.010862
      855 0.000183  -0.010546
      204 0.000183   0.010530
      576 0.000182  -0.010453
      427 0.000179  -0.010326
      312 0.000179  -0.010292
      247 0.000179   0.010284
      373 0.000178  -0.010262
       71 0.000178   0.010230
      658 0.000172   0.009917
      400 0.000170  -0.009775
      564 0.000169  -0.009703
      604 0.000168  -0.009678
      795 0.000167   0.009608
      591 0.000167   0.009602
      859 0.000166   0.009562
      829 0.000166   0.009548
      223 0.000165   0.009502
      553 0.000165  -0.009494
      199 0.000164  -0.009464
      549 0.000163  -0.009412
      392 0.000162   0.009347
      290 0.000162   0.009305
      580 0.000160  -0.009186
      800 0.000159  -0.009167
      175 0.000159  -0.009129
      775 0.000158   0.009116
      770 0.000158   0.009109
      332 0.000155  -0.008949
      337 0.000153  -0.008810
      711 0.000153   0.008794
      667 0.000152   0.008731
      778 0.000150  -0.008643
      790 0.000149   0.008566
      277 0.000145   0.008353
      784 0.000144  -0.008294
      369 0.000143   0.008256
      585 0.000141  -0.008110
      179 0.000138   0.007940
      736 0.000137  -0.007911
      628 0.000136   0.007853
      605 0.000136  -0.007837
      665 0.000135  -0.007761
      574 0.000135  -0.007759
      275 0.000135  -0.007749
      616 0.000133  -0.007660
      820 0.000131  -0.007525
      828 0.000130  -0.007461
      808 0.000128   0.007389
      271 0.000124   0.007122
      941 0.000123  -0.007100
      279 0.000123  -0.007073
      566 0.000123   0.007065
      298 0.000121  -0.006975
      329 0.000119  -0.006825
      355 0.000118   0.006794
      171 0.000118  -0.006792
      557 0.000117  -0.006720
      241 0.000116   0.006665
      255 0.000115  -0.006627
      423 0.000114  -0.006586
      234 0.000114   0.006555
      431 0.000113  -0.006493
      251 0.000112  -0.006469
      864 0.000112   0.006446
      769 0.000112   0.006424
      943 0.000108   0.006205
      294 0.000108  -0.006195
      690 0.000107   0.006173
      645 0.000106   0.006124
      697 0.000105   0.006063
      201 0.000105  -0.006020
      257 0.000104  -0.005994
      380 0.000104   0.005980
      398 0.000104  -0.005970
      762 0.000103  -0.005938
      773 0.000102   0.005893
      884 0.000102  -0.005858
      744 0.000101  -0.005794
      638 0.000100  -0.005766
      354 0.000100   0.005759
      687 0.000098   0.005668
       88 0.000097  -0.005577
      799 0.000096  -0.005517
      728 0.000096  -0.005516
      217 0.000094  -0.005434
      353 0.000094  -0.005389
      600 0.000094  -0.005386
      367 0.000093   0.005384
      734 0.000092  -0.005316
      321 0.000092  -0.005308
      880 0.000091   0.005231
      801 0.000091  -0.005226
      782 0.000090  -0.005193
      684 0.000088  -0.005086
      569 0.000088   0.005072
      908 0.000087  -0.005003
      436 0.000087   0.005001
      815 0.000086  -0.004980
      292 0.000085  -0.004870
      611 0.000083  -0.004792
      295 0.000083  -0.004766
      325 0.000082  -0.004747
      285 0.000082   0.004735
      723 0.000081  -0.004677
      847 0.000081   0.004672
       93 0.000081  -0.004663
      342 0.000080   0.004625
      694 0.000080   0.004618
      589 0.000079  -0.004577
      870 0.000079  -0.004538
      948 0.000079   0.004525
      843 0.000078  -0.004465
      594 0.000076  -0.004371
      281 0.000076   0.004362
      581 0.000075  -0.004331
      107 0.000074  -0.004277
      823 0.000074   0.004258
      860 0.000074  -0.004256
      104 0.000074   0.004247
      937 0.000073  -0.004203
      974 0.000072   0.004168
      552 0.000072  -0.004159
      844 0.000072  -0.004135
      629 0.000071  -0.004105
      840 0.000071  -0.004087
      356 0.000069  -0.003951
      573 0.000069   0.003946
      266 0.000068  -0.003897
      826 0.000067  -0.003845
      701 0.000067  -0.003835
      560 0.000066  -0.003797
      283 0.000065   0.003748
      308 0.000065  -0.003748
      978 0.000065   0.003715
      780 0.000063   0.003638
      262 0.000063  -0.003615
      632 0.000063   0.003609
      894 0.000063  -0.003603
      261 0.000062  -0.003589
      874 0.000062  -0.003585
      390 0.000062   0.003583
      654 0.000062   0.003580
      319 0.000062   0.003572
      302 0.000062  -0.003569
       91 0.000062  -0.003548
      765 0.000061   0.003506
      291 0.000059   0.003389
      722 0.000058  -0.003352
      539 0.000057   0.003292
      318 0.000057  -0.003289
      289 0.000057   0.003267
      590 0.000056  -0.003221
      957 0.000055   0.003161
      792 0.000055   0.003160
      386 0.000054   0.003134
      268 0.000054  -0.003123
      572 0.000054  -0.003104
      935 0.000054  -0.003103
      805 0.000054  -0.003085
      627 0.000054   0.003083
      428 0.000053   0.003073
      323 0.000052  -0.003018
      964 0.000052   0.003008
      596 0.000052  -0.002968
      789 0.000051   0.002963
     1005 0.000051   0.002959
      545 0.000051  -0.002946
     1095 0.000051  -0.002933
      414 0.000051   0.002930
      913 0.000051  -0.002929
      988 0.000050  -0.002887
      278 0.000050   0.002879
      798 0.000049  -0.002846
      895 0.000049   0.002840
      315 0.000049   0.002810
     1096 0.000048   0.002777
      169 0.000048  -0.002768
      528 0.000048   0.002766
      614 0.000048   0.002740
      425 0.000048   0.002738
      831 0.000047   0.002704
      413 0.000047  -0.002680
      584 0.000046  -0.002674
      138 0.000046  -0.002665
      833 0.000046  -0.002657
      882 0.000046   0.002643
      849 0.000046   0.002632
      364 0.000046  -0.002625
      841 0.000045   0.002598
      942 0.000045   0.002594
      313 0.000045  -0.002593
      950 0.000044  -0.002557
      535 0.000044   0.002513
      971 0.000043  -0.002454
      904 0.000042   0.002402
      650 0.000042  -0.002392
      322 0.000041  -0.002354
      842 0.000040  -0.002315
      343 0.000040  -0.002282
      922 0.000039  -0.002267
      838 0.000039  -0.002241
      236 0.000039   0.002240
      374 0.000038   0.002215
      727 0.000037  -0.002147
      830 0.000037   0.002144
      821 0.000037  -0.002138
      406 0.000037  -0.002110
      394 0.000035   0.002034
      222 0.000035  -0.002026
      561 0.000035   0.002004
      193 0.000034   0.001976
      161 0.000034   0.001968
     1073 0.000034  -0.001959
      983 0.000034   0.001952
      921 0.000034  -0.001949
      491 0.000034   0.001940
      881 0.000033  -0.001912
      955 0.000033   0.001889
      518 0.000032   0.001868
      244 0.000032  -0.001862
      643 0.000032  -0.001838
      837 0.000032  -0.001822
      839 0.000031   0.001800
      977 0.000031   0.001796
      811 0.000031   0.001795
      488 0.000031   0.001784
      532 0.000030   0.001747
      407 0.000030  -0.001747
      685 0.000030  -0.001729
      832 0.000029   0.001699
      540 0.000029  -0.001692
      794 0.000029   0.001649
      286 0.000028   0.001633
      636 0.000028  -0.001631
      597 0.000028  -0.001613
      409 0.000028  -0.001612
      592 0.000027   0.001572
      791 0.000027   0.001571
     1009 0.000027  -0.001553
      310 0.000027  -0.001546
      898 0.000027   0.001546
      810 0.000027   0.001544
      448 0.000027   0.001528
      410 0.000027  -0.001528
      297 0.000026  -0.001523
      927 0.000026  -0.001504
      475 0.000026  -0.001492
      226 0.000026   0.001488
      225 0.000026   0.001470
      524 0.000025  -0.001458
      748 0.000025  -0.001449
      359 0.000025   0.001443
      899 0.000025  -0.001440
      232 0.000025  -0.001425
      445 0.000025  -0.001417
      366 0.000025   0.001415
      933 0.000024   0.001407
      902 0.000024  -0.001397
      680 0.000024   0.001373
      198 0.000023  -0.001348
      248 0.000023   0.001344
      934 0.000023  -0.001325
      402 0.000023  -0.001323
      357 0.000023  -0.001312
      526 0.000023   0.001302
      856 0.000023   0.001298
      649 0.000022  -0.001291
      868 0.000022   0.001291
      959 0.000022  -0.001288
      669 0.000022   0.001284
      568 0.000022   0.001274
      740 0.000022   0.001269
     1010 0.000022   0.001268
     1016 0.000022  -0.001265
      835 0.000022  -0.001264
      382 0.000022  -0.001264
      879 0.000021  -0.001232
     1034 0.000021  -0.001229
      928 0.000021  -0.001210
      530 0.000021   0.001204
     1003 0.000021  -0.001201
     1020 0.000021  -0.001200
      542 0.000021   0.001190
      328 0.000021  -0.001188
     1032 0.000020   0.001149
      713 0.000020   0.001134
      916 0.000020  -0.001133
      384 0.000020  -0.001132
      424 0.000020  -0.001129
      764 0.000019  -0.001107
      479 0.000019   0.001101
      646 0.000019   0.001088
      131 0.000019   0.001078
      514 0.000018   0.001061
      238 0.000018  -0.001061
      809 0.000018   0.001019
      360 0.000018   0.001017
      316 0.000018  -0.001016
      588 0.000018   0.001012
      256 0.000017   0.000997
     1040 0.000017  -0.000997
      432 0.000017   0.000993
      249 0.000017   0.000989
      284 0.000017   0.000971
      987 0.000017   0.000966
      148 0.000017   0.000951
      334 0.000016   0.000945
      536 0.000016  -0.000931
      463 0.000016  -0.000916
      677 0.000016   0.000913
      903 0.000016   0.000907
      437 0.000016   0.000904
      455 0.000016  -0.000895
      681 0.000015  -0.000888
      333 0.000015  -0.000885
      610 0.000015  -0.000871
      519 0.000015   0.000866
      888 0.000015  -0.000857
      814 0.000015   0.000847
      216 0.000015  -0.000847
      598 0.000015  -0.000843
      691 0.000015   0.000842
      966 0.000015   0.000841
      852 0.000015  -0.000841
     1001 0.000015  -0.000840
      502 0.000015   0.000837
      512 0.000015  -0.000836
      623 0.000014  -0.000833
      214 0.000014   0.000829
      887 0.000014  -0.000823
      714 0.000014  -0.000820
      952 0.000014  -0.000811
      399 0.000014  -0.000809
      994 0.000014  -0.000800
      984 0.000014  -0.000780
      655 0.000013  -0.000761
      188 0.000013  -0.000752
      458 0.000013   0.000740
      245 0.000013  -0.000735
      720 0.000013  -0.000729
      215 0.000012  -0.000715
      732 0.000012   0.000713
      949 0.000012   0.000712
      489 0.000012   0.000710
      265 0.000012   0.000708
      729 0.000012  -0.000708
      876 0.000012  -0.000689
      324 0.000012  -0.000688
      250 0.000012  -0.000685
      209 0.000012   0.000684
      760 0.000012  -0.000683
      450 0.000012  -0.000666
      195 0.000011  -0.000654
     1025 0.000011   0.000648
      738 0.000011  -0.000647
      863 0.000011   0.000647
      752 0.000011   0.000647
      613 0.000011  -0.000646
      603 0.000011   0.000642
      875 0.000011  -0.000639
      405 0.000011   0.000633
      803 0.000011   0.000629
      746 0.000011   0.000619
      936 0.000011   0.000616
      505 0.000011   0.000611
      779 0.000011  -0.000610
     1017 0.000011   0.000607
      487 0.000010  -0.000601
       63 0.000010  -0.000600
      693 0.000010   0.000596
      452 0.000010  -0.000591
      634 0.000010  -0.000577
euclid. distance of OLC and linear combination of EV * x_coef: 0.005497336510337949

Generate samples based on objective loadcase 49
nr_to_generate: 25

Parameter variation distribution settings
distribution: uniform
low: 0.7
high: 1.3

Total process runtime: 0:00:01.333715
