Date and Time:2023-05-12 14:14:29.301437

Initial Settings:
similarity_model: <function cosine_similarity at 0x000001D005A6E5E0>
similarity_threshold: 1e-05
nr_eigv_to_select: None
distribution: uniform
deviation: 0.3
nr_to_generate: 25
recompute: False

Selected eigenvectors and similarity score w.r.t objective loadcase:
objective_loadcase_nr: 391
similarity_model: cosine_similarity
similarity_threshold: 1e-05
nr_eigv_to_select: None
nr_eigv_selected: 574
approximation parameter model: lstsq
similarity score and approx. param. value
:  eigv_idx    score      value
        1 0.565608  51.855880
        3 0.524661  48.101850
        2 0.481937 -44.184853
        0 0.410424  37.628421
        6 0.061273   5.617611
       39 0.012834   1.176678
        4 0.009507   0.871577
       68 0.004189  -0.384024
      639 0.003699   0.339172
      186 0.002266  -0.207733
      612 0.002040  -0.187032
      593 0.001909  -0.175027
      586 0.001738   0.159315
      716 0.001695   0.155428
      618 0.001670   0.153106
      663 0.001528  -0.140065
      710 0.001503  -0.137834
      668 0.001478   0.135466
      182 0.001470  -0.134785
      187 0.001469  -0.134677
       71 0.001416  -0.129817
      218 0.001323  -0.121303
      143 0.001175   0.107694
       69 0.001160  -0.106322
      659 0.001099  -0.100733
      595 0.001095   0.100376
      194 0.001042   0.095544
      184 0.001037  -0.095095
      617 0.000965   0.088502
      686 0.000923  -0.084644
      700 0.000872   0.079958
      388 0.000844  -0.077365
      688 0.000819  -0.075044
      683 0.000810   0.074218
      579 0.000789   0.072347
      599 0.000778   0.071321
      635 0.000767   0.070325
      562 0.000735  -0.067404
      582 0.000735  -0.067390
      749 0.000731  -0.066993
      626 0.000713   0.065360
      578 0.000698   0.064012
       70 0.000695   0.063691
      670 0.000683   0.062607
      183 0.000663   0.060753
      228 0.000651  -0.059677
      698 0.000618  -0.056623
      733 0.000605   0.055500
      666 0.000593  -0.054398
      621 0.000574  -0.052585
      179 0.000567   0.051942
      253 0.000565  -0.051817
      137 0.000526  -0.048217
      341 0.000504   0.046191
      735 0.000501  -0.045905
      171 0.000486  -0.044601
      602 0.000474  -0.043499
      174 0.000470   0.043059
      708 0.000468   0.042864
      153 0.000459   0.042067
      718 0.000446  -0.040879
      699 0.000438  -0.040163
      641 0.000409  -0.037521
      362 0.000393  -0.036013
      583 0.000387  -0.035507
      567 0.000387  -0.035435
      709 0.000383  -0.035134
      606 0.000377  -0.034521
      577 0.000368  -0.033777
      575 0.000367   0.033669
      620 0.000366  -0.033546
      220 0.000364  -0.033369
      604 0.000353  -0.032395
      210 0.000350  -0.032061
      756 0.000341  -0.031267
      757 0.000340  -0.031216
      204 0.000332   0.030456
      704 0.000330  -0.030265
      628 0.000326   0.029900
      403 0.000318   0.029123
      576 0.000309  -0.028318
      631 0.000309  -0.028297
      601 0.000301   0.027580
      243 0.000300   0.027507
      419 0.000288  -0.026430
      759 0.000287   0.026283
      254 0.000283   0.025971
      848 0.000283  -0.025940
      807 0.000281   0.025779
      267 0.000281  -0.025719
      573 0.000280   0.025689
      199 0.000277  -0.025423
      741 0.000276   0.025274
      277 0.000274   0.025158
      132 0.000274   0.025131
      400 0.000272  -0.024904
      161 0.000270   0.024760
      787 0.000268   0.024574
      383 0.000268   0.024570
      148 0.000268   0.024555
      412 0.000266  -0.024417
      271 0.000263   0.024127
      739 0.000253  -0.023155
      815 0.000249  -0.022869
      587 0.000248   0.022761
      658 0.000241   0.022106
      853 0.000238  -0.021783
      356 0.000230  -0.021123
      377 0.000228  -0.020863
      707 0.000225  -0.020590
      640 0.000221  -0.020245
      580 0.000221  -0.020222
      570 0.000217  -0.019891
      138 0.000215   0.019726
      564 0.000212  -0.019458
      234 0.000202   0.018524
      255 0.000202  -0.018481
      941 0.000201  -0.018399
       91 0.000194  -0.017771
      665 0.000194  -0.017748
      566 0.000193   0.017700
      258 0.000190  -0.017391
      236 0.000189   0.017325
      750 0.000188   0.017232
      557 0.000187  -0.017120
      585 0.000185  -0.016919
      798 0.000182   0.016676
      175 0.000180  -0.016527
      193 0.000178  -0.016343
      828 0.000175  -0.016057
      687 0.000172   0.015806
      667 0.000172   0.015761
      753 0.000171  -0.015698
      209 0.000171  -0.015696
      380 0.000170   0.015584
      800 0.000170  -0.015574
      711 0.000167   0.015309
      301 0.000161  -0.014805
      690 0.000161   0.014754
      857 0.000161  -0.014716
      427 0.000160  -0.014632
      217 0.000158  -0.014496
      369 0.000158   0.014473
      847 0.000157   0.014371
      763 0.000154  -0.014100
      257 0.000153  -0.014004
      241 0.000152   0.013933
      790 0.000150   0.013775
      353 0.000149  -0.013681
      222 0.000148  -0.013597
      820 0.000148  -0.013549
      629 0.000147  -0.013481
      574 0.000147  -0.013433
      247 0.000146   0.013352
      740 0.000145  -0.013279
      762 0.000144   0.013203
      743 0.000143  -0.013140
      107 0.000142  -0.013008
      784 0.000137  -0.012575
      295 0.000137  -0.012534
      436 0.000135   0.012382
      801 0.000130  -0.011918
      697 0.000130   0.011911
      398 0.000130  -0.011884
      354 0.000129   0.011831
      605 0.000129  -0.011813
      908 0.000129  -0.011803
      974 0.000127   0.011639
      552 0.000126  -0.011527
      281 0.000124   0.011383
      251 0.000124  -0.011378
      859 0.000122   0.011191
      235 0.000121  -0.011050
      292 0.000120  -0.011014
      549 0.000120  -0.010989
      308 0.000119  -0.010916
      645 0.000118   0.010810
      394 0.000117   0.010726
      832 0.000116   0.010677
      855 0.000116  -0.010664
      294 0.000116  -0.010638
      808 0.000116   0.010634
      882 0.000115   0.010580
      818 0.000115  -0.010556
      273 0.000115  -0.010511
      596 0.000114  -0.010462
      600 0.000113  -0.010339
      423 0.000112  -0.010281
      299 0.000111   0.010169
      262 0.000111  -0.010144
      553 0.000109  -0.010004
      736 0.000109  -0.009976
      431 0.000109  -0.009970
      594 0.000108  -0.009893
      361 0.000108   0.009892
      803 0.000107   0.009832
      367 0.000106   0.009738
      291 0.000106   0.009713
      696 0.000105  -0.009592
      386 0.000104   0.009530
      840 0.000104  -0.009506
      581 0.000103  -0.009477
      638 0.000103  -0.009467
      249 0.000103  -0.009416
      726 0.000103  -0.009407
      266 0.000102  -0.009376
      632 0.000102   0.009315
      373 0.000101  -0.009283
      269 0.000100  -0.009193
      793 0.000100  -0.009128
      597 0.000098  -0.008959
      343 0.000097  -0.008919
      799 0.000096  -0.008837
      844 0.000096  -0.008832
      684 0.000096  -0.008776
      829 0.000095   0.008751
      302 0.000095  -0.008736
     1095 0.000094  -0.008631
      584 0.000093  -0.008551
      824 0.000093   0.008506
      355 0.000092   0.008404
      374 0.000091   0.008383
      802 0.000091   0.008334
      572 0.000091  -0.008320
      364 0.000091   0.008298
      795 0.000090   0.008295
      268 0.000090  -0.008290
      261 0.000090  -0.008266
      561 0.000090   0.008240
      611 0.000089  -0.008160
      955 0.000089   0.008134
      312 0.000086  -0.007845
      734 0.000085  -0.007773
      392 0.000085   0.007751
      805 0.000085  -0.007751
      776 0.000084  -0.007741
      428 0.000084   0.007703
      748 0.000083  -0.007620
      863 0.000082  -0.007543
      742 0.000082  -0.007515
      723 0.000081  -0.007458
      414 0.000081   0.007419
      560 0.000079  -0.007274
      701 0.000079  -0.007249
      198 0.000078   0.007145
      654 0.000077   0.007067
      843 0.000075  -0.006901
      879 0.000073  -0.006726
      826 0.000073  -0.006697
     1005 0.000073   0.006686
      891 0.000072  -0.006579
      569 0.000071   0.006467
      913 0.000070  -0.006456
      610 0.000070  -0.006413
      588 0.000070   0.006394
      227 0.000069  -0.006327
      773 0.000069   0.006304
      413 0.000069   0.006295
      780 0.000068  -0.006280
      922 0.000068  -0.006276
      545 0.000068  -0.006248
      744 0.000068  -0.006216
      937 0.000068  -0.006198
      603 0.000067  -0.006141
      313 0.000066  -0.006007
      978 0.000064   0.005913
      360 0.000064  -0.005858
      789 0.000063   0.005805
      245 0.000063  -0.005802
      728 0.000063  -0.005787
      770 0.000063   0.005737
      297 0.000060  -0.005525
      357 0.000060   0.005514
      782 0.000060  -0.005492
      539 0.000059   0.005448
      359 0.000059  -0.005433
      425 0.000058   0.005363
      616 0.000057  -0.005199
      390 0.000056   0.005157
      216 0.000056  -0.005152
      350 0.000056  -0.005112
      867 0.000055   0.005003
      722 0.000054  -0.004994
      323 0.000054  -0.004966
      636 0.000054  -0.004963
      333 0.000054  -0.004909
      858 0.000053  -0.004866
      542 0.000052   0.004797
      895 0.000052   0.004764
      765 0.000052   0.004740
      831 0.000051   0.004640
      169 0.000050  -0.004628
      821 0.000050  -0.004602
      226 0.000050  -0.004592
      870 0.000050  -0.004541
      540 0.000049  -0.004514
      591 0.000049   0.004512
      225 0.000048  -0.004438
      320 0.000048   0.004383
      528 0.000047   0.004342
      224 0.000047  -0.004308
      263 0.000047  -0.004297
      397 0.000047  -0.004284
      778 0.000047  -0.004274
      589 0.000046  -0.004257
      987 0.000046   0.004241
      627 0.000045   0.004170
      325 0.000045  -0.004169
      874 0.000045  -0.004128
      864 0.000045   0.004124
      201 0.000045   0.004106
      334 0.000045   0.004092
      948 0.000044   0.004060
      214 0.000044   0.004033
      407 0.000043  -0.003964
      230 0.000043   0.003963
      928 0.000043  -0.003945
      590 0.000043  -0.003936
      965 0.000043  -0.003930
      409 0.000042  -0.003883
      406 0.000041  -0.003802
      164 0.000041   0.003792
      609 0.000041   0.003766
      448 0.000041   0.003751
      769 0.000041  -0.003738
      680 0.000040   0.003685
      904 0.000040   0.003682
     1001 0.000040  -0.003623
      331 0.000039   0.003589
      881 0.000039  -0.003576
      288 0.000039  -0.003557
       88 0.000039   0.003556
      993 0.000039   0.003545
      402 0.000039  -0.003532
      650 0.000038  -0.003498
      335 0.000038  -0.003479
      278 0.000038  -0.003443
      239 0.000037   0.003426
      894 0.000037  -0.003348
      215 0.000036  -0.003337
      382 0.000036   0.003311
      310 0.000036  -0.003283
      535 0.000036   0.003265
     1025 0.000035   0.003247
      293 0.000035   0.003220
      775 0.000035  -0.003182
      250 0.000035   0.003174
      933 0.000034   0.003155
      530 0.000034   0.003139
      165 0.000034   0.003126
      649 0.000034  -0.003120
      287 0.000034   0.003112
      321 0.000033   0.003071
      491 0.000033   0.003043
      259 0.000033  -0.003042
      613 0.000033   0.002995
      410 0.000032  -0.002954
      283 0.000032  -0.002943
      399 0.000032  -0.002940
      328 0.000032  -0.002931
      518 0.000032   0.002918
      347 0.000032  -0.002904
       75 0.000032  -0.002902
      488 0.000031   0.002887
      950 0.000031  -0.002885
      880 0.000031   0.002853
      432 0.000031   0.002844
      475 0.000031  -0.002797
      322 0.000031  -0.002797
     1032 0.000030   0.002783
      860 0.000030  -0.002773
      285 0.000030  -0.002754
      532 0.000030   0.002741
      232 0.000030  -0.002721
      900 0.000029  -0.002662
      252 0.000029  -0.002657
      681 0.000029  -0.002639
      319 0.000029   0.002637
      315 0.000029   0.002636
     1017 0.000029   0.002614
      260 0.000028   0.002610
      942 0.000028   0.002597
      823 0.000028   0.002564
      329 0.000028  -0.002556
      814 0.000028   0.002533
      884 0.000027  -0.002519
      524 0.000027  -0.002490
      943 0.000027   0.002464
      152 0.000027   0.002449
       94 0.000027  -0.002431
      289 0.000026   0.002428
      338 0.000026   0.002417
       74 0.000026  -0.002382
      420 0.000026   0.002365
      358 0.000026   0.002341
       99 0.000025  -0.002328
      298 0.000025  -0.002313
      136 0.000025   0.002275
      274 0.000025   0.002269
       59 0.000025   0.002268
      282 0.000024  -0.002239
      837 0.000024  -0.002220
       95 0.000024  -0.002207
      445 0.000024  -0.002200
      424 0.000024  -0.002189
      917 0.000024   0.002184
      123 0.000024  -0.002184
      852 0.000024  -0.002183
       67 0.000024  -0.002180
      114 0.000024   0.002178
      213 0.000024   0.002157
      592 0.000023  -0.002149
      538 0.000023   0.002147
      336 0.000023  -0.002139
      519 0.000023   0.002137
       76 0.000023   0.002130
      838 0.000023   0.002128
      101 0.000023  -0.002119
      272 0.000023  -0.002117
      118 0.000023   0.002106
      677 0.000023   0.002103
       57 0.000023   0.002102
       55 0.000023   0.002096
      792 0.000023   0.002065
      405 0.000023   0.002063
      349 0.000022   0.002014
       53 0.000022   0.002014
      351 0.000022  -0.002008
      160 0.000022   0.002007
      868 0.000022  -0.001990
      158 0.000022   0.001984
      275 0.000022  -0.001973
      502 0.000021   0.001968
      385 0.000021  -0.001945
      479 0.000021   0.001930
      714 0.000021  -0.001909
     1034 0.000021  -0.001885
      170 0.000020   0.001858
       78 0.000020   0.001846
       65 0.000020   0.001844
      489 0.000020   0.001843
      455 0.000020  -0.001828
       66 0.000020  -0.001828
      112 0.000020  -0.001824
      536 0.000020  -0.001809
      705 0.000020  -0.001803
      159 0.000020   0.001802
     1052 0.000020   0.001798
      685 0.000020  -0.001791
      296 0.000019  -0.001758
      512 0.000019  -0.001747
      146 0.000019   0.001718
      849 0.000019   0.001703
       60 0.000019   0.001702
      458 0.000018   0.001690
      779 0.000018   0.001688
      181 0.000018   0.001681
       93 0.000018   0.001679
      304 0.000018  -0.001673
      938 0.000018   0.001658
      463 0.000018  -0.001653
      139 0.000018   0.001650
      712 0.000018   0.001645
      162 0.000018   0.001642
      157 0.000018  -0.001638
      188 0.000018  -0.001636
       72 0.000018   0.001628
      452 0.000018  -0.001628
      221 0.000018   0.001626
      339 0.000018   0.001614
      662 0.000017  -0.001580
      248 0.000017  -0.001573
      637 0.000017   0.001555
      724 0.000017   0.001543
      643 0.000017  -0.001541
      526 0.000017   0.001527
       92 0.000017   0.001517
      648 0.000017  -0.001516
      264 0.000016  -0.001511
      554 0.000016  -0.001507
       98 0.000016  -0.001496
      614 0.000016   0.001495
      505 0.000016   0.001490
      437 0.000016   0.001489
       79 0.000016  -0.001483
      151 0.000016   0.001479
      619 0.000016   0.001471
      229 0.000016   0.001467
      514 0.000016   0.001459
       82 0.000016   0.001456
      131 0.000016  -0.001448
      883 0.000016   0.001432
       80 0.000016  -0.001422
      842 0.000016  -0.001421
      346 0.000015   0.001420
       84 0.000015   0.001420
      543 0.000015  -0.001416
      695 0.000015  -0.001413
      903 0.000015  -0.001413
      732 0.000015   0.001397
      966 0.000015   0.001396
      949 0.000015   0.001391
      644 0.000015  -0.001371
      555 0.000015   0.001367
      134 0.000015  -0.001346
      804 0.000015  -0.001342
      150 0.000015  -0.001339
      434 0.000015   0.001337
      816 0.000015   0.001334
      647 0.000015   0.001330
       62 0.000014   0.001328
      856 0.000014   0.001323
      375 0.000014  -0.001319
      598 0.000014  -0.001315
      483 0.000014  -0.001306
      669 0.000014   0.001299
      633 0.000014  -0.001295
      565 0.000014  -0.001289
      113 0.000014   0.001280
      729 0.000014   0.001270
      163 0.000014   0.001250
       87 0.000013  -0.001233
      195 0.000013  -0.001232
      450 0.000013  -0.001230
      559 0.000013   0.001227
      345 0.000013   0.001217
      125 0.000013   0.001212
     1047 0.000013   0.001210
       73 0.000013  -0.001208
      534 0.000013  -0.001203
      330 0.000013   0.001188
      907 0.000013   0.001173
       85 0.000013   0.001171
      344 0.000012  -0.001135
       96 0.000012   0.001130
       10 0.000012   0.001113
      348 0.000012  -0.001113
      337 0.000012  -0.001111
      653 0.000012  -0.001098
      959 0.000012   0.001098
        9 0.000012   0.001098
      142 0.000012   0.001092
      655 0.000012  -0.001088
      634 0.000012  -0.001075
      401 0.000012   0.001069
      462 0.000012   0.001063
      927 0.000012  -0.001055
       56 0.000011  -0.001047
      796 0.000011   0.001044
      145 0.000011  -0.001042
      103 0.000011  -0.001042
       23 0.000011  -0.001041
      964 0.000011   0.001040
      120 0.000011   0.001033
      625 0.000011   0.001031
      473 0.000011  -0.001028
       43 0.000011   0.001016
      154 0.000011  -0.001005
      111 0.000011   0.001000
      984 0.000011   0.001000
      751 0.000011   0.000992
     1074 0.000011   0.000990
      760 0.000011   0.000986
      487 0.000011  -0.000985
       21 0.000011  -0.000984
       52 0.000011  -0.000977
      314 0.000011  -0.000966
      746 0.000010  -0.000956
       63 0.000010  -0.000955
       77 0.000010   0.000950
      180 0.000010  -0.000940
       81 0.000010   0.000937
      309 0.000010   0.000929
      461 0.000010   0.000927
euclid. distance of OLC and linear combination of EV * x_coef: 0.008754813069620077

Generate samples based on objective loadcase 391
nr_to_generate: 25

Parameter variation distribution settings
distribution: uniform
low: 0.7
high: 1.3

Total process runtime: 0:00:01.546129
