Date and Time:2023-05-12 14:15:33.793816

Initial Settings:
similarity_model: <function cosine_similarity at 0x000001D005A6E5E0>
similarity_threshold: 1e-05
nr_eigv_to_select: None
distribution: uniform
deviation: 0.3
nr_to_generate: 25
recompute: False

Selected eigenvectors and similarity score w.r.t objective loadcase:
objective_loadcase_nr: 439
similarity_model: cosine_similarity
similarity_threshold: 1e-05
nr_eigv_to_select: None
nr_eigv_selected: 469
approximation parameter model: lstsq
similarity score and approx. param. value
:  eigv_idx    score      value
        3 0.547188  61.892078
        1 0.547011  61.872025
        2 0.496524 -56.161509
        0 0.389568  44.063725
        6 0.049484   5.597148
       39 0.020668   2.337768
        4 0.010725   1.213093
      639 0.003576   0.404439
      186 0.002347  -0.265509
      593 0.002058  -0.232778
      612 0.002032  -0.229851
      586 0.001886   0.213375
      218 0.001797  -0.203208
      716 0.001603   0.181361
      710 0.001602  -0.181251
      187 0.001569  -0.177464
      618 0.001351   0.152829
      663 0.001318  -0.149026
      668 0.001284   0.145233
      595 0.001202   0.135960
      194 0.001058   0.119618
      143 0.001030   0.116458
       68 0.001004  -0.113566
      686 0.000971  -0.109789
      659 0.000958  -0.108380
      626 0.000933   0.105555
      388 0.000901  -0.101904
      617 0.000885   0.100142
      688 0.000832  -0.094076
      599 0.000805   0.091042
      582 0.000754  -0.085312
      562 0.000751  -0.084985
      183 0.000742   0.083876
      182 0.000737  -0.083417
      635 0.000736   0.083207
      749 0.000714  -0.080760
      670 0.000712   0.080565
      621 0.000671  -0.075884
      578 0.000657   0.074262
      700 0.000638   0.072151
      579 0.000637   0.072051
      733 0.000601   0.068023
      698 0.000589  -0.066644
      683 0.000588   0.066506
      184 0.000581  -0.065763
       71 0.000578   0.065321
       69 0.000577   0.065272
      341 0.000574   0.064897
      666 0.000538  -0.060834
      253 0.000530  -0.059970
      602 0.000529  -0.059821
      704 0.000518  -0.058587
      718 0.000518  -0.058559
      708 0.000504   0.056975
      153 0.000503   0.056904
      606 0.000501  -0.056699
      174 0.000490   0.055432
      567 0.000490  -0.055370
      735 0.000451  -0.051012
      577 0.000449  -0.050766
      641 0.000411  -0.046486
      709 0.000408  -0.046108
      575 0.000406   0.045901
      699 0.000405  -0.045790
      620 0.000397  -0.044954
      220 0.000396  -0.044837
      267 0.000394  -0.044530
      228 0.000382  -0.043260
      210 0.000376  -0.042542
      583 0.000361  -0.040855
      362 0.000335  -0.037923
      707 0.000329  -0.037236
      848 0.000328  -0.037129
      807 0.000328   0.037083
      601 0.000322   0.036457
      412 0.000317  -0.035833
      756 0.000316  -0.035769
      696 0.000315  -0.035622
      419 0.000314  -0.035497
      631 0.000305  -0.034550
      137 0.000304  -0.034430
      179 0.000304   0.034369
      757 0.000300  -0.033897
      403 0.000296   0.033511
      243 0.000291   0.032964
      258 0.000285  -0.032229
      587 0.000282   0.031865
      204 0.000277   0.031374
      753 0.000277  -0.031295
      383 0.000263   0.029764
      171 0.000259  -0.029314
      576 0.000257  -0.029091
      570 0.000254  -0.028709
      741 0.000252   0.028559
      604 0.000252  -0.028515
      853 0.000239  -0.027057
      273 0.000230  -0.025968
      739 0.000229  -0.025868
      377 0.000228  -0.025814
      580 0.000223  -0.025230
      793 0.000220  -0.024901
      400 0.000220  -0.024899
      199 0.000218  -0.024680
      628 0.000217   0.024596
      132 0.000210   0.023768
      658 0.000208   0.023571
      361 0.000202   0.022833
      564 0.000199  -0.022514
      815 0.000199  -0.022478
      787 0.000197   0.022288
      269 0.000195  -0.022083
      175 0.000193  -0.021864
      800 0.000191  -0.021634
      941 0.000189  -0.021346
      573 0.000187   0.021181
      301 0.000187  -0.021115
      828 0.000185  -0.020933
      427 0.000184  -0.020831
      665 0.000182  -0.020623
      299 0.000182   0.020615
      255 0.000181  -0.020524
      750 0.000181   0.020447
      277 0.000179   0.020272
      230 0.000177  -0.019994
      820 0.000176  -0.019898
      574 0.000175  -0.019786
      549 0.000174  -0.019690
      254 0.000174   0.019656
       70 0.000173   0.019562
      271 0.000168   0.019054
      373 0.000168  -0.018953
      784 0.000167  -0.018903
      247 0.000166   0.018818
      726 0.000164  -0.018554
      711 0.000163   0.018407
      743 0.000163  -0.018406
      687 0.000162   0.018303
      667 0.000162   0.018283
      227 0.000160   0.018117
      557 0.000157  -0.017779
      605 0.000153  -0.017276
      392 0.000152   0.017243
      855 0.000152  -0.017230
      857 0.000150  -0.016940
      380 0.000148   0.016703
      235 0.000145  -0.016364
      234 0.000144   0.016330
      312 0.000144  -0.016301
      818 0.000142  -0.016081
      398 0.000142  -0.016040
      369 0.000140   0.015789
      161 0.000139   0.015740
      236 0.000138   0.015592
      808 0.000138   0.015587
      795 0.000137   0.015503
      355 0.000136   0.015434
      566 0.000136   0.015327
      790 0.000134   0.015165
      217 0.000133  -0.015052
      239 0.000133   0.015029
      847 0.000131   0.014767
      263 0.000128  -0.014467
      294 0.000128  -0.014422
      553 0.000125  -0.014143
      690 0.000125   0.014084
      908 0.000124  -0.014003
      591 0.000122   0.013822
      423 0.000122  -0.013820
      257 0.000121  -0.013740
      431 0.000121  -0.013691
      353 0.000120  -0.013527
      742 0.000120  -0.013523
      295 0.000119  -0.013471
      585 0.000118  -0.013344
      354 0.000118   0.013313
      645 0.000118   0.013306
      974 0.000118   0.013301
      638 0.000116  -0.013172
      697 0.000116   0.013170
      241 0.000115   0.013034
      436 0.000115   0.012978
      629 0.000113  -0.012832
      736 0.000113  -0.012818
      616 0.000113  -0.012732
      367 0.000112   0.012613
      356 0.000111  -0.012504
      859 0.000110   0.012497
      251 0.000110  -0.012459
      882 0.000109   0.012382
      799 0.000109  -0.012360
      778 0.000108  -0.012244
      148 0.000108   0.012243
      824 0.000108   0.012232
      684 0.000106  -0.011934
      840 0.000104  -0.011793
      569 0.000103   0.011697
      275 0.000102  -0.011509
      584 0.000100  -0.011365
      581 0.000098  -0.011141
      266 0.000098  -0.011038
      281 0.000097   0.011023
      223 0.000097   0.010927
      640 0.000096  -0.010910
      292 0.000095  -0.010709
      594 0.000094  -0.010634
      844 0.000094  -0.010590
      600 0.000092  -0.010432
      611 0.000092  -0.010400
      723 0.000091  -0.010327
      798 0.000091   0.010272
      734 0.000090  -0.010150
      829 0.000089   0.010088
      740 0.000088  -0.009974
     1095 0.000088  -0.009944
      107 0.000088  -0.009907
      552 0.000085  -0.009610
      561 0.000085   0.009596
      728 0.000085  -0.009577
      337 0.000084  -0.009538
      832 0.000082   0.009286
      262 0.000082  -0.009224
      744 0.000081  -0.009150
      572 0.000080  -0.009102
      261 0.000080  -0.009064
      302 0.000080  -0.009024
      632 0.000078   0.008846
      759 0.000078   0.008775
      291 0.000076   0.008628
      955 0.000076   0.008596
       88 0.000076  -0.008574
      308 0.000075  -0.008515
      701 0.000075  -0.008491
      560 0.000075  -0.008437
      332 0.000073  -0.008248
      937 0.000072  -0.008196
     1005 0.000072   0.008137
      390 0.000072   0.008113
      386 0.000072   0.008111
      978 0.000071   0.008066
      843 0.000071  -0.008064
      206 0.000071   0.008063
      279 0.000071  -0.008005
      748 0.000071  -0.007976
      782 0.000070  -0.007959
      268 0.000070  -0.007908
      428 0.000070   0.007886
      222 0.000068  -0.007740
      879 0.000068  -0.007712
      913 0.000068  -0.007665
      770 0.000067   0.007623
      249 0.000067  -0.007528
      298 0.000066  -0.007509
      343 0.000066  -0.007504
      209 0.000066  -0.007409
      414 0.000065   0.007379
      597 0.000065  -0.007348
      922 0.000065  -0.007303
      891 0.000064  -0.007282
      545 0.000064  -0.007279
      322 0.000064  -0.007249
      425 0.000064   0.007218
      654 0.000064   0.007216
       93 0.000063  -0.007071
      614 0.000062   0.007064
      948 0.000062   0.006981
      329 0.000062  -0.006963
      722 0.000061  -0.006912
      762 0.000060   0.006792
      826 0.000060  -0.006786
       91 0.000060  -0.006764
      863 0.000059  -0.006721
      803 0.000059   0.006656
      539 0.000059   0.006618
      374 0.000058   0.006594
      801 0.000058  -0.006555
      232 0.000058  -0.006521
      776 0.000057  -0.006418
      773 0.000057   0.006413
      104 0.000057   0.006411
      290 0.000057   0.006409
      831 0.000056   0.006282
      627 0.000055   0.006205
      895 0.000054   0.006145
      325 0.000054  -0.006136
      821 0.000054  -0.006131
      407 0.000054  -0.006096
      319 0.000053   0.005972
      765 0.000052   0.005886
      198 0.000052   0.005847
      789 0.000051   0.005793
      528 0.000051   0.005781
      397 0.000051  -0.005779
      802 0.000050   0.005659
      313 0.000049  -0.005594
      297 0.000049  -0.005555
      596 0.000049  -0.005512
      775 0.000048   0.005466
      864 0.000048   0.005439
      289 0.000048   0.005426
      860 0.000048  -0.005392
      342 0.000047   0.005313
      792 0.000047   0.005293
      650 0.000046  -0.005222
      169 0.000046  -0.005209
      823 0.000046   0.005209
      321 0.000045  -0.005075
      542 0.000044   0.004994
      535 0.000044   0.004934
      694 0.000043   0.004845
      870 0.000042  -0.004792
      805 0.000042  -0.004734
      904 0.000041   0.004678
      589 0.000040  -0.004548
      540 0.000040  -0.004542
      394 0.000040   0.004510
      987 0.000040   0.004470
      409 0.000039  -0.004465
      928 0.000039  -0.004464
      943 0.000039   0.004452
      867 0.000039   0.004367
      881 0.000039  -0.004363
      894 0.000038  -0.004267
      874 0.000038  -0.004244
      193 0.000037  -0.004238
      323 0.000037  -0.004202
      590 0.000036  -0.004049
      448 0.000036   0.004018
      518 0.000036   0.004016
      491 0.000035   0.003966
     1001 0.000035  -0.003963
      201 0.000035  -0.003910
      677 0.000034   0.003878
      858 0.000034  -0.003807
      933 0.000033   0.003718
      608 0.000033  -0.003703
      532 0.000033   0.003702
      245 0.000032  -0.003669
      310 0.000032  -0.003626
      880 0.000032   0.003625
      488 0.000032   0.003613
      965 0.000032  -0.003571
      942 0.000032   0.003567
      950 0.000031  -0.003529
      315 0.000031   0.003497
      410 0.000031  -0.003485
      993 0.000030   0.003430
      366 0.000030   0.003403
     1025 0.000030   0.003392
     1032 0.000030   0.003359
      530 0.000029   0.003284
      445 0.000029  -0.003262
      636 0.000029  -0.003248
      475 0.000029  -0.003238
      524 0.000028  -0.003138
      224 0.000028  -0.003138
      349 0.000027  -0.003060
      649 0.000027  -0.003029
      131 0.000026   0.002992
      424 0.000026  -0.002971
      842 0.000026  -0.002891
      830 0.000025   0.002854
      900 0.000025  -0.002853
     1017 0.000025   0.002792
      814 0.000024   0.002754
      646 0.000024   0.002738
      685 0.000024  -0.002703
      938 0.000024   0.002688
      603 0.000023  -0.002641
     1034 0.000023  -0.002611
      884 0.000023  -0.002569
      432 0.000023   0.002550
      727 0.000022  -0.002509
      643 0.000022  -0.002494
      662 0.000022  -0.002467
      526 0.000022   0.002461
      917 0.000022   0.002436
      769 0.000021   0.002319
      794 0.000020   0.002304
      519 0.000020   0.002292
      502 0.000020   0.002269
      714 0.000020  -0.002236
      285 0.000019   0.002196
      479 0.000019   0.002185
      856 0.000019   0.002181
      455 0.000019  -0.002169
      244 0.000019  -0.002144
      536 0.000019  -0.002107
      514 0.000018   0.002077
      680 0.000018   0.002075
      463 0.000018  -0.002041
      437 0.000018   0.002026
      610 0.000018  -0.002008
      949 0.000018   0.001991
      512 0.000017  -0.001969
     1052 0.000017   0.001966
      588 0.000017  -0.001940
      324 0.000017  -0.001927
      489 0.000017   0.001919
      505 0.000017   0.001902
       87 0.000017   0.001892
      458 0.000017   0.001872
       86 0.000016   0.001828
      811 0.000016   0.001823
      364 0.000016  -0.001790
      286 0.000016   0.001768
      838 0.000016   0.001767
       98 0.000015  -0.001737
      907 0.000015   0.001726
      259 0.000015  -0.001714
      346 0.000015   0.001669
      713 0.000015   0.001664
      883 0.000015   0.001649
      935 0.000014  -0.001639
      103 0.000014  -0.001632
     1010 0.000014   0.001626
      384 0.000014  -0.001625
      284 0.000014   0.001622
      816 0.000014   0.001616
      927 0.000014  -0.001604
      538 0.000014   0.001603
      450 0.000014  -0.001574
      128 0.000014  -0.001571
      732 0.000014   0.001550
      114 0.000014   0.001548
      333 0.000014  -0.001540
      971 0.000013  -0.001525
      804 0.000013  -0.001506
      839 0.000013  -0.001492
      318 0.000013  -0.001480
     1073 0.000013  -0.001476
      780 0.000013  -0.001452
      598 0.000013   0.001430
      921 0.000013  -0.001427
      105 0.000012  -0.001410
      934 0.000012  -0.001410
      288 0.000012  -0.001410
      283 0.000012   0.001391
      250 0.000012  -0.001389
      791 0.000012   0.001387
      483 0.000012  -0.001385
      964 0.000012   0.001384
      966 0.000012   0.001377
      130 0.000012  -0.001336
      810 0.000012   0.001322
      382 0.000012  -0.001319
      478 0.000012   0.001318
      252 0.000012   0.001317
      452 0.000012  -0.001303
      988 0.000011  -0.001282
     1047 0.000011   0.001280
      108 0.000011  -0.001275
      763 0.000011   0.001275
      619 0.000011   0.001270
      357 0.000011  -0.001268
      287 0.000011   0.001238
      462 0.000011   0.001232
       78 0.000011  -0.001218
      669 0.000011   0.001216
      487 0.000011  -0.001197
      264 0.000011  -0.001191
      634 0.000011  -0.001188
       89 0.000010   0.001183
      675 0.000010   0.001178
      903 0.000010  -0.001177
      473 0.000010  -0.001176
      118 0.000010   0.001166
      461 0.000010   0.001160
      534 0.000010  -0.001138
      260 0.000010   0.001138
euclid. distance of OLC and linear combination of EV * x_coef: 0.009808102357539103

Generate samples based on objective loadcase 439
nr_to_generate: 25

Parameter variation distribution settings
distribution: uniform
low: 0.7
high: 1.3

Total process runtime: 0:00:01.228070
