Date and Time:2023-05-12 14:20:08.842286

Initial Settings:
similarity_model: <function cosine_similarity at 0x000001D005A6E5E0>
similarity_threshold: 1e-05
nr_eigv_to_select: None
distribution: uniform
deviation: 0.3
nr_to_generate: 25
recompute: False

Selected eigenvectors and similarity score w.r.t objective loadcase:
objective_loadcase_nr: 648
similarity_model: cosine_similarity
similarity_threshold: 1e-05
nr_eigv_to_select: None
nr_eigv_selected: 474
approximation parameter model: lstsq
similarity score and approx. param. value
:  eigv_idx    score      value
        3 0.554317  67.128361
        1 0.538021  65.154916
        2 0.505997 -61.276730
        0 0.379823  45.996975
        6 0.047011   5.693041
       39 0.023513   2.847399
        4 0.011271   1.364981
      639 0.003775   0.457108
      186 0.002233  -0.270454
      593 0.002206  -0.267156
      612 0.002132  -0.258237
      218 0.002110  -0.255528
      586 0.002031   0.245980
      710 0.001562  -0.189208
      716 0.001544   0.187003
      187 0.001472  -0.178282
      663 0.001359  -0.164630
      595 0.001309   0.158508
      618 0.001281   0.155112
      668 0.001238   0.149917
       68 0.001161  -0.140575
      626 0.001055   0.127724
      194 0.001017   0.123127
      388 0.000964  -0.116708
      686 0.000959  -0.116172
      659 0.000934  -0.113132
      617 0.000875   0.105984
      599 0.000835   0.101162
      688 0.000806  -0.097643
      143 0.000802   0.097133
      562 0.000787  -0.095334
      670 0.000780   0.094411
      582 0.000778  -0.094268
      635 0.000769   0.093071
      621 0.000744  -0.090094
      578 0.000711   0.086044
      183 0.000707   0.085661
      182 0.000668  -0.080862
      704 0.000661  -0.080084
      733 0.000656   0.079501
      698 0.000630  -0.076338
      341 0.000618   0.074879
      718 0.000611  -0.073941
      700 0.000608   0.073668
      749 0.000605  -0.073244
      579 0.000603   0.072995
      683 0.000559   0.067729
      602 0.000554  -0.067066
      567 0.000544  -0.065836
      606 0.000542  -0.065651
      184 0.000542  -0.065596
      577 0.000529  -0.064067
      666 0.000525  -0.063608
      253 0.000525  -0.063535
      708 0.000495   0.059937
      153 0.000458   0.055439
      174 0.000450   0.054482
      575 0.000441   0.053402
      220 0.000438  -0.053029
      620 0.000437  -0.052914
      699 0.000434  -0.052589
      641 0.000433  -0.052480
      267 0.000430  -0.052051
      696 0.000408  -0.049416
      735 0.000404  -0.048884
       69 0.000403   0.048797
      709 0.000402  -0.048687
      210 0.000396  -0.047989
      707 0.000396  -0.047902
      583 0.000390  -0.047240
      601 0.000383   0.046440
      848 0.000372  -0.045102
      258 0.000363  -0.043937
       71 0.000358   0.043401
      412 0.000349  -0.042310
      807 0.000345   0.041831
      419 0.000337  -0.040799
      753 0.000337  -0.040797
      403 0.000321   0.038821
      204 0.000318   0.038454
      362 0.000313  -0.037895
      631 0.000311  -0.037626
      383 0.000303   0.036643
      587 0.000301   0.036479
      179 0.000282   0.034117
      756 0.000281  -0.034069
      230 0.000278  -0.033719
      570 0.000278  -0.033700
      228 0.000273  -0.033084
      273 0.000271  -0.032875
      793 0.000264  -0.031991
      604 0.000261  -0.031619
      757 0.000258  -0.031192
      199 0.000254  -0.030748
      171 0.000247  -0.029879
      243 0.000243   0.029483
      377 0.000243  -0.029468
      227 0.000231   0.027996
      269 0.000229  -0.027780
      137 0.000219  -0.026517
      564 0.000219  -0.026484
      576 0.000218  -0.026417
      580 0.000218  -0.026383
      853 0.000211  -0.025559
      299 0.000209   0.025347
      235 0.000205  -0.024794
      400 0.000204  -0.024731
      658 0.000204   0.024708
      301 0.000203  -0.024572
      427 0.000201  -0.024287
      800 0.000199  -0.024107
      665 0.000198  -0.023961
      549 0.000194  -0.023482
       70 0.000193   0.023391
      369 0.000192   0.023224
      741 0.000192   0.023223
      628 0.000191   0.023120
      941 0.000189  -0.022899
      239 0.000188   0.022732
      815 0.000188  -0.022725
      739 0.000186  -0.022562
      828 0.000186  -0.022485
      247 0.000185   0.022414
      784 0.000180  -0.021823
      175 0.000180  -0.021771
      263 0.000179  -0.021725
      743 0.000179  -0.021627
      667 0.000178   0.021609
      361 0.000178   0.021542
      132 0.000176   0.021358
      574 0.000173  -0.020999
      373 0.000173  -0.020980
      820 0.000173  -0.020974
      585 0.000173  -0.020927
      356 0.000171  -0.020750
      573 0.000171   0.020700
      687 0.000167   0.020262
      726 0.000167  -0.020258
      255 0.000167  -0.020246
      206 0.000166   0.020065
      855 0.000165  -0.019938
      557 0.000163  -0.019797
      392 0.000163   0.019761
      312 0.000159  -0.019293
      787 0.000159   0.019275
      795 0.000159   0.019250
      711 0.000157   0.019003
      553 0.000155  -0.018781
      271 0.000153   0.018553
      750 0.000150   0.018120
      217 0.000146  -0.017702
      591 0.000146   0.017648
      742 0.000144  -0.017442
      223 0.000144   0.017429
      380 0.000143   0.017341
      818 0.000142  -0.017210
      257 0.000141  -0.017033
      398 0.000141  -0.017015
      295 0.000140  -0.016940
      254 0.000140   0.016921
      605 0.000140  -0.016910
      808 0.000139   0.016875
      275 0.000139  -0.016806
      857 0.000138  -0.016742
      778 0.000135  -0.016374
      354 0.000135   0.016335
      697 0.000134   0.016283
      277 0.000132   0.015955
      423 0.000131  -0.015871
      431 0.000130  -0.015745
      616 0.000129  -0.015600
      736 0.000129  -0.015591
      908 0.000126  -0.015301
      337 0.000125  -0.015153
      161 0.000125   0.015106
      353 0.000123  -0.014916
      566 0.000123   0.014907
      790 0.000122   0.014726
      638 0.000120  -0.014507
      690 0.000120   0.014486
      645 0.000118   0.014319
      974 0.000118   0.014269
      629 0.000117  -0.014176
      294 0.000115  -0.013957
      799 0.000113  -0.013673
      824 0.000112   0.013605
      234 0.000111   0.013438
      569 0.000108   0.013124
      436 0.000108   0.013090
      847 0.000108   0.013084
      279 0.000108  -0.013065
      332 0.000108  -0.013048
      859 0.000106   0.012886
      840 0.000106  -0.012818
      581 0.000105  -0.012689
      600 0.000104  -0.012601
      241 0.000104   0.012599
      148 0.000102   0.012406
      882 0.000100   0.012128
      684 0.000099  -0.011996
      844 0.000098  -0.011894
      584 0.000098  -0.011835
      829 0.000097   0.011768
      611 0.000097  -0.011699
      251 0.000095  -0.011477
      355 0.000095   0.011471
      236 0.000095   0.011457
      561 0.000095   0.011446
      266 0.000094  -0.011405
      261 0.000094  -0.011366
      298 0.000092  -0.011193
      290 0.000092   0.011159
      596 0.000090  -0.010945
      292 0.000090  -0.010929
      107 0.000090  -0.010842
      262 0.000088  -0.010712
      572 0.000088  -0.010692
      281 0.000088   0.010676
      744 0.000088  -0.010638
      594 0.000087  -0.010527
     1095 0.000087  -0.010523
      763 0.000085   0.010321
      268 0.000085  -0.010312
      937 0.000082  -0.009925
      728 0.000082  -0.009914
      632 0.000081   0.009835
      722 0.000081  -0.009766
      734 0.000081  -0.009752
      614 0.000080   0.009703
      775 0.000080   0.009691
      560 0.000080  -0.009649
      723 0.000079  -0.009555
      654 0.000078   0.009464
      832 0.000078   0.009422
      329 0.000077  -0.009372
      978 0.000077   0.009330
      367 0.000077   0.009283
      291 0.000076   0.009252
      302 0.000076  -0.009180
      748 0.000074  -0.008997
     1005 0.000074   0.008975
      640 0.000074  -0.008934
      308 0.000073  -0.008878
      948 0.000073   0.008877
       88 0.000073  -0.008861
      343 0.000072  -0.008712
      955 0.000071   0.008582
      913 0.000070  -0.008521
      782 0.000070  -0.008518
       91 0.000068  -0.008256
      201 0.000067  -0.008135
      740 0.000067  -0.008106
      325 0.000066  -0.007968
      627 0.000065   0.007873
      843 0.000065  -0.007871
      428 0.000065   0.007859
      386 0.000065   0.007847
      425 0.000065   0.007839
      319 0.000064   0.007793
      922 0.000063  -0.007688
      552 0.000063  -0.007659
      539 0.000063   0.007646
      826 0.000063  -0.007576
      545 0.000062  -0.007539
       93 0.000062  -0.007515
      879 0.000061  -0.007345
      701 0.000060  -0.007292
      792 0.000060   0.007271
      414 0.000060   0.007267
      895 0.000059   0.007181
      321 0.000058  -0.007064
      394 0.000058   0.007023
      694 0.000058   0.006991
      860 0.000058  -0.006988
      831 0.000058   0.006979
      798 0.000058   0.006964
      209 0.000057  -0.006956
      364 0.000057   0.006943
      289 0.000057   0.006861
      322 0.000057  -0.006861
      650 0.000056  -0.006776
      590 0.000056  -0.006750
      770 0.000056   0.006750
      528 0.000055   0.006616
      821 0.000053  -0.006458
      803 0.000053   0.006397
      390 0.000053   0.006367
      374 0.000052   0.006331
      597 0.000052  -0.006307
      776 0.000052  -0.006240
      891 0.000051  -0.006199
      104 0.000051   0.006158
      222 0.000050  -0.006070
      323 0.000050  -0.006048
      765 0.000050   0.006014
      226 0.000049  -0.005988
      864 0.000049   0.005910
      769 0.000049   0.005894
      225 0.000048  -0.005819
      535 0.000047   0.005729
      863 0.000046  -0.005626
      249 0.000044  -0.005279
      773 0.000043   0.005257
      802 0.000043   0.005244
      359 0.000043  -0.005227
      315 0.000043   0.005153
      169 0.000042  -0.005117
      870 0.000042  -0.005116
      542 0.000042   0.005044
      881 0.000041  -0.004989
      313 0.000041  -0.004986
      342 0.000041   0.004936
      943 0.000041   0.004920
      823 0.000040   0.004865
      283 0.000040   0.004847
      540 0.000039  -0.004671
      407 0.000038  -0.004653
      801 0.000038  -0.004613
      928 0.000038  -0.004575
      518 0.000038   0.004575
      789 0.000038   0.004562
      649 0.000038  -0.004550
      491 0.000037   0.004540
      589 0.000037  -0.004519
      987 0.000037   0.004518
      297 0.000037  -0.004468
      232 0.000036  -0.004412
      397 0.000035  -0.004231
      532 0.000035   0.004202
      409 0.000034  -0.004168
      448 0.000034   0.004110
      933 0.000034   0.004101
      488 0.000034   0.004099
      874 0.000034  -0.004098
      193 0.000034  -0.004082
      240 0.000033   0.004045
      677 0.000033   0.004037
     1001 0.000033  -0.004023
      842 0.000033  -0.003938
      636 0.000032  -0.003916
      410 0.000032  -0.003910
      880 0.000032   0.003895
      858 0.000032  -0.003843
      867 0.000032   0.003840
      445 0.000031  -0.003775
      357 0.000031   0.003771
      346 0.000031   0.003735
      608 0.000031  -0.003706
      310 0.000031  -0.003697
      475 0.000030  -0.003675
     1032 0.000030   0.003641
      894 0.000030  -0.003634
      237 0.000030  -0.003580
      524 0.000029  -0.003560
      360 0.000029  -0.003533
      244 0.000029  -0.003526
      942 0.000029   0.003455
      950 0.000028  -0.003394
      530 0.000028   0.003385
     1025 0.000028   0.003378
      286 0.000028   0.003345
      904 0.000028   0.003345
      938 0.000027   0.003244
      424 0.000027  -0.003213
      884 0.000026  -0.003192
      646 0.000026   0.003160
      993 0.000026   0.003146
      588 0.000026   0.003141
     1034 0.000026  -0.003099
      965 0.000025  -0.003079
      526 0.000024   0.002895
      350 0.000024  -0.002879
      794 0.000024   0.002863
      285 0.000024   0.002862
     1017 0.000024   0.002855
      245 0.000023  -0.002843
      479 0.000021   0.002539
      856 0.000021   0.002524
      198 0.000021  -0.002521
      830 0.000021   0.002503
      900 0.000021  -0.002497
      814 0.000021   0.002490
      685 0.000020  -0.002478
     1073 0.000020  -0.002455
      333 0.000020  -0.002434
      455 0.000020  -0.002424
      514 0.000020   0.002420
      917 0.000020   0.002390
      432 0.000020   0.002390
      805 0.000020  -0.002386
      519 0.000020   0.002380
      366 0.000020   0.002377
      502 0.000020   0.002367
      536 0.000020  -0.002363
      759 0.000019  -0.002350
      714 0.000019  -0.002341
      804 0.000019  -0.002335
      131 0.000019   0.002314
      437 0.000019   0.002306
      603 0.000019  -0.002303
      568 0.000019  -0.002295
      463 0.000019  -0.002290
      949 0.000019   0.002265
      935 0.000019  -0.002250
      727 0.000019  -0.002241
      907 0.000018   0.002240
      852 0.000018   0.002233
      334 0.000018  -0.002224
      512 0.000018  -0.002198
     1010 0.000018   0.002186
      284 0.000017   0.002118
      324 0.000017  -0.002077
     1052 0.000017   0.002029
      489 0.000017   0.002026
      702 0.000017  -0.002019
      643 0.000017  -0.002014
      680 0.000016   0.001980
      662 0.000016  -0.001955
      278 0.000016   0.001938
      732 0.000016   0.001928
      809 0.000016   0.001922
      458 0.000016   0.001922
      505 0.000016   0.001886
       98 0.000015  -0.001852
      755 0.000015  -0.001851
      921 0.000015  -0.001847
       74 0.000015  -0.001796
      450 0.000015  -0.001763
      609 0.000015  -0.001761
      259 0.000014  -0.001752
      413 0.000014  -0.001749
      927 0.000014  -0.001735
      971 0.000014  -0.001723
      318 0.000014  -0.001718
      811 0.000014   0.001694
      229 0.000014   0.001692
      538 0.000014   0.001679
      816 0.000013   0.001624
      835 0.000013  -0.001584
      934 0.000013  -0.001542
       54 0.000013  -0.001539
      347 0.000013  -0.001535
      252 0.000012   0.001490
       73 0.000012  -0.001479
      957 0.000012   0.001478
      625 0.000012   0.001469
      363 0.000012   0.001467
      483 0.000012  -0.001457
      296 0.000012   0.001452
       63 0.000012  -0.001433
      248 0.000012  -0.001420
      478 0.000012   0.001413
      876 0.000012   0.001412
      598 0.000012   0.001411
      619 0.000011   0.001366
       56 0.000011   0.001360
      487 0.000011  -0.001354
      382 0.000011   0.001347
      988 0.000011  -0.001346
      675 0.000011   0.001345
      462 0.000011   0.001337
       64 0.000011   0.001319
     1047 0.000011   0.001314
      656 0.000011  -0.001298
      634 0.000011  -0.001293
      762 0.000011   0.001292
     1061 0.000011  -0.001288
      461 0.000011   0.001288
      320 0.000010  -0.001261
      426 0.000010   0.001256
      875 0.000010   0.001255
      713 0.000010   0.001253
      473 0.000010  -0.001245
       81 0.000010  -0.001225
euclid. distance of OLC and linear combination of EV * x_coef: 0.010721298410561584

Generate samples based on objective loadcase 648
nr_to_generate: 25

Parameter variation distribution settings
distribution: uniform
low: 0.7
high: 1.3

Total process runtime: 0:00:01.280239
