Date and Time:2023-05-12 14:23:01.403774

Initial Settings:
similarity_model: <function cosine_similarity at 0x000001D005A6E5E0>
similarity_threshold: 1e-05
nr_eigv_to_select: None
distribution: uniform
deviation: 0.3
nr_to_generate: 25
recompute: False

Selected eigenvectors and similarity score w.r.t objective loadcase:
objective_loadcase_nr: 776
similarity_model: cosine_similarity
similarity_threshold: 1e-05
nr_eigv_to_select: None
nr_eigv_selected: 466
approximation parameter model: lstsq
similarity score and approx. param. value
:  eigv_idx    score      value
        1 0.552872  58.360619
        3 0.536620  56.645102
        2 0.495523 -52.306934
        0 0.396356  41.838953
        6 0.056631   5.977911
       39 0.018189   1.920065
        4 0.010325   1.089887
      639 0.003868   0.408355
       68 0.002669  -0.281762
      186 0.002378  -0.251070
      612 0.002150  -0.226924
      593 0.002125  -0.224262
      586 0.001944   0.205185
      218 0.001681  -0.177482
      716 0.001666   0.175847
      187 0.001564  -0.165050
      710 0.001525  -0.161015
      663 0.001505  -0.158837
      618 0.001497   0.158019
      668 0.001387   0.146461
      595 0.001236   0.130505
      194 0.001098   0.115946
      659 0.001049  -0.110778
      182 0.001006  -0.106183
      617 0.000957   0.100991
      686 0.000950  -0.100259
      388 0.000934  -0.098611
      143 0.000923   0.097478
      626 0.000917   0.096778
      599 0.000831   0.087712
      688 0.000812  -0.085719
      562 0.000791  -0.083497
      635 0.000789   0.083319
      700 0.000778   0.082120
      582 0.000776  -0.081922
      670 0.000773   0.081584
      184 0.000753  -0.079461
      183 0.000726   0.076674
      578 0.000724   0.076460
      579 0.000705   0.074456
      683 0.000704   0.074270
      621 0.000691  -0.072910
      698 0.000668  -0.070559
      733 0.000661   0.069818
      749 0.000591  -0.062348
      341 0.000579   0.061152
      666 0.000578  -0.061021
      718 0.000573  -0.060447
      704 0.000554  -0.058491
      253 0.000540  -0.057011
      602 0.000539  -0.056918
       71 0.000539  -0.056877
      708 0.000485   0.051176
      567 0.000482  -0.050838
      228 0.000480  -0.050633
      606 0.000476  -0.050248
      174 0.000471   0.049733
      153 0.000469   0.049518
      699 0.000462  -0.048786
      577 0.000452  -0.047762
       70 0.000444   0.046864
      641 0.000438  -0.046287
      735 0.000418  -0.044114
      210 0.000412  -0.043520
      179 0.000407   0.042951
      575 0.000404   0.042689
      620 0.000404  -0.042605
      583 0.000403  -0.042579
      220 0.000391  -0.041320
      709 0.000391  -0.041301
       69 0.000382  -0.040347
      267 0.000377  -0.039833
      362 0.000356  -0.037630
      171 0.000356  -0.037579
      707 0.000350  -0.036922
      601 0.000341   0.035980
      204 0.000341   0.035979
      848 0.000340  -0.035845
      631 0.000331  -0.034907
      137 0.000329  -0.034677
      403 0.000324   0.034206
      419 0.000323  -0.034143
      807 0.000319   0.033696
      412 0.000319  -0.033642
      604 0.000316  -0.033321
      243 0.000300   0.031640
      756 0.000296  -0.031235
      757 0.000285  -0.030113
      696 0.000285  -0.030105
      383 0.000284   0.030005
      587 0.000282   0.029769
      576 0.000279  -0.029399
      199 0.000278  -0.029318
      570 0.000262  -0.027645
      628 0.000261   0.027584
      258 0.000259  -0.027371
      753 0.000258  -0.027278
      377 0.000242  -0.025517
      400 0.000241  -0.025416
      254 0.000237   0.025061
      815 0.000235  -0.024846
      573 0.000235   0.024772
      132 0.000233   0.024555
      580 0.000225  -0.023764
      658 0.000222   0.023386
      564 0.000217  -0.022896
      665 0.000211  -0.022310
      271 0.000211   0.022277
      787 0.000208   0.021945
      941 0.000204  -0.021578
      741 0.000202   0.021294
      853 0.000201  -0.021262
      273 0.000200  -0.021113
      739 0.000196  -0.020683
      277 0.000190   0.020023
      175 0.000188  -0.019879
      161 0.000188   0.019867
      356 0.000188  -0.019806
      301 0.000188  -0.019797
      427 0.000187  -0.019699
      800 0.000185  -0.019565
      828 0.000183  -0.019357
      667 0.000183   0.019314
      148 0.000181   0.019150
      687 0.000181   0.019125
      793 0.000181  -0.019054
      255 0.000180  -0.018978
      236 0.000177   0.018712
      557 0.000177  -0.018648
      585 0.000176  -0.018557
      369 0.000174   0.018338
      549 0.000170  -0.017922
      820 0.000167  -0.017650
      784 0.000166  -0.017503
      574 0.000166  -0.017500
      217 0.000165  -0.017407
      299 0.000162   0.017057
      380 0.000162   0.017049
      247 0.000160   0.016937
      711 0.000160   0.016860
      743 0.000158  -0.016714
      759 0.000158   0.016677
      361 0.000155   0.016413
      269 0.000154  -0.016246
      234 0.000153   0.016199
      640 0.000153  -0.016186
      750 0.000146   0.015458
      295 0.000145  -0.015314
      566 0.000145   0.015279
      373 0.000143  -0.015061
      398 0.000141  -0.014844
      257 0.000141  -0.014843
      353 0.000140  -0.014808
      857 0.000140  -0.014786
      235 0.000140  -0.014738
      690 0.000138   0.014548
      790 0.000137   0.014418
      605 0.000136  -0.014401
      855 0.000135  -0.014293
      847 0.000134   0.014188
       91 0.000134  -0.014094
      697 0.000133   0.014074
      908 0.000133  -0.014045
      645 0.000130   0.013751
      354 0.000130   0.013720
      798 0.000129   0.013657
      808 0.000129   0.013599
      553 0.000128  -0.013504
      392 0.000128   0.013494
      629 0.000128  -0.013477
      974 0.000127   0.013397
      795 0.000127   0.013388
      423 0.000126  -0.013287
      726 0.000126  -0.013275
      436 0.000124   0.013115
      431 0.000124  -0.013083
      736 0.000124  -0.013076
      230 0.000123  -0.012960
      638 0.000121  -0.012723
      294 0.000120  -0.012646
      249 0.000120  -0.012623
      312 0.000119  -0.012596
      818 0.000116  -0.012253
      581 0.000116  -0.012206
      107 0.000115  -0.012175
      740 0.000114  -0.012057
      241 0.000114   0.012046
      882 0.000113   0.011942
      742 0.000112  -0.011808
      266 0.000110  -0.011617
      859 0.000109   0.011548
      840 0.000108  -0.011431
      355 0.000108   0.011391
      600 0.000107  -0.011336
      684 0.000107  -0.011258
      222 0.000107  -0.011253
      281 0.000107   0.011246
      799 0.000104  -0.011020
      275 0.000102  -0.010769
      844 0.000102  -0.010768
      584 0.000101  -0.010703
      832 0.000101   0.010690
      591 0.000101   0.010658
      263 0.000101  -0.010635
      308 0.000101  -0.010621
      561 0.000100   0.010576
      209 0.000100  -0.010515
      594 0.000099  -0.010441
      611 0.000098  -0.010389
      292 0.000098  -0.010384
      596 0.000097  -0.010257
      367 0.000096   0.010093
      138 0.000095   0.009991
     1095 0.000094  -0.009938
      572 0.000093  -0.009868
      552 0.000093  -0.009813
      239 0.000093   0.009792
      261 0.000093  -0.009792
      569 0.000093   0.009785
      262 0.000091  -0.009561
      193 0.000090  -0.009485
      778 0.000090  -0.009463
      206 0.000089   0.009398
      803 0.000089   0.009361
      723 0.000088  -0.009247
      386 0.000087   0.009213
      762 0.000087   0.009178
      824 0.000087   0.009139
      302 0.000086  -0.009127
      616 0.000086  -0.009066
      829 0.000086   0.009047
      343 0.000084  -0.008917
      291 0.000084   0.008897
      632 0.000084   0.008874
      955 0.000084   0.008831
      734 0.000083  -0.008747
      801 0.000082  -0.008669
      394 0.000082   0.008668
      748 0.000080  -0.008441
      701 0.000077  -0.008163
      560 0.000077  -0.008111
      744 0.000077  -0.008109
      776 0.000076  -0.008011
     1005 0.000076   0.007993
      374 0.000076   0.007992
      428 0.000076   0.007991
      223 0.000075   0.007945
      802 0.000075   0.007923
      654 0.000074   0.007843
      227 0.000074   0.007823
      937 0.000073  -0.007735
      722 0.000073  -0.007732
      913 0.000073  -0.007703
      728 0.000073  -0.007673
      597 0.000073  -0.007659
      863 0.000072  -0.007598
      978 0.000072   0.007577
      251 0.000071  -0.007526
      414 0.000071   0.007506
      879 0.000070  -0.007442
      826 0.000070  -0.007439
      614 0.000070   0.007394
      922 0.000070  -0.007346
      891 0.000067  -0.007049
      545 0.000066  -0.007006
      268 0.000066  -0.006965
      425 0.000064   0.006808
      843 0.000064  -0.006730
      390 0.000063   0.006681
      539 0.000063   0.006643
      337 0.000063  -0.006623
      805 0.000062  -0.006509
      279 0.000061  -0.006480
      298 0.000061  -0.006448
      364 0.000061   0.006400
      313 0.000060  -0.006340
      322 0.000059  -0.006268
      782 0.000058  -0.006130
      895 0.000057   0.006047
      627 0.000054   0.005741
      948 0.000054   0.005732
      332 0.000054  -0.005724
      831 0.000054   0.005714
      763 0.000053  -0.005599
      325 0.000053  -0.005591
      528 0.000053   0.005552
      821 0.000051  -0.005408
      319 0.000051   0.005374
      603 0.000050  -0.005251
      789 0.000050   0.005230
      542 0.000049   0.005196
      226 0.000049  -0.005149
      297 0.000049  -0.005144
      359 0.000048  -0.005098
      858 0.000048  -0.005095
      590 0.000048  -0.005093
      765 0.000048   0.005090
      169 0.000048  -0.005081
      867 0.000048   0.005038
      397 0.000047  -0.004990
      225 0.000047  -0.004933
      407 0.000046  -0.004843
      289 0.000045   0.004788
      329 0.000045  -0.004782
      540 0.000045  -0.004748
      870 0.000045  -0.004745
      987 0.000044   0.004637
      773 0.000043   0.004566
      535 0.000043   0.004558
      928 0.000043  -0.004547
      770 0.000041   0.004368
      232 0.000041  -0.004362
      780 0.000041  -0.004285
      881 0.000040  -0.004268
      860 0.000040  -0.004267
      409 0.000040  -0.004214
      792 0.000040   0.004178
      864 0.000039   0.004131
      588 0.000039   0.004109
      874 0.000039  -0.004085
      448 0.000038   0.004062
      323 0.000038  -0.004059
     1001 0.000038  -0.004004
      677 0.000037   0.003945
      650 0.000037  -0.003908
      589 0.000037  -0.003868
      491 0.000036   0.003823
      518 0.000036   0.003814
      965 0.000036  -0.003765
      933 0.000035   0.003690
      993 0.000034   0.003630
      694 0.000034   0.003614
      357 0.000034   0.003613
      488 0.000034   0.003551
      315 0.000034   0.003544
      904 0.000033   0.003524
      410 0.000033  -0.003516
     1025 0.000033   0.003507
      310 0.000033  -0.003504
      532 0.000033   0.003503
      530 0.000032   0.003399
      950 0.000032  -0.003397
      360 0.000032  -0.003333
      290 0.000031   0.003322
      636 0.000031  -0.003322
     1032 0.000031   0.003288
      475 0.000031  -0.003261
      894 0.000030  -0.003161
      224 0.000030  -0.003133
      823 0.000029   0.003094
      350 0.000029  -0.003093
      445 0.000029  -0.003086
      524 0.000029  -0.003058
      240 0.000028   0.002946
      942 0.000028   0.002935
     1017 0.000028   0.002924
      104 0.000028   0.002923
      608 0.000028  -0.002921
      900 0.000027  -0.002876
      880 0.000027   0.002858
      842 0.000027  -0.002829
      643 0.000026  -0.002795
      424 0.000026  -0.002795
      814 0.000026   0.002791
      413 0.000026   0.002767
      432 0.000025   0.002691
      680 0.000025   0.002604
      342 0.000025   0.002598
      245 0.000024  -0.002570
      649 0.000024  -0.002558
      198 0.000024   0.002538
      333 0.000024  -0.002528
      321 0.000024  -0.002526
      917 0.000024   0.002509
      216 0.000023  -0.002480
     1034 0.000023  -0.002474
      943 0.000023   0.002435
      938 0.000022   0.002373
      519 0.000022   0.002330
      685 0.000021  -0.002256
      502 0.000021   0.002250
      237 0.000021  -0.002212
      526 0.000021   0.002197
      455 0.000021  -0.002194
      714 0.000021  -0.002190
      479 0.000021   0.002180
      536 0.000021  -0.002174
      201 0.000020  -0.002114
      949 0.000020   0.002107
      346 0.000019   0.002054
      538 0.000019   0.002045
      347 0.000019  -0.002043
       88 0.000019  -0.002038
      884 0.000019  -0.002036
      512 0.000019  -0.002008
      324 0.000019  -0.002002
      463 0.000019  -0.002001
     1052 0.000019   0.001993
      489 0.000018   0.001952
      437 0.000018   0.001939
      514 0.000018   0.001937
      215 0.000018  -0.001926
      214 0.000018   0.001912
      838 0.000018   0.001889
      131 0.000018  -0.001855
      458 0.000018   0.001852
      592 0.000017  -0.001827
      505 0.000017   0.001802
      856 0.000017   0.001787
      229 0.000017   0.001750
      732 0.000016   0.001734
      328 0.000016  -0.001697
      662 0.000016  -0.001695
      804 0.000016  -0.001694
      221 0.000016   0.001674
      242 0.000016   0.001673
      907 0.000016   0.001666
      727 0.000016  -0.001662
       81 0.000016  -0.001652
      775 0.000015   0.001628
      248 0.000015  -0.001610
      868 0.000015  -0.001608
       80 0.000015   0.001603
      568 0.000015  -0.001599
      244 0.000015  -0.001598
      794 0.000015   0.001584
      213 0.000015   0.001562
      450 0.000015  -0.001535
      286 0.000014   0.001528
      363 0.000014   0.001490
       66 0.000014  -0.001462
      351 0.000014  -0.001437
      883 0.000014   0.001430
      483 0.000014  -0.001430
      816 0.000013   0.001404
      382 0.000013   0.001392
      755 0.000013  -0.001379
      619 0.000013   0.001374
      830 0.000013   0.001368
      452 0.000013  -0.001345
      713 0.000013   0.001338
       93 0.000013  -0.001325
     1047 0.000013   0.001320
     1010 0.000013   0.001320
      334 0.000012   0.001306
      702 0.000012  -0.001304
      681 0.000012  -0.001259
      534 0.000012  -0.001255
      462 0.000012   0.001252
      646 0.000012   0.001224
      903 0.000011  -0.001197
      285 0.000011  -0.001193
      634 0.000011  -0.001193
      128 0.000011  -0.001192
      487 0.000011  -0.001178
      610 0.000011  -0.001172
      927 0.000011  -0.001154
      473 0.000011  -0.001148
      420 0.000011   0.001147
      543 0.000011  -0.001144
      478 0.000010   0.001107
      461 0.000010   0.001098
      966 0.000010   0.001097
      669 0.000010   0.001083
      348 0.000010  -0.001072
      233 0.000010   0.001057
euclid. distance of OLC and linear combination of EV * x_coef: 0.009200795225429773

Generate samples based on objective loadcase 776
nr_to_generate: 25

Parameter variation distribution settings
distribution: uniform
low: 0.7
high: 1.3

Total process runtime: 0:00:01.438319
