Date and Time:2023-05-12 14:08:27.008967

Initial Settings:
similarity_model: <function cosine_similarity at 0x000001D005A6E5E0>
similarity_threshold: 1e-05
nr_eigv_to_select: None
distribution: uniform
deviation: 0.3
nr_to_generate: 25
recompute: False

Selected eigenvectors and similarity score w.r.t objective loadcase:
objective_loadcase_nr: 119
similarity_model: cosine_similarity
similarity_threshold: 1e-05
nr_eigv_to_select: None
nr_eigv_selected: 665
approximation parameter model: lstsq
similarity score and approx. param. value
:  eigv_idx    score      value
        3 0.555320  66.404636
        1 0.544578  65.120141
        2 0.493123 -58.967222
        0 0.386503  46.217736
        6 0.043295   5.177163
       39 0.020904   2.499710
        4 0.010902   1.303657
      639 0.003229   0.386178
      186 0.002523  -0.301645
      593 0.001886  -0.225473
      612 0.001874  -0.224146
      218 0.001847  -0.220884
      710 0.001733  -0.207192
      586 0.001730   0.206841
      187 0.001683  -0.201219
      716 0.001556   0.186036
      618 0.001276   0.152570
      668 0.001239   0.148138
      663 0.001146  -0.137032
      595 0.001131   0.135253
      194 0.001122   0.134158
      686 0.001007  -0.120383
      659 0.000917  -0.109655
      617 0.000873   0.104339
      143 0.000869   0.103876
      688 0.000863  -0.103145
      626 0.000856   0.102314
       68 0.000851  -0.101717
      183 0.000843   0.100844
      388 0.000833  -0.099634
      749 0.000817  -0.097653
       69 0.000696   0.083226
      599 0.000694   0.082941
      582 0.000684  -0.081822
      562 0.000682  -0.081520
       71 0.000673   0.080485
      670 0.000636   0.076041
      578 0.000633   0.075648
      635 0.000630   0.075383
      253 0.000629  -0.075157
      621 0.000618  -0.073886
      579 0.000614   0.073406
      666 0.000564  -0.067396
      700 0.000563   0.067302
      733 0.000541   0.064702
      704 0.000541  -0.064642
      341 0.000535   0.063931
      708 0.000527   0.063066
      153 0.000526   0.062921
      174 0.000522   0.062379
      698 0.000520  -0.062225
      602 0.000515  -0.061536
      718 0.000506  -0.060514
      735 0.000505  -0.060403
      683 0.000474   0.056624
      606 0.000466  -0.055717
      210 0.000462  -0.055276
      567 0.000448  -0.053622
      709 0.000438  -0.052420
      577 0.000438  -0.052353
      641 0.000380  -0.045479
      267 0.000370  -0.044284
      756 0.000365  -0.043700
      620 0.000358  -0.042829
      699 0.000353  -0.042254
      575 0.000339   0.040581
      220 0.000339  -0.040521
      230 0.000337  -0.040349
      204 0.000336   0.040174
      583 0.000336  -0.040163
      601 0.000332   0.039645
      362 0.000322  -0.038520
      243 0.000321   0.038376
      696 0.000317  -0.037879
      848 0.000316  -0.037759
      707 0.000314  -0.037528
      227 0.000311   0.037200
      412 0.000306  -0.036539
      757 0.000303  -0.036175
      419 0.000296  -0.035433
      184 0.000296  -0.035374
      807 0.000286   0.034152
      258 0.000271  -0.032406
      853 0.000271  -0.032366
      269 0.000270  -0.032291
      383 0.000267   0.031930
      576 0.000263  -0.031493
      182 0.000262  -0.031278
      570 0.000261  -0.031217
      739 0.000261  -0.031169
      753 0.000258  -0.030875
      587 0.000256   0.030558
      403 0.000255   0.030541
      741 0.000254   0.030333
      199 0.000243  -0.029024
      787 0.000236   0.028207
      273 0.000226  -0.026971
      631 0.000224  -0.026828
      750 0.000220   0.026278
      658 0.000217   0.025972
      726 0.000216  -0.025853
      377 0.000212  -0.025378
      400 0.000212  -0.025337
      628 0.000208   0.024919
      549 0.000208  -0.024857
      277 0.000206   0.024686
      175 0.000205  -0.024488
      564 0.000205  -0.024470
      299 0.000204   0.024444
      711 0.000202   0.024173
      580 0.000200  -0.023900
      239 0.000196   0.023417
      793 0.000190  -0.022750
      665 0.000184  -0.022038
      604 0.000184  -0.021971
      223 0.000183   0.021871
       70 0.000180   0.021524
      427 0.000179  -0.021438
      857 0.000178  -0.021226
      301 0.000177  -0.021193
      137 0.000174  -0.020844
      573 0.000172   0.020617
      800 0.000171  -0.020403
      132 0.000171   0.020398
      815 0.000168  -0.020049
      369 0.000167   0.020009
      941 0.000166  -0.019882
      255 0.000165  -0.019713
      818 0.000165  -0.019700
      206 0.000163   0.019439
      356 0.000158  -0.018887
      605 0.000157  -0.018805
      828 0.000155  -0.018569
      228 0.000155  -0.018505
      247 0.000155   0.018502
      667 0.000155   0.018480
      235 0.000154  -0.018362
      790 0.000151   0.018025
      251 0.000151  -0.018008
      629 0.000150  -0.017991
      380 0.000150   0.017944
      574 0.000149  -0.017858
      784 0.000149  -0.017782
      392 0.000148   0.017682
      398 0.000147  -0.017563
      361 0.000146   0.017501
      687 0.000146   0.017500
      217 0.000145  -0.017370
      263 0.000142  -0.016972
      638 0.000141  -0.016912
      820 0.000140  -0.016726
      373 0.000140  -0.016707
      824 0.000138   0.016545
      557 0.000137  -0.016326
      855 0.000136  -0.016222
      600 0.000135  -0.016179
      859 0.000135   0.016145
      743 0.000133  -0.015902
      585 0.000132  -0.015798
      353 0.000130  -0.015554
      295 0.000128  -0.015249
      778 0.000126  -0.015024
      561 0.000126   0.015008
      736 0.000124  -0.014853
      795 0.000124   0.014850
      566 0.000119   0.014276
      847 0.000119   0.014214
      553 0.000119  -0.014183
      591 0.000119   0.014173
      829 0.000118   0.014119
      431 0.000118  -0.014116
      614 0.000118   0.014089
      179 0.000117   0.013986
      171 0.000117  -0.013933
      423 0.000116  -0.013872
      801 0.000115  -0.013774
      312 0.000115  -0.013742
      241 0.000113   0.013504
      808 0.000113   0.013472
      268 0.000112  -0.013418
      908 0.000112  -0.013417
      298 0.000111  -0.013316
      742 0.000111  -0.013296
      632 0.000111   0.013236
      337 0.000111  -0.013224
      332 0.000111  -0.013221
      271 0.000110   0.013160
      436 0.000110   0.013155
      294 0.000107  -0.012841
      974 0.000106   0.012693
      697 0.000106   0.012636
      627 0.000104   0.012396
      770 0.000104   0.012379
      728 0.000103  -0.012258
      354 0.000102   0.012207
      690 0.000102   0.012179
      594 0.000102  -0.012150
       93 0.000101  -0.012048
      234 0.000101   0.012037
       81 0.000101  -0.012019
      257 0.000099  -0.011897
      123 0.000098   0.011757
      289 0.000098   0.011749
      684 0.000096  -0.011494
      107 0.000096  -0.011458
      645 0.000096   0.011453
      281 0.000094   0.011236
      799 0.000094  -0.011225
      640 0.000093  -0.011084
       74 0.000092  -0.010979
      355 0.000091   0.010926
      840 0.000090  -0.010799
      650 0.000089  -0.010700
      882 0.000089   0.010672
      308 0.000089  -0.010655
      367 0.000087   0.010447
      201 0.000087  -0.010395
      723 0.000085  -0.010214
      611 0.000085  -0.010153
      844 0.000085  -0.010150
       80 0.000083   0.009956
      112 0.000083  -0.009921
      584 0.000082  -0.009832
      734 0.000081  -0.009690
      782 0.000080  -0.009543
      155 0.000079  -0.009498
      608 0.000079  -0.009490
      581 0.000079  -0.009471
      694 0.000079   0.009414
      266 0.000078  -0.009382
      139 0.000078   0.009338
      130 0.000078   0.009327
       87 0.000078   0.009306
     1095 0.000078  -0.009286
      275 0.000078  -0.009283
      654 0.000077   0.009262
      843 0.000077  -0.009230
      832 0.000077   0.009192
      302 0.000077  -0.009184
      569 0.000076   0.009090
      103 0.000075  -0.008967
      701 0.000075  -0.008945
      138 0.000073  -0.008761
      319 0.000073   0.008726
      161 0.000073   0.008703
      150 0.000072   0.008667
      937 0.000072  -0.008633
      596 0.000072  -0.008624
       63 0.000072  -0.008623
      864 0.000072   0.008604
      386 0.000071   0.008523
      286 0.000071   0.008512
      279 0.000071  -0.008466
      262 0.000070  -0.008427
      291 0.000070   0.008399
      826 0.000070  -0.008387
      159 0.000070   0.008365
      572 0.000070  -0.008341
       88 0.000070  -0.008337
      343 0.000070  -0.008320
      773 0.000069   0.008271
      331 0.000069  -0.008254
      744 0.000069  -0.008233
      425 0.000068   0.008142
      236 0.000067   0.008024
      649 0.000067  -0.008021
      428 0.000067   0.008001
      407 0.000066  -0.007937
      803 0.000066   0.007935
      545 0.000066  -0.007919
      978 0.000066   0.007858
      252 0.000066   0.007852
      145 0.000066  -0.007837
      955 0.000065   0.007764
      329 0.000065  -0.007745
      625 0.000065   0.007740
      616 0.000064  -0.007698
     1005 0.000064   0.007693
      128 0.000064   0.007642
      740 0.000063  -0.007576
      798 0.000063   0.007571
       73 0.000063  -0.007532
      313 0.000063  -0.007524
      913 0.000062  -0.007443
      414 0.000062   0.007440
      748 0.000062  -0.007431
      264 0.000062  -0.007423
      765 0.000062   0.007400
      309 0.000062  -0.007359
      125 0.000061  -0.007335
      406 0.000061   0.007298
      325 0.000061  -0.007267
      948 0.000061   0.007249
      589 0.000060  -0.007229
      943 0.000060   0.007224
      232 0.000059  -0.007062
       84 0.000059  -0.007010
      152 0.000058  -0.006940
       90 0.000057   0.006866
       64 0.000057   0.006837
      609 0.000057  -0.006833
      922 0.000057  -0.006790
       98 0.000057  -0.006773
      315 0.000057   0.006764
      870 0.000056  -0.006733
      321 0.000056  -0.006672
      802 0.000056   0.006651
      261 0.000055  -0.006631
      154 0.000055  -0.006587
      677 0.000054   0.006475
      287 0.000054   0.006462
      402 0.000054   0.006438
      879 0.000053  -0.006345
      539 0.000053   0.006337
      792 0.000053   0.006327
      646 0.000053   0.006322
      283 0.000053   0.006305
      895 0.000053   0.006298
      114 0.000052   0.006250
      880 0.000052   0.006209
      323 0.000052  -0.006184
      181 0.000051  -0.006150
      560 0.000051  -0.006106
      288 0.000051  -0.006079
      158 0.000051   0.006071
      884 0.000051  -0.006064
      216 0.000051   0.006063
      860 0.000050  -0.006020
      342 0.000050   0.005990
      304 0.000050   0.005952
      250 0.000050  -0.005945
      823 0.000050   0.005937
      101 0.000049  -0.005881
      374 0.000049   0.005872
      314 0.000049   0.005859
      320 0.000049  -0.005850
       75 0.000048  -0.005759
      528 0.000048   0.005737
      118 0.000048  -0.005706
      394 0.000047   0.005678
      259 0.000047  -0.005646
      831 0.000047   0.005631
      874 0.000047  -0.005569
      891 0.000046  -0.005548
      244 0.000045  -0.005432
      151 0.000045  -0.005423
      894 0.000045  -0.005344
      364 0.000044   0.005307
      610 0.000044   0.005234
      254 0.000044   0.005208
       86 0.000043   0.005191
       91 0.000043  -0.005083
      214 0.000042  -0.005010
      129 0.000042  -0.005008
      535 0.000042   0.004988
      863 0.000042  -0.004969
      136 0.000041   0.004962
      590 0.000041  -0.004960
      409 0.000041  -0.004922
      322 0.000041  -0.004907
      390 0.000041   0.004890
      330 0.000040  -0.004829
      904 0.000040   0.004824
       53 0.000040  -0.004802
      292 0.000040  -0.004783
      642 0.000040  -0.004763
      131 0.000040   0.004757
      542 0.000040   0.004729
      225 0.000040  -0.004727
      722 0.000039  -0.004714
       62 0.000039   0.004702
      290 0.000039   0.004696
      558 0.000039   0.004678
      397 0.000039  -0.004649
      775 0.000039   0.004620
      805 0.000039  -0.004619
      830 0.000038   0.004593
      345 0.000038   0.004592
      568 0.000038  -0.004550
      376 0.000038   0.004503
      540 0.000037  -0.004476
       55 0.000037  -0.004467
      759 0.000037   0.004449
      881 0.000037  -0.004447
      776 0.000037  -0.004440
      789 0.000036   0.004359
      285 0.000036   0.004340
      385 0.000036  -0.004309
      950 0.000036  -0.004259
       95 0.000035   0.004241
      987 0.000035   0.004210
       38 0.000035  -0.004178
      685 0.000035  -0.004146
      821 0.000034  -0.004112
       60 0.000034   0.004109
      518 0.000034   0.004105
      226 0.000034  -0.004091
      111 0.000034   0.004089
      110 0.000034   0.004064
      636 0.000034  -0.004057
      755 0.000034  -0.004047
      198 0.000034  -0.004042
      133 0.000034   0.004010
      928 0.000033  -0.003996
      448 0.000033   0.003993
      556 0.000033  -0.003991
       77 0.000033   0.003984
      445 0.000033  -0.003909
      942 0.000033   0.003908
      106 0.000033   0.003907
      368 0.000033  -0.003903
       54 0.000033  -0.003895
      310 0.000032  -0.003876
      387 0.000032   0.003856
       82 0.000032  -0.003839
      598 0.000032   0.003791
     1001 0.000031  -0.003765
      148 0.000031   0.003751
      491 0.000031   0.003741
      552 0.000031  -0.003739
       45 0.000031  -0.003722
      352 0.000031  -0.003698
      104 0.000030   0.003636
      933 0.000030   0.003622
      852 0.000030   0.003616
      169 0.000030  -0.003614
      105 0.000030  -0.003598
      365 0.000030   0.003582
      613 0.000030  -0.003577
      109 0.000030   0.003569
      284 0.000030   0.003558
      841 0.000030   0.003547
        7 0.000030   0.003544
      532 0.000030   0.003534
      336 0.000029   0.003519
        8 0.000029  -0.003504
      424 0.000029  -0.003489
       83 0.000029   0.003484
       52 0.000029   0.003473
      140 0.000029  -0.003465
      185 0.000029   0.003435
       56 0.000028   0.003399
      644 0.000028  -0.003395
      858 0.000028  -0.003386
      344 0.000028  -0.003385
      804 0.000028  -0.003385
      375 0.000028   0.003377
      664 0.000028  -0.003374
      410 0.000028  -0.003354
      215 0.000028   0.003333
      839 0.000028  -0.003328
      842 0.000028  -0.003320
      157 0.000028   0.003313
      769 0.000028   0.003306
      399 0.000028   0.003299
      935 0.000027  -0.003287
       57 0.000027  -0.003286
      867 0.000027   0.003284
       17 0.000027   0.003264
      530 0.000027   0.003256
      965 0.000027  -0.003243
      363 0.000027   0.003231
       36 0.000027   0.003224
      240 0.000027   0.003197
      296 0.000027   0.003186
      993 0.000027   0.003182
      597 0.000026  -0.003162
      488 0.000026   0.003158
      643 0.000026   0.003151
     1032 0.000026   0.003149
      335 0.000026   0.003147
       96 0.000026   0.003135
      695 0.000026  -0.003115
      144 0.000026  -0.003113
      317 0.000026   0.003107
      849 0.000026  -0.003102
     1025 0.000026   0.003089
      524 0.000026  -0.003074
      146 0.000025   0.003044
       48 0.000025  -0.003042
      475 0.000025  -0.003032
       29 0.000025   0.003025
      655 0.000025   0.003021
      156 0.000025  -0.002972
      349 0.000025  -0.002962
      623 0.000025   0.002951
      656 0.000025  -0.002935
      360 0.000024  -0.002925
      565 0.000024   0.002920
      334 0.000024  -0.002903
      351 0.000024  -0.002894
      113 0.000024   0.002886
      120 0.000024  -0.002883
      680 0.000024   0.002871
      282 0.000024  -0.002868
      359 0.000024  -0.002856
      165 0.000024  -0.002855
      814 0.000024   0.002836
      333 0.000024   0.002830
      794 0.000023   0.002794
      838 0.000023   0.002785
      213 0.000023  -0.002775
      662 0.000023  -0.002769
      379 0.000023   0.002766
      964 0.000023   0.002736
        5 0.000023  -0.002704
      339 0.000022   0.002684
      193 0.000022   0.002682
      833 0.000022  -0.002667
      681 0.000022  -0.002667
      837 0.000022   0.002656
      382 0.000022   0.002647
     1017 0.000022   0.002621
       12 0.000022   0.002591
       15 0.000022  -0.002581
      988 0.000021  -0.002566
      571 0.000021  -0.002555
      957 0.000021   0.002540
      938 0.000021   0.002539
      221 0.000021  -0.002531
       24 0.000021  -0.002496
       27 0.000021  -0.002478
       18 0.000021  -0.002472
      502 0.000021   0.002464
      100 0.000021  -0.002463
      559 0.000021   0.002461
       89 0.000020   0.002451
      555 0.000020   0.002445
      324 0.000020  -0.002441
     1034 0.000020  -0.002428
      971 0.000020  -0.002424
       92 0.000020   0.002415
      115 0.000020   0.002412
      432 0.000020   0.002398
      318 0.000020   0.002393
      505 0.000020   0.002389
      358 0.000020   0.002381
       31 0.000020  -0.002345
      526 0.000020   0.002342
       51 0.000020   0.002335
      763 0.000019   0.002325
      413 0.000019  -0.002317
      714 0.000019  -0.002316
      162 0.000019   0.002298
      921 0.000019  -0.002287
       61 0.000019  -0.002271
      519 0.000019   0.002261
      900 0.000019  -0.002257
       23 0.000019   0.002250
      384 0.000019  -0.002246
      231 0.000019  -0.002227
       11 0.000019  -0.002227
      248 0.000019  -0.002224
      455 0.000019  -0.002221
      449 0.000018  -0.002195
      366 0.000018   0.002183
      489 0.000018   0.002159
      917 0.000018   0.002155
      371 0.000018   0.002153
      340 0.000018  -0.002148
      357 0.000018   0.002146
      437 0.000018   0.002145
      927 0.000018  -0.002126
      856 0.000018   0.002125
       46 0.000018  -0.002123
      536 0.000018  -0.002111
      108 0.000018  -0.002106
      396 0.000017   0.002020
      256 0.000017  -0.002014
      514 0.000017   0.001986
      127 0.000017  -0.001983
      463 0.000017  -0.001975
       41 0.000017   0.001974
      479 0.000016   0.001973
       97 0.000016   0.001964
     1096 0.000016   0.001956
      237 0.000016  -0.001953
      676 0.000016  -0.001951
      346 0.000016   0.001947
      378 0.000016  -0.001947
      966 0.000016   0.001914
      102 0.000016   0.001912
      512 0.000016  -0.001896
      238 0.000016   0.001888
       20 0.000016  -0.001859
      172 0.000015  -0.001852
      168 0.000015  -0.001851
      347 0.000015   0.001847
      934 0.000015  -0.001836
      675 0.000015   0.001834
      949 0.000015   0.001830
       79 0.000015   0.001816
      762 0.000015   0.001816
      426 0.000015   0.001804
      338 0.000015   0.001788
      395 0.000015  -0.001781
      458 0.000015   0.001774
      278 0.000015   0.001762
     1052 0.000015   0.001750
      875 0.000014   0.001732
      796 0.000014   0.001725
     1073 0.000014  -0.001715
      372 0.000014  -0.001702
      732 0.000014   0.001686
      737 0.000014   0.001672
      450 0.000014  -0.001659
       44 0.000014   0.001659
      724 0.000014   0.001659
       76 0.000014   0.001648
      260 0.000014   0.001633
      219 0.000014   0.001626
      729 0.000013   0.001611
      149 0.000013  -0.001611
     1010 0.000013   0.001605
      661 0.000013  -0.001602
      173 0.000013   0.001594
       28 0.000013   0.001586
      160 0.000013  -0.001579
      547 0.000013   0.001579
      563 0.000013  -0.001545
      603 0.000013   0.001538
      478 0.000013   0.001527
      434 0.000013  -0.001514
      712 0.000013   0.001508
       30 0.000013  -0.001501
      307 0.000012  -0.001473
      669 0.000012   0.001468
      647 0.000012  -0.001464
      548 0.000012   0.001463
      306 0.000012  -0.001447
      876 0.000012   0.001444
      462 0.000012   0.001440
      554 0.000012   0.001436
      819 0.000012  -0.001428
      297 0.000012  -0.001398
      816 0.000012   0.001396
       94 0.000012   0.001394
      653 0.000012   0.001393
      538 0.000012   0.001389
      713 0.000012   0.001386
      916 0.000012  -0.001383
      272 0.000012   0.001379
      245 0.000011   0.001365
      142 0.000011   0.001359
      907 0.000011   0.001356
      510 0.000011  -0.001356
      418 0.000011  -0.001347
      249 0.000011   0.001347
       43 0.000011   0.001342
      170 0.000011   0.001336
      195 0.000011   0.001332
      534 0.000011  -0.001330
     1020 0.000011  -0.001312
      983 0.000011   0.001307
      276 0.000011   0.001293
       66 0.000011   0.001278
      483 0.000011  -0.001275
      977 0.000011   0.001261
      767 0.000010  -0.001244
     1047 0.000010   0.001234
      180 0.000010   0.001227
      525 0.000010  -0.001210
      994 0.000010  -0.001207
      817 0.000010  -0.001206
     1009 0.000010  -0.001200
euclid. distance of OLC and linear combination of EV * x_coef: 0.009624951755801947

Generate samples based on objective loadcase 119
nr_to_generate: 25

Parameter variation distribution settings
distribution: uniform
low: 0.7
high: 1.3

Total process runtime: 0:00:01.362410
