Date and Time:2023-05-12 14:12:50.392044

Initial Settings:
similarity_model: <function cosine_similarity at 0x000001D005A6E5E0>
similarity_threshold: 1e-05
nr_eigv_to_select: None
distribution: uniform
deviation: 0.3
nr_to_generate: 25
recompute: False

Selected eigenvectors and similarity score w.r.t objective loadcase:
objective_loadcase_nr: 317
similarity_model: cosine_similarity
similarity_threshold: 1e-05
nr_eigv_to_select: None
nr_eigv_selected: 657
approximation parameter model: lstsq
similarity score and approx. param. value
:  eigv_idx    score      value
        3 0.563045  36.178993
        1 0.539900  34.691754
        2 0.494050 -31.745655
        0 0.381163  24.492003
        6 0.038677   2.485251
       39 0.020788   1.335738
        4 0.011196   0.719436
      639 0.003117   0.200298
      186 0.002084  -0.133902
      612 0.001820  -0.116969
      593 0.001784  -0.114602
      586 0.001672   0.107420
      218 0.001651  -0.106076
      710 0.001623  -0.104313
      143 0.001524   0.097936
      716 0.001385   0.089010
      187 0.001378  -0.088540
      618 0.001250   0.080296
      668 0.001157   0.074366
      663 0.001112  -0.071459
      595 0.001102   0.070821
      749 0.001010  -0.064919
       68 0.000994  -0.063888
      686 0.000924  -0.059403
      194 0.000899   0.057792
       71 0.000881   0.056622
      659 0.000847  -0.054433
       69 0.000834   0.053563
      688 0.000822  -0.052831
      617 0.000808   0.051938
      626 0.000808   0.051917
      388 0.000797  -0.051181
      182 0.000746  -0.047936
      183 0.000705   0.045328
      635 0.000701   0.045070
      599 0.000691   0.044402
      562 0.000674  -0.043300
      578 0.000649   0.041714
      582 0.000645  -0.041465
      228 0.000633  -0.040655
      184 0.000598  -0.038429
      579 0.000593   0.038095
      621 0.000590  -0.037922
      153 0.000583   0.037482
      735 0.000569  -0.036540
      670 0.000560   0.036009
      137 0.000559  -0.035948
      683 0.000520   0.033392
      666 0.000514  -0.033041
      341 0.000502   0.032277
      700 0.000494   0.031756
      733 0.000492   0.031594
      174 0.000490   0.031462
      708 0.000458   0.029415
      606 0.000442  -0.028394
      577 0.000436  -0.028029
      567 0.000435  -0.027931
      220 0.000434  -0.027883
      253 0.000433  -0.027822
      698 0.000429  -0.027560
      756 0.000397  -0.025496
      709 0.000397  -0.025482
      741 0.000383   0.024589
      718 0.000368  -0.023674
      757 0.000367  -0.023565
      258 0.000362  -0.023230
      243 0.000359   0.023081
      583 0.000353  -0.022704
      641 0.000339  -0.021780
      602 0.000337  -0.021678
      575 0.000332   0.021322
      601 0.000330   0.021235
      267 0.000320  -0.020578
      699 0.000318  -0.020419
      362 0.000316  -0.020300
      739 0.000316  -0.020286
      620 0.000315  -0.020249
      631 0.000314  -0.020147
      853 0.000305  -0.019607
      179 0.000305   0.019585
      704 0.000303  -0.019442
      848 0.000291  -0.018680
      787 0.000290   0.018627
      132 0.000289   0.018558
      403 0.000284   0.018251
      412 0.000280  -0.017985
      419 0.000279  -0.017928
      383 0.000277   0.017773
      750 0.000273   0.017541
      807 0.000273   0.017537
      585 0.000264  -0.016963
      204 0.000254   0.016294
      199 0.000250  -0.016053
      753 0.000249  -0.016017
      576 0.000244  -0.015662
      587 0.000243   0.015614
      604 0.000240  -0.015412
      171 0.000231  -0.014853
      707 0.000228  -0.014644
      570 0.000226  -0.014515
      628 0.000223   0.014298
      210 0.000222  -0.014272
      400 0.000209  -0.013420
      356 0.000207  -0.013333
      271 0.000206   0.013261
      273 0.000205  -0.013170
      377 0.000203  -0.013068
      696 0.000203  -0.013057
      235 0.000197  -0.012658
      743 0.000197  -0.012636
      175 0.000194  -0.012472
      857 0.000194  -0.012441
      726 0.000192  -0.012351
      222 0.000192  -0.012316
      299 0.000188   0.012054
      605 0.000186  -0.011980
      665 0.000186  -0.011978
      369 0.000186   0.011953
       70 0.000185   0.011912
      254 0.000185   0.011879
      596 0.000181  -0.011648
      793 0.000176  -0.011289
      573 0.000174   0.011204
      818 0.000171  -0.011008
      564 0.000170  -0.010908
      234 0.000170   0.010908
      824 0.000169   0.010855
      301 0.000168  -0.010779
      277 0.000167   0.010743
      257 0.000164  -0.010568
      427 0.000164  -0.010512
      711 0.000163   0.010478
      269 0.000163  -0.010468
      658 0.000162   0.010382
      800 0.000160  -0.010273
      580 0.000159  -0.010191
      263 0.000157  -0.010068
      790 0.000156   0.010048
      588 0.000156   0.010004
      941 0.000156  -0.009994
      815 0.000155  -0.009992
      828 0.000155  -0.009941
      557 0.000154  -0.009917
      855 0.000150  -0.009660
      667 0.000148   0.009503
      549 0.000146  -0.009400
      262 0.000145  -0.009301
      859 0.000144   0.009262
      829 0.000144   0.009237
      247 0.000142   0.009110
      241 0.000142   0.009106
      380 0.000140   0.008982
      275 0.000138  -0.008862
      770 0.000134   0.008589
      801 0.000133  -0.008575
      553 0.000130  -0.008379
      209 0.000130  -0.008354
      742 0.000130  -0.008322
      239 0.000129   0.008305
      820 0.000129  -0.008270
      847 0.000128   0.008199
      687 0.000127   0.008146
      566 0.000124   0.007960
      354 0.000123   0.007883
      795 0.000118   0.007610
      784 0.000118  -0.007604
      294 0.000118  -0.007587
      361 0.000117   0.007522
      690 0.000116   0.007477
      353 0.000116  -0.007433
      392 0.000116   0.007432
      373 0.000113  -0.007255
      249 0.000112  -0.007228
      808 0.000112   0.007204
      236 0.000111   0.007162
      574 0.000111  -0.007127
      261 0.000111  -0.007108
      312 0.000111  -0.007101
      591 0.000110   0.007066
      423 0.000109  -0.006999
      431 0.000108  -0.006924
      398 0.000107  -0.006855
      217 0.000106  -0.006815
      773 0.000105   0.006717
      255 0.000104  -0.006673
      298 0.000103  -0.006644
      436 0.000103   0.006641
      279 0.000103  -0.006592
      193 0.000102  -0.006579
      908 0.000102  -0.006551
      697 0.000101   0.006498
      169 0.000101  -0.006483
       64 0.000100  -0.006427
       88 0.000100  -0.006398
      295 0.000099  -0.006339
      281 0.000098   0.006280
      728 0.000097  -0.006241
      744 0.000097  -0.006227
      974 0.000097   0.006201
      364 0.000096   0.006186
      160 0.000096  -0.006147
      154 0.000094   0.006063
      799 0.000094  -0.006010
      778 0.000094  -0.006009
      840 0.000093  -0.005972
      594 0.000093  -0.005950
      308 0.000092  -0.005942
      736 0.000092  -0.005888
       93 0.000091  -0.005835
      640 0.000090  -0.005777
      701 0.000090  -0.005759
      125 0.000088   0.005676
      882 0.000088   0.005662
       80 0.000088   0.005643
      611 0.000087  -0.005620
       63 0.000087   0.005576
      394 0.000086   0.005552
      843 0.000086  -0.005550
      266 0.000086  -0.005511
      734 0.000084  -0.005414
      286 0.000083   0.005363
      337 0.000083  -0.005311
      359 0.000083  -0.005307
      645 0.000082   0.005285
      386 0.000082   0.005271
      343 0.000082  -0.005250
      590 0.000082  -0.005242
      844 0.000081  -0.005236
      864 0.000081   0.005218
      322 0.000081  -0.005187
       66 0.000080  -0.005131
      136 0.000080   0.005117
      313 0.000079  -0.005045
      123 0.000078  -0.005043
       95 0.000078   0.005021
      283 0.000078   0.004994
      104 0.000077   0.004938
      206 0.000077   0.004933
      943 0.000077   0.004931
      139 0.000077   0.004920
      268 0.000076  -0.004852
      107 0.000075  -0.004821
      302 0.000075  -0.004813
       99 0.000075   0.004812
       78 0.000075  -0.004791
      289 0.000074   0.004780
      572 0.000074  -0.004758
       81 0.000073  -0.004667
       76 0.000073  -0.004665
      552 0.000072  -0.004647
      148 0.000072   0.004632
      782 0.000072  -0.004631
      597 0.000072  -0.004627
     1095 0.000072  -0.004625
      112 0.000071   0.004592
      110 0.000071  -0.004580
      350 0.000071  -0.004567
      684 0.000071  -0.004558
      105 0.000071  -0.004548
      798 0.000069   0.004457
      581 0.000069  -0.004455
      321 0.000069  -0.004437
       75 0.000069   0.004404
      589 0.000068  -0.004396
      278 0.000068   0.004382
      367 0.000068   0.004339
       94 0.000067   0.004313
      323 0.000067  -0.004279
      128 0.000067   0.004279
      826 0.000066  -0.004271
      332 0.000066  -0.004262
      155 0.000066   0.004231
      694 0.000066   0.004215
      978 0.000065   0.004165
      832 0.000065   0.004156
      428 0.000065   0.004152
      146 0.000064   0.004135
      937 0.000064  -0.004119
       60 0.000064  -0.004116
      803 0.000063   0.004035
      414 0.000063   0.004017
      765 0.000062   0.004014
      740 0.000062  -0.004005
      880 0.000062   0.004002
      948 0.000062   0.003992
      272 0.000062  -0.003984
      355 0.000062   0.003969
      884 0.000062  -0.003959
      109 0.000062  -0.003958
      329 0.000061  -0.003928
      625 0.000061  -0.003903
      894 0.000060  -0.003873
      870 0.000060  -0.003863
     1005 0.000060   0.003862
      561 0.000060   0.003845
      161 0.000060   0.003827
      616 0.000059  -0.003781
      955 0.000059   0.003767
      748 0.000058  -0.003754
      545 0.000058  -0.003739
      264 0.000057   0.003676
      913 0.000057  -0.003657
      789 0.000057   0.003643
      763 0.000057   0.003637
      145 0.000056  -0.003623
      723 0.000056  -0.003622
       90 0.000056   0.003620
      156 0.000056   0.003617
      288 0.000056   0.003606
      805 0.000055  -0.003561
      374 0.000055   0.003537
      600 0.000055  -0.003514
      874 0.000054  -0.003495
      904 0.000054   0.003471
      293 0.000054  -0.003471
      569 0.000054   0.003457
      292 0.000054  -0.003447
      879 0.000053  -0.003418
      922 0.000053  -0.003387
      654 0.000053   0.003386
      629 0.000053  -0.003379
       79 0.000052   0.003367
      539 0.000052   0.003365
      291 0.000052   0.003359
      425 0.000052   0.003357
      357 0.000052   0.003334
      860 0.000052  -0.003315
      200 0.000052  -0.003314
      802 0.000051   0.003298
      114 0.000051  -0.003265
      274 0.000051   0.003263
      195 0.000051  -0.003247
      147 0.000050   0.003216
      584 0.000050  -0.003210
      638 0.000050  -0.003191
      101 0.000049   0.003118
      891 0.000048  -0.003110
      776 0.000048  -0.003106
       82 0.000048  -0.003106
      632 0.000048   0.003100
      131 0.000048   0.003094
      823 0.000048   0.003085
      334 0.000048   0.003078
      636 0.000048  -0.003076
      251 0.000048  -0.003075
      831 0.000047   0.003043
       87 0.000047   0.003004
      304 0.000046   0.002963
      560 0.000046  -0.002947
      895 0.000046   0.002934
      775 0.000046   0.002927
      528 0.000045   0.002920
      559 0.000045  -0.002902
       52 0.000045  -0.002893
       19 0.000045   0.002873
       53 0.000045   0.002868
      213 0.000044   0.002849
       84 0.000044  -0.002812
      407 0.000043  -0.002793
      614 0.000043   0.002764
      259 0.000043   0.002758
      942 0.000043   0.002734
      382 0.000042   0.002702
      319 0.000042   0.002686
      230 0.000042  -0.002675
      792 0.000041   0.002655
      142 0.000041   0.002655
      287 0.000041  -0.002649
      226 0.000041  -0.002645
       17 0.000041  -0.002642
      309 0.000040  -0.002602
      225 0.000040  -0.002586
      330 0.000040  -0.002576
      821 0.000040  -0.002568
      197 0.000040   0.002549
      290 0.000039   0.002532
      224 0.000039  -0.002531
      535 0.000039   0.002523
      681 0.000039  -0.002520
      185 0.000039   0.002504
      103 0.000039  -0.002502
      556 0.000038   0.002453
      360 0.000038  -0.002427
      863 0.000038  -0.002426
       59 0.000038  -0.002422
      134 0.000038  -0.002417
       91 0.000037  -0.002391
      336 0.000037   0.002368
      950 0.000037  -0.002368
      964 0.000037   0.002358
      108 0.000037  -0.002347
      608 0.000037   0.002347
      540 0.000036  -0.002304
      568 0.000036  -0.002300
      221 0.000036   0.002296
      331 0.000036  -0.002286
      409 0.000035  -0.002262
      712 0.000035   0.002252
      385 0.000035  -0.002251
      881 0.000035  -0.002246
      348 0.000035   0.002246
      542 0.000035   0.002238
       85 0.000035  -0.002233
      335 0.000035  -0.002229
      957 0.000034   0.002196
      695 0.000034  -0.002183
      118 0.000034   0.002164
      338 0.000034  -0.002157
      192 0.000033   0.002151
      680 0.000033   0.002151
      724 0.000033   0.002136
      215 0.000033  -0.002116
      598 0.000033  -0.002110
      987 0.000033   0.002101
      158 0.000033   0.002101
       56 0.000033  -0.002100
      130 0.000033   0.002095
      935 0.000033  -0.002093
      371 0.000033  -0.002091
      491 0.000032   0.002068
      115 0.000032  -0.002058
      270 0.000032   0.002054
      928 0.000032  -0.002043
      352 0.000032   0.002040
      310 0.000032  -0.002031
      518 0.000031   0.002012
      448 0.000031   0.001983
      276 0.000031  -0.001962
      488 0.000030   0.001951
      532 0.000030   0.001948
       54 0.000030   0.001946
      368 0.000030   0.001936
      111 0.000030  -0.001930
      216 0.000030  -0.001924
      656 0.000030  -0.001922
      188 0.000030  -0.001921
      405 0.000030   0.001913
      349 0.000030   0.001912
       73 0.000030  -0.001904
     1001 0.000030  -0.001903
      643 0.000029  -0.001889
      833 0.000029  -0.001872
       15 0.000029   0.001861
      198 0.000029   0.001859
      318 0.000029  -0.001856
      988 0.000029  -0.001843
      214 0.000028   0.001831
      102 0.000028   0.001824
      150 0.000028  -0.001822
       21 0.000028   0.001808
       55 0.000028   0.001801
      971 0.000028  -0.001782
      410 0.000028  -0.001780
      902 0.000027  -0.001766
      196 0.000027  -0.001755
      399 0.000027  -0.001739
      933 0.000027   0.001737
      100 0.000027  -0.001729
       74 0.000027   0.001723
       50 0.000027   0.001720
      867 0.000027   0.001719
      623 0.000027  -0.001709
       72 0.000027  -0.001707
      475 0.000027  -0.001704
      565 0.000026   0.001688
      324 0.000026   0.001683
     1096 0.000026   0.001677
      133 0.000026  -0.001663
      342 0.000026   0.001660
      260 0.000026  -0.001648
      530 0.000026   0.001646
      252 0.000026  -0.001640
      445 0.000025  -0.001638
       13 0.000025   0.001636
      769 0.000025   0.001636
      351 0.000025   0.001633
      390 0.000025   0.001626
      685 0.000025  -0.001614
      328 0.000025  -0.001613
       14 0.000025  -0.001613
      524 0.000025  -0.001607
      181 0.000025  -0.001596
      762 0.000025   0.001590
     1032 0.000024   0.001560
      993 0.000024   0.001533
      397 0.000024  -0.001526
       62 0.000024  -0.001523
     1025 0.000023   0.001504
      387 0.000023   0.001491
      677 0.000023   0.001489
      401 0.000023   0.001481
      729 0.000023   0.001479
       89 0.000023   0.001478
      858 0.000023  -0.001470
      333 0.000023  -0.001466
      404 0.000023   0.001458
      144 0.000023   0.001449
      245 0.000022  -0.001440
      722 0.000022  -0.001440
      649 0.000022  -0.001435
      432 0.000022   0.001427
       65 0.000022   0.001422
      693 0.000022   0.001407
       98 0.000022  -0.001396
       20 0.000022  -0.001383
      842 0.000022  -0.001383
      811 0.000021   0.001377
      830 0.000021   0.001374
       92 0.000021  -0.001369
      899 0.000021  -0.001365
      921 0.000021  -0.001365
      152 0.000021   0.001364
      637 0.000021   0.001360
      141 0.000021  -0.001354
      250 0.000021   0.001353
      927 0.000021  -0.001335
      424 0.000021  -0.001324
     1034 0.000021  -0.001322
      835 0.000021  -0.001320
      140 0.000020  -0.001315
      810 0.000020   0.001297
       96 0.000020  -0.001285
      285 0.000020   0.001284
      327 0.000020   0.001281
       77 0.000020  -0.001276
      837 0.000020  -0.001274
      526 0.000020   0.001271
      809 0.000020   0.001271
       86 0.000020   0.001271
      713 0.000020  -0.001254
      265 0.000019  -0.001250
      339 0.000019  -0.001236
      479 0.000019   0.001233
      934 0.000019  -0.001210
      780 0.000019  -0.001208
      977 0.000019   0.001197
     1017 0.000019   0.001192
      841 0.000019   0.001191
      129 0.000019  -0.001190
      126 0.000019   0.001189
      223 0.000018   0.001182
      592 0.000018   0.001180
      653 0.000018  -0.001178
      983 0.000018   0.001177
      856 0.000018   0.001176
      655 0.000018   0.001164
      705 0.000018  -0.001162
      714 0.000018  -0.001159
      554 0.000018  -0.001155
      372 0.000018  -0.001154
      647 0.000018   0.001150
      376 0.000018   0.001150
      519 0.000018   0.001137
      965 0.000018  -0.001131
      610 0.000017  -0.001098
      900 0.000017  -0.001093
      455 0.000017  -0.001089
      370 0.000017  -0.001088
      502 0.000017   0.001086
      917 0.000017   0.001085
      326 0.000017   0.001083
      558 0.000017   0.001082
      514 0.000017   0.001076
      317 0.000017  -0.001072
      164 0.000016   0.001060
      463 0.000016  -0.001054
      887 0.000016  -0.001045
       47 0.000016   0.001043
      437 0.000016   0.001038
       97 0.000016   0.001029
      898 0.000016   0.001025
      358 0.000016  -0.001018
      240 0.000016   0.001015
      536 0.000016  -0.001015
       27 0.000016   0.001014
      512 0.000016  -0.001013
      796 0.000016   0.001009
      314 0.000016   0.001007
     1073 0.000016  -0.000997
      755 0.000015  -0.000989
      379 0.000015   0.000984
      888 0.000015  -0.000976
      849 0.000015   0.000974
     1009 0.000015  -0.000965
      627 0.000015  -0.000963
      551 0.000015   0.000960
      116 0.000015  -0.000944
      717 0.000015   0.000942
      165 0.000015   0.000941
      297 0.000015  -0.000940
      839 0.000015   0.000936
      966 0.000015   0.000933
       22 0.000014   0.000929
      127 0.000014   0.000928
      838 0.000014  -0.000927
      180 0.000014  -0.000924
      489 0.000014   0.000923
      458 0.000014   0.000916
       61 0.000014  -0.000914
      936 0.000014   0.000909
     1052 0.000014   0.000908
      642 0.000014   0.000902
      113 0.000014  -0.000900
     1020 0.000014  -0.000897
      822 0.000014  -0.000889
      505 0.000014   0.000888
      120 0.000014   0.000887
       49 0.000014  -0.000886
     1010 0.000014   0.000883
     1016 0.000014  -0.000881
      981 0.000014   0.000877
      883 0.000014   0.000876
      229 0.000014   0.000876
      972 0.000014   0.000875
        5 0.000014  -0.000869
      325 0.000013  -0.000854
       83 0.000013  -0.000852
      420 0.000013   0.000850
       12 0.000013  -0.000846
      691 0.000013   0.000846
      227 0.000013  -0.000840
      994 0.000013  -0.000837
      732 0.000013   0.000835
      650 0.000013  -0.000823
      138 0.000013   0.000816
      231 0.000013  -0.000808
      450 0.000013  -0.000806
      346 0.000012   0.000800
      772 0.000012  -0.000796
      916 0.000012  -0.000792
      634 0.000012  -0.000785
      813 0.000012   0.000774
      669 0.000012   0.000771
      603 0.000012  -0.000771
      434 0.000012   0.000761
      124 0.000012  -0.000756
      315 0.000012   0.000754
      794 0.000012   0.000748
      159 0.000012   0.000745
      190 0.000012   0.000744
       11 0.000011   0.000737
       58 0.000011   0.000735
       29 0.000011  -0.000724
      395 0.000011   0.000720
      340 0.000011   0.000714
      949 0.000011   0.000706
      483 0.000011  -0.000698
      233 0.000011   0.000691
      982 0.000011   0.000687
       25 0.000011  -0.000686
     1003 0.000010  -0.000669
       24 0.000010   0.000668
      189 0.000010   0.000665
       26 0.000010  -0.000655
      989 0.000010  -0.000654
       67 0.000010  -0.000649
      675 0.000010  -0.000643
euclid. distance of OLC and linear combination of EV * x_coef: 0.005732576933273658

Generate samples based on objective loadcase 317
nr_to_generate: 25

Parameter variation distribution settings
distribution: uniform
low: 0.7
high: 1.3

Total process runtime: 0:00:01.473056
