Date and Time:2023-05-12 14:09:36.768536

Initial Settings:
similarity_model: <function cosine_similarity at 0x000001D005A6E5E0>
similarity_threshold: 1e-05
nr_eigv_to_select: None
distribution: uniform
deviation: 0.3
nr_to_generate: 25
recompute: False

Selected eigenvectors and similarity score w.r.t objective loadcase:
objective_loadcase_nr: 172
similarity_model: cosine_similarity
similarity_threshold: 1e-05
nr_eigv_to_select: None
nr_eigv_selected: 481
approximation parameter model: lstsq
similarity score and approx. param. value
:  eigv_idx    score      value
        1 0.554974  84.326921
        3 0.535134  81.312291
        2 0.492967 -74.905162
        0 0.398635  60.571613
        6 0.056739   8.621275
       39 0.017170   2.608886
        4 0.010199   1.549682
      639 0.003834   0.582522
       68 0.003323  -0.504879
      186 0.002356  -0.357956
      612 0.002126  -0.323009
      593 0.002070  -0.314521
      586 0.001894   0.287826
      218 0.001673  -0.254157
      716 0.001638   0.248862
      187 0.001535  -0.233306
      618 0.001531   0.232560
      663 0.001506  -0.228825
      710 0.001503  -0.228303
      668 0.001384   0.210236
      595 0.001189   0.180725
      194 0.001086   0.165063
      182 0.001085  -0.164927
       71 0.001048  -0.159190
      659 0.001039  -0.157872
      617 0.000943   0.143316
      686 0.000916  -0.139184
      388 0.000903  -0.137228
      626 0.000868   0.131865
      143 0.000853   0.129599
      599 0.000823   0.125128
       69 0.000821  -0.124776
      688 0.000797  -0.121134
      635 0.000783   0.118977
      700 0.000779   0.118314
      582 0.000778  -0.118238
      562 0.000772  -0.117297
      184 0.000756  -0.114902
      670 0.000736   0.111837
      683 0.000732   0.111154
      579 0.000727   0.110479
      578 0.000693   0.105301
      183 0.000673   0.102250
      749 0.000659  -0.100182
      621 0.000659  -0.100094
      733 0.000634   0.096309
      698 0.000629  -0.095619
      666 0.000566  -0.086037
      341 0.000561   0.085240
      602 0.000551  -0.083773
       70 0.000550   0.083587
      253 0.000549  -0.083463
      718 0.000521  -0.079144
      228 0.000496  -0.075361
      708 0.000467   0.070917
      606 0.000466  -0.070778
      174 0.000462   0.070211
      567 0.000461  -0.070002
      704 0.000460  -0.069954
      735 0.000450  -0.068440
      699 0.000440  -0.066866
      641 0.000434  -0.065992
      153 0.000430   0.065390
      179 0.000429   0.065159
      577 0.000425  -0.064615
      575 0.000418   0.063494
      210 0.000410  -0.062244
      620 0.000398  -0.060479
      583 0.000385  -0.058501
      709 0.000380  -0.057683
      171 0.000378  -0.057370
      267 0.000371  -0.056303
      362 0.000369  -0.056123
      220 0.000367  -0.055748
      631 0.000330  -0.050067
      848 0.000326  -0.049509
      137 0.000325  -0.049354
      601 0.000324   0.049186
      604 0.000321  -0.048832
      807 0.000319   0.048399
      419 0.000313  -0.047514
      403 0.000309   0.046888
      756 0.000307  -0.046712
      204 0.000307   0.046621
      707 0.000305  -0.046343
      412 0.000303  -0.046089
      757 0.000297  -0.045116
      587 0.000280   0.042514
      576 0.000279  -0.042449
      628 0.000277   0.042077
      243 0.000276   0.041864
      383 0.000271   0.041140
      199 0.000259  -0.039310
      400 0.000249  -0.037840
      258 0.000248  -0.037696
      753 0.000245  -0.037257
      570 0.000244  -0.037031
      573 0.000239   0.036358
      377 0.000239  -0.036295
      254 0.000238   0.036104
      580 0.000231  -0.035133
      741 0.000231   0.035109
      132 0.000227   0.034512
      815 0.000226  -0.034398
      161 0.000226   0.034357
      271 0.000225   0.034142
      696 0.000223  -0.033863
      853 0.000222  -0.033700
      658 0.000220   0.033383
      564 0.000213  -0.032335
      739 0.000210  -0.031896
      148 0.000210   0.031892
      787 0.000208   0.031660
      941 0.000204  -0.030993
      273 0.000202  -0.030709
      665 0.000201  -0.030509
      800 0.000188  -0.028588
      236 0.000188   0.028557
      828 0.000187  -0.028432
      255 0.000187  -0.028349
      175 0.000185  -0.028148
      277 0.000183   0.027828
      301 0.000181  -0.027572
      557 0.000178  -0.027020
      427 0.000178  -0.027019
      793 0.000177  -0.026936
      667 0.000176   0.026739
      687 0.000173   0.026339
      361 0.000172   0.026088
      640 0.000170  -0.025901
      820 0.000170  -0.025781
      566 0.000170   0.025781
      574 0.000169  -0.025634
      750 0.000168   0.025541
      217 0.000168  -0.025538
      234 0.000168   0.025515
      784 0.000163  -0.024779
      759 0.000163   0.024735
      299 0.000161   0.024464
      356 0.000160  -0.024292
      711 0.000160   0.024240
      247 0.000159   0.024121
      743 0.000157  -0.023895
      380 0.000156   0.023718
       91 0.000151  -0.022952
      398 0.000151  -0.022922
      855 0.000148  -0.022553
      549 0.000148  -0.022515
      369 0.000148   0.022454
      373 0.000146  -0.022229
      257 0.000146  -0.022120
      690 0.000143   0.021771
      857 0.000143  -0.021707
      605 0.000136  -0.020630
      790 0.000135   0.020497
      645 0.000134   0.020420
      798 0.000134   0.020391
      908 0.000134  -0.020317
      808 0.000134   0.020287
      353 0.000133  -0.020274
      847 0.000133   0.020255
      269 0.000132  -0.020062
      585 0.000131  -0.019932
      294 0.000130  -0.019801
      629 0.000130  -0.019745
      138 0.000130   0.019715
      354 0.000129   0.019544
      697 0.000127   0.019361
      436 0.000127   0.019358
      974 0.000126   0.019208
      818 0.000126  -0.019143
      355 0.000126   0.019133
      726 0.000125  -0.019046
      553 0.000123  -0.018686
      795 0.000122   0.018569
      423 0.000122  -0.018469
      295 0.000121  -0.018453
      241 0.000121   0.018420
      638 0.000119  -0.018154
      600 0.000119  -0.018092
      431 0.000119  -0.018042
      107 0.000118  -0.017943
      235 0.000117  -0.017748
      882 0.000115   0.017505
      736 0.000115  -0.017453
      552 0.000114  -0.017269
      367 0.000114   0.017260
      281 0.000112   0.017017
      840 0.000111  -0.016849
      392 0.000110   0.016761
      859 0.000108   0.016421
      799 0.000108  -0.016348
      581 0.000107  -0.016210
      740 0.000107  -0.016185
      312 0.000105  -0.015975
      266 0.000105  -0.015949
      292 0.000104  -0.015844
      742 0.000104  -0.015842
      584 0.000104  -0.015758
      594 0.000101  -0.015355
      684 0.000101  -0.015352
      291 0.000100   0.015132
      844 0.000098  -0.014846
      263 0.000098  -0.014836
      832 0.000097   0.014805
      249 0.000097  -0.014721
      824 0.000096   0.014631
      762 0.000096   0.014542
      569 0.000096   0.014524
      611 0.000095  -0.014484
      394 0.000095   0.014364
     1095 0.000094  -0.014287
      251 0.000094  -0.014223
      829 0.000094   0.014213
      193 0.000093  -0.014162
      386 0.000091   0.013837
      209 0.000089  -0.013498
      302 0.000089  -0.013488
      591 0.000088   0.013424
      778 0.000088  -0.013357
      561 0.000085   0.012919
      955 0.000085   0.012888
      308 0.000085  -0.012857
      572 0.000085  -0.012848
      560 0.000084  -0.012819
      632 0.000084   0.012794
      262 0.000084  -0.012722
      261 0.000083  -0.012649
      723 0.000083  -0.012554
      701 0.000083  -0.012541
      734 0.000082  -0.012531
      616 0.000082  -0.012515
      597 0.000081  -0.012338
      275 0.000080  -0.012203
      227 0.000080   0.012158
      803 0.000080   0.012087
      744 0.000079  -0.011980
      428 0.000078   0.011881
      390 0.000078   0.011829
      313 0.000077  -0.011772
      239 0.000077   0.011758
      343 0.000076  -0.011573
      937 0.000076  -0.011509
     1005 0.000076   0.011483
      728 0.000075  -0.011413
      374 0.000075   0.011369
      414 0.000074   0.011262
      279 0.000074  -0.011245
      748 0.000074  -0.011201
      913 0.000073  -0.011147
      801 0.000072  -0.011008
      879 0.000072  -0.010994
      978 0.000072   0.010962
      230 0.000072  -0.010957
      298 0.000072  -0.010915
      922 0.000069  -0.010537
      843 0.000069  -0.010536
      776 0.000068  -0.010379
      222 0.000068  -0.010367
      232 0.000068  -0.010355
      863 0.000067  -0.010249
      654 0.000067   0.010121
      802 0.000067   0.010109
      545 0.000066  -0.010093
      891 0.000066  -0.010085
      782 0.000066  -0.010072
      826 0.000064  -0.009652
      268 0.000063  -0.009627
      539 0.000063   0.009553
      206 0.000063   0.009541
      603 0.000062  -0.009445
      425 0.000061   0.009314
      831 0.000060   0.009162
      722 0.000060  -0.009135
      325 0.000060  -0.009125
      596 0.000059  -0.008999
      895 0.000059   0.008956
      948 0.000056   0.008583
      789 0.000056   0.008536
      805 0.000056  -0.008444
      322 0.000055  -0.008318
      329 0.000055  -0.008317
      223 0.000054   0.008230
      770 0.000053   0.008113
      337 0.000053  -0.007993
      763 0.000053  -0.007987
      821 0.000053  -0.007980
      407 0.000052  -0.007909
      627 0.000052   0.007892
      198 0.000052   0.007876
      528 0.000052   0.007828
      773 0.000050   0.007558
      542 0.000049   0.007408
      614 0.000048   0.007317
      765 0.000048   0.007244
      540 0.000045  -0.006872
      333 0.000045  -0.006821
      867 0.000044   0.006735
      860 0.000044  -0.006723
      987 0.000044   0.006709
      289 0.000043   0.006585
      332 0.000043  -0.006546
      224 0.000043  -0.006506
      928 0.000043  -0.006504
      864 0.000042   0.006446
      409 0.000042  -0.006384
      881 0.000042  -0.006379
      858 0.000041  -0.006295
      535 0.000041   0.006251
      245 0.000040  -0.006109
      413 0.000040   0.006099
      870 0.000040  -0.006004
      610 0.000039  -0.005981
      448 0.000039   0.005948
     1001 0.000038  -0.005818
      823 0.000038   0.005805
      320 0.000038   0.005792
      792 0.000038   0.005701
      323 0.000037  -0.005690
      965 0.000037  -0.005611
      397 0.000037  -0.005569
      589 0.000036  -0.005521
      406 0.000036  -0.005498
      780 0.000036  -0.005407
      518 0.000035   0.005378
      933 0.000035   0.005339
      491 0.000035   0.005317
      993 0.000035   0.005313
      319 0.000035   0.005261
      643 0.000034  -0.005189
      874 0.000033  -0.005078
     1025 0.000033   0.005077
      488 0.000033   0.004985
      410 0.000033  -0.004977
      310 0.000033  -0.004952
      532 0.000032   0.004900
      904 0.000032   0.004898
      530 0.000032   0.004894
      636 0.000032  -0.004870
      590 0.000032  -0.004848
      335 0.000032  -0.004790
      342 0.000032   0.004787
      677 0.000031   0.004782
      650 0.000031  -0.004776
     1032 0.000031   0.004749
      216 0.000031  -0.004682
      475 0.000031  -0.004667
      680 0.000031   0.004652
      402 0.000030  -0.004562
      950 0.000029  -0.004468
      169 0.000029  -0.004423
      524 0.000029  -0.004355
      297 0.000029  -0.004342
      694 0.000028   0.004316
      894 0.000028  -0.004288
      214 0.000028   0.004270
      131 0.000028  -0.004221
      296 0.000028  -0.004219
      432 0.000027   0.004170
     1017 0.000027   0.004151
      900 0.000027  -0.004071
      445 0.000027  -0.004067
      276 0.000026   0.004024
      942 0.000026   0.004001
      943 0.000025   0.003864
      424 0.000025  -0.003847
      814 0.000025   0.003823
      608 0.000024  -0.003676
      842 0.000024  -0.003633
      364 0.000024   0.003591
      880 0.000023   0.003570
      917 0.000023   0.003541
     1034 0.000023  -0.003536
      237 0.000023   0.003516
      264 0.000023  -0.003502
      938 0.000023   0.003476
      685 0.000022  -0.003397
      290 0.000022   0.003364
      334 0.000022   0.003335
      519 0.000022   0.003322
      502 0.000021   0.003229
      324 0.000021  -0.003224
      479 0.000021   0.003172
      259 0.000021  -0.003170
      536 0.000021  -0.003159
      359 0.000021  -0.003158
      538 0.000021   0.003115
      714 0.000020  -0.003081
      455 0.000020  -0.003071
      318 0.000020  -0.003062
      104 0.000020   0.003025
      526 0.000020   0.003017
      215 0.000020  -0.002972
      489 0.000019   0.002950
      512 0.000019  -0.002946
     1052 0.000019   0.002894
      399 0.000019  -0.002891
      463 0.000019  -0.002832
      662 0.000019  -0.002830
      884 0.000019  -0.002828
      856 0.000019   0.002820
      240 0.000018  -0.002778
      213 0.000018   0.002755
      514 0.000018   0.002744
      458 0.000018   0.002731
      350 0.000018  -0.002728
      849 0.000018   0.002693
      949 0.000018   0.002679
      505 0.000018   0.002659
      437 0.000017   0.002649
      592 0.000017  -0.002642
      681 0.000017  -0.002616
      328 0.000017  -0.002614
      837 0.000017  -0.002605
      360 0.000017  -0.002551
      420 0.000017   0.002531
      286 0.000017   0.002508
      347 0.000016  -0.002506
      346 0.000016   0.002497
      452 0.000016  -0.002494
      609 0.000016   0.002476
      775 0.000016   0.002466
      907 0.000016   0.002445
      191 0.000016   0.002400
      366 0.000015   0.002351
      732 0.000015   0.002291
      649 0.000015  -0.002286
      287 0.000015  -0.002261
      888 0.000014   0.002154
      450 0.000014  -0.002126
      483 0.000014  -0.002122
      669 0.000014   0.002108
      357 0.000014   0.002107
      852 0.000014  -0.002098
      794 0.000014   0.002056
       66 0.000013  -0.002046
      816 0.000013   0.002044
      233 0.000013   0.001992
      875 0.000013  -0.001986
      293 0.000013   0.001960
      192 0.000013  -0.001951
      868 0.000013  -0.001943
      619 0.000013   0.001937
       14 0.000013  -0.001936
     1010 0.000013   0.001903
      196 0.000012   0.001893
      534 0.000012  -0.001891
     1047 0.000012   0.001887
       13 0.000012   0.001884
      838 0.000012   0.001865
      830 0.000012   0.001865
      883 0.000012   0.001860
      811 0.000012   0.001854
      197 0.000012  -0.001841
      321 0.000012  -0.001820
      613 0.000012   0.001809
      221 0.000012   0.001809
      317 0.000012  -0.001779
      272 0.000012   0.001776
      164 0.000012   0.001775
      244 0.000012  -0.001773
      201 0.000012  -0.001756
      727 0.000012  -0.001752
      543 0.000011  -0.001743
      876 0.000011  -0.001729
      307 0.000011  -0.001726
      634 0.000011  -0.001724
      462 0.000011   0.001723
      927 0.000011  -0.001716
      804 0.000011  -0.001710
      330 0.000011  -0.001697
      473 0.000011  -0.001688
      903 0.000011  -0.001680
      285 0.000011  -0.001670
      487 0.000011  -0.001661
      791 0.000011   0.001620
      434 0.000011   0.001609
      461 0.000011   0.001607
       74 0.000011  -0.001601
      966 0.000010   0.001592
      934 0.000010  -0.001570
euclid. distance of OLC and linear combination of EV * x_coef: 0.015387609636914842

Generate samples based on objective loadcase 172
nr_to_generate: 25

Parameter variation distribution settings
distribution: uniform
low: 0.7
high: 1.3

Total process runtime: 0:00:01.253179
