Date and Time:2023-05-12 14:22:34.499861

Initial Settings:
similarity_model: <function cosine_similarity at 0x000001D005A6E5E0>
similarity_threshold: 1e-05
nr_eigv_to_select: None
distribution: uniform
deviation: 0.3
nr_to_generate: 25
recompute: False

Selected eigenvectors and similarity score w.r.t objective loadcase:
objective_loadcase_nr: 756
similarity_model: cosine_similarity
similarity_threshold: 1e-05
nr_eigv_to_select: None
nr_eigv_selected: 458
approximation parameter model: lstsq
similarity score and approx. param. value
:  eigv_idx    score      value
        3 0.577164  41.244435
        1 0.523704  37.424161
        2 0.508365 -36.328014
        0 0.363639  25.985801
        6 0.032293   2.307694
       39 0.026256   1.876237
        4 0.012176   0.870075
      639 0.003316   0.236975
      218 0.002352  -0.168046
      186 0.002067  -0.147721
      593 0.002030  -0.145043
      612 0.001906  -0.136203
      586 0.001888   0.134947
      710 0.001640  -0.117208
      187 0.001360  -0.097206
      716 0.001303   0.093102
      595 0.001226   0.087589
      618 0.001107   0.079136
      663 0.001102  -0.078767
      668 0.001082   0.077313
      626 0.001036   0.074006
       68 0.001033  -0.073843
      686 0.000950  -0.067921
      194 0.000916   0.065491
      388 0.000880  -0.062880
      749 0.000809  -0.057845
      688 0.000807  -0.057647
      143 0.000803   0.057395
      659 0.000799  -0.057075
      617 0.000760   0.054282
      599 0.000753   0.053792
      562 0.000702  -0.050145
      582 0.000701  -0.050119
      621 0.000695  -0.049661
      635 0.000686   0.049028
      670 0.000681   0.048644
      183 0.000649   0.046359
      704 0.000640  -0.045745
      578 0.000613   0.043799
      341 0.000584   0.041709
      733 0.000570   0.040725
      718 0.000563  -0.040233
       69 0.000559   0.039977
      567 0.000540  -0.038557
      606 0.000536  -0.038303
      602 0.000526  -0.037623
      579 0.000524   0.037411
      577 0.000523  -0.037338
       71 0.000507   0.036214
      253 0.000504  -0.036049
      708 0.000500   0.035722
      698 0.000498  -0.035612
      735 0.000481  -0.034376
      267 0.000464  -0.033134
      153 0.000463   0.033057
      666 0.000457  -0.032678
      696 0.000433  -0.030964
      174 0.000432   0.030836
      220 0.000425  -0.030367
      620 0.000424  -0.030324
      575 0.000423   0.030213
      258 0.000419  -0.029909
      709 0.000415  -0.029669
      700 0.000401   0.028657
      683 0.000386   0.027598
      641 0.000377  -0.026920
      707 0.000376  -0.026853
      753 0.000372  -0.026567
      601 0.000363   0.025961
      230 0.000352  -0.025174
      848 0.000348  -0.024894
      210 0.000347  -0.024774
      699 0.000345  -0.024650
      227 0.000339   0.024198
      583 0.000335  -0.023962
      412 0.000335  -0.023937
      756 0.000316  -0.022575
      273 0.000311  -0.022249
      419 0.000310  -0.022149
      807 0.000309   0.022067
      793 0.000293  -0.020957
      587 0.000289   0.020633
      182 0.000287  -0.020486
      362 0.000286  -0.020418
      403 0.000284   0.020304
      631 0.000284  -0.020279
      383 0.000280   0.019980
      853 0.000277  -0.019813
      269 0.000272  -0.019409
      235 0.000269  -0.019222
      757 0.000267  -0.019047
      570 0.000255  -0.018212
      243 0.000248   0.017751
      184 0.000245  -0.017482
      239 0.000239   0.017065
      741 0.000239   0.017061
      726 0.000236  -0.016860
      299 0.000236   0.016850
      263 0.000235  -0.016780
      204 0.000234   0.016693
      763 0.000225   0.016087
      739 0.000225  -0.016083
      750 0.000210   0.014975
      759 0.000209  -0.014967
      377 0.000208  -0.014885
      137 0.000208  -0.014834
      361 0.000204   0.014585
      199 0.000195  -0.013952
      206 0.000195   0.013944
       70 0.000194   0.013892
      818 0.000194  -0.013832
      301 0.000193  -0.013803
      576 0.000193  -0.013799
      549 0.000191  -0.013657
      580 0.000191  -0.013654
      743 0.000190  -0.013563
      427 0.000189  -0.013516
      564 0.000189  -0.013478
      604 0.000185  -0.013185
      787 0.000182   0.012990
      857 0.000181  -0.012959
      247 0.000181   0.012958
      400 0.000180  -0.012892
      800 0.000179  -0.012776
      312 0.000178  -0.012690
      373 0.000177  -0.012644
      228 0.000177  -0.012618
      392 0.000175   0.012534
      658 0.000175   0.012495
      855 0.000174  -0.012419
      132 0.000171   0.012251
      369 0.000171   0.012229
      175 0.000171  -0.012209
      742 0.000169  -0.012090
      824 0.000169   0.012087
      223 0.000167   0.011909
      795 0.000166   0.011895
      591 0.000162   0.011598
      574 0.000159  -0.011368
      337 0.000159  -0.011349
      665 0.000158  -0.011323
      784 0.000158  -0.011272
      553 0.000157  -0.011207
      828 0.000156  -0.011164
      711 0.000156   0.011138
      628 0.000152   0.010831
      275 0.000151  -0.010821
      778 0.000150  -0.010749
      820 0.000150  -0.010690
      941 0.000149  -0.010643
      290 0.000147   0.010522
      667 0.000144   0.010268
      332 0.000143  -0.010215
      829 0.000142   0.010168
      616 0.000142  -0.010150
      859 0.000142   0.010124
      605 0.000141  -0.010065
      179 0.000135   0.009634
      775 0.000134   0.009606
      687 0.000131   0.009364
      790 0.000130   0.009283
      585 0.000130  -0.009261
      380 0.000129   0.009202
      398 0.000129  -0.009186
      557 0.000126  -0.009028
      241 0.000126   0.008984
      257 0.000125  -0.008951
      808 0.000124   0.008836
      277 0.000121   0.008658
      736 0.000121  -0.008639
      423 0.000120  -0.008610
      431 0.000120  -0.008586
      217 0.000120  -0.008576
      279 0.000119  -0.008479
      770 0.000118   0.008429
      171 0.000118  -0.008418
      815 0.000117  -0.008355
      697 0.000115   0.008230
      354 0.000114   0.008174
      295 0.000114  -0.008137
      356 0.000114  -0.008136
      255 0.000113  -0.008051
      566 0.000112   0.008033
      298 0.000110  -0.007844
      329 0.000108  -0.007705
      271 0.000108   0.007692
      690 0.000106   0.007566
      201 0.000105  -0.007483
      728 0.000104  -0.007445
      353 0.000104  -0.007407
      908 0.000104  -0.007404
       88 0.000102  -0.007314
      294 0.000102  -0.007306
      799 0.000102  -0.007288
      569 0.000102   0.007285
      638 0.000100  -0.007162
      355 0.000098   0.007034
      600 0.000097  -0.006959
      645 0.000097   0.006939
      573 0.000097   0.006922
      744 0.000096  -0.006894
      684 0.000095  -0.006803
      436 0.000095   0.006796
      629 0.000095  -0.006789
      251 0.000094  -0.006745
      769 0.000092   0.006549
      974 0.000091   0.006501
      864 0.000091   0.006482
      266 0.000090  -0.006399
      292 0.000088  -0.006305
       93 0.000088  -0.006293
      782 0.000088  -0.006291
      840 0.000088  -0.006273
      234 0.000088   0.006264
      847 0.000087   0.006252
      321 0.000087  -0.006204
      611 0.000086  -0.006144
      581 0.000086  -0.006132
      261 0.000086  -0.006125
      773 0.000085   0.006110
      948 0.000083   0.005905
      943 0.000083   0.005903
      844 0.000082  -0.005863
      937 0.000081  -0.005806
      734 0.000081  -0.005793
      594 0.000080  -0.005708
      262 0.000080  -0.005691
      367 0.000079   0.005668
      281 0.000079   0.005652
      325 0.000076  -0.005463
      561 0.000074   0.005319
      843 0.000074  -0.005295
      860 0.000074  -0.005275
      584 0.000074  -0.005257
      978 0.000072   0.005144
      572 0.000072  -0.005121
      762 0.000072  -0.005112
      291 0.000070   0.005037
      107 0.000070  -0.005027
      560 0.000070  -0.004985
      285 0.000070   0.004977
      884 0.000069  -0.004928
      723 0.000068  -0.004875
      104 0.000068   0.004874
      654 0.000068   0.004870
      302 0.000068  -0.004830
      792 0.000066   0.004742
      882 0.000066   0.004728
     1095 0.000066  -0.004710
      268 0.000065  -0.004669
      694 0.000065   0.004664
      826 0.000065  -0.004646
      823 0.000064   0.004589
      880 0.000063   0.004534
      319 0.000063   0.004517
      722 0.000063  -0.004511
      342 0.000063   0.004498
     1005 0.000062   0.004415
      632 0.000061   0.004376
      138 0.000061  -0.004355
      589 0.000060  -0.004307
      289 0.000060   0.004279
      913 0.000060  -0.004257
      425 0.000059   0.004240
      748 0.000059  -0.004232
      614 0.000059   0.004206
      870 0.000059  -0.004190
      765 0.000058   0.004164
      545 0.000058  -0.004150
      539 0.000058   0.004150
      428 0.000057   0.004100
      895 0.000056   0.004003
      343 0.000056  -0.003998
      283 0.000056   0.003978
      308 0.000055  -0.003931
      801 0.000055  -0.003911
      386 0.000054   0.003885
      627 0.000054   0.003882
      414 0.000053   0.003810
      701 0.000053  -0.003763
      323 0.000052  -0.003740
      552 0.000052  -0.003702
      322 0.000052  -0.003694
      831 0.000052   0.003690
      390 0.000051   0.003646
      528 0.000050   0.003606
      590 0.000049  -0.003496
      596 0.000049  -0.003484
      922 0.000049  -0.003479
      821 0.000047  -0.003354
      955 0.000047   0.003341
      780 0.000047   0.003337
      315 0.000046   0.003290
      535 0.000045   0.003232
      413 0.000045  -0.003232
      318 0.000044  -0.003178
      894 0.000044  -0.003139
      650 0.000044  -0.003130
      244 0.000044  -0.003126
      161 0.000044   0.003125
      935 0.000043  -0.003107
      874 0.000043  -0.003093
      407 0.000041  -0.002899
      169 0.000040  -0.002859
      832 0.000039   0.002770
      957 0.000038   0.002733
      374 0.000038   0.002714
      313 0.000038  -0.002707
      842 0.000038  -0.002694
      881 0.000037  -0.002674
      789 0.000037   0.002655
      841 0.000037   0.002625
      879 0.000037  -0.002616
      830 0.000037   0.002615
      942 0.000036   0.002593
      278 0.000036   0.002587
      597 0.000036  -0.002540
      649 0.000035  -0.002502
      518 0.000035   0.002493
      193 0.000035   0.002488
       91 0.000035  -0.002485
      491 0.000034   0.002455
      833 0.000034  -0.002452
      608 0.000034  -0.002450
      950 0.000034  -0.002414
      988 0.000032  -0.002312
      540 0.000032  -0.002292
      409 0.000032  -0.002289
      297 0.000032  -0.002268
      532 0.000032   0.002261
      904 0.000031   0.002241
      971 0.000031  -0.002239
      394 0.000031   0.002235
     1073 0.000031  -0.002198
      852 0.000031   0.002193
      488 0.000031   0.002190
      964 0.000030   0.002177
      198 0.000030  -0.002175
      284 0.000030   0.002149
      835 0.000030  -0.002143
      131 0.000030   0.002135
     1096 0.000030   0.002116
      448 0.000030   0.002109
      366 0.000029   0.002098
      542 0.000029   0.002074
      445 0.000029  -0.002062
      236 0.000029   0.002049
      933 0.000029   0.002048
      310 0.000029  -0.002040
      921 0.000028  -0.002031
      410 0.000028  -0.002001
      636 0.000028  -0.001981
      928 0.000027  -0.001930
      794 0.000027   0.001924
      677 0.000027   0.001904
      475 0.000027  -0.001896
      524 0.000026  -0.001888
      286 0.000026   0.001844
      640 0.000025  -0.001780
      987 0.000025   0.001769
     1032 0.000024   0.001747
      424 0.000024  -0.001740
     1034 0.000024  -0.001728
      776 0.000024  -0.001704
      983 0.000024   0.001686
      254 0.000024   0.001684
      530 0.000023   0.001673
      838 0.000023  -0.001673
      977 0.000023   0.001671
      526 0.000023   0.001664
      346 0.000023   0.001642
      397 0.000023  -0.001613
      803 0.000023   0.001612
      856 0.000022   0.001583
     1001 0.000022  -0.001582
      938 0.000022   0.001573
      927 0.000022  -0.001565
     1010 0.000022   0.001556
      811 0.000021   0.001530
      643 0.000020  -0.001442
      727 0.000020  -0.001431
      802 0.000020   0.001407
      610 0.000019  -0.001388
      934 0.000019  -0.001387
      646 0.000019   0.001384
     1009 0.000019  -0.001365
      685 0.000019  -0.001347
      479 0.000019   0.001342
      514 0.000019   0.001339
      148 0.000019   0.001338
      891 0.000019  -0.001328
      245 0.000018  -0.001315
      809 0.000018   0.001301
      755 0.000018  -0.001270
     1025 0.000018   0.001269
      437 0.000017   0.001238
      959 0.000017  -0.001237
      502 0.000017   0.001232
      804 0.000017  -0.001230
      536 0.000017  -0.001227
      455 0.000017  -0.001222
      916 0.000017  -0.001216
      868 0.000017   0.001210
      432 0.000017   0.001209
      519 0.000017   0.001204
      779 0.000017  -0.001200
      714 0.000017  -0.001200
      463 0.000017  -0.001196
      333 0.000017  -0.001193
      810 0.000016   0.001147
      662 0.000016  -0.001141
     1017 0.000016   0.001113
      512 0.000016  -0.001110
      949 0.000015   0.001071
      222 0.000015   0.001070
      798 0.000015  -0.001069
       98 0.000015  -0.001065
     1003 0.000015  -0.001042
      489 0.000015   0.001040
      324 0.000014  -0.001036
     1016 0.000014  -0.001033
      907 0.000014   0.001030
      505 0.000014   0.001018
      805 0.000014  -0.001013
      458 0.000014   0.001002
      732 0.000014   0.000981
      598 0.000013   0.000965
      232 0.000013  -0.000960
      334 0.000013  -0.000941
      592 0.000013   0.000940
      675 0.000013   0.000923
      450 0.000013  -0.000920
     1020 0.000013  -0.000898
      898 0.000012   0.000892
      917 0.000012   0.000878
      702 0.000012  -0.000877
      993 0.000012   0.000862
      858 0.000012  -0.000859
     1052 0.000012   0.000850
      764 0.000012  -0.000848
       66 0.000012  -0.000836
      402 0.000012   0.000832
     1040 0.000012  -0.000829
      984 0.000012  -0.000826
      349 0.000011  -0.000821
      478 0.000011   0.000818
      729 0.000011   0.000792
      814 0.000011   0.000787
      791 0.000011   0.000782
       56 0.000011  -0.000774
      816 0.000011   0.000768
       50 0.000011  -0.000763
      903 0.000010   0.000750
      224 0.000010  -0.000740
      483 0.000010  -0.000733
      406 0.000010   0.000728
      487 0.000010  -0.000724
     1061 0.000010  -0.000723
euclid. distance of OLC and linear combination of EV * x_coef: 0.00610753787420314

Generate samples based on objective loadcase 756
nr_to_generate: 25

Parameter variation distribution settings
distribution: uniform
low: 0.7
high: 1.3

Total process runtime: 0:00:01.228098
