Date and Time:2023-05-12 14:08:51.777580

Initial Settings:
similarity_model: <function cosine_similarity at 0x000001D005A6E5E0>
similarity_threshold: 1e-05
nr_eigv_to_select: None
distribution: uniform
deviation: 0.3
nr_to_generate: 25
recompute: False

Selected eigenvectors and similarity score w.r.t objective loadcase:
objective_loadcase_nr: 138
similarity_model: cosine_similarity
similarity_threshold: 1e-05
nr_eigv_to_select: None
nr_eigv_selected: 634
approximation parameter model: lstsq
similarity score and approx. param. value
:  eigv_idx    score      value
        1 0.564607  71.084358
        3 0.524109  65.985564
        2 0.484416 -60.988294
        0 0.409407  51.544530
        6 0.062347   7.849558
       39 0.013287   1.672793
        4 0.009546   1.201879
       68 0.004226  -0.532109
      639 0.003817   0.480565
      186 0.002324  -0.292532
      612 0.002093  -0.263532
      593 0.001983  -0.249601
      586 0.001783   0.224423
      716 0.001710   0.215333
      618 0.001690   0.212767
      663 0.001578  -0.198734
      187 0.001514  -0.190568
      710 0.001491  -0.187709
      668 0.001489   0.187515
       71 0.001455  -0.183232
      182 0.001424  -0.179314
      218 0.001328  -0.167185
       69 0.001190  -0.149840
      595 0.001140   0.143473
      659 0.001118  -0.140762
      143 0.001117   0.140687
      194 0.001065   0.134100
      184 0.001018  -0.128143
      617 0.000983   0.123802
      686 0.000923  -0.116160
      700 0.000894   0.112572
      388 0.000869  -0.109427
      683 0.000822   0.103445
      688 0.000809  -0.101903
      635 0.000805   0.101366
      579 0.000797   0.100300
      599 0.000773   0.097325
      562 0.000758  -0.095410
      626 0.000748   0.094176
      582 0.000731  -0.091998
      670 0.000720   0.090622
      578 0.000715   0.090022
      228 0.000704  -0.088683
       70 0.000700   0.088096
      183 0.000688   0.086560
      749 0.000660  -0.083054
      698 0.000650  -0.081831
      733 0.000635   0.079945
      666 0.000610  -0.076805
      621 0.000603  -0.075972
      253 0.000564  -0.071058
      179 0.000554   0.069716
      341 0.000521   0.065653
      137 0.000501  -0.063062
      718 0.000490  -0.061729
      171 0.000482  -0.060679
      153 0.000474   0.059641
      735 0.000470  -0.059168
      174 0.000467   0.058801
      602 0.000466  -0.058644
      708 0.000462   0.058175
      699 0.000461  -0.058064
      641 0.000424  -0.053430
      567 0.000406  -0.051109
      583 0.000406  -0.051103
      606 0.000402  -0.050575
      362 0.000394  -0.049564
      704 0.000393  -0.049535
      220 0.000385  -0.048514
      577 0.000382  -0.048137
      709 0.000382  -0.048053
      575 0.000380   0.047883
      620 0.000375  -0.047197
      604 0.000362  -0.045527
      210 0.000343  -0.043237
      756 0.000337  -0.042398
      631 0.000333  -0.041882
      204 0.000330   0.041521
      628 0.000329   0.041447
      757 0.000326  -0.041040
      403 0.000314   0.039584
      576 0.000307  -0.038671
      848 0.000306  -0.038506
      419 0.000298  -0.037470
      243 0.000297   0.037448
      601 0.000294   0.037027
      254 0.000289   0.036350
      573 0.000289   0.036323
      759 0.000283   0.035672
      807 0.000277   0.034893
      412 0.000276  -0.034800
      199 0.000276  -0.034794
      400 0.000273  -0.034416
      383 0.000273   0.034337
      267 0.000272  -0.034287
      787 0.000267   0.033577
      277 0.000266   0.033459
      271 0.000263   0.033151
      707 0.000263  -0.033096
      132 0.000257   0.032389
      148 0.000255   0.032089
      815 0.000255  -0.032061
      161 0.000252   0.031772
      587 0.000251   0.031609
      658 0.000245   0.030802
      741 0.000244   0.030754
      570 0.000237  -0.029890
      377 0.000236  -0.029722
      739 0.000232  -0.029233
      640 0.000225  -0.028278
      580 0.000223  -0.028061
      356 0.000217  -0.027276
      234 0.000217   0.027263
      258 0.000216  -0.027250
      564 0.000216  -0.027246
      138 0.000214   0.026908
      665 0.000211  -0.026508
      236 0.000210   0.026415
      853 0.000209  -0.026257
      941 0.000206  -0.025920
      585 0.000199  -0.025070
       91 0.000195  -0.024591
      175 0.000188  -0.023622
      667 0.000187   0.023576
      798 0.000185   0.023342
      753 0.000182  -0.022851
      557 0.000180  -0.022690
      255 0.000180  -0.022681
      566 0.000180   0.022665
      257 0.000178  -0.022398
      209 0.000176  -0.022192
      828 0.000175  -0.022035
      222 0.000174  -0.021944
      690 0.000174   0.021931
      193 0.000173  -0.021742
      750 0.000169   0.021323
      380 0.000168   0.021146
      800 0.000168  -0.021102
      301 0.000166  -0.020938
      427 0.000164  -0.020707
      687 0.000163   0.020526
      711 0.000162   0.020419
      763 0.000162  -0.020412
      369 0.000158   0.019909
      857 0.000152  -0.019169
      353 0.000151  -0.019050
      847 0.000151   0.018993
      605 0.000150  -0.018918
      217 0.000150  -0.018914
      743 0.000150  -0.018893
      740 0.000148  -0.018643
      247 0.000148   0.018586
      574 0.000147  -0.018487
      790 0.000146   0.018339
      820 0.000143  -0.017982
      107 0.000142  -0.017831
      697 0.000142   0.017819
      398 0.000139  -0.017532
      696 0.000137  -0.017250
      436 0.000137   0.017236
      241 0.000136   0.017179
      629 0.000136  -0.017085
      762 0.000135   0.016975
      784 0.000134  -0.016890
      295 0.000133  -0.016730
      908 0.000133  -0.016722
      974 0.000131   0.016494
      596 0.000131  -0.016480
      249 0.000131  -0.016456
      552 0.000130  -0.016319
      801 0.000129  -0.016229
      549 0.000129  -0.016189
      581 0.000128  -0.016157
      294 0.000128  -0.016100
      354 0.000128   0.016066
      262 0.000125  -0.015698
      281 0.000122   0.015422
      361 0.000122   0.015367
      859 0.000121   0.015219
      736 0.000121  -0.015180
      299 0.000120   0.015144
      808 0.000118   0.014874
      308 0.000118  -0.014842
      840 0.000117  -0.014710
      423 0.000116  -0.014601
      273 0.000116  -0.014549
      882 0.000115   0.014446
      373 0.000113  -0.014212
      431 0.000113  -0.014192
      394 0.000112   0.014105
      803 0.000112   0.014102
      855 0.000112  -0.014076
      645 0.000112   0.014071
      261 0.000112  -0.014055
      266 0.000111  -0.013975
      818 0.000111  -0.013973
      832 0.000110   0.013885
      235 0.000110  -0.013819
      269 0.000110  -0.013800
      367 0.000109   0.013665
      594 0.000107  -0.013430
      268 0.000106  -0.013390
      844 0.000105  -0.013192
      829 0.000104   0.013115
      553 0.000104  -0.013106
      684 0.000104  -0.013089
      793 0.000103  -0.013010
      355 0.000102   0.012869
      386 0.000102   0.012864
      561 0.000102   0.012817
      805 0.000099  -0.012483
      292 0.000099  -0.012422
      726 0.000098  -0.012397
      291 0.000098   0.012368
      227 0.000097  -0.012270
      302 0.000096  -0.012129
      799 0.000096  -0.012107
      600 0.000096  -0.012092
     1095 0.000096  -0.012065
      584 0.000096  -0.012034
      611 0.000095  -0.011939
      795 0.000095   0.011939
      343 0.000095  -0.011916
      776 0.000094  -0.011789
      802 0.000093   0.011723
      632 0.000092   0.011644
      392 0.000092   0.011574
      824 0.000092   0.011567
      312 0.000092  -0.011561
      251 0.000090  -0.011340
      638 0.000089  -0.011262
      955 0.000088   0.011131
      374 0.000088   0.011125
      742 0.000088  -0.011048
      654 0.000086   0.010877
      198 0.000085   0.010759
      428 0.000085   0.010673
      863 0.000083  -0.010489
      572 0.000083  -0.010485
      297 0.000082  -0.010323
      588 0.000081   0.010242
      734 0.000081  -0.010241
      414 0.000081   0.010217
      748 0.000080  -0.010045
      701 0.000079  -0.009997
      603 0.000079  -0.009945
      560 0.000078  -0.009862
     1005 0.000074   0.009360
      364 0.000074   0.009347
      826 0.000074  -0.009310
      230 0.000074   0.009291
      569 0.000074   0.009284
      780 0.000074  -0.009257
      723 0.000073  -0.009223
      879 0.000073  -0.009184
      913 0.000073  -0.009136
      313 0.000072  -0.009085
      597 0.000071  -0.008954
      891 0.000071  -0.008925
      922 0.000070  -0.008863
      744 0.000070  -0.008767
      773 0.000069   0.008724
      722 0.000069  -0.008704
      545 0.000069  -0.008637
      937 0.000067  -0.008468
      413 0.000067   0.008455
      978 0.000066   0.008337
      263 0.000066  -0.008270
      610 0.000064  -0.008078
      325 0.000064  -0.008071
      789 0.000064   0.008042
      160 0.000062  -0.007863
      636 0.000062  -0.007859
      843 0.000062  -0.007808
      539 0.000061   0.007705
      390 0.000060   0.007614
      425 0.000060   0.007613
      858 0.000059  -0.007485
      359 0.000059  -0.007402
      831 0.000058   0.007305
      616 0.000058  -0.007247
      128 0.000057  -0.007138
       66 0.000056  -0.007099
      765 0.000056   0.007061
      142 0.000056  -0.007042
      245 0.000056  -0.007033
      867 0.000056   0.007029
       74 0.000055  -0.006863
      589 0.000054  -0.006819
      728 0.000054  -0.006791
      169 0.000054  -0.006765
      895 0.000053   0.006720
      542 0.000053   0.006718
       86 0.000053  -0.006635
      407 0.000052  -0.006562
      870 0.000051  -0.006468
      224 0.000051  -0.006428
      289 0.000051   0.006363
      540 0.000050  -0.006280
      782 0.000049  -0.006228
      680 0.000049   0.006225
       87 0.000049  -0.006186
      528 0.000049   0.006161
      360 0.000049  -0.006125
      821 0.000049  -0.006120
      397 0.000048  -0.006031
      144 0.000048  -0.006021
      987 0.000048   0.005990
      152 0.000047  -0.005970
      213 0.000047   0.005945
      770 0.000046   0.005805
      769 0.000046  -0.005786
      201 0.000046   0.005763
       73 0.000045  -0.005719
      125 0.000045  -0.005639
      590 0.000045  -0.005619
      105 0.000045   0.005618
      650 0.000045  -0.005612
      874 0.000045  -0.005605
      409 0.000045  -0.005604
      928 0.000044  -0.005567
      948 0.000044   0.005545
      226 0.000044  -0.005526
      592 0.000044  -0.005511
      333 0.000044  -0.005487
      591 0.000043   0.005462
      649 0.000043  -0.005457
      864 0.000043   0.005452
      347 0.000043  -0.005451
      154 0.000043   0.005437
      130 0.000043  -0.005402
      225 0.000043  -0.005388
      164 0.000042   0.005322
       67 0.000042  -0.005297
      448 0.000042   0.005259
      322 0.000041  -0.005212
      331 0.000041   0.005181
      965 0.000041  -0.005181
      272 0.000041  -0.005176
      275 0.000041  -0.005170
       75 0.000041  -0.005115
      123 0.000040   0.005069
      274 0.000040   0.005059
      214 0.000040   0.005004
      357 0.000040   0.005002
       88 0.000040   0.004981
      320 0.000039   0.004972
       89 0.000039  -0.004962
      334 0.000039   0.004940
      110 0.000039   0.004922
      778 0.000039  -0.004915
      993 0.000039   0.004906
     1001 0.000039  -0.004899
       53 0.000039   0.004883
      881 0.000039  -0.004882
       64 0.000039  -0.004852
       95 0.000038  -0.004830
      232 0.000038  -0.004740
       65 0.000038   0.004727
      609 0.000038   0.004722
      535 0.000037   0.004686
      351 0.000037  -0.004604
       55 0.000036   0.004585
      156 0.000036   0.004576
     1025 0.000036   0.004554
      150 0.000036   0.004501
      904 0.000036   0.004491
      215 0.000036  -0.004490
      103 0.000036   0.004471
      310 0.000035  -0.004423
      530 0.000035   0.004400
      348 0.000035  -0.004384
      155 0.000035   0.004348
      216 0.000035  -0.004344
      933 0.000034   0.004305
      350 0.000034  -0.004280
      319 0.000034   0.004243
      324 0.000034  -0.004221
      491 0.000033   0.004216
      518 0.000033   0.004210
      410 0.000033  -0.004174
      112 0.000033  -0.004164
      894 0.000033  -0.004149
      677 0.000032   0.004049
      488 0.000032   0.004039
      950 0.000032  -0.004036
       57 0.000032   0.003997
       81 0.000032  -0.003969
       83 0.000031   0.003952
      239 0.000031   0.003934
      406 0.000031  -0.003923
      432 0.000031   0.003920
     1032 0.000031   0.003893
      880 0.000031   0.003876
      475 0.000031  -0.003868
      532 0.000031   0.003844
      141 0.000030   0.003819
      852 0.000030  -0.003813
      900 0.000030  -0.003798
      165 0.000030   0.003791
      681 0.000030  -0.003756
      108 0.000030   0.003726
      775 0.000030  -0.003721
      328 0.000030  -0.003720
      627 0.000030   0.003716
      559 0.000029  -0.003689
     1017 0.000029   0.003683
      402 0.000029  -0.003657
      278 0.000029  -0.003642
      368 0.000029  -0.003595
      942 0.000029   0.003589
      158 0.000028  -0.003559
      860 0.000028  -0.003523
      287 0.000028   0.003496
      524 0.000028  -0.003489
      330 0.000028   0.003484
      396 0.000028   0.003476
      288 0.000027  -0.003382
      613 0.000027   0.003347
      637 0.000026   0.003330
      109 0.000026   0.003312
      159 0.000026  -0.003299
      335 0.000026  -0.003299
      842 0.000026  -0.003290
      185 0.000026   0.003286
      329 0.000026  -0.003253
      884 0.000026  -0.003250
      779 0.000025   0.003208
      823 0.000025   0.003205
      114 0.000025   0.003179
      445 0.000025  -0.003173
       59 0.000025   0.003157
       77 0.000025   0.003140
      917 0.000025   0.003138
       25 0.000025  -0.003117
      792 0.000025   0.003117
      424 0.000025  -0.003094
      837 0.000024  -0.003068
      420 0.000024   0.003057
      814 0.000024   0.003055
       27 0.000024   0.003053
      538 0.000024   0.003013
      405 0.000024   0.002998
      321 0.000024   0.002968
       52 0.000023  -0.002950
      838 0.000023   0.002942
      519 0.000023   0.002923
      705 0.000023  -0.002911
      252 0.000023  -0.002908
       72 0.000023   0.002882
      644 0.000023  -0.002868
      282 0.000023  -0.002861
      162 0.000023   0.002853
      395 0.000023  -0.002848
      286 0.000023   0.002843
      502 0.000023   0.002836
        9 0.000022   0.002818
      309 0.000022  -0.002795
      188 0.000022  -0.002785
      250 0.000022   0.002782
      129 0.000022   0.002782
      712 0.000022   0.002767
      669 0.000022   0.002756
      556 0.000022   0.002750
      943 0.000022   0.002747
      145 0.000022  -0.002728
      100 0.000022   0.002710
       10 0.000021   0.002686
      195 0.000021  -0.002680
       94 0.000021  -0.002678
     1034 0.000021  -0.002634
      868 0.000021  -0.002630
      479 0.000021   0.002630
      714 0.000021  -0.002628
       22 0.000021   0.002613
      536 0.000021  -0.002599
      724 0.000020   0.002580
      455 0.000020  -0.002579
      489 0.000020   0.002572
      115 0.000020   0.002545
      323 0.000020  -0.002535
       56 0.000020  -0.002518
      285 0.000020  -0.002515
       98 0.000020  -0.002483
      326 0.000020  -0.002482
     1052 0.000020   0.002481
      512 0.000020  -0.002480
       79 0.000020  -0.002471
      317 0.000019  -0.002440
       82 0.000019   0.002417
      452 0.000019  -0.002376
      458 0.000019   0.002371
      379 0.000019  -0.002355
      382 0.000019   0.002334
       76 0.000018   0.002322
      614 0.000018   0.002321
      463 0.000018  -0.002310
      648 0.000018  -0.002301
       80 0.000018   0.002274
      555 0.000018  -0.002250
      139 0.000018  -0.002238
      505 0.000018   0.002235
      849 0.000018   0.002233
      598 0.000018  -0.002211
       92 0.000017   0.002183
       43 0.000017   0.002163
       41 0.000017  -0.002154
      695 0.000017  -0.002147
      178 0.000017   0.002147
       29 0.000017  -0.002138
      633 0.000017  -0.002131
      365 0.000017   0.002118
      437 0.000017   0.002112
      949 0.000017   0.002108
      192 0.000017   0.002105
      426 0.000017   0.002102
      180 0.000017  -0.002101
      526 0.000017   0.002099
      270 0.000017   0.002087
      514 0.000017   0.002086
      102 0.000016  -0.002066
      647 0.000016   0.002066
      938 0.000016   0.002059
      337 0.000016  -0.002058
      376 0.000016  -0.002049
      732 0.000016   0.002048
      177 0.000016  -0.002045
      371 0.000016   0.002038
      841 0.000016  -0.002033
      221 0.000016   0.002030
      363 0.000016   0.002028
      543 0.000016  -0.002027
      206 0.000016  -0.002019
      336 0.000016  -0.001985
      804 0.000016  -0.001963
      370 0.000016   0.001962
       97 0.000016   0.001961
       20 0.000015  -0.001948
      729 0.000015   0.001945
      565 0.000015   0.001934
      314 0.000015   0.001926
       93 0.000015   0.001915
      883 0.000015   0.001912
      346 0.000015   0.001902
      685 0.000015  -0.001878
      133 0.000015  -0.001873
      352 0.000015  -0.001872
       13 0.000015   0.001847
      751 0.000015   0.001847
      151 0.000015  -0.001841
       14 0.000015  -0.001839
      200 0.000015  -0.001839
      260 0.000015   0.001830
      903 0.000014  -0.001821
      120 0.000014  -0.001820
      816 0.000014   0.001817
      483 0.000014  -0.001816
      170 0.000014   0.001808
      554 0.000014   0.001807
      293 0.000014   0.001799
      358 0.000014   0.001797
       99 0.000014  -0.001745
      375 0.000014  -0.001726
      450 0.000014  -0.001723
      550 0.000014   0.001722
       62 0.000014   0.001720
      167 0.000014   0.001717
      534 0.000014  -0.001710
      856 0.000013   0.001699
     1047 0.000013   0.001693
      551 0.000013   0.001689
      907 0.000013   0.001668
      646 0.000013   0.001668
      984 0.000013   0.001665
      619 0.000013   0.001665
      244 0.000013   0.001660
      349 0.000013   0.001642
      746 0.000013  -0.001640
      796 0.000013   0.001637
       38 0.000013   0.001618
      284 0.000013   0.001608
      229 0.000013   0.001608
      290 0.000013  -0.001601
      568 0.000013  -0.001597
      634 0.000013  -0.001592
       78 0.000013   0.001584
       96 0.000013  -0.001583
      662 0.000012  -0.001570
       61 0.000012  -0.001565
       23 0.000012  -0.001563
      387 0.000012  -0.001551
      653 0.000012  -0.001551
      126 0.000012  -0.001523
      197 0.000012   0.001522
      966 0.000012   0.001516
      240 0.000012   0.001507
       58 0.000012   0.001503
      318 0.000012   0.001490
      462 0.000012   0.001475
      116 0.000012   0.001472
       84 0.000012   0.001461
       60 0.000011   0.001443
       90 0.000011  -0.001438
      473 0.000011  -0.001427
      809 0.000011  -0.001426
      558 0.000011   0.001419
      676 0.000011   0.001416
      181 0.000011  -0.001409
      106 0.000011  -0.001407
       24 0.000011   0.001404
      296 0.000011  -0.001398
      259 0.000011  -0.001397
      136 0.000011  -0.001396
       28 0.000011  -0.001395
      440 0.000011  -0.001393
      760 0.000011   0.001385
     1074 0.000011   0.001370
      702 0.000011  -0.001368
      747 0.000011  -0.001341
      111 0.000011   0.001329
      315 0.000010   0.001309
       31 0.000010   0.001309
      927 0.000010  -0.001308
       18 0.000010  -0.001305
      487 0.000010  -0.001290
      118 0.000010  -0.001289
      461 0.000010   0.001289
      720 0.000010  -0.001283
      163 0.000010   0.001278
      393 0.000010  -0.001272
      332 0.000010  -0.001271
       30 0.000010   0.001266
      372 0.000010   0.001264
      764 0.000010   0.001261
euclid. distance of OLC and linear combination of EV * x_coef: 0.01138559063562737

Generate samples based on objective loadcase 138
nr_to_generate: 25

Parameter variation distribution settings
distribution: uniform
low: 0.7
high: 1.3

Total process runtime: 0:00:01.330440
