Date and Time:2023-05-12 14:12:39.475400

Initial Settings:
similarity_model: <function cosine_similarity at 0x000001D005A6E5E0>
similarity_threshold: 1e-05
nr_eigv_to_select: None
distribution: uniform
deviation: 0.3
nr_to_generate: 25
recompute: False

Selected eigenvectors and similarity score w.r.t objective loadcase:
objective_loadcase_nr: 309
similarity_model: cosine_similarity
similarity_threshold: 1e-05
nr_eigv_to_select: None
nr_eigv_selected: 471
approximation parameter model: lstsq
similarity score and approx. param. value
:  eigv_idx    score      value
        1 0.550935  47.975751
        3 0.538780  46.917256
        2 0.497139 -43.291132
        0 0.394203  34.327423
        6 0.055664   4.847291
       39 0.018606   1.620227
        4 0.010450   0.910002
      639 0.003890   0.338772
       68 0.002943  -0.256280
      186 0.002406  -0.209534
      612 0.002157  -0.187810
      593 0.002134  -0.185853
      586 0.001953   0.170108
      218 0.001748  -0.152201
      716 0.001647   0.143396
      187 0.001583  -0.137851
      710 0.001529  -0.133153
      663 0.001511  -0.131577
      618 0.001494   0.130122
      668 0.001384   0.120557
      595 0.001250   0.108857
      194 0.001112   0.096850
      659 0.001049  -0.091358
      617 0.000957   0.083351
      686 0.000949  -0.082630
      388 0.000937  -0.081552
      626 0.000927   0.080759
      182 0.000905  -0.078827
      599 0.000829   0.072175
      143 0.000808   0.070396
      688 0.000806  -0.070196
      635 0.000793   0.069076
      562 0.000789  -0.068685
      670 0.000783   0.068200
      582 0.000778  -0.067767
      700 0.000775   0.067501
       71 0.000761  -0.066298
      183 0.000741   0.064522
      578 0.000724   0.063020
      579 0.000706   0.061443
      621 0.000699  -0.060907
      184 0.000693  -0.060376
      683 0.000690   0.060129
      698 0.000674  -0.058672
      733 0.000671   0.058406
      718 0.000601  -0.052378
      704 0.000601  -0.052304
      341 0.000584   0.050842
      666 0.000578  -0.050315
      749 0.000571  -0.049707
      253 0.000562  -0.048974
       69 0.000559  -0.048700
      602 0.000556  -0.048457
       70 0.000496   0.043181
      708 0.000488   0.042455
      567 0.000486  -0.042360
      606 0.000475  -0.041340
      174 0.000467   0.040663
      699 0.000467  -0.040638
      577 0.000458  -0.039922
      153 0.000448   0.039041
      641 0.000446  -0.038809
      228 0.000438  -0.038172
      210 0.000437  -0.038089
      735 0.000411  -0.035775
      620 0.000409  -0.035596
      575 0.000407   0.035460
      583 0.000402  -0.035042
      220 0.000395  -0.034391
      709 0.000393  -0.034217
      267 0.000383  -0.033311
      179 0.000367   0.032000
      707 0.000367  -0.031994
      362 0.000356  -0.030980
      204 0.000352   0.030681
      601 0.000350   0.030517
      848 0.000345  -0.030046
      171 0.000333  -0.029026
      419 0.000326  -0.028414
      412 0.000324  -0.028257
      631 0.000324  -0.028178
      403 0.000314   0.027304
      807 0.000311   0.027110
      696 0.000304  -0.026487
      604 0.000297  -0.025877
      383 0.000294   0.025560
      243 0.000289   0.025156
      756 0.000286  -0.024866
      587 0.000284   0.024732
      576 0.000279  -0.024316
      757 0.000277  -0.024086
      199 0.000276  -0.024068
      137 0.000273  -0.023799
      570 0.000269  -0.023403
      753 0.000268  -0.023360
      258 0.000264  -0.022957
      628 0.000261   0.022767
      377 0.000240  -0.020885
      400 0.000240  -0.020879
      573 0.000231   0.020145
      815 0.000230  -0.020056
      580 0.000225  -0.019573
      564 0.000224  -0.019477
      658 0.000222   0.019345
      665 0.000213  -0.018577
      787 0.000209   0.018183
      254 0.000207   0.018000
      132 0.000206   0.017980
      273 0.000203  -0.017696
      941 0.000203  -0.017655
      277 0.000198   0.017218
      853 0.000197  -0.017175
      271 0.000197   0.017155
      427 0.000190  -0.016536
      301 0.000190  -0.016512
      161 0.000189   0.016499
      667 0.000188   0.016334
      175 0.000187  -0.016244
      255 0.000185  -0.016094
      549 0.000183  -0.015967
      356 0.000183  -0.015957
      741 0.000183   0.015895
      793 0.000181  -0.015758
      269 0.000181  -0.015753
      800 0.000180  -0.015664
      828 0.000179  -0.015581
      739 0.000179  -0.015575
      687 0.000177   0.015450
      299 0.000175   0.015264
      236 0.000174   0.015193
      557 0.000174  -0.015175
      148 0.000174   0.015142
      369 0.000171   0.014898
      585 0.000168  -0.014600
      574 0.000165  -0.014386
      247 0.000164   0.014295
      784 0.000164  -0.014285
      217 0.000163  -0.014164
      820 0.000162  -0.014120
      711 0.000161   0.014048
      361 0.000159   0.013876
      380 0.000158   0.013723
      743 0.000158  -0.013717
      640 0.000156  -0.013616
      234 0.000153   0.013309
      398 0.000152  -0.013275
      230 0.000148  -0.012853
      295 0.000146  -0.012736
      566 0.000145   0.012648
      857 0.000145  -0.012639
      373 0.000143  -0.012427
       91 0.000142  -0.012352
      750 0.000140   0.012155
      690 0.000139   0.012112
      697 0.000139   0.012107
      353 0.000138  -0.012039
      257 0.000138  -0.011986
      790 0.000137   0.011949
      759 0.000135   0.011750
      605 0.000134  -0.011656
      908 0.000133  -0.011605
      726 0.000133  -0.011573
      553 0.000132  -0.011471
      629 0.000132  -0.011464
      645 0.000131   0.011436
      392 0.000131   0.011377
      354 0.000130   0.011357
      847 0.000130   0.011298
      235 0.000129  -0.011239
      855 0.000129  -0.011222
      795 0.000128   0.011182
      423 0.000127  -0.011061
      974 0.000126   0.010960
      431 0.000126  -0.010943
      436 0.000124   0.010823
      808 0.000124   0.010773
      736 0.000123  -0.010704
      638 0.000121  -0.010566
      798 0.000121   0.010560
      818 0.000121  -0.010537
      294 0.000120  -0.010415
      600 0.000119  -0.010382
      263 0.000117  -0.010221
      859 0.000117   0.010207
      107 0.000117  -0.010175
      581 0.000115  -0.009999
      742 0.000115  -0.009989
      312 0.000113  -0.009873
      206 0.000111   0.009691
      355 0.000110   0.009545
      561 0.000109   0.009506
      227 0.000108   0.009447
      840 0.000108  -0.009446
      239 0.000107   0.009353
      882 0.000106   0.009253
      266 0.000106  -0.009200
      594 0.000105  -0.009181
      281 0.000105   0.009147
      740 0.000105  -0.009103
      844 0.000104  -0.009088
      241 0.000104   0.009084
      591 0.000102   0.008865
      799 0.000101  -0.008829
      684 0.000101  -0.008796
      584 0.000100  -0.008750
      223 0.000100   0.008685
      367 0.000099   0.008605
      308 0.000099  -0.008604
      611 0.000098  -0.008551
      249 0.000095  -0.008265
      778 0.000094  -0.008222
      222 0.000094  -0.008186
      829 0.000094   0.008154
      832 0.000093   0.008124
     1095 0.000093  -0.008068
      569 0.000092   0.008032
      275 0.000092  -0.008018
      803 0.000092   0.007987
      632 0.000091   0.007931
      596 0.000091  -0.007906
      824 0.000090   0.007862
      572 0.000089  -0.007739
      801 0.000089  -0.007724
      723 0.000089  -0.007720
      261 0.000087  -0.007607
      394 0.000086   0.007528
      251 0.000086  -0.007525
      302 0.000086  -0.007522
      138 0.000085   0.007413
      268 0.000085  -0.007375
      343 0.000084  -0.007314
      291 0.000083   0.007260
      734 0.000083  -0.007216
      292 0.000082  -0.007160
      209 0.000082  -0.007103
      386 0.000081   0.007071
      955 0.000081   0.007059
      616 0.000081  -0.007055
      262 0.000080  -0.006986
      748 0.000080  -0.006973
      552 0.000080  -0.006967
      374 0.000079   0.006904
      298 0.000079  -0.006852
      762 0.000078   0.006793
      722 0.000078  -0.006774
      614 0.000077   0.006735
      802 0.000077   0.006721
      744 0.000077  -0.006708
      560 0.000076  -0.006650
      728 0.000076  -0.006613
      428 0.000076   0.006578
      937 0.000076  -0.006576
     1005 0.000076   0.006575
      776 0.000074  -0.006442
      826 0.000074  -0.006405
      913 0.000073  -0.006386
      337 0.000073  -0.006316
      701 0.000073  -0.006314
      978 0.000072   0.006298
      414 0.000071   0.006153
      193 0.000070  -0.006068
      654 0.000070   0.006056
      922 0.000069  -0.005987
      313 0.000067  -0.005874
      545 0.000067  -0.005827
      332 0.000066  -0.005774
      597 0.000066  -0.005760
      425 0.000066   0.005754
      879 0.000065  -0.005678
      863 0.000064  -0.005551
      539 0.000064   0.005539
      805 0.000063  -0.005495
      627 0.000063   0.005477
      289 0.000063   0.005461
      279 0.000061  -0.005346
      390 0.000061   0.005300
      895 0.000060   0.005201
      364 0.000059   0.005134
      891 0.000059  -0.005106
      843 0.000058  -0.005080
      782 0.000058  -0.005052
      325 0.000057  -0.004972
      232 0.000057  -0.004965
      319 0.000056   0.004914
      948 0.000056   0.004853
      322 0.000055  -0.004779
      831 0.000054   0.004701
      528 0.000053   0.004636
      329 0.000052  -0.004487
      821 0.000051  -0.004483
      407 0.000051  -0.004412
      226 0.000051  -0.004408
      858 0.000049  -0.004303
      225 0.000049  -0.004238
      870 0.000049  -0.004228
      542 0.000048   0.004204
      650 0.000046  -0.004046
      765 0.000046   0.004038
      789 0.000046   0.004010
      864 0.000046   0.003963
      590 0.000046  -0.003962
      359 0.000045  -0.003921
      540 0.000045  -0.003897
      867 0.000044   0.003825
      535 0.000044   0.003811
      860 0.000044  -0.003793
      323 0.000043  -0.003761
      987 0.000043   0.003743
      770 0.000043   0.003707
      928 0.000042  -0.003673
      881 0.000041  -0.003602
      792 0.000041   0.003583
      409 0.000041  -0.003553
      694 0.000041   0.003546
      773 0.000040   0.003446
      589 0.000039  -0.003417
      874 0.000039  -0.003404
      608 0.000039  -0.003373
      448 0.000038   0.003348
      397 0.000038  -0.003327
      201 0.000038  -0.003326
      780 0.000038  -0.003293
      518 0.000037   0.003214
     1001 0.000037  -0.003198
      315 0.000036   0.003167
      491 0.000036   0.003108
      297 0.000035  -0.003088
      933 0.000035   0.003062
      677 0.000035   0.003029
      603 0.000035  -0.003018
      169 0.000034  -0.002982
      763 0.000034  -0.002923
      636 0.000033  -0.002912
      410 0.000033  -0.002901
      823 0.000033   0.002894
      965 0.000033  -0.002884
      532 0.000033   0.002882
      950 0.000033  -0.002866
      993 0.000033   0.002863
      488 0.000033   0.002851
      357 0.000033   0.002838
      310 0.000033  -0.002837
      842 0.000032  -0.002812
     1025 0.000032   0.002802
      530 0.000032   0.002788
      286 0.000031   0.002743
      240 0.000031   0.002714
      360 0.000031  -0.002685
      445 0.000031  -0.002680
     1032 0.000031   0.002674
      880 0.000031   0.002671
      475 0.000031  -0.002662
      321 0.000030  -0.002605
      290 0.000030   0.002583
      680 0.000029   0.002557
      524 0.000029  -0.002530
      904 0.000028   0.002455
      588 0.000028   0.002435
      342 0.000028   0.002422
     1017 0.000027   0.002373
      424 0.000027  -0.002373
      894 0.000027  -0.002346
      942 0.000027   0.002337
      884 0.000026  -0.002297
      938 0.000026   0.002246
      237 0.000026  -0.002237
      224 0.000025  -0.002197
      432 0.000025   0.002180
      350 0.000025  -0.002165
      943 0.000025   0.002156
      900 0.000025  -0.002149
     1034 0.000024  -0.002083
      814 0.000024   0.002083
      649 0.000023  -0.002024
      917 0.000023   0.001968
      519 0.000022   0.001904
      502 0.000022   0.001893
      646 0.000022   0.001890
      252 0.000022   0.001887
      324 0.000021  -0.001840
      685 0.000021  -0.001835
      455 0.000021  -0.001833
      104 0.000021   0.001830
      526 0.000021   0.001825
      536 0.000021  -0.001821
      949 0.000021   0.001787
      714 0.000020  -0.001782
      479 0.000020   0.001766
      662 0.000020  -0.001749
      346 0.000020   0.001705
      538 0.000020   0.001700
      489 0.000019   0.001687
      592 0.000019  -0.001686
      512 0.000019  -0.001674
      643 0.000019  -0.001670
      463 0.000019  -0.001642
      727 0.000019  -0.001630
      437 0.000019   0.001623
      245 0.000019  -0.001614
      505 0.000019   0.001613
     1052 0.000018   0.001610
      514 0.000018   0.001598
      264 0.000018  -0.001595
      568 0.000018  -0.001566
      413 0.000018   0.001555
      775 0.000018   0.001525
      333 0.000017  -0.001513
      458 0.000017   0.001505
      244 0.000017  -0.001490
      283 0.000017   0.001490
      804 0.000017  -0.001477
      625 0.000017   0.001448
      732 0.000016   0.001417
      830 0.000016   0.001416
      681 0.000016  -0.001408
      856 0.000016   0.001401
       95 0.000016  -0.001401
      229 0.000016   0.001391
      907 0.000016   0.001383
      609 0.000016  -0.001377
      794 0.000015   0.001324
      702 0.000015  -0.001311
      259 0.000015  -0.001292
      363 0.000015   0.001290
      450 0.000015  -0.001287
      713 0.000015   0.001284
      347 0.000015  -0.001263
      838 0.000014   0.001254
      755 0.000014  -0.001247
      242 0.000014   0.001246
      351 0.000014  -0.001220
      382 0.000014   0.001176
      483 0.000014  -0.001176
      816 0.000013   0.001152
     1010 0.000013   0.001145
       93 0.000013  -0.001133
      131 0.000013  -0.001125
      462 0.000013   0.001091
     1047 0.000012   0.001076
      534 0.000012  -0.001076
      250 0.000012  -0.001072
       89 0.000012  -0.001053
      216 0.000012  -0.001049
      619 0.000012   0.001021
      307 0.000011  -0.001000
      642 0.000011  -0.000992
      868 0.000011  -0.000987
       98 0.000011  -0.000978
      634 0.000011  -0.000969
      248 0.000011  -0.000966
      598 0.000011   0.000965
      927 0.000011  -0.000965
      284 0.000011   0.000962
      705 0.000011  -0.000959
      473 0.000011  -0.000954
      123 0.000011  -0.000945
      487 0.000011  -0.000943
      287 0.000011   0.000936
      478 0.000011   0.000933
      426 0.000011   0.000928
      215 0.000011  -0.000921
      103 0.000010   0.000889
      510 0.000010  -0.000888
      221 0.000010   0.000886
      883 0.000010   0.000885
      309 0.000010  -0.000884
      288 0.000010  -0.000883
      839 0.000010  -0.000882
      669 0.000010   0.000882
      366 0.000010   0.000878
      418 0.000010  -0.000875
euclid. distance of OLC and linear combination of EV * x_coef: 0.00831967822757466

Generate samples based on objective loadcase 309
nr_to_generate: 25

Parameter variation distribution settings
distribution: uniform
low: 0.7
high: 1.3

Total process runtime: 0:00:01.313761
