Date and Time:2023-05-12 14:09:47.760994

Initial Settings:
similarity_model: <function cosine_similarity at 0x000001D005A6E5E0>
similarity_threshold: 1e-05
nr_eigv_to_select: None
distribution: uniform
deviation: 0.3
nr_to_generate: 25
recompute: False

Selected eigenvectors and similarity score w.r.t objective loadcase:
objective_loadcase_nr: 180
similarity_model: cosine_similarity
similarity_threshold: 1e-05
nr_eigv_to_select: None
nr_eigv_selected: 471
approximation parameter model: lstsq
similarity score and approx. param. value
:  eigv_idx    score      value
        3 0.548903  64.122699
        1 0.546784  63.875108
        2 0.495303 -57.861108
        0 0.389214  45.467883
        6 0.047996   5.606919
       39 0.020686   2.416563
        4 0.010745   1.255240
      639 0.003480   0.406544
      186 0.002365  -0.276325
      593 0.002017  -0.235599
      612 0.001984  -0.231799
      586 0.001838   0.214772
      218 0.001769  -0.206665
      710 0.001625  -0.189879
      716 0.001588   0.185516
      187 0.001569  -0.183283
      618 0.001335   0.155911
      663 0.001272  -0.148628
      668 0.001271   0.148509
      595 0.001179   0.137691
      194 0.001057   0.123521
      143 0.001047   0.122352
      686 0.000973  -0.113672
      659 0.000943  -0.110188
      626 0.000914   0.106747
      617 0.000882   0.103030
      388 0.000879  -0.102666
      688 0.000837  -0.097723
       68 0.000822  -0.095979
      599 0.000768   0.089709
      749 0.000758  -0.088567
      183 0.000752   0.087847
      562 0.000728  -0.085023
      635 0.000720   0.084065
      582 0.000717  -0.083799
       71 0.000714   0.083468
       69 0.000691   0.080753
      670 0.000686   0.080126
      182 0.000676  -0.079006
      578 0.000662   0.077328
      621 0.000658  -0.076901
      579 0.000634   0.074046
      700 0.000614   0.071699
      733 0.000580   0.067733
      683 0.000568   0.066316
      698 0.000560  -0.065458
      341 0.000559   0.065291
      153 0.000539   0.063009
      184 0.000537  -0.062688
      666 0.000524  -0.061243
      253 0.000504  -0.058904
      708 0.000502   0.058675
      174 0.000500   0.058374
      718 0.000495  -0.057802
      704 0.000493  -0.057550
      602 0.000492  -0.057453
      606 0.000479  -0.055940
      567 0.000470  -0.054951
      735 0.000469  -0.054745
      577 0.000461  -0.053897
      709 0.000413  -0.048287
      575 0.000404   0.047202
      228 0.000394  -0.046059
      220 0.000391  -0.045681
      699 0.000390  -0.045517
      641 0.000388  -0.045357
      620 0.000378  -0.044168
      267 0.000370  -0.043249
      210 0.000366  -0.042711
      583 0.000365  -0.042612
      601 0.000343   0.040108
      756 0.000332  -0.038808
      362 0.000331  -0.038636
      807 0.000322   0.037570
      848 0.000321  -0.037538
      258 0.000320  -0.037428
      707 0.000313  -0.036550
      412 0.000312  -0.036476
      137 0.000311  -0.036367
      419 0.000308  -0.035952
      631 0.000307  -0.035903
      757 0.000307  -0.035889
      243 0.000305   0.035615
      696 0.000304  -0.035552
      403 0.000301   0.035179
      204 0.000284   0.033173
      179 0.000283   0.033100
      587 0.000271   0.031632
      753 0.000270  -0.031590
      383 0.000270   0.031533
      741 0.000268   0.031318
      604 0.000265  -0.030997
      199 0.000251  -0.029364
      853 0.000250  -0.029153
      570 0.000247  -0.028874
      739 0.000243  -0.028436
      377 0.000234  -0.027356
      576 0.000234  -0.027281
      171 0.000230  -0.026848
      273 0.000230  -0.026826
      132 0.000221   0.025863
      400 0.000217  -0.025364
      793 0.000217  -0.025310
      628 0.000216   0.025194
      580 0.000214  -0.024955
      564 0.000207  -0.024208
      787 0.000206   0.024098
      658 0.000206   0.024095
      175 0.000200  -0.023344
      750 0.000196   0.022851
      815 0.000191  -0.022336
      573 0.000189   0.022097
      254 0.000188   0.021915
      235 0.000187  -0.021903
      230 0.000187  -0.021882
      271 0.000187   0.021860
      800 0.000187  -0.021792
      941 0.000185  -0.021588
      301 0.000182  -0.021295
      828 0.000182  -0.021221
      427 0.000182  -0.021216
      549 0.000175  -0.020480
      726 0.000174  -0.020360
      665 0.000171  -0.020015
      820 0.000171  -0.020011
      299 0.000170   0.019904
      361 0.000170   0.019837
      585 0.000168  -0.019627
      269 0.000167  -0.019494
      711 0.000166   0.019354
      557 0.000165  -0.019247
      743 0.000162  -0.018982
      784 0.000162  -0.018953
      574 0.000161  -0.018847
      373 0.000160  -0.018636
      247 0.000158   0.018508
      369 0.000158   0.018418
      667 0.000157   0.018332
      857 0.000156  -0.018173
      855 0.000155  -0.018134
      687 0.000152   0.017710
      356 0.000151  -0.017681
      818 0.000150  -0.017511
      257 0.000148  -0.017299
      566 0.000147   0.017224
      255 0.000146  -0.017032
      217 0.000145  -0.016986
      277 0.000145   0.016957
      605 0.000144  -0.016788
       70 0.000142   0.016647
      380 0.000140   0.016368
      239 0.000139   0.016265
      227 0.000138   0.016132
      553 0.000138  -0.016099
      275 0.000137  -0.016027
      790 0.000137   0.016011
      398 0.000135  -0.015790
      795 0.000134   0.015694
      295 0.000132  -0.015448
      808 0.000132   0.015420
      392 0.000130   0.015235
      263 0.000130  -0.015198
      690 0.000129   0.015106
      847 0.000129   0.015101
      241 0.000127   0.014780
      234 0.000126   0.014753
      353 0.000124  -0.014524
      908 0.000121  -0.014138
      824 0.000120   0.014049
      423 0.000120  -0.014014
      312 0.000120  -0.013985
      354 0.000120   0.013967
      431 0.000119  -0.013939
      742 0.000118  -0.013804
      697 0.000118   0.013740
      262 0.000116  -0.013544
      645 0.000116   0.013524
      294 0.000115  -0.013448
      591 0.000115   0.013439
      859 0.000114   0.013375
      974 0.000114   0.013363
      736 0.000114  -0.013279
      436 0.000112   0.013093
      638 0.000112  -0.013050
      236 0.000111   0.012922
      355 0.000109   0.012683
      882 0.000107   0.012505
      799 0.000107  -0.012505
      778 0.000106  -0.012441
      616 0.000106  -0.012345
      581 0.000104  -0.012180
      684 0.000104  -0.012146
      266 0.000103  -0.012027
      840 0.000103  -0.011991
      629 0.000102  -0.011955
      600 0.000101  -0.011800
      261 0.000100  -0.011739
      292 0.000100  -0.011682
      829 0.000098   0.011483
      279 0.000098  -0.011452
      367 0.000097   0.011372
      281 0.000097   0.011348
      206 0.000096   0.011263
      249 0.000096  -0.011261
      308 0.000095  -0.011043
      161 0.000094   0.011021
      596 0.000094  -0.011007
      569 0.000093   0.010839
      584 0.000093  -0.010822
       88 0.000093  -0.010810
      640 0.000092  -0.010799
      844 0.000092  -0.010706
      611 0.000091  -0.010672
      298 0.000091  -0.010577
      561 0.000087   0.010212
      734 0.000087  -0.010165
      798 0.000087   0.010150
      337 0.000087  -0.010122
      148 0.000086   0.010099
     1095 0.000086  -0.010017
      728 0.000084  -0.009860
      740 0.000083  -0.009707
      832 0.000081   0.009488
      594 0.000081  -0.009432
      723 0.000081  -0.009415
      222 0.000080  -0.009333
      744 0.000080  -0.009331
      223 0.000080   0.009315
      572 0.000079  -0.009200
      302 0.000079  -0.009184
      386 0.000078   0.009158
      107 0.000078  -0.009154
      332 0.000078  -0.009153
      770 0.000076   0.008902
      955 0.000074   0.008630
      560 0.000073  -0.008581
      843 0.000073  -0.008523
      782 0.000072  -0.008461
       93 0.000072  -0.008460
      654 0.000072   0.008402
      632 0.000072   0.008381
      701 0.000072  -0.008371
      209 0.000071  -0.008345
      937 0.000071  -0.008338
      343 0.000071  -0.008252
      978 0.000070   0.008216
      251 0.000070  -0.008212
     1005 0.000070   0.008198
      759 0.000069   0.008068
      291 0.000068   0.007991
      428 0.000068   0.007980
      104 0.000067   0.007876
      394 0.000067   0.007820
      748 0.000067  -0.007795
      169 0.000067  -0.007792
      879 0.000067  -0.007776
      913 0.000066  -0.007749
      552 0.000066  -0.007660
      329 0.000065  -0.007550
      390 0.000064   0.007512
      773 0.000064   0.007505
      414 0.000064   0.007500
      545 0.000064  -0.007484
      801 0.000063  -0.007392
      425 0.000063   0.007384
      922 0.000063  -0.007343
      891 0.000063  -0.007320
      268 0.000062  -0.007279
      948 0.000061   0.007182
      323 0.000061  -0.007152
      313 0.000061  -0.007096
      614 0.000060   0.007038
      826 0.000060  -0.007000
      290 0.000059   0.006858
      722 0.000058  -0.006799
      803 0.000058   0.006723
      597 0.000057  -0.006690
      539 0.000057   0.006658
      831 0.000057   0.006645
      863 0.000056  -0.006497
      765 0.000055   0.006440
      776 0.000055  -0.006433
      319 0.000055   0.006399
      895 0.000053   0.006242
      762 0.000053   0.006191
      325 0.000053  -0.006172
      864 0.000053   0.006169
      193 0.000053  -0.006153
      590 0.000052  -0.006059
      821 0.000052  -0.006031
      789 0.000051   0.005983
      589 0.000050  -0.005867
      528 0.000050   0.005809
      775 0.000050   0.005796
      860 0.000049  -0.005692
      374 0.000048   0.005631
      802 0.000048   0.005605
      792 0.000046   0.005355
      943 0.000044   0.005136
      870 0.000044  -0.005101
      542 0.000043   0.005024
      289 0.000043   0.005020
      535 0.000043   0.005013
      805 0.000042  -0.004907
      904 0.000042   0.004901
      322 0.000042  -0.004850
      823 0.000041   0.004835
      694 0.000041   0.004834
      407 0.000041  -0.004813
      588 0.000041   0.004740
      894 0.000040  -0.004676
      342 0.000040   0.004617
      540 0.000039  -0.004592
       91 0.000039  -0.004578
      874 0.000038  -0.004488
      928 0.000038  -0.004488
      987 0.000038   0.004488
      627 0.000038   0.004448
      881 0.000038  -0.004424
      278 0.000037   0.004266
      867 0.000036   0.004250
      409 0.000036  -0.004230
      315 0.000036   0.004208
      397 0.000036  -0.004191
      286 0.000035   0.004119
      880 0.000035   0.004112
      518 0.000035   0.004039
      283 0.000035   0.004039
      491 0.000035   0.004037
      448 0.000034   0.004020
     1001 0.000034  -0.004005
      942 0.000033   0.003853
      643 0.000033  -0.003812
      310 0.000032  -0.003774
      532 0.000032   0.003761
      950 0.000032  -0.003747
      933 0.000032   0.003741
      858 0.000031  -0.003655
      201 0.000031  -0.003646
      198 0.000031   0.003637
      488 0.000031   0.003609
      321 0.000031  -0.003595
      965 0.000030  -0.003537
      410 0.000030  -0.003506
      445 0.000029  -0.003435
      993 0.000029   0.003407
     1025 0.000029   0.003407
      650 0.000029  -0.003403
     1032 0.000029   0.003394
      264 0.000029   0.003382
      636 0.000029  -0.003361
      530 0.000029   0.003360
      475 0.000029  -0.003337
      297 0.000028  -0.003264
      677 0.000027   0.003176
      524 0.000027  -0.003175
      259 0.000027   0.003154
      245 0.000027  -0.003130
      884 0.000027  -0.003118
      649 0.000027  -0.003118
      424 0.000026  -0.003041
      224 0.000026  -0.003037
      364 0.000026   0.003028
      603 0.000026  -0.003018
      842 0.000026  -0.002981
      900 0.000024  -0.002845
      244 0.000024  -0.002812
     1017 0.000024   0.002771
      288 0.000023   0.002737
     1034 0.000023  -0.002661
      432 0.000022   0.002541
      333 0.000022  -0.002526
      526 0.000021   0.002489
      260 0.000021  -0.002482
      917 0.000021   0.002457
      830 0.000021   0.002447
      769 0.000021   0.002433
      287 0.000021  -0.002424
      131 0.000021   0.002422
      360 0.000021  -0.002409
      685 0.000021  -0.002400
      714 0.000020  -0.002367
      366 0.000020   0.002355
      794 0.000020   0.002326
      519 0.000020   0.002320
      502 0.000020   0.002312
      232 0.000020  -0.002281
      479 0.000019   0.002276
      856 0.000019   0.002274
       86 0.000019  -0.002273
      455 0.000019  -0.002229
       87 0.000019  -0.002189
      250 0.000019   0.002179
      814 0.000019   0.002178
      680 0.000018   0.002143
      514 0.000018   0.002138
      252 0.000018  -0.002102
      536 0.000018  -0.002100
      463 0.000018  -0.002074
      437 0.000018   0.002061
      346 0.000017   0.002044
      938 0.000017   0.002044
      489 0.000017   0.002028
      512 0.000017  -0.001994
      949 0.000017   0.001984
     1052 0.000017   0.001982
      935 0.000017  -0.001964
      188 0.000016  -0.001899
      200 0.000016  -0.001897
      357 0.000016   0.001892
      195 0.000016  -0.001887
      811 0.000016   0.001878
      359 0.000016  -0.001861
      350 0.000016  -0.001854
      458 0.000016   0.001848
      505 0.000016   0.001820
      971 0.000016  -0.001815
      293 0.000016  -0.001814
      610 0.000015  -0.001802
      927 0.000015  -0.001761
      907 0.000015   0.001755
      285 0.000015   0.001748
      964 0.000015   0.001740
      732 0.000015   0.001705
     1010 0.000014   0.001687
      810 0.000014   0.001670
      221 0.000014   0.001668
      883 0.000014   0.001665
      921 0.000014  -0.001629
      450 0.000014  -0.001617
      755 0.000014  -0.001616
      988 0.000014  -0.001589
      538 0.000013   0.001562
     1073 0.000013  -0.001560
      934 0.000013  -0.001557
      780 0.000013  -0.001552
      763 0.000013   0.001545
      619 0.000013   0.001541
       98 0.000013  -0.001505
      216 0.000013  -0.001501
      592 0.000013  -0.001497
      966 0.000013   0.001493
      653 0.000013  -0.001480
      791 0.000013   0.001473
      265 0.000012  -0.001449
      197 0.000012   0.001447
      307 0.000012  -0.001440
      272 0.000012  -0.001438
      727 0.000012  -0.001435
      226 0.000012  -0.001415
      608 0.000012  -0.001412
      483 0.000012  -0.001405
      662 0.000012  -0.001399
      328 0.000012  -0.001389
      957 0.000012   0.001379
      330 0.000012  -0.001359
      192 0.000011   0.001333
      225 0.000011  -0.001317
      816 0.000011   0.001299
      647 0.000011   0.001299
      462 0.000011   0.001298
     1047 0.000011   0.001278
      669 0.000011   0.001271
      625 0.000011  -0.001257
       78 0.000011   0.001244
      634 0.000011  -0.001240
      426 0.000010   0.001208
      473 0.000010  -0.001204
      478 0.000010   0.001199
      487 0.000010  -0.001199
       76 0.000010   0.001176
euclid. distance of OLC and linear combination of EV * x_coef: 0.010940532926791837

Generate samples based on objective loadcase 180
nr_to_generate: 25

Parameter variation distribution settings
distribution: uniform
low: 0.7
high: 1.3

Total process runtime: 0:00:01.230392
