Date and Time:2023-05-12 14:23:59.290723

Initial Settings:
similarity_model: <function cosine_similarity at 0x000001D005A6E5E0>
similarity_threshold: 1e-05
nr_eigv_to_select: None
distribution: uniform
deviation: 0.3
nr_to_generate: 25
recompute: False

Selected eigenvectors and similarity score w.r.t objective loadcase:
objective_loadcase_nr: 819
similarity_model: cosine_similarity
similarity_threshold: 1e-05
nr_eigv_to_select: None
nr_eigv_selected: 618
approximation parameter model: lstsq
similarity score and approx. param. value
:  eigv_idx    score      value
        1 0.573210  83.853791
        3 0.516373  75.539326
        2 0.474155 -69.363233
        0 0.418929  61.284367
        6 0.064595   9.449457
       39 0.009235   1.351023
        4 0.008974   1.312817
       68 0.006042  -0.883834
      639 0.003675   0.537581
       71 0.002730  -0.399296
      186 0.002331  -0.340997
       69 0.002291  -0.335090
      612 0.002006  -0.293469
      593 0.001792  -0.262208
      618 0.001767   0.258559
      716 0.001693   0.247636
      586 0.001628   0.238140
      663 0.001588  -0.232312
      187 0.001576  -0.230582
      668 0.001530   0.223791
      182 0.001496  -0.218898
      710 0.001456  -0.213067
      218 0.001160  -0.169639
      659 0.001141  -0.166870
      184 0.001117  -0.163337
      194 0.001101   0.161044
      617 0.001081   0.158161
       70 0.001001   0.146441
      143 0.000997   0.145835
      595 0.000971   0.142068
      700 0.000946   0.138404
      683 0.000889   0.130058
      686 0.000874  -0.127825
      579 0.000870   0.127251
      749 0.000811  -0.118621
      688 0.000803  -0.117446
      388 0.000786  -0.115000
      635 0.000781   0.114205
      599 0.000739   0.108070
      562 0.000713  -0.104373
      183 0.000713   0.104317
      582 0.000700  -0.102345
      578 0.000670   0.097945
      670 0.000642   0.093862
      228 0.000641  -0.093832
      666 0.000634  -0.092707
      179 0.000614   0.089788
      698 0.000606  -0.088596
      626 0.000598   0.087536
      171 0.000587  -0.085832
      733 0.000572   0.083612
      253 0.000549  -0.080291
      621 0.000548  -0.080112
      735 0.000548  -0.080097
      602 0.000523  -0.076504
      137 0.000502  -0.073471
      708 0.000488   0.071438
      341 0.000465   0.067961
      210 0.000437  -0.063919
      362 0.000436  -0.063811
      641 0.000423  -0.061825
      153 0.000403   0.059014
      699 0.000399  -0.058373
      174 0.000399   0.058337
      583 0.000381  -0.055762
      718 0.000379  -0.055466
      628 0.000379   0.055401
      576 0.000375  -0.054796
      709 0.000374  -0.054659
      243 0.000366   0.053529
      757 0.000360  -0.052704
      631 0.000359  -0.052588
      604 0.000358  -0.052428
      759 0.000356   0.052100
      756 0.000353  -0.051643
      254 0.000344   0.050292
      220 0.000343  -0.050148
      606 0.000336  -0.049220
      148 0.000336   0.049135
      567 0.000323  -0.047276
      161 0.000319   0.046641
       91 0.000316  -0.046178
      575 0.000315   0.046030
      132 0.000308   0.045117
      573 0.000307   0.044872
      741 0.000304   0.044458
      400 0.000301  -0.044063
      271 0.000300   0.043906
      787 0.000293   0.042836
      138 0.000289   0.042306
      577 0.000285  -0.041679
      204 0.000279   0.040800
      640 0.000279  -0.040789
      277 0.000276   0.040353
      419 0.000276  -0.040305
      620 0.000273  -0.039887
      848 0.000269  -0.039393
      236 0.000266   0.038844
      807 0.000259   0.037850
      739 0.000258  -0.037777
      403 0.000255   0.037343
      853 0.000255  -0.037297
      815 0.000254  -0.037159
      412 0.000250  -0.036611
      658 0.000235   0.034445
      587 0.000234   0.034162
      267 0.000233  -0.034039
      199 0.000230  -0.033587
      580 0.000223  -0.032563
      601 0.000221   0.032378
      234 0.000221   0.032369
      249 0.000220  -0.032230
      377 0.000220  -0.032194
      798 0.000219   0.031999
      750 0.000211   0.030906
      665 0.000206  -0.030205
      704 0.000206  -0.030103
      941 0.000205  -0.029978
      763 0.000199  -0.029097
      564 0.000198  -0.028950
      566 0.000195   0.028567
      383 0.000195   0.028511
      361 0.000188   0.027526
      367 0.000187   0.027326
      687 0.000187   0.027318
      762 0.000184   0.026974
      258 0.000181  -0.026537
      355 0.000179   0.026222
      570 0.000179  -0.026158
      107 0.000177  -0.025833
      549 0.000175  -0.025597
      828 0.000175  -0.025541
      380 0.000171   0.024963
      398 0.000168  -0.024645
      257 0.000168  -0.024520
      255 0.000165  -0.024130
      295 0.000165  -0.024085
      175 0.000165  -0.024069
      262 0.000164  -0.024015
      857 0.000164  -0.023992
      690 0.000161   0.023610
      353 0.000160  -0.023386
      847 0.000159   0.023236
      820 0.000159  -0.023202
      800 0.000157  -0.023006
      427 0.000156  -0.022789
      711 0.000156   0.022749
      790 0.000154   0.022535
      557 0.000153  -0.022452
      436 0.000151   0.022043
      198 0.000150   0.022013
      301 0.000146  -0.021426
      707 0.000145  -0.021216
      740 0.000144  -0.021057
      684 0.000143  -0.020990
      801 0.000143  -0.020893
      217 0.000142  -0.020794
      222 0.000142  -0.020785
      667 0.000140   0.020458
      308 0.000140  -0.020434
      373 0.000138  -0.020250
      193 0.000138  -0.020122
      574 0.000136  -0.019907
      281 0.000136   0.019897
       88 0.000133   0.019516
      605 0.000133  -0.019409
      908 0.000132  -0.019291
       93 0.000130   0.019084
      600 0.000130  -0.018962
      818 0.000127  -0.018631
      859 0.000127   0.018572
      974 0.000126   0.018438
      581 0.000126  -0.018429
      561 0.000126   0.018421
      743 0.000126  -0.018374
      390 0.000124   0.018157
      753 0.000124  -0.018148
      784 0.000123  -0.018025
      294 0.000123  -0.017944
      882 0.000121   0.017734
      261 0.000120  -0.017560
      645 0.000119   0.017352
      266 0.000116  -0.016942
      572 0.000114  -0.016744
      803 0.000114   0.016700
      629 0.000112  -0.016417
      241 0.000112   0.016356
      808 0.000111   0.016222
      247 0.000110   0.016155
      840 0.000109  -0.015888
      431 0.000108  -0.015825
      299 0.000108   0.015805
      423 0.000108  -0.015793
      386 0.000108   0.015787
      723 0.000107  -0.015659
      552 0.000106  -0.015436
      614 0.000105   0.015366
      302 0.000104  -0.015247
      802 0.000101   0.014816
      603 0.000100  -0.014652
      805 0.000099  -0.014546
      855 0.000097  -0.014233
      611 0.000097  -0.014231
      594 0.000097  -0.014166
      343 0.000097  -0.014164
      697 0.000096   0.014093
      726 0.000096  -0.014017
     1095 0.000095  -0.013949
      597 0.000095  -0.013946
      585 0.000095  -0.013847
      209 0.000095  -0.013827
      734 0.000095  -0.013824
      955 0.000094   0.013811
      407 0.000094  -0.013772
      297 0.000094  -0.013740
      428 0.000094   0.013718
      832 0.000094   0.013707
      829 0.000094   0.013687
      824 0.000093   0.013658
      584 0.000093  -0.013653
      844 0.000093  -0.013628
      312 0.000093  -0.013600
      392 0.000092   0.013410
      638 0.000091  -0.013281
      414 0.000089   0.013078
      131 0.000089  -0.012955
      799 0.000088  -0.012860
      863 0.000085  -0.012449
      736 0.000084  -0.012354
      356 0.000083  -0.012142
      318 0.000083   0.012091
      374 0.000082   0.012030
      780 0.000081  -0.011855
      227 0.000080  -0.011692
      748 0.000080  -0.011673
      397 0.000079  -0.011575
      843 0.000079  -0.011516
      354 0.000078   0.011483
      545 0.000078  -0.011436
      879 0.000078  -0.011355
      891 0.000077  -0.011229
      770 0.000075   0.011018
     1005 0.000073   0.010628
      795 0.000072   0.010562
      913 0.000072  -0.010480
      922 0.000071  -0.010420
      273 0.000071  -0.010393
      701 0.000071  -0.010346
      292 0.000070  -0.010231
      349 0.000070  -0.010222
      425 0.000069   0.010155
      826 0.000069  -0.010149
      776 0.000069  -0.010143
      632 0.000069   0.010084
      232 0.000069  -0.010027
      608 0.000068  -0.009982
      359 0.000067   0.009868
      230 0.000067   0.009797
      677 0.000067   0.009779
      773 0.000066   0.009651
      937 0.000066  -0.009625
      775 0.000065  -0.009572
      728 0.000065  -0.009500
      364 0.000064  -0.009427
      268 0.000064  -0.009362
      782 0.000063  -0.009263
      744 0.000063  -0.009224
      275 0.000063  -0.009166
      319 0.000062   0.009112
      789 0.000062   0.009072
      978 0.000062   0.009050
       66 0.000062  -0.009043
      413 0.000061   0.008942
      114 0.000061   0.008878
      793 0.000061  -0.008864
      335 0.000060   0.008761
      118 0.000059   0.008580
      769 0.000058  -0.008534
      694 0.000058  -0.008506
      539 0.000058   0.008487
       87 0.000058  -0.008484
      123 0.000058  -0.008484
      290 0.000058  -0.008421
      409 0.000057  -0.008365
      742 0.000057  -0.008344
      291 0.000057   0.008291
       86 0.000056  -0.008195
      206 0.000056  -0.008186
      867 0.000055   0.008114
      125 0.000055   0.008103
       64 0.000055  -0.008052
      158 0.000055  -0.007994
      313 0.000054  -0.007960
      560 0.000054  -0.007958
      323 0.000054  -0.007927
      142 0.000054   0.007927
      542 0.000054   0.007922
      895 0.000054   0.007887
      540 0.000053  -0.007801
       81 0.000053  -0.007714
      553 0.000053  -0.007710
      289 0.000053   0.007704
       60 0.000052  -0.007651
      369 0.000052   0.007649
      146 0.000052  -0.007604
      394 0.000052   0.007580
      838 0.000051   0.007510
      350 0.000051   0.007509
      654 0.000051   0.007508
      264 0.000051   0.007433
      858 0.000050  -0.007321
      722 0.000050  -0.007308
       63 0.000050   0.007267
       95 0.000049  -0.007228
      589 0.000049  -0.007157
      831 0.000049   0.007139
      765 0.000049   0.007099
      864 0.000048   0.007050
      987 0.000048   0.006998
      320 0.000048  -0.006957
      330 0.000047   0.006895
      778 0.000047  -0.006887
      821 0.000047  -0.006845
       59 0.000047  -0.006803
      965 0.000046  -0.006786
      609 0.000046  -0.006783
      259 0.000046   0.006711
      528 0.000046   0.006679
      596 0.000046  -0.006661
      870 0.000045  -0.006625
      448 0.000045   0.006583
      402 0.000045   0.006559
      616 0.000045   0.006539
      928 0.000045  -0.006536
      406 0.000045   0.006534
      159 0.000045  -0.006531
      112 0.000045  -0.006528
      613 0.000044  -0.006507
      201 0.000044   0.006459
       80 0.000044   0.006372
      144 0.000043   0.006335
      224 0.000043  -0.006326
      610 0.000043   0.006293
      569 0.000043   0.006289
      276 0.000042  -0.006212
       99 0.000042  -0.006195
      874 0.000042  -0.006176
      993 0.000042   0.006168
      164 0.000042  -0.006160
     1001 0.000042  -0.006135
       73 0.000042  -0.006110
      115 0.000041   0.006069
      310 0.000041  -0.006035
       83 0.000041   0.006028
      823 0.000041   0.006024
      216 0.000041   0.006012
      625 0.000041  -0.005951
      881 0.000040  -0.005924
      904 0.000040   0.005913
      662 0.000040  -0.005841
      366 0.000040   0.005826
      104 0.000040  -0.005822
      315 0.000040   0.005805
      830 0.000039   0.005709
      405 0.000039  -0.005675
      296 0.000039   0.005649
      314 0.000038   0.005589
      169 0.000038  -0.005582
      269 0.000038  -0.005559
      286 0.000038   0.005546
       89 0.000038  -0.005539
      157 0.000038   0.005513
       94 0.000037  -0.005480
      141 0.000037  -0.005452
     1025 0.000037   0.005399
      530 0.000037   0.005390
      145 0.000037   0.005386
      326 0.000036  -0.005330
      357 0.000036  -0.005235
      155 0.000035  -0.005181
      948 0.000035   0.005155
      933 0.000035   0.005113
      650 0.000035  -0.005098
      894 0.000035  -0.005080
      950 0.000035  -0.005065
      636 0.000035  -0.005048
      432 0.000034   0.004984
      245 0.000034  -0.004966
      713 0.000034   0.004916
      322 0.000033  -0.004866
      293 0.000033  -0.004833
      251 0.000032  -0.004749
      518 0.000032   0.004728
      535 0.000032   0.004717
      309 0.000032  -0.004709
      272 0.000032  -0.004696
       77 0.000032   0.004672
      119 0.000032  -0.004648
      285 0.000032  -0.004645
      128 0.000031   0.004580
      333 0.000031   0.004541
      839 0.000031  -0.004529
      117 0.000031   0.004518
      410 0.000031  -0.004504
      160 0.000031  -0.004464
       74 0.000030  -0.004452
      445 0.000030  -0.004432
      368 0.000030   0.004427
      101 0.000030  -0.004418
      675 0.000030   0.004403
     1017 0.000030   0.004376
     1032 0.000030   0.004374
       76 0.000030  -0.004349
      814 0.000030   0.004319
       14 0.000029  -0.004315
      382 0.000029  -0.004314
       13 0.000029   0.004312
      900 0.000029  -0.004310
      880 0.000029   0.004290
      424 0.000029  -0.004256
      693 0.000029  -0.004244
      491 0.000029   0.004230
      165 0.000028  -0.004103
      274 0.000028   0.004034
      170 0.000028  -0.004034
      538 0.000027   0.004011
      321 0.000027   0.003994
      884 0.000027  -0.003979
      938 0.000027   0.003970
      304 0.000027   0.003969
      244 0.000027   0.003940
       98 0.000027   0.003904
      592 0.000027  -0.003897
      260 0.000027  -0.003895
      475 0.000026  -0.003850
      942 0.000026   0.003836
      860 0.000026  -0.003793
      532 0.000026   0.003789
       82 0.000026   0.003777
      664 0.000026  -0.003769
      488 0.000026   0.003768
      116 0.000026   0.003761
      401 0.000026  -0.003734
      502 0.000025   0.003681
      214 0.000025  -0.003669
      554 0.000025   0.003653
       57 0.000025  -0.003630
      555 0.000025  -0.003617
      239 0.000025  -0.003617
      917 0.000025   0.003607
      519 0.000025   0.003602
      505 0.000025   0.003602
      671 0.000024   0.003532
      524 0.000024  -0.003532
      342 0.000024   0.003526
      371 0.000024  -0.003491
      334 0.000024   0.003477
      712 0.000024  -0.003470
      347 0.000024   0.003451
      489 0.000023   0.003430
      384 0.000023  -0.003425
      279 0.000023   0.003423
      868 0.000023  -0.003413
      121 0.000023  -0.003409
      358 0.000023   0.003378
      420 0.000023   0.003353
      779 0.000023   0.003342
      235 0.000023  -0.003331
      387 0.000023   0.003321
       90 0.000023  -0.003320
      147 0.000022  -0.003277
      365 0.000022  -0.003270
      588 0.000022  -0.003247
      943 0.000022   0.003238
      727 0.000022  -0.003221
      336 0.000022  -0.003193
      681 0.000022   0.003188
      623 0.000022  -0.003183
       79 0.000021  -0.003129
      130 0.000021   0.003123
      152 0.000021  -0.003115
      695 0.000021   0.003088
      455 0.000021  -0.003044
      338 0.000021   0.003020
      136 0.000020   0.002999
      714 0.000020  -0.002944
     1034 0.000020  -0.002942
     1052 0.000020   0.002940
      139 0.000020   0.002929
      598 0.000020   0.002922
      248 0.000020   0.002896
      109 0.000020   0.002887
      325 0.000019  -0.002845
      536 0.000019  -0.002837
      673 0.000019   0.002802
      458 0.000019   0.002787
      755 0.000019  -0.002780
      959 0.000019   0.002747
      396 0.000019  -0.002745
      646 0.000019   0.002738
      113 0.000018   0.002687
      149 0.000018   0.002686
      724 0.000018  -0.002673
      837 0.000018   0.002670
      156 0.000018  -0.002662
      512 0.000018  -0.002659
      649 0.000018  -0.002652
      691 0.000018  -0.002646
      642 0.000018  -0.002640
      404 0.000018  -0.002618
      352 0.000018  -0.002592
      162 0.000018  -0.002585
      154 0.000018  -0.002561
      331 0.000017   0.002530
      181 0.000017  -0.002527
       78 0.000017  -0.002523
      215 0.000017   0.002518
      127 0.000017   0.002514
      966 0.000017   0.002510
      437 0.000017   0.002506
      903 0.000017  -0.002495
      100 0.000017   0.002494
      764 0.000017   0.002480
       84 0.000017   0.002469
      811 0.000017   0.002468
      463 0.000017  -0.002460
      591 0.000017   0.002456
      242 0.000017  -0.002452
      395 0.000017   0.002434
       55 0.000017  -0.002419
      449 0.000016  -0.002368
      110 0.000016   0.002362
      534 0.000016  -0.002345
      111 0.000016   0.002327
      278 0.000016  -0.002319
      810 0.000016   0.002303
      949 0.000016   0.002303
      105 0.000016   0.002292
      680 0.000016   0.002279
      307 0.000015   0.002264
      760 0.000015   0.002259
      134 0.000015  -0.002248
       92 0.000015   0.002199
      250 0.000015  -0.002199
      842 0.000015  -0.002165
       31 0.000015   0.002153
      479 0.000015   0.002150
      462 0.000014   0.002117
      221 0.000014  -0.002104
      483 0.000014  -0.002103
      265 0.000014  -0.002097
      450 0.000014  -0.002093
      526 0.000014   0.002088
      619 0.000014   0.002088
      543 0.000014  -0.002082
       29 0.000014  -0.002071
      964 0.000014   0.002052
      231 0.000014  -0.002031
      676 0.000014   0.002030
      223 0.000014   0.002020
     1047 0.000014   0.002011
      270 0.000014   0.002009
      883 0.000014   0.001978
      263 0.000014   0.001975
       65 0.000013   0.001952
      327 0.000013   0.001945
       62 0.000013  -0.001936
      705 0.000013   0.001932
      643 0.000013  -0.001929
      363 0.000013  -0.001906
      514 0.000013   0.001893
      339 0.000013   0.001892
      163 0.000013  -0.001887
       85 0.000013   0.001885
      510 0.000013  -0.001851
      833 0.000013   0.001839
       33 0.000012  -0.001822
       27 0.000012   0.001822
      669 0.000012   0.001821
       75 0.000012   0.001813
       50 0.000012   0.001804
      856 0.000012   0.001789
     1074 0.000012   0.001768
      634 0.000012  -0.001762
      732 0.000012   0.001758
      305 0.000012   0.001757
      185 0.000012   0.001756
       48 0.000012  -0.001754
      816 0.000012   0.001751
      172 0.000012  -0.001746
      287 0.000012   0.001746
      791 0.000012   0.001743
      360 0.000012   0.001731
      752 0.000011   0.001677
      478 0.000011   0.001656
      473 0.000011  -0.001654
      984 0.000011   0.001638
      563 0.000011   0.001636
      804 0.000011  -0.001625
      102 0.000011  -0.001599
      907 0.000011   0.001587
      418 0.000011  -0.001586
       25 0.000011  -0.001563
      558 0.000011   0.001559
      565 0.000011   0.001557
       72 0.000011  -0.001546
       36 0.000011   0.001542
      370 0.000010  -0.001525
      927 0.000010  -0.001520
      399 0.000010   0.001501
      792 0.000010   0.001494
      452 0.000010  -0.001492
      559 0.000010  -0.001475
       21 0.000010   0.001472
      176 0.000010  -0.001471
       67 0.000010  -0.001471
      454 0.000010  -0.001468
      685 0.000010  -0.001463
euclid. distance of OLC and linear combination of EV * x_coef: 0.011886223153490853

Generate samples based on objective loadcase 819
nr_to_generate: 25

Parameter variation distribution settings
distribution: uniform
low: 0.7
high: 1.3

Total process runtime: 0:00:01.400304
