Date and Time:2023-05-12 14:18:36.624817

Initial Settings:
similarity_model: <function cosine_similarity at 0x000001D005A6E5E0>
similarity_threshold: 1e-05
nr_eigv_to_select: None
distribution: uniform
deviation: 0.3
nr_to_generate: 25
recompute: False

Selected eigenvectors and similarity score w.r.t objective loadcase:
objective_loadcase_nr: 578
similarity_model: cosine_similarity
similarity_threshold: 1e-05
nr_eigv_to_select: None
nr_eigv_selected: 513
approximation parameter model: lstsq
similarity score and approx. param. value
:  eigv_idx    score      value
        1 0.551451  41.511656
        3 0.542010  40.800938
        2 0.493195 -37.126287
        0 0.394512  29.697754
        6 0.052430   3.946797
       39 0.017248   1.298404
        4 0.010441   0.785973
       68 0.003805  -0.286395
      639 0.003700   0.278527
      186 0.002176  -0.163814
      612 0.002063  -0.155317
      593 0.001998  -0.150414
      586 0.001832   0.137870
      218 0.001699  -0.127886
      716 0.001532   0.115342
      618 0.001484   0.111714
      710 0.001482  -0.111536
      187 0.001480  -0.111383
      663 0.001449  -0.109106
      668 0.001338   0.100694
       71 0.001292  -0.097283
      595 0.001140   0.085846
      182 0.001070  -0.080578
       69 0.001027  -0.077321
      194 0.000996   0.074962
      659 0.000994  -0.074793
      143 0.000970   0.073001
      617 0.000930   0.070006
      686 0.000887  -0.066746
      388 0.000872  -0.065623
      184 0.000836  -0.062931
      626 0.000827   0.062259
      599 0.000788   0.059296
      688 0.000787  -0.059233
      635 0.000767   0.057701
      749 0.000759  -0.057167
      562 0.000748  -0.056301
      582 0.000740  -0.055740
      700 0.000732   0.055139
      579 0.000716   0.053922
      683 0.000711   0.053504
      183 0.000692   0.052108
      670 0.000691   0.051991
      578 0.000676   0.050877
      621 0.000638  -0.048047
       70 0.000636   0.047847
      733 0.000602   0.045351
      698 0.000588  -0.044232
      602 0.000547  -0.041188
      341 0.000547   0.041158
      666 0.000544  -0.040972
      253 0.000518  -0.038982
      735 0.000495  -0.037243
      228 0.000491  -0.036928
      718 0.000476  -0.035804
      708 0.000472   0.035533
      179 0.000447   0.033680
      606 0.000446  -0.033561
      153 0.000438   0.032957
      567 0.000435  -0.032735
      220 0.000419  -0.031572
      641 0.000419  -0.031553
      171 0.000417  -0.031371
      174 0.000412   0.030985
      577 0.000401  -0.030199
      699 0.000399  -0.030038
      704 0.000394  -0.029668
      137 0.000389  -0.029255
      575 0.000382   0.028782
      583 0.000381  -0.028647
      709 0.000375  -0.028215
      210 0.000369  -0.027763
      362 0.000369  -0.027762
      620 0.000363  -0.027347
      267 0.000345  -0.025985
      756 0.000334  -0.025117
      631 0.000332  -0.024988
      243 0.000317   0.023871
      757 0.000314  -0.023634
      848 0.000310  -0.023351
      419 0.000306  -0.023039
      412 0.000302  -0.022706
      604 0.000301  -0.022627
      576 0.000298  -0.022402
      601 0.000296   0.022316
      807 0.000295   0.022200
      258 0.000286  -0.021509
      403 0.000283   0.021315
      628 0.000281   0.021137
      741 0.000272   0.020488
      587 0.000270   0.020293
      707 0.000264  -0.019879
      853 0.000255  -0.019174
      132 0.000252   0.018940
      400 0.000248  -0.018677
      753 0.000243  -0.018303
      383 0.000241   0.018164
      787 0.000238   0.017951
      377 0.000234  -0.017589
      573 0.000229   0.017263
      254 0.000228   0.017168
      739 0.000228  -0.017155
      361 0.000225   0.016946
      204 0.000222   0.016715
      271 0.000219   0.016486
      570 0.000216  -0.016290
      658 0.000213   0.016003
      815 0.000212  -0.015937
      277 0.000211   0.015863
      580 0.000210  -0.015772
      161 0.000209   0.015696
      148 0.000204   0.015368
      564 0.000204  -0.015328
      750 0.000199   0.014968
      549 0.000192  -0.014437
      941 0.000188  -0.014159
      665 0.000185  -0.013963
      236 0.000185   0.013955
      696 0.000185  -0.013943
      199 0.000184  -0.013838
      273 0.000182  -0.013718
      427 0.000179  -0.013504
      687 0.000178   0.013396
      373 0.000177  -0.013309
      301 0.000176  -0.013245
      800 0.000176  -0.013215
      640 0.000175  -0.013137
      234 0.000174   0.013069
       91 0.000173  -0.013039
      355 0.000172   0.012962
      743 0.000172  -0.012955
      828 0.000172  -0.012930
      299 0.000167   0.012606
      793 0.000167  -0.012546
      566 0.000163   0.012256
      857 0.000162  -0.012227
      820 0.000162  -0.012159
      175 0.000159  -0.012005
      367 0.000157   0.011792
      255 0.000153  -0.011549
      667 0.000152   0.011471
      711 0.000150   0.011284
      398 0.000150  -0.011266
      557 0.000149  -0.011243
      257 0.000148  -0.011133
      247 0.000147   0.011060
      574 0.000146  -0.011024
      269 0.000143  -0.010795
      380 0.000142   0.010685
      784 0.000141  -0.010577
      392 0.000140   0.010569
      249 0.000139  -0.010430
      790 0.000138   0.010410
      818 0.000137  -0.010347
      855 0.000137  -0.010330
      726 0.000135  -0.010178
      295 0.000134  -0.010104
      353 0.000134  -0.010065
      847 0.000133   0.010035
      605 0.000132  -0.009932
      138 0.000132   0.009920
      294 0.000131  -0.009857
      312 0.000131  -0.009857
      690 0.000129   0.009701
      436 0.000126   0.009509
      808 0.000126   0.009482
      798 0.000126   0.009460
      262 0.000125  -0.009439
      645 0.000125   0.009430
      107 0.000124  -0.009370
      908 0.000124  -0.009338
      859 0.000124   0.009323
      198 0.000123   0.009231
      431 0.000120  -0.009006
      423 0.000120  -0.008997
      795 0.000119   0.008980
      759 0.000117   0.008811
      974 0.000117   0.008792
      235 0.000116  -0.008735
      629 0.000113  -0.008522
      585 0.000112  -0.008427
      684 0.000111  -0.008350
      600 0.000110  -0.008317
      281 0.000110   0.008310
      581 0.000110  -0.008309
      742 0.000110  -0.008287
      824 0.000110   0.008271
      217 0.000108  -0.008151
      241 0.000107   0.008037
      222 0.000106  -0.008009
      275 0.000106  -0.008001
      638 0.000105  -0.007932
      261 0.000105  -0.007883
      266 0.000105  -0.007882
      308 0.000105  -0.007880
      697 0.000104   0.007866
      882 0.000103   0.007778
      840 0.000103  -0.007774
      561 0.000103   0.007751
      736 0.000103  -0.007740
      829 0.000102   0.007667
      799 0.000101  -0.007613
      572 0.000100  -0.007524
      553 0.000099  -0.007468
      390 0.000099   0.007465
      611 0.000096  -0.007248
      801 0.000094  -0.007109
      354 0.000093   0.007035
      263 0.000093  -0.007006
      723 0.000093  -0.006986
      778 0.000092  -0.006939
      740 0.000091  -0.006845
      594 0.000091  -0.006822
      734 0.000089  -0.006726
      844 0.000089  -0.006689
      230 0.000089  -0.006669
      369 0.000088   0.006625
      584 0.000088  -0.006607
      302 0.000087  -0.006573
     1095 0.000087  -0.006524
      744 0.000085  -0.006371
      552 0.000084  -0.006341
      239 0.000084   0.006296
      591 0.000083   0.006218
      843 0.000081  -0.006089
      386 0.000080   0.006004
      701 0.000079  -0.005914
      292 0.000078  -0.005879
      762 0.000078   0.005870
      955 0.000078   0.005861
      803 0.000078   0.005858
      428 0.000078   0.005855
      770 0.000077   0.005819
      728 0.000076  -0.005750
      364 0.000075  -0.005639
      614 0.000075   0.005628
      937 0.000075  -0.005615
      632 0.000074   0.005581
      414 0.000073   0.005529
      832 0.000073   0.005482
      407 0.000073  -0.005478
      227 0.000072   0.005452
      597 0.000071  -0.005379
      193 0.000071  -0.005372
     1005 0.000071   0.005318
      343 0.000070  -0.005267
      826 0.000069  -0.005227
      223 0.000069   0.005193
      545 0.000069  -0.005191
      805 0.000069  -0.005175
      913 0.000069  -0.005174
      978 0.000069   0.005168
      773 0.000068   0.005085
      569 0.000066   0.005006
      802 0.000066   0.004977
      319 0.000065   0.004927
      397 0.000065  -0.004905
      337 0.000065  -0.004893
      425 0.000065   0.004884
      782 0.000065  -0.004881
      879 0.000064  -0.004785
      922 0.000063  -0.004764
      268 0.000063  -0.004750
      654 0.000063   0.004749
      748 0.000063  -0.004713
      356 0.000062  -0.004695
      297 0.000061  -0.004602
      539 0.000061   0.004575
      560 0.000060  -0.004537
      209 0.000060  -0.004527
      359 0.000060   0.004497
      789 0.000059   0.004475
      948 0.000058   0.004391
      864 0.000058   0.004389
      603 0.000058  -0.004362
      374 0.000058   0.004331
      332 0.000057  -0.004328
      349 0.000057  -0.004327
      891 0.000057  -0.004277
      863 0.000056  -0.004245
      323 0.000056  -0.004227
      232 0.000056  -0.004196
      895 0.000055   0.004141
      722 0.000055  -0.004140
      765 0.000054   0.004047
      298 0.000053  -0.003969
      251 0.000052  -0.003930
      776 0.000052  -0.003920
      823 0.000052   0.003919
      291 0.000052   0.003919
      342 0.000052   0.003900
      313 0.000051  -0.003828
      528 0.000050   0.003772
      289 0.000050   0.003753
      589 0.000049  -0.003696
      870 0.000048  -0.003614
      409 0.000047  -0.003509
      860 0.000046  -0.003443
      350 0.000046   0.003434
      226 0.000045   0.003416
      357 0.000045  -0.003379
      542 0.000045   0.003366
      169 0.000045  -0.003357
      540 0.000045  -0.003350
      322 0.000044  -0.003310
      831 0.000044   0.003310
      608 0.000044  -0.003307
      616 0.000044  -0.003297
      596 0.000044  -0.003290
      821 0.000044  -0.003284
      830 0.000043   0.003268
      366 0.000043   0.003235
      329 0.000042  -0.003169
      943 0.000042   0.003165
      225 0.000042   0.003164
      874 0.000042  -0.003143
      315 0.000042   0.003137
      402 0.000042   0.003126
      335 0.000041   0.003084
      325 0.000041  -0.003084
      987 0.000040   0.003018
      535 0.000040   0.003004
      881 0.000040  -0.002993
      214 0.000040  -0.002979
      677 0.000039   0.002971
      880 0.000039   0.002952
      279 0.000039  -0.002931
      928 0.000039  -0.002917
      867 0.000039   0.002908
      448 0.000038   0.002880
      216 0.000038   0.002867
      884 0.000037  -0.002814
      894 0.000037  -0.002801
      264 0.000036   0.002735
      320 0.000036  -0.002732
      792 0.000036   0.002710
      858 0.000036  -0.002693
      406 0.000035   0.002657
      360 0.000035   0.002649
      310 0.000035  -0.002647
      518 0.000035   0.002641
      904 0.000035   0.002629
     1001 0.000035  -0.002617
      213 0.000034  -0.002569
      382 0.000034  -0.002548
      650 0.000033  -0.002509
      933 0.000033   0.002502
      259 0.000033   0.002502
      491 0.000033   0.002489
      318 0.000032   0.002440
      224 0.000032  -0.002413
      965 0.000032  -0.002409
      627 0.000032   0.002381
      131 0.000031  -0.002358
      445 0.000031  -0.002354
      530 0.000031   0.002352
      410 0.000031  -0.002349
      993 0.000031   0.002346
      950 0.000031  -0.002335
     1025 0.000030   0.002285
      215 0.000030   0.002269
      532 0.000030   0.002259
      394 0.000030   0.002224
      942 0.000029   0.002211
      488 0.000029   0.002209
      780 0.000029  -0.002200
     1032 0.000029   0.002179
      347 0.000028   0.002123
      636 0.000028  -0.002097
      475 0.000028  -0.002085
      286 0.000027   0.002024
      424 0.000027  -0.002015
      432 0.000027   0.002004
      245 0.000027  -0.001999
      838 0.000026   0.001989
      524 0.000026  -0.001984
      590 0.000026  -0.001967
      643 0.000026  -0.001964
      662 0.000026  -0.001926
      839 0.000025  -0.001913
     1017 0.000025   0.001893
      775 0.000025   0.001893
      727 0.000025  -0.001885
      276 0.000025  -0.001853
      296 0.000024   0.001830
      321 0.000024  -0.001825
      384 0.000024  -0.001777
      763 0.000023  -0.001761
      900 0.000023  -0.001696
      814 0.000022   0.001691
     1034 0.000022  -0.001669
      502 0.000022   0.001635
      519 0.000021   0.001609
      938 0.000021   0.001592
      685 0.000021  -0.001588
      290 0.000021   0.001588
      713 0.000021   0.001579
      260 0.000021  -0.001571
      917 0.000020   0.001542
      455 0.000020  -0.001529
      505 0.000020   0.001511
      538 0.000020   0.001483
       93 0.000020   0.001480
      489 0.000019   0.001465
      248 0.000019   0.001456
      714 0.000019  -0.001434
      536 0.000019  -0.001432
      283 0.000019   0.001431
      526 0.000019   0.001421
      221 0.000019  -0.001400
      588 0.000018  -0.001390
      842 0.000018  -0.001384
      437 0.000018   0.001372
      935 0.000018  -0.001367
      293 0.000018  -0.001366
      649 0.000018  -0.001344
      512 0.000018  -0.001337
      463 0.000018  -0.001336
      405 0.000018  -0.001335
      613 0.000018  -0.001321
      856 0.000017   0.001313
     1052 0.000017   0.001312
      479 0.000017   0.001297
      413 0.000017   0.001287
      837 0.000017   0.001287
      964 0.000017   0.001286
      333 0.000017   0.001264
      330 0.000017   0.001263
      458 0.000017   0.001263
      675 0.000017   0.001260
      250 0.000017  -0.001242
      104 0.000016   0.001234
      609 0.000016  -0.001230
      514 0.000016   0.001222
      233 0.000016  -0.001182
      779 0.000015   0.001161
      387 0.000015   0.001143
      971 0.000015  -0.001131
      949 0.000015   0.001117
      229 0.000015  -0.001103
      921 0.000015  -0.001100
      314 0.000015   0.001097
      988 0.000015  -0.001094
      450 0.000014  -0.001089
      811 0.000014   0.001087
      927 0.000014  -0.001078
      625 0.000014  -0.001072
      592 0.000014  -0.001071
      114 0.000014  -0.001060
       13 0.000014  -0.001059
       14 0.000014   0.001057
      242 0.000014  -0.001054
      164 0.000014  -0.001053
      680 0.000014   0.001039
      351 0.000014   0.001028
      326 0.000014  -0.001025
      732 0.000013   0.001015
      791 0.000013   0.001007
      907 0.000013   0.000999
       87 0.000013   0.000991
      272 0.000013  -0.000982
       43 0.000013  -0.000973
     1010 0.000013   0.000971
      966 0.000013   0.000969
      810 0.000013   0.000966
      934 0.000013  -0.000964
      619 0.000013   0.000961
       88 0.000013   0.000961
      534 0.000013  -0.000953
      334 0.000013   0.000950
      598 0.000013   0.000946
       86 0.000013   0.000943
      449 0.000013  -0.000942
      483 0.000012  -0.000939
       81 0.000012   0.000935
      478 0.000012   0.000930
      462 0.000012   0.000929
       95 0.000012   0.000919
      712 0.000012  -0.000916
      724 0.000012  -0.000909
      420 0.000012   0.000905
      841 0.000012   0.000900
      123 0.000012   0.000893
      112 0.000012   0.000890
       40 0.000012  -0.000887
      957 0.000012   0.000868
      274 0.000011   0.000852
      368 0.000011   0.000850
     1047 0.000011   0.000849
      634 0.000011  -0.000833
      158 0.000011   0.000833
      755 0.000011  -0.000829
      883 0.000011   0.000827
      510 0.000011  -0.000822
      284 0.000011   0.000819
      146 0.000011   0.000809
      348 0.000011   0.000806
      835 0.000011  -0.000806
      401 0.000011  -0.000805
       42 0.000011  -0.000804
      188 0.000011  -0.000804
       64 0.000011   0.000800
      816 0.000011   0.000796
      238 0.000010  -0.000789
      178 0.000010   0.000787
      165 0.000010  -0.000787
      473 0.000010  -0.000780
      796 0.000010   0.000774
      327 0.000010   0.000772
       94 0.000010   0.000769
      418 0.000010  -0.000764
     1073 0.000010  -0.000761
      646 0.000010   0.000753
euclid. distance of OLC and linear combination of EV * x_coef: 0.007419606568040244

Generate samples based on objective loadcase 578
nr_to_generate: 25

Parameter variation distribution settings
distribution: uniform
low: 0.7
high: 1.3

Total process runtime: 0:00:01.362115
