Date and Time:2023-05-12 14:09:54.467127

Initial Settings:
similarity_model: <function cosine_similarity at 0x000001D005A6E5E0>
similarity_threshold: 1e-05
nr_eigv_to_select: None
distribution: uniform
deviation: 0.3
nr_to_generate: 25
recompute: False

Selected eigenvectors and similarity score w.r.t objective loadcase:
objective_loadcase_nr: 185
similarity_model: cosine_similarity
similarity_threshold: 1e-05
nr_eigv_to_select: None
nr_eigv_selected: 546
approximation parameter model: lstsq
similarity score and approx. param. value
:  eigv_idx    score      value
        1 0.564968  68.357284
        3 0.525134  63.537653
        2 0.482796 -58.414998
        0 0.409715  49.572751
        6 0.061029   7.384103
       39 0.012990   1.571743
        4 0.009545   1.154849
       68 0.004514  -0.546109
      639 0.003733   0.451628
      186 0.002358  -0.285337
      612 0.002061  -0.249377
      593 0.001921  -0.232425
      586 0.001752   0.212024
       71 0.001725  -0.208706
      716 0.001682   0.203489
      618 0.001653   0.200023
      663 0.001534  -0.185646
      187 0.001511  -0.182875
      710 0.001496  -0.180988
      668 0.001463   0.177064
       69 0.001419  -0.171670
      218 0.001369  -0.165693
      182 0.001367  -0.165394
      194 0.001102   0.133302
      659 0.001094  -0.132399
      595 0.001083   0.131053
      143 0.001009   0.122059
      617 0.000974   0.117812
      184 0.000921  -0.111378
      686 0.000910  -0.110070
      700 0.000862   0.104311
      388 0.000845  -0.102203
      688 0.000810  -0.098049
      683 0.000808   0.097791
      579 0.000790   0.095605
      599 0.000782   0.094588
      635 0.000749   0.090589
      582 0.000748  -0.090527
       70 0.000748   0.090500
      562 0.000741  -0.089633
      749 0.000734  -0.088865
      626 0.000725   0.087753
      578 0.000686   0.082941
      670 0.000682   0.082562
      183 0.000650   0.078631
      228 0.000613  -0.074166
      698 0.000610  -0.073815
      733 0.000603   0.073000
      666 0.000600  -0.072632
      621 0.000583  -0.070491
      253 0.000565  -0.068336
      179 0.000525   0.063501
      602 0.000514  -0.062140
      341 0.000506   0.061211
      735 0.000502  -0.060766
      174 0.000465   0.056231
      171 0.000462  -0.055912
      708 0.000462   0.055894
      718 0.000445  -0.053802
      137 0.000438  -0.052938
      699 0.000433  -0.052403
      641 0.000421  -0.050920
      210 0.000416  -0.050277
      606 0.000415  -0.050215
      153 0.000408   0.049420
      567 0.000399  -0.048282
      362 0.000394  -0.047625
      575 0.000386   0.046730
      709 0.000381  -0.046097
      583 0.000379  -0.045855
      577 0.000368  -0.044547
      620 0.000365  -0.044121
      204 0.000360   0.043576
      604 0.000352  -0.042613
      756 0.000339  -0.041065
      267 0.000332  -0.040154
      757 0.000330  -0.039878
      220 0.000324  -0.039149
      628 0.000323   0.039039
      704 0.000319  -0.038576
      243 0.000314   0.037967
      631 0.000310  -0.037457
      403 0.000304   0.036812
      576 0.000303  -0.036687
      199 0.000301  -0.036449
      161 0.000296   0.035780
      601 0.000294   0.035574
      848 0.000293  -0.035511
      807 0.000293   0.035403
      254 0.000289   0.035000
      419 0.000289  -0.034980
      132 0.000283   0.034222
      148 0.000283   0.034186
      573 0.000280   0.033895
      759 0.000273   0.032993
      400 0.000271  -0.032842
      741 0.000270   0.032662
      383 0.000269   0.032576
      271 0.000268   0.032429
      412 0.000265  -0.032115
      587 0.000254   0.030761
      787 0.000252   0.030495
      739 0.000246  -0.029713
      815 0.000244  -0.029465
      707 0.000238  -0.028787
      356 0.000236  -0.028588
      853 0.000233  -0.028200
      236 0.000230   0.027770
      377 0.000229  -0.027714
      570 0.000229  -0.027682
      580 0.000228  -0.027533
      658 0.000222   0.026890
      640 0.000222  -0.026859
       91 0.000209  -0.025303
      665 0.000209  -0.025294
      277 0.000208   0.025199
      564 0.000208  -0.025179
      941 0.000203  -0.024609
      255 0.000203  -0.024600
      138 0.000199   0.024112
      750 0.000192   0.023226
      217 0.000192  -0.023200
      234 0.000190   0.023033
      566 0.000190   0.022930
      175 0.000189  -0.022895
      557 0.000185  -0.022392
      687 0.000184   0.022223
      828 0.000182  -0.021974
      753 0.000178  -0.021589
      798 0.000177   0.021366
      800 0.000175  -0.021224
      667 0.000173   0.020923
      380 0.000169   0.020444
      258 0.000165  -0.019978
      301 0.000164  -0.019844
      369 0.000163   0.019698
      273 0.000160  -0.019333
      820 0.000158  -0.019146
      427 0.000158  -0.019126
      629 0.000154  -0.018634
      857 0.000154  -0.018609
      711 0.000154   0.018579
      574 0.000153  -0.018544
      193 0.000151  -0.018217
      847 0.000150   0.018202
      790 0.000149   0.017978
      353 0.000148  -0.017899
      784 0.000148  -0.017899
      690 0.000146   0.017636
      605 0.000145  -0.017581
      398 0.000144  -0.017423
      107 0.000144  -0.017368
      552 0.000144  -0.017363
      585 0.000142  -0.017221
      763 0.000142  -0.017173
      645 0.000140   0.016969
      743 0.000139  -0.016786
      247 0.000137   0.016604
      241 0.000137   0.016531
      394 0.000136   0.016476
      436 0.000136   0.016406
      257 0.000136  -0.016399
      762 0.000135   0.016347
      209 0.000134  -0.016224
      740 0.000134  -0.016157
      354 0.000133   0.016084
      600 0.000132  -0.016026
      638 0.000131  -0.015882
      908 0.000131  -0.015828
      299 0.000127   0.015412
      294 0.000126  -0.015289
      974 0.000126   0.015238
      281 0.000126   0.015232
      855 0.000123  -0.014843
      291 0.000122   0.014716
      818 0.000121  -0.014627
      808 0.000120   0.014468
      882 0.000118   0.014271
      697 0.000118   0.014250
      859 0.000117   0.014211
      832 0.000116   0.014001
      801 0.000115  -0.013928
      249 0.000115  -0.013870
      295 0.000115  -0.013869
      793 0.000113  -0.013684
      423 0.000112  -0.013590
      726 0.000108  -0.013064
      431 0.000108  -0.013061
      736 0.000108  -0.013035
      292 0.000108  -0.013015
      386 0.000107   0.012976
      553 0.000107  -0.012969
      361 0.000107   0.012955
      549 0.000107  -0.012886
      840 0.000106  -0.012839
      251 0.000105  -0.012653
      696 0.000103  -0.012415
      222 0.000102  -0.012401
      367 0.000102   0.012389
      594 0.000102  -0.012326
      373 0.000101  -0.012271
      803 0.000100   0.012157
      581 0.000100  -0.012117
      266 0.000100  -0.012048
      799 0.000099  -0.012009
      844 0.000098  -0.011902
      597 0.000098  -0.011866
      584 0.000098  -0.011858
      313 0.000098  -0.011814
      308 0.000097  -0.011787
      632 0.000097   0.011779
      343 0.000097  -0.011778
      364 0.000096   0.011600
      302 0.000095  -0.011513
     1095 0.000095  -0.011451
      795 0.000094   0.011426
      701 0.000094  -0.011404
      829 0.000093   0.011261
      824 0.000093   0.011230
      684 0.000092  -0.011182
      611 0.000092  -0.011120
      374 0.000091   0.011050
      955 0.000090   0.010877
      603 0.000089  -0.010778
      355 0.000089   0.010730
      802 0.000085   0.010237
      560 0.000084  -0.010211
      428 0.000084   0.010210
      734 0.000083  -0.010022
      561 0.000083   0.010006
      863 0.000082  -0.009906
      776 0.000081  -0.009850
      414 0.000081   0.009843
      569 0.000081   0.009834
      748 0.000080  -0.009649
      742 0.000079  -0.009581
      413 0.000077   0.009293
      359 0.000076  -0.009164
      723 0.000075  -0.009090
      572 0.000075  -0.009090
      232 0.000075  -0.009049
      879 0.000075  -0.009042
      596 0.000074  -0.008968
     1005 0.000073   0.008878
      262 0.000073  -0.008794
      891 0.000073  -0.008782
      392 0.000073   0.008778
      913 0.000072  -0.008727
      805 0.000071  -0.008643
      843 0.000070  -0.008527
      269 0.000070  -0.008462
      937 0.000069  -0.008398
      922 0.000069  -0.008361
      312 0.000069  -0.008342
      235 0.000069  -0.008327
      744 0.000068  -0.008284
      773 0.000068   0.008251
      782 0.000068  -0.008217
      333 0.000067  -0.008147
      545 0.000067  -0.008111
      826 0.000067  -0.008053
      320 0.000066   0.008029
      978 0.000066   0.008013
      335 0.000066  -0.008010
      770 0.000065   0.007855
      261 0.000064  -0.007794
      406 0.000064  -0.007788
      279 0.000064  -0.007703
      402 0.000062  -0.007543
      722 0.000062  -0.007488
      780 0.000061  -0.007411
      325 0.000061  -0.007411
      728 0.000061  -0.007363
      390 0.000061   0.007357
      539 0.000061   0.007337
      789 0.000060   0.007252
      627 0.000059   0.007171
      360 0.000059  -0.007112
      831 0.000058   0.006988
      216 0.000057  -0.006886
      425 0.000057   0.006848
      131 0.000056  -0.006833
      357 0.000056   0.006829
      214 0.000056   0.006779
      654 0.000056   0.006771
      298 0.000056  -0.006768
      264 0.000055  -0.006632
      350 0.000055  -0.006612
      226 0.000055  -0.006606
      895 0.000054   0.006544
      867 0.000054   0.006520
      591 0.000054   0.006506
      778 0.000053  -0.006472
      322 0.000053  -0.006384
      542 0.000052   0.006272
      407 0.000052  -0.006248
      821 0.000051  -0.006117
      765 0.000050   0.006078
      858 0.000050  -0.006074
      225 0.000050  -0.006061
      347 0.000050  -0.006017
      224 0.000050  -0.006013
      276 0.000050   0.006012
      206 0.000050   0.005995
      540 0.000049  -0.005889
       88 0.000048   0.005827
      528 0.000048   0.005810
      610 0.000048  -0.005804
      616 0.000048  -0.005760
      213 0.000046   0.005614
      296 0.000046  -0.005612
      987 0.000046   0.005611
      268 0.000046  -0.005588
      870 0.000046  -0.005526
      334 0.000046   0.005515
       93 0.000045   0.005501
      948 0.000044   0.005378
      409 0.000044  -0.005336
      928 0.000043  -0.005263
      285 0.000043  -0.005250
      215 0.000043  -0.005156
      864 0.000042   0.005119
      589 0.000042  -0.005112
      874 0.000042  -0.005096
      965 0.000042  -0.005091
      275 0.000042  -0.005057
      263 0.000041  -0.005011
      448 0.000041   0.004981
      259 0.000041  -0.004960
      289 0.000041   0.004938
     1001 0.000040  -0.004886
      881 0.000040  -0.004839
      904 0.000040   0.004818
      993 0.000039   0.004742
      382 0.000039   0.004732
      614 0.000039   0.004714
      328 0.000039  -0.004703
      399 0.000038  -0.004578
      245 0.000038  -0.004577
      198 0.000037   0.004458
      643 0.000036  -0.004381
      680 0.000036   0.004361
      535 0.000036   0.004360
     1025 0.000035   0.004276
      894 0.000034  -0.004155
      310 0.000034  -0.004131
      933 0.000034   0.004128
      530 0.000034   0.004116
      351 0.000033  -0.004045
      491 0.000033   0.003987
      518 0.000033   0.003949
      287 0.000032  -0.003930
      410 0.000032  -0.003916
      950 0.000032  -0.003916
      823 0.000032   0.003861
      488 0.000032   0.003859
      860 0.000032  -0.003856
      432 0.000032   0.003828
      329 0.000031  -0.003784
      769 0.000031  -0.003776
      272 0.000031   0.003749
      397 0.000031  -0.003747
      348 0.000031  -0.003743
     1032 0.000031   0.003737
      475 0.000031  -0.003714
      532 0.000030   0.003652
      221 0.000030   0.003634
      233 0.000029   0.003532
      900 0.000029  -0.003517
      590 0.000029  -0.003501
     1017 0.000028   0.003444
      317 0.000028  -0.003414
      274 0.000028  -0.003411
      681 0.000028  -0.003378
      420 0.000028   0.003369
      524 0.000028  -0.003346
      880 0.000028   0.003340
      349 0.000027   0.003310
      814 0.000027   0.003298
      230 0.000027   0.003294
      677 0.000027   0.003290
      942 0.000027   0.003277
      330 0.000027  -0.003272
      248 0.000027  -0.003211
      636 0.000026  -0.003187
      324 0.000026  -0.003185
      837 0.000026  -0.003154
      775 0.000026  -0.003143
      792 0.000026   0.003110
      318 0.000026  -0.003103
      169 0.000025  -0.003001
      917 0.000025   0.002995
      625 0.000025   0.002969
      229 0.000025   0.002966
      297 0.000024  -0.002950
      943 0.000024   0.002947
      242 0.000024   0.002892
      191 0.000024   0.002883
      884 0.000024  -0.002867
      424 0.000024  -0.002857
      538 0.000024   0.002855
      852 0.000023  -0.002837
      288 0.000023   0.002816
      685 0.000023  -0.002797
      519 0.000023   0.002743
      445 0.000022  -0.002717
      588 0.000022   0.002681
      452 0.000022  -0.002645
      838 0.000022   0.002642
      608 0.000022  -0.002619
      609 0.000022   0.002611
      479 0.000022   0.002608
      868 0.000022  -0.002607
      502 0.000022   0.002605
      938 0.000021   0.002581
      385 0.000021  -0.002574
      842 0.000021  -0.002565
     1034 0.000021  -0.002561
      227 0.000021  -0.002552
      714 0.000021  -0.002525
      536 0.000021  -0.002521
      613 0.000021   0.002490
      321 0.000021   0.002484
      489 0.000020   0.002473
      323 0.000020  -0.002464
      338 0.000020  -0.002453
      592 0.000020  -0.002452
      512 0.000020  -0.002388
      849 0.000020   0.002375
     1052 0.000020   0.002372
      455 0.000020  -0.002364
      290 0.000019  -0.002339
      192 0.000019  -0.002335
      326 0.000019   0.002317
      395 0.000019   0.002303
      458 0.000019   0.002290
      293 0.000019   0.002262
      705 0.000018  -0.002234
      239 0.000018   0.002213
      286 0.000018   0.002212
      463 0.000018  -0.002196
      283 0.000018  -0.002183
      555 0.000018  -0.002173
      344 0.000018   0.002145
      346 0.000017   0.002100
      526 0.000017   0.002097
      650 0.000017  -0.002089
      505 0.000017   0.002081
       10 0.000017  -0.002044
        9 0.000017  -0.002040
      949 0.000017   0.002038
      514 0.000017   0.002019
      238 0.000016   0.001985
      315 0.000016  -0.001984
      164 0.000016   0.001984
      196 0.000016   0.001950
      201 0.000016   0.001948
      694 0.000016   0.001941
      543 0.000016  -0.001940
      434 0.000016   0.001932
      437 0.000016   0.001928
      197 0.000016  -0.001920
       40 0.000016   0.001916
      314 0.000016  -0.001911
      903 0.000016  -0.001904
      563 0.000016   0.001897
      558 0.000015   0.001874
      260 0.000015   0.001866
       47 0.000015  -0.001863
      712 0.000015   0.001856
      856 0.000015   0.001841
      662 0.000015  -0.001825
      732 0.000015   0.001821
      375 0.000015  -0.001813
      345 0.000015  -0.001812
      724 0.000015   0.001809
      883 0.000015   0.001807
       42 0.000015   0.001795
      483 0.000015  -0.001776
      178 0.000015  -0.001768
       46 0.000015   0.001764
      966 0.000015   0.001758
      811 0.000015   0.001756
       43 0.000014   0.001751
      363 0.000014   0.001747
      804 0.000014  -0.001744
      223 0.000014   0.001735
      319 0.000014   0.001734
      888 0.000014   0.001718
      729 0.000014   0.001714
      336 0.000014   0.001656
      534 0.000014  -0.001654
      307 0.000014  -0.001653
      816 0.000014   0.001644
      554 0.000013   0.001631
      358 0.000013   0.001621
      907 0.000013   0.001617
      284 0.000013  -0.001615
      779 0.000013   0.001613
      368 0.000013  -0.001610
      340 0.000013   0.001598
      337 0.000013  -0.001592
      450 0.000013  -0.001590
      165 0.000013   0.001584
      959 0.000013   0.001575
      195 0.000013   0.001559
      405 0.000013   0.001559
      177 0.000013   0.001557
      695 0.000013  -0.001553
     1047 0.000013   0.001524
      669 0.000013   0.001524
      619 0.000013   0.001513
      339 0.000012  -0.001510
      623 0.000012   0.001495
      237 0.000012   0.001488
      250 0.000012   0.001477
      875 0.000012  -0.001477
      200 0.000012   0.001452
      755 0.000012  -0.001444
       41 0.000012  -0.001431
      607 0.000012   0.001429
       35 0.000012  -0.001425
      796 0.000012   0.001410
      473 0.000012  -0.001397
      190 0.000011   0.001368
      440 0.000011  -0.001363
      964 0.000011   0.001358
      927 0.000011  -0.001357
       37 0.000011  -0.001350
      809 0.000011   0.001327
       52 0.000011   0.001322
      462 0.000011   0.001315
       34 0.000011  -0.001314
      656 0.000011  -0.001309
      461 0.000011   0.001309
      810 0.000011   0.001303
      327 0.000011  -0.001301
      548 0.000011  -0.001291
      487 0.000011  -0.001286
      934 0.000011  -0.001275
      634 0.000010  -0.001251
      571 0.000010   0.001243
      270 0.000010  -0.001234
      887 0.000010   0.001230
     1074 0.000010   0.001216
      760 0.000010   0.001211
euclid. distance of OLC and linear combination of EV * x_coef: 0.011826651993997994

Generate samples based on objective loadcase 185
nr_to_generate: 25

Parameter variation distribution settings
distribution: uniform
low: 0.7
high: 1.3

Total process runtime: 0:00:01.273686
