Date and Time:2023-05-12 14:24:45.155832

Initial Settings:
similarity_model: <function cosine_similarity at 0x000001D005A6E5E0>
similarity_threshold: 1e-05
nr_eigv_to_select: None
distribution: uniform
deviation: 0.3
nr_to_generate: 25
recompute: False

Selected eigenvectors and similarity score w.r.t objective loadcase:
objective_loadcase_nr: 853
similarity_model: cosine_similarity
similarity_threshold: 1e-05
nr_eigv_to_select: None
nr_eigv_selected: 474
approximation parameter model: lstsq
similarity score and approx. param. value
:  eigv_idx    score      value
        1 0.558426  76.131306
        3 0.530798  72.364853
        2 0.490334 -66.848276
        0 0.402519  54.876244
        6 0.059323   8.087665
       39 0.015994   2.180464
        4 0.009965   1.358577
      639 0.003831   0.522330
       68 0.003196  -0.435733
      186 0.002334  -0.318241
      612 0.002123  -0.289414
      593 0.002065  -0.281496
      586 0.001880   0.256372
      716 0.001693   0.230809
      618 0.001568   0.213783
      663 0.001529  -0.208443
      187 0.001526  -0.207993
      710 0.001512  -0.206193
      218 0.001509  -0.205742
      668 0.001432   0.195187
      182 0.001232  -0.167897
      595 0.001181   0.161000
      659 0.001079  -0.147043
      194 0.001073   0.146348
      143 0.001070   0.145900
      617 0.000971   0.132334
      686 0.000944  -0.128658
      388 0.000907  -0.123637
      184 0.000893  -0.121700
      626 0.000845   0.115266
      700 0.000827   0.112743
      688 0.000817  -0.111417
      599 0.000814   0.110929
       71 0.000809  -0.110252
      635 0.000794   0.108201
      562 0.000781  -0.106520
      582 0.000755  -0.102946
      683 0.000754   0.102794
      670 0.000749   0.102133
      579 0.000738   0.100653
      578 0.000717   0.097772
      183 0.000700   0.095450
      698 0.000663  -0.090376
      621 0.000654  -0.089186
      733 0.000649   0.088483
       69 0.000626  -0.085377
      749 0.000625  -0.085273
      666 0.000592  -0.080734
      228 0.000587  -0.080024
      341 0.000555   0.075605
      253 0.000532  -0.072540
      718 0.000530  -0.072252
       70 0.000530   0.072218
      602 0.000516  -0.070343
      179 0.000485   0.066163
      708 0.000477   0.065024
      704 0.000473  -0.064529
      153 0.000472   0.064348
      174 0.000469   0.063990
      699 0.000461  -0.062800
      567 0.000451  -0.061524
      735 0.000442  -0.060255
      606 0.000441  -0.060190
      137 0.000427  -0.058277
      641 0.000426  -0.058082
      171 0.000422  -0.057596
      577 0.000415  -0.056639
      583 0.000406  -0.055399
      575 0.000391   0.053256
      709 0.000387  -0.052717
      620 0.000386  -0.052631
      220 0.000384  -0.052358
      210 0.000381  -0.051913
      362 0.000370  -0.050455
      604 0.000336  -0.045874
      204 0.000334   0.045581
      601 0.000330   0.045051
      631 0.000326  -0.044485
      267 0.000321  -0.043764
      848 0.000320  -0.043610
      403 0.000316   0.043050
      756 0.000313  -0.042726
      419 0.000313  -0.042669
      707 0.000310  -0.042252
      757 0.000306  -0.041720
      807 0.000306   0.041667
      243 0.000302   0.041179
      412 0.000300  -0.040921
      576 0.000296  -0.040319
      628 0.000287   0.039099
      383 0.000286   0.039005
      199 0.000282  -0.038449
      254 0.000279   0.038033
      587 0.000269   0.036663
      573 0.000259   0.035245
      570 0.000254  -0.034596
      400 0.000253  -0.034529
      132 0.000252   0.034416
      815 0.000248  -0.033785
      258 0.000247  -0.033680
      377 0.000242  -0.032969
      271 0.000236   0.032159
      787 0.000232   0.031577
      741 0.000229   0.031184
      658 0.000226   0.030832
      161 0.000224   0.030592
      753 0.000224  -0.030528
      580 0.000224  -0.030476
      759 0.000220   0.029989
      696 0.000220  -0.029982
      148 0.000219   0.029813
      277 0.000218   0.029672
      739 0.000214  -0.029159
      564 0.000211  -0.028712
      665 0.000210  -0.028618
      853 0.000207  -0.028269
      356 0.000206  -0.028060
      941 0.000203  -0.027724
      236 0.000195   0.026621
      175 0.000187  -0.025514
      557 0.000184  -0.025144
      585 0.000184  -0.025129
      687 0.000182   0.024846
      255 0.000182  -0.024778
      828 0.000181  -0.024691
      234 0.000181   0.024682
      800 0.000179  -0.024459
      301 0.000179  -0.024404
      640 0.000178  -0.024334
      427 0.000177  -0.024187
      667 0.000176   0.024029
      273 0.000163  -0.022226
      257 0.000163  -0.022188
      369 0.000162   0.022137
      217 0.000162  -0.022101
       91 0.000162  -0.022028
      820 0.000161  -0.021934
      380 0.000160   0.021835
      711 0.000159   0.021722
      574 0.000159  -0.021686
      750 0.000158   0.021605
      247 0.000156   0.021248
      798 0.000155   0.021153
      784 0.000155  -0.021121
      743 0.000155  -0.021114
      566 0.000155   0.021091
      549 0.000151  -0.020543
      793 0.000147  -0.020079
      690 0.000147   0.019990
      847 0.000146   0.019904
      299 0.000145   0.019806
      857 0.000145  -0.019730
      138 0.000144   0.019667
      353 0.000144  -0.019582
      398 0.000143  -0.019519
      790 0.000141   0.019274
      222 0.000139  -0.018927
      193 0.000137  -0.018622
      361 0.000136   0.018549
      235 0.000135  -0.018442
      209 0.000135  -0.018339
      605 0.000134  -0.018291
      241 0.000134   0.018265
      740 0.000133  -0.018141
      269 0.000133  -0.018080
      697 0.000132   0.017998
      354 0.000132   0.017942
      294 0.000131  -0.017898
      908 0.000131  -0.017846
      249 0.000130  -0.017688
      295 0.000130  -0.017668
      629 0.000130  -0.017665
      373 0.000129  -0.017630
      436 0.000129   0.017588
      974 0.000128   0.017447
      645 0.000127   0.017353
      581 0.000126  -0.017175
      808 0.000126   0.017157
      855 0.000125  -0.017001
      107 0.000124  -0.016915
      423 0.000122  -0.016607
      431 0.000119  -0.016256
      736 0.000119  -0.016224
      553 0.000118  -0.016064
      882 0.000115   0.015709
      262 0.000114  -0.015602
      392 0.000113   0.015410
      281 0.000113   0.015405
      795 0.000113   0.015395
      762 0.000113   0.015389
      859 0.000113   0.015376
      600 0.000112  -0.015325
      832 0.000111   0.015121
      818 0.000110  -0.015026
      726 0.000110  -0.015025
      638 0.000109  -0.014792
      684 0.000108  -0.014790
      552 0.000108  -0.014787
      840 0.000108  -0.014708
      308 0.000108  -0.014677
      266 0.000107  -0.014633
      596 0.000107  -0.014570
      367 0.000106   0.014425
      261 0.000103  -0.014091
      355 0.000103   0.014059
      763 0.000103  -0.014014
      799 0.000102  -0.013935
      801 0.000102  -0.013861
      844 0.000101  -0.013782
      803 0.000100   0.013602
      584 0.000099  -0.013494
      742 0.000098  -0.013422
      394 0.000098   0.013391
      312 0.000097  -0.013224
      611 0.000096  -0.013130
     1095 0.000095  -0.012956
      632 0.000093   0.012678
      561 0.000092   0.012603
      594 0.000090  -0.012337
      292 0.000090  -0.012331
      386 0.000090   0.012326
      343 0.000090  -0.012274
      302 0.000090  -0.012270
      291 0.000089   0.012104
      268 0.000088  -0.011933
      572 0.000087  -0.011846
      569 0.000086   0.011772
      955 0.000086   0.011730
      829 0.000085   0.011589
      824 0.000083   0.011373
      723 0.000083  -0.011364
      263 0.000083  -0.011338
      802 0.000083   0.011314
      734 0.000083  -0.011276
      591 0.000082   0.011225
      597 0.000082  -0.011126
      776 0.000082  -0.011113
      863 0.000081  -0.011085
      701 0.000081  -0.011077
      374 0.000081   0.011068
      748 0.000080  -0.010919
      275 0.000080  -0.010880
      251 0.000079  -0.010814
      428 0.000079   0.010798
      560 0.000075  -0.010287
      414 0.000075   0.010237
      744 0.000075  -0.010231
     1005 0.000075   0.010229
      313 0.000075  -0.010185
      805 0.000074  -0.010150
      616 0.000073  -0.009984
      778 0.000072  -0.009845
      879 0.000072  -0.009833
      826 0.000072  -0.009819
      913 0.000072  -0.009777
      891 0.000071  -0.009710
      364 0.000071   0.009641
      654 0.000070   0.009511
      937 0.000070  -0.009476
      722 0.000069  -0.009442
      922 0.000069  -0.009433
      978 0.000069   0.009431
      545 0.000067  -0.009105
      322 0.000067  -0.009074
      843 0.000067  -0.009069
      728 0.000066  -0.008975
      425 0.000062   0.008500
      539 0.000062   0.008442
      359 0.000060  -0.008205
      603 0.000059  -0.008106
      390 0.000057   0.007730
      239 0.000056   0.007660
      297 0.000056  -0.007630
      780 0.000055  -0.007545
      588 0.000055   0.007535
      782 0.000055  -0.007512
      789 0.000054   0.007424
      867 0.000054   0.007416
      289 0.000054   0.007353
      858 0.000054  -0.007330
      895 0.000053   0.007284
      614 0.000053   0.007276
      831 0.000053   0.007269
      198 0.000053   0.007257
      821 0.000052  -0.007042
      407 0.000051  -0.006994
      528 0.000051   0.006993
      542 0.000051   0.006986
      169 0.000051  -0.006903
      226 0.000050  -0.006853
      948 0.000050   0.006803
      773 0.000050   0.006756
      765 0.000050   0.006749
      325 0.000049  -0.006624
      870 0.000048  -0.006599
      590 0.000048  -0.006573
      225 0.000048  -0.006542
      540 0.000047  -0.006404
      279 0.000047  -0.006340
      413 0.000046   0.006333
      245 0.000046  -0.006247
      987 0.000046   0.006213
      397 0.000045  -0.006156
      770 0.000044   0.006056
      874 0.000044  -0.006020
      206 0.000044   0.005951
      627 0.000043   0.005926
      928 0.000043  -0.005917
      298 0.000043  -0.005881
      409 0.000042  -0.005766
      636 0.000042  -0.005715
      535 0.000041   0.005561
      589 0.000040  -0.005515
      357 0.000040   0.005483
      337 0.000040  -0.005467
      223 0.000040   0.005421
      448 0.000040   0.005406
      224 0.000039  -0.005340
     1001 0.000039  -0.005333
      350 0.000039  -0.005272
      881 0.000039  -0.005265
      965 0.000038  -0.005239
      216 0.000038  -0.005236
      319 0.000038   0.005229
      677 0.000038   0.005207
      904 0.000038   0.005164
      864 0.000038   0.005127
      993 0.000037   0.005018
      329 0.000036  -0.004893
      333 0.000035  -0.004806
      518 0.000035   0.004802
      491 0.000035   0.004786
      230 0.000035  -0.004749
     1025 0.000035   0.004718
      933 0.000034   0.004676
      894 0.000034  -0.004657
      360 0.000034  -0.004599
      650 0.000034  -0.004594
      310 0.000034  -0.004589
      792 0.000034   0.004577
      410 0.000033  -0.004538
      488 0.000033   0.004535
      860 0.000033  -0.004522
      530 0.000033   0.004507
      532 0.000032   0.004420
      214 0.000032   0.004362
      332 0.000032  -0.004347
      950 0.000032  -0.004303
     1032 0.000031   0.004220
      475 0.000031  -0.004193
      250 0.000030   0.004141
      610 0.000030  -0.004103
      286 0.000030   0.004045
      323 0.000030  -0.004026
      942 0.000029   0.003945
      880 0.000029   0.003933
      900 0.000029  -0.003901
      524 0.000029  -0.003899
      215 0.000028  -0.003881
     1017 0.000028   0.003862
      232 0.000028  -0.003831
      432 0.000028   0.003787
      347 0.000028  -0.003768
      445 0.000027  -0.003744
      334 0.000027   0.003687
      680 0.000026   0.003604
      643 0.000026  -0.003526
      424 0.000026  -0.003500
      814 0.000026   0.003487
      823 0.000025   0.003454
      213 0.000025   0.003401
      335 0.000025  -0.003348
      252 0.000024  -0.003338
      917 0.000024   0.003314
      838 0.000024   0.003308
      943 0.000024   0.003234
      402 0.000024  -0.003210
      842 0.000023  -0.003130
      649 0.000023  -0.003114
      328 0.000023  -0.003068
     1034 0.000022  -0.003055
      519 0.000022   0.003054
      694 0.000022   0.002998
      502 0.000022   0.002952
      240 0.000022   0.002937
      272 0.000021  -0.002917
      592 0.000021  -0.002891
      662 0.000021  -0.002881
      320 0.000021   0.002866
      538 0.000021   0.002851
      406 0.000021  -0.002851
      714 0.000021  -0.002841
      479 0.000021   0.002836
      868 0.000021  -0.002820
      884 0.000021  -0.002819
      455 0.000021  -0.002816
      938 0.000020   0.002788
      536 0.000020  -0.002786
      769 0.000020  -0.002749
      685 0.000020  -0.002712
      324 0.000020  -0.002704
      221 0.000020   0.002686
      512 0.000019  -0.002640
     1052 0.000019   0.002639
      526 0.000019   0.002632
      489 0.000019   0.002595
      104 0.000019   0.002568
      463 0.000019  -0.002563
      274 0.000019   0.002559
      248 0.000018  -0.002483
      514 0.000018   0.002456
      458 0.000018   0.002455
      363 0.000018   0.002432
      949 0.000018   0.002427
      437 0.000018   0.002419
      315 0.000018   0.002409
      505 0.000018   0.002405
      346 0.000018   0.002402
      229 0.000017   0.002381
      285 0.000017  -0.002335
      852 0.000017  -0.002323
      420 0.000017   0.002262
      883 0.000016   0.002210
      732 0.000016   0.002197
      351 0.000016  -0.002181
      237 0.000016  -0.002169
      856 0.000015   0.002109
      342 0.000015   0.002093
      452 0.000015  -0.002069
      382 0.000015   0.002027
      907 0.000015   0.001989
      321 0.000014  -0.001963
      619 0.000014   0.001960
      804 0.000014  -0.001949
      450 0.000014  -0.001945
      483 0.000014  -0.001922
      903 0.000014  -0.001920
      837 0.000014  -0.001902
      348 0.000014  -0.001890
      188 0.000014  -0.001890
      816 0.000014   0.001870
      608 0.000014  -0.001860
      242 0.000014   0.001850
      368 0.000014  -0.001849
      543 0.000013  -0.001834
      201 0.000013   0.001820
      568 0.000013  -0.001805
      681 0.000013  -0.001771
      779 0.000013   0.001770
     1047 0.000013   0.001746
      399 0.000013  -0.001725
      309 0.000012  -0.001676
      534 0.000012  -0.001662
      634 0.000012  -0.001613
      462 0.000012   0.001610
      794 0.000012   0.001604
      729 0.000012   0.001588
      966 0.000012   0.001587
      131 0.000011  -0.001551
      164 0.000011   0.001548
      473 0.000011  -0.001544
      705 0.000011  -0.001536
      365 0.000011   0.001533
      487 0.000011  -0.001520
      270 0.000011   0.001516
      927 0.000011  -0.001516
      796 0.000011   0.001503
      755 0.000010  -0.001430
     1010 0.000010   0.001424
      461 0.000010   0.001417
      227 0.000010  -0.001409
      669 0.000010   0.001405
      934 0.000010  -0.001374
       43 0.000010   0.001369
euclid. distance of OLC and linear combination of EV * x_coef: 0.012211424558093738

Generate samples based on objective loadcase 853
nr_to_generate: 25

Parameter variation distribution settings
distribution: uniform
low: 0.7
high: 1.3

Total process runtime: 0:00:01.319993
