Date and Time:2023-05-12 14:26:16.524914

Initial Settings:
similarity_model: <function cosine_similarity at 0x000001D005A6E5E0>
similarity_threshold: 1e-05
nr_eigv_to_select: None
distribution: uniform
deviation: 0.3
nr_to_generate: 25
recompute: False

Selected eigenvectors and similarity score w.r.t objective loadcase:
objective_loadcase_nr: 921
similarity_model: cosine_similarity
similarity_threshold: 1e-05
nr_eigv_to_select: None
nr_eigv_selected: 491
approximation parameter model: lstsq
similarity score and approx. param. value
:  eigv_idx    score      value
        1 0.566866  92.646720
        3 0.522925  85.465070
        2 0.481025 -78.617144
        0 0.411851  67.311519
        6 0.062165  10.160109
       39 0.012181   1.990755
        4 0.009412   1.538309
       68 0.004692  -0.766898
      639 0.003728   0.609233
      186 0.002318  -0.378909
      612 0.002050  -0.335064
      593 0.001917  -0.313344
       71 0.001789  -0.292365
      586 0.001734   0.283384
      716 0.001696   0.277179
      618 0.001690   0.276284
      663 0.001552  -0.253683
      187 0.001525  -0.249201
      710 0.001492  -0.243787
      668 0.001490   0.243563
       69 0.001479  -0.241720
      182 0.001430  -0.233674
      218 0.001302  -0.212730
      659 0.001111  -0.181573
      143 0.001086   0.177449
      194 0.001075   0.175766
      595 0.001071   0.174989
      184 0.001022  -0.167052
      617 0.000986   0.161211
      686 0.000912  -0.149041
      700 0.000890   0.145413
      388 0.000840  -0.137244
      683 0.000826   0.134978
      688 0.000814  -0.132968
      579 0.000801   0.130953
       70 0.000777   0.126984
      599 0.000762   0.124600
      635 0.000761   0.124362
      562 0.000743  -0.121479
      749 0.000733  -0.119781
      582 0.000722  -0.117963
      626 0.000699   0.114226
      183 0.000683   0.111558
      670 0.000682   0.111535
      578 0.000682   0.111463
      228 0.000643  -0.105030
      698 0.000620  -0.101293
      733 0.000606   0.098970
      666 0.000601  -0.098298
      621 0.000573  -0.093570
      179 0.000560   0.091558
      253 0.000553  -0.090364
      735 0.000504  -0.082451
      341 0.000502   0.082083
      602 0.000495  -0.080948
      171 0.000495  -0.080823
      137 0.000479  -0.078327
      708 0.000466   0.076119
      174 0.000458   0.074821
      718 0.000443  -0.072411
      153 0.000439   0.071809
      699 0.000436  -0.071336
      641 0.000418  -0.068311
      362 0.000402  -0.065656
      583 0.000392  -0.064008
      606 0.000388  -0.063487
      210 0.000385  -0.062945
      567 0.000384  -0.062798
      709 0.000380  -0.062067
      620 0.000356  -0.058128
      220 0.000356  -0.058125
      604 0.000355  -0.058075
      575 0.000351   0.057444
      756 0.000344  -0.056146
      576 0.000340  -0.055540
      757 0.000338  -0.055273
      577 0.000338  -0.055178
      628 0.000336   0.054841
      631 0.000315  -0.051438
      243 0.000314   0.051368
      204 0.000313   0.051133
      704 0.000312  -0.050995
      254 0.000306   0.049944
      403 0.000305   0.049905
      759 0.000297   0.048571
      267 0.000297  -0.048465
      419 0.000290  -0.047323
      848 0.000288  -0.047144
      161 0.000284   0.046335
      132 0.000282   0.046037
      573 0.000281   0.045981
      148 0.000279   0.045646
      807 0.000279   0.045625
      400 0.000277  -0.045346
      741 0.000276   0.045140
      601 0.000274   0.044843
      787 0.000269   0.043958
      412 0.000268  -0.043802
      199 0.000255  -0.041673
      271 0.000253   0.041409
      277 0.000253   0.041361
      815 0.000252  -0.041121
      383 0.000247   0.040321
      587 0.000247   0.040317
      739 0.000241  -0.039424
      640 0.000234  -0.038316
      658 0.000234   0.038264
      853 0.000233  -0.038033
      707 0.000228  -0.037201
      377 0.000226  -0.036992
      236 0.000224   0.036533
      580 0.000223  -0.036479
      138 0.000212   0.034713
      570 0.000212  -0.034665
      234 0.000208   0.034048
       91 0.000208  -0.033993
      255 0.000207  -0.033777
      941 0.000203  -0.033106
      665 0.000200  -0.032627
      564 0.000196  -0.032021
      557 0.000192  -0.031445
      750 0.000191   0.031225
      798 0.000190   0.031006
      356 0.000187  -0.030577
      687 0.000187   0.030506
      566 0.000184   0.029999
      175 0.000183  -0.029853
      828 0.000176  -0.028776
      258 0.000172  -0.028167
      380 0.000171   0.028001
      800 0.000168  -0.027437
      753 0.000166  -0.027076
      667 0.000166   0.027074
      763 0.000163  -0.026663
      427 0.000162  -0.026423
      301 0.000160  -0.026118
      711 0.000158   0.025893
      857 0.000158  -0.025759
      820 0.000156  -0.025434
      847 0.000155   0.025336
      217 0.000153  -0.024957
      193 0.000152  -0.024785
      574 0.000151  -0.024700
      585 0.000151  -0.024655
      762 0.000150   0.024462
      353 0.000150  -0.024459
      690 0.000150   0.024454
      629 0.000149  -0.024416
      790 0.000149   0.024409
      107 0.000146  -0.023786
      241 0.000144   0.023539
      257 0.000143  -0.023447
      740 0.000142  -0.023218
      605 0.000141  -0.023082
      743 0.000141  -0.022995
      549 0.000141  -0.022993
      398 0.000140  -0.022961
      247 0.000140   0.022864
      436 0.000138   0.022609
      222 0.000138  -0.022555
      209 0.000138  -0.022532
      784 0.000135  -0.022124
      361 0.000134   0.021981
      308 0.000134  -0.021972
      295 0.000133  -0.021747
      645 0.000131   0.021441
      273 0.000130  -0.021309
      908 0.000130  -0.021248
      367 0.000130   0.021242
      581 0.000128  -0.020963
      801 0.000128  -0.020930
      369 0.000128   0.020910
      281 0.000127   0.020753
      974 0.000127   0.020740
      249 0.000126  -0.020571
      292 0.000125  -0.020460
      294 0.000125  -0.020405
      859 0.000123   0.020022
      354 0.000118   0.019352
      355 0.000118   0.019314
      818 0.000118  -0.019309
      697 0.000118   0.019245
      638 0.000117  -0.019175
      882 0.000116   0.018979
      600 0.000115  -0.018817
      373 0.000114  -0.018679
      808 0.000114   0.018639
      423 0.000113  -0.018464
      251 0.000111  -0.018174
      431 0.000111  -0.018128
      552 0.000111  -0.018085
      855 0.000109  -0.017886
      803 0.000109   0.017763
      832 0.000107   0.017534
      840 0.000107  -0.017508
      386 0.000107   0.017440
      266 0.000105  -0.017116
      299 0.000103   0.016835
      553 0.000102  -0.016721
      198 0.000101   0.016493
      736 0.000101  -0.016455
      726 0.000100  -0.016324
      394 0.000100   0.016272
      684 0.000099  -0.016233
      262 0.000099  -0.016179
      844 0.000098  -0.015984
      632 0.000098   0.015976
      302 0.000096  -0.015717
      291 0.000096   0.015689
      572 0.000096  -0.015662
      584 0.000096  -0.015615
      799 0.000095  -0.015572
      793 0.000095  -0.015568
     1095 0.000095  -0.015488
      269 0.000094  -0.015444
      594 0.000094  -0.015320
      611 0.000092  -0.015098
      829 0.000092   0.015067
      343 0.000092  -0.015043
      802 0.000092   0.014998
      701 0.000091  -0.014837
      955 0.000091   0.014794
      374 0.000090   0.014707
      805 0.000090  -0.014632
      824 0.000089   0.014554
      795 0.000089   0.014550
      261 0.000087  -0.014287
      696 0.000087  -0.014160
      392 0.000086   0.014109
      235 0.000086  -0.014099
      428 0.000086   0.014049
      734 0.000086  -0.014025
      603 0.000085  -0.013924
      596 0.000085  -0.013918
      863 0.000084  -0.013730
      723 0.000084  -0.013708
      313 0.000083  -0.013486
      414 0.000082   0.013472
      597 0.000081  -0.013314
      561 0.000080   0.013089
      390 0.000079   0.012983
      776 0.000078  -0.012738
      748 0.000077  -0.012559
      742 0.000073  -0.011986
      879 0.000073  -0.011973
     1005 0.000073   0.011971
      891 0.000072  -0.011817
      843 0.000072  -0.011781
      268 0.000072  -0.011715
      826 0.000072  -0.011694
      913 0.000071  -0.011637
      560 0.000071  -0.011534
      545 0.000071  -0.011532
      569 0.000071   0.011525
      780 0.000069  -0.011340
      937 0.000069  -0.011199
      922 0.000069  -0.011198
      744 0.000068  -0.011085
      773 0.000067   0.010895
      728 0.000065  -0.010639
      978 0.000064   0.010520
      322 0.000063  -0.010332
      789 0.000063   0.010293
      413 0.000063   0.010262
      654 0.000062   0.010196
      770 0.000062   0.010112
      425 0.000062   0.010108
      245 0.000060  -0.009777
      539 0.000060   0.009754
      782 0.000059  -0.009706
      227 0.000059  -0.009578
      312 0.000058  -0.009512
      867 0.000056   0.009172
      722 0.000055  -0.009014
      397 0.000054  -0.008866
      858 0.000054  -0.008846
      407 0.000054  -0.008818
      542 0.000053   0.008621
      895 0.000053   0.008586
      765 0.000052   0.008564
      323 0.000052  -0.008439
      831 0.000051   0.008328
      778 0.000051  -0.008256
      610 0.000050  -0.008197
      540 0.000050  -0.008187
      870 0.000050  -0.008100
      589 0.000049  -0.008046
       88 0.000049   0.008010
      232 0.000048  -0.007909
      821 0.000048  -0.007865
      528 0.000047   0.007748
      224 0.000047  -0.007713
      987 0.000047   0.007622
      297 0.000046  -0.007548
      627 0.000046   0.007498
      874 0.000046  -0.007482
      230 0.000046   0.007449
      409 0.000045  -0.007422
      769 0.000045  -0.007292
      864 0.000044   0.007261
      334 0.000044   0.007196
      591 0.000044   0.007192
      965 0.000044  -0.007133
      928 0.000043  -0.007094
      948 0.000043   0.006984
      131 0.000042  -0.006869
      364 0.000042   0.006861
      448 0.000042   0.006806
      169 0.000042  -0.006794
     1001 0.000040  -0.006552
      275 0.000040  -0.006531
      616 0.000040  -0.006459
      993 0.000040   0.006457
      881 0.000039  -0.006368
      298 0.000039  -0.006362
       93 0.000039   0.006350
      904 0.000038   0.006285
      359 0.000038  -0.006264
      201 0.000038   0.006149
      283 0.000037  -0.006077
      775 0.000037  -0.006071
      285 0.000037  -0.006013
      333 0.000036  -0.005943
      310 0.000036  -0.005926
     1025 0.000036   0.005848
      636 0.000036  -0.005830
      894 0.000036  -0.005809
      535 0.000035   0.005801
      530 0.000035   0.005714
      263 0.000035  -0.005713
      350 0.000035  -0.005690
      823 0.000035   0.005658
      838 0.000035   0.005652
      933 0.000034   0.005619
      614 0.000034   0.005578
      588 0.000033   0.005416
      491 0.000033   0.005347
      518 0.000032   0.005302
      950 0.000032  -0.005246
      410 0.000032  -0.005231
      680 0.000032   0.005156
      488 0.000031   0.005135
      880 0.000031   0.005122
      432 0.000031   0.005118
      315 0.000031   0.005112
     1032 0.000030   0.004977
      590 0.000030  -0.004934
      592 0.000030  -0.004873
      475 0.000030  -0.004844
      677 0.000029   0.004792
      532 0.000029   0.004758
     1017 0.000029   0.004755
      900 0.000029  -0.004730
      814 0.000029   0.004704
      319 0.000029   0.004676
      259 0.000028  -0.004656
      860 0.000028  -0.004572
      650 0.000028  -0.004535
      884 0.000027  -0.004469
      445 0.000027  -0.004432
      942 0.000027   0.004424
      335 0.000027  -0.004356
      524 0.000027  -0.004350
      402 0.000026  -0.004317
      406 0.000026  -0.004304
      424 0.000026  -0.004186
      643 0.000025  -0.004153
      320 0.000025   0.004135
      329 0.000025  -0.004118
      260 0.000025   0.004061
      943 0.000025   0.004058
      609 0.000025   0.004058
      357 0.000024   0.003996
      538 0.000024   0.003985
      293 0.000024   0.003975
      917 0.000024   0.003945
      420 0.000024   0.003906
      325 0.000024  -0.003889
      519 0.000023   0.003826
      662 0.000023  -0.003691
      868 0.000023  -0.003687
      164 0.000022   0.003642
      502 0.000022   0.003620
      278 0.000022  -0.003613
      792 0.000022   0.003609
      309 0.000022   0.003595
      304 0.000022  -0.003552
      685 0.000021  -0.003488
      714 0.000021  -0.003461
      288 0.000021  -0.003451
      250 0.000021   0.003426
      206 0.000021  -0.003391
      455 0.000021  -0.003370
     1034 0.000020  -0.003345
      681 0.000020  -0.003337
      779 0.000020   0.003315
      314 0.000020  -0.003274
      489 0.000020   0.003262
      536 0.000020  -0.003249
     1052 0.000020   0.003236
      613 0.000020   0.003235
      328 0.000019  -0.003186
      479 0.000019   0.003145
      938 0.000019   0.003130
      842 0.000019  -0.003128
      165 0.000019   0.003097
      512 0.000019  -0.003075
      360 0.000019  -0.003057
      252 0.000018  -0.003010
      852 0.000018  -0.002996
      458 0.000018   0.002991
      505 0.000018   0.002989
      463 0.000018  -0.002926
      213 0.000018   0.002874
      214 0.000017   0.002799
      830 0.000017   0.002783
      437 0.000017   0.002734
      526 0.000016   0.002665
      289 0.000016   0.002643
      264 0.000016  -0.002642
      287 0.000016   0.002635
      514 0.000016   0.002590
      949 0.000016   0.002576
      608 0.000016  -0.002554
      649 0.000016  -0.002553
      966 0.000016   0.002546
      226 0.000015  -0.002519
      223 0.000015   0.002505
      903 0.000015  -0.002494
      225 0.000015  -0.002487
      732 0.000015   0.002450
      216 0.000015  -0.002448
      883 0.000015   0.002445
      705 0.000015  -0.002424
      543 0.000015  -0.002417
      483 0.000015  -0.002412
       59 0.000015   0.002373
      555 0.000014  -0.002368
      554 0.000014   0.002322
      307 0.000014  -0.002322
       60 0.000014   0.002292
      450 0.000014  -0.002287
      959 0.000014   0.002279
      534 0.000014  -0.002276
      856 0.000014   0.002257
      215 0.000014  -0.002238
      342 0.000014   0.002220
      619 0.000013   0.002193
      452 0.000013  -0.002182
      188 0.000013  -0.002173
      816 0.000013   0.002153
      290 0.000013  -0.002141
      239 0.000013   0.002138
      279 0.000013  -0.002127
     1047 0.000013   0.002111
      907 0.000013   0.002094
      296 0.000013  -0.002092
      462 0.000013   0.002092
      796 0.000013   0.002075
      669 0.000012   0.002027
      363 0.000012   0.001997
      282 0.000012  -0.001967
      326 0.000012   0.001951
      712 0.000012   0.001938
      317 0.000012   0.001921
      426 0.000012   0.001910
      330 0.000012  -0.001899
      964 0.000012   0.001888
      473 0.000011  -0.001870
      724 0.000011   0.001865
      729 0.000011   0.001855
      376 0.000011   0.001855
      346 0.000011   0.001851
      811 0.000011   0.001842
      625 0.000011   0.001840
      927 0.000011  -0.001840
      760 0.000011   0.001833
     1074 0.000011   0.001796
      162 0.000011   0.001791
      634 0.000011  -0.001766
      345 0.000011   0.001754
      284 0.000011  -0.001750
       57 0.000011   0.001748
      984 0.000011   0.001728
      158 0.000011  -0.001721
      348 0.000010   0.001714
      265 0.000010   0.001713
      487 0.000010  -0.001684
      327 0.000010   0.001683
      934 0.000010  -0.001661
       63 0.000010  -0.001654
euclid. distance of OLC and linear combination of EV * x_coef: 0.014987110378567831

Generate samples based on objective loadcase 921
nr_to_generate: 25

Parameter variation distribution settings
distribution: uniform
low: 0.7
high: 1.3

Total process runtime: 0:00:01.388576
