Date and Time:2023-05-12 14:11:51.565291

Initial Settings:
similarity_model: <function cosine_similarity at 0x000001D005A6E5E0>
similarity_threshold: 1e-05
nr_eigv_to_select: None
distribution: uniform
deviation: 0.3
nr_to_generate: 25
recompute: False

Selected eigenvectors and similarity score w.r.t objective loadcase:
objective_loadcase_nr: 273
similarity_model: cosine_similarity
similarity_threshold: 1e-05
nr_eigv_to_select: None
nr_eigv_selected: 699
approximation parameter model: lstsq
similarity score and approx. param. value
:  eigv_idx    score      value
        1 0.562063  53.007872
        3 0.536432  50.590657
        2 0.478031 -45.082902
        0 0.405877  38.278083
        6 0.052211   4.924023
       39 0.012446   1.173792
        4 0.009763   0.920727
       68 0.005077  -0.478825
      639 0.003302   0.311426
      186 0.002157  -0.203416
       71 0.002075  -0.195681
      612 0.001854  -0.174860
       69 0.001716  -0.161873
      593 0.001668  -0.157271
      618 0.001580   0.149053
      586 0.001543   0.145511
      710 0.001518  -0.143167
      716 0.001502   0.141698
      218 0.001420  -0.133874
      182 0.001359  -0.128190
      668 0.001356   0.127896
      187 0.001344  -0.126762
      663 0.001339  -0.126245
      143 0.001122   0.105846
      749 0.001033  -0.097451
      194 0.000993   0.093647
      659 0.000990  -0.093395
      595 0.000928   0.087531
      617 0.000862   0.081293
      686 0.000858  -0.080902
      184 0.000853  -0.080420
       70 0.000851   0.080291
      688 0.000803  -0.075741
      579 0.000763   0.071954
      683 0.000754   0.071149
      388 0.000733  -0.069107
      700 0.000730   0.068836
      599 0.000689   0.065026
      582 0.000686  -0.064692
      562 0.000651  -0.061356
      735 0.000638  -0.060131
      635 0.000629   0.059295
      578 0.000597   0.056270
      626 0.000589   0.055542
      666 0.000560  -0.052818
      183 0.000554   0.052235
      253 0.000533  -0.050236
      670 0.000522   0.049193
      228 0.000518  -0.048817
      179 0.000500   0.047170
      137 0.000496  -0.046762
      733 0.000485   0.045773
      602 0.000471  -0.044437
      621 0.000466  -0.043963
      174 0.000460   0.043381
      698 0.000436  -0.041135
      708 0.000435   0.041010
      341 0.000435   0.040983
      171 0.000422  -0.039840
      756 0.000406  -0.038285
      709 0.000390  -0.036794
      606 0.000388  -0.036637
      362 0.000387  -0.036505
      210 0.000374  -0.035318
      741 0.000372   0.035120
      757 0.000372  -0.035076
      153 0.000370   0.034853
      575 0.000366   0.034471
      267 0.000356  -0.033583
      243 0.000355   0.033498
      567 0.000352  -0.033150
      641 0.000350  -0.033000
      739 0.000346  -0.032612
      620 0.000344  -0.032445
      699 0.000339  -0.032008
      604 0.000328  -0.030938
      204 0.000326   0.030728
      583 0.000324  -0.030553
      628 0.000321   0.030304
      577 0.000317  -0.029902
      132 0.000315   0.029699
      161 0.000313   0.029481
      853 0.000300  -0.028333
      220 0.000293  -0.027621
      199 0.000293  -0.027591
      403 0.000292   0.027548
      576 0.000291  -0.027479
      148 0.000287   0.027053
      787 0.000282   0.026571
      750 0.000281   0.026478
      356 0.000276  -0.026073
      718 0.000276  -0.025989
      807 0.000276   0.025986
      601 0.000269   0.025330
      254 0.000268   0.025321
      271 0.000268   0.025253
      400 0.000267  -0.025153
      383 0.000262   0.024663
      848 0.000259  -0.024459
      573 0.000255   0.024052
      419 0.000248  -0.023378
      631 0.000232  -0.021909
      587 0.000232   0.021846
      640 0.000221  -0.020823
      412 0.000220  -0.020756
      255 0.000211  -0.019871
      566 0.000209   0.019706
      580 0.000205  -0.019334
      273 0.000199  -0.018802
      759 0.000199   0.018775
      377 0.000199  -0.018760
      570 0.000198  -0.018630
      138 0.000197   0.018553
      175 0.000195  -0.018354
      665 0.000193  -0.018224
       91 0.000191  -0.017997
      217 0.000189  -0.017800
      236 0.000188   0.017695
      658 0.000186   0.017582
      857 0.000186  -0.017500
      629 0.000185  -0.017486
      815 0.000184  -0.017382
      557 0.000180  -0.016979
      941 0.000179  -0.016866
      277 0.000178   0.016818
      564 0.000178  -0.016746
      800 0.000176  -0.016621
      828 0.000176  -0.016555
      818 0.000170  -0.016043
      552 0.000168  -0.015870
      394 0.000168   0.015845
      369 0.000166   0.015663
      667 0.000163   0.015360
      790 0.000163   0.015331
      193 0.000161  -0.015190
      380 0.000161   0.015157
      687 0.000159   0.014956
      605 0.000155  -0.014662
      638 0.000153  -0.014393
      241 0.000153   0.014391
      753 0.000152  -0.014359
      234 0.000152   0.014345
      600 0.000152  -0.014318
      291 0.000152   0.014318
      645 0.000152   0.014314
      726 0.000151  -0.014251
      820 0.000150  -0.014107
      824 0.000146   0.013730
      301 0.000144  -0.013566
      798 0.000142   0.013367
      847 0.000142   0.013351
      353 0.000141  -0.013342
      107 0.000140  -0.013179
      258 0.000137  -0.012965
      859 0.000137   0.012878
      855 0.000136  -0.012827
      784 0.000135  -0.012692
      773 0.000135   0.012688
      574 0.000134  -0.012644
      707 0.000134  -0.012624
      770 0.000134   0.012611
      743 0.000133  -0.012590
      251 0.000133  -0.012503
      801 0.000132  -0.012495
      364 0.000132   0.012492
      294 0.000132  -0.012445
      320 0.000131   0.012377
      281 0.000131   0.012341
      427 0.000131  -0.012314
      354 0.000130   0.012225
      690 0.000129   0.012147
      436 0.000128   0.012093
      711 0.000128   0.012077
      406 0.000126  -0.011837
      335 0.000125  -0.011799
      299 0.000124   0.011698
      632 0.000123   0.011637
      292 0.000123  -0.011614
      402 0.000121  -0.011389
      209 0.000120  -0.011289
      829 0.000120   0.011288
      701 0.000120  -0.011279
      313 0.000119  -0.011218
      398 0.000116  -0.010957
      264 0.000116  -0.010937
      908 0.000116  -0.010929
      276 0.000115   0.010802
      553 0.000113  -0.010679
      247 0.000113   0.010658
      386 0.000112   0.010609
      333 0.000111  -0.010511
      279 0.000110  -0.010397
      736 0.000109  -0.010320
      585 0.000108  -0.010176
      974 0.000106   0.010041
      808 0.000106   0.010019
      832 0.000105   0.009944
      136 0.000105   0.009868
      882 0.000104   0.009849
      359 0.000104  -0.009804
      597 0.000104  -0.009778
      296 0.000103  -0.009732
      793 0.000103  -0.009669
      782 0.000102  -0.009661
      603 0.000102  -0.009578
      232 0.000101  -0.009543
      155 0.000100  -0.009435
      343 0.000099  -0.009367
      799 0.000099  -0.009331
      762 0.000099   0.009313
      213 0.000099   0.009313
      627 0.000098   0.009220
      740 0.000097  -0.009118
      423 0.000096  -0.009062
      257 0.000094  -0.008895
      103 0.000094   0.008878
      844 0.000093  -0.008801
      610 0.000093  -0.008738
      101 0.000093   0.008724
      302 0.000092  -0.008703
      413 0.000092   0.008658
      763 0.000092  -0.008632
      374 0.000091   0.008602
      158 0.000091  -0.008554
       99 0.000091   0.008537
      594 0.000090  -0.008518
      139 0.000090   0.008516
      431 0.000090  -0.008471
      360 0.000089  -0.008433
      840 0.000089  -0.008427
      367 0.000089   0.008410
      318 0.000089  -0.008406
       64 0.000089   0.008362
      347 0.000088  -0.008260
      560 0.000086  -0.008108
      742 0.000085  -0.008054
      105 0.000083   0.007835
      697 0.000083   0.007815
      325 0.000083  -0.007791
      134 0.000083  -0.007789
     1095 0.000082  -0.007759
      428 0.000082   0.007707
      159 0.000082  -0.007707
       94 0.000082   0.007704
      734 0.000082  -0.007698
      414 0.000081   0.007654
      955 0.000081   0.007648
      795 0.000081   0.007624
       74 0.000081   0.007613
      789 0.000078   0.007403
      287 0.000078  -0.007379
      611 0.000078  -0.007360
      584 0.000077  -0.007219
      357 0.000076   0.007212
      308 0.000076  -0.007150
      350 0.000075  -0.007119
      298 0.000075  -0.007096
      128 0.000075  -0.007093
      154 0.000075  -0.007043
      144 0.000074   0.006987
      625 0.000074   0.006987
      399 0.000074  -0.006962
      569 0.000074   0.006942
      334 0.000073   0.006915
      382 0.000073   0.006908
      110 0.000073   0.006882
      748 0.000073  -0.006859
       95 0.000073   0.006851
      643 0.000073  -0.006841
      249 0.000072  -0.006837
       66 0.000072   0.006788
      843 0.000072  -0.006754
      142 0.000072   0.006744
      214 0.000071   0.006727
       65 0.000071  -0.006688
       60 0.000071   0.006678
       67 0.000071   0.006676
      206 0.000071   0.006671
      803 0.000071   0.006668
      937 0.000070  -0.006619
      272 0.000068   0.006431
      328 0.000068  -0.006405
      131 0.000068  -0.006389
      744 0.000067  -0.006351
      864 0.000067   0.006340
      108 0.000067   0.006333
      913 0.000067  -0.006296
      879 0.000067  -0.006290
      776 0.000067  -0.006286
      349 0.000067   0.006281
      259 0.000066  -0.006218
       73 0.000066   0.006187
      373 0.000065  -0.006169
      704 0.000065  -0.006126
      361 0.000064   0.006013
     1005 0.000064   0.006010
      722 0.000064  -0.006004
      119 0.000063   0.005972
      802 0.000063   0.005970
      120 0.000063   0.005961
      581 0.000063  -0.005959
       10 0.000063  -0.005957
        9 0.000063  -0.005935
      165 0.000063   0.005917
      348 0.000062  -0.005892
      274 0.000062  -0.005891
      351 0.000062  -0.005886
      831 0.000062   0.005883
      821 0.000062  -0.005876
      545 0.000062  -0.005839
      978 0.000062   0.005835
      765 0.000061   0.005773
       75 0.000061   0.005747
      863 0.000061  -0.005714
      164 0.000060   0.005686
      922 0.000060  -0.005653
      330 0.000060  -0.005648
      233 0.000060   0.005633
      266 0.000059  -0.005570
      130 0.000059  -0.005540
      891 0.000058  -0.005509
      288 0.000058   0.005478
       96 0.000057  -0.005422
      681 0.000057  -0.005401
      150 0.000057  -0.005388
      112 0.000057  -0.005385
      609 0.000056   0.005306
      235 0.000056  -0.005256
      589 0.000056  -0.005254
      684 0.000056  -0.005252
      539 0.000056   0.005240
      227 0.000056   0.005238
       63 0.000055  -0.005228
      295 0.000055  -0.005213
      317 0.000055  -0.005180
      613 0.000054   0.005133
      315 0.000054  -0.005097
      338 0.000053  -0.004955
      221 0.000052   0.004923
      680 0.000052   0.004916
      385 0.000052  -0.004916
      943 0.000052   0.004898
      215 0.000052  -0.004868
       59 0.000051   0.004823
      895 0.000051   0.004811
      826 0.000051  -0.004795
       87 0.000051   0.004767
       14 0.000050   0.004749
      837 0.000050  -0.004686
      151 0.000049   0.004659
      870 0.000049  -0.004651
      884 0.000049  -0.004636
      904 0.000049   0.004575
       79 0.000048   0.004569
       61 0.000048   0.004564
      312 0.000048  -0.004554
       90 0.000048   0.004533
      191 0.000048   0.004502
      355 0.000048   0.004493
       13 0.000047  -0.004457
      549 0.000047  -0.004441
      242 0.000047   0.004441
      948 0.000047   0.004433
      224 0.000047  -0.004423
      894 0.000047  -0.004386
      322 0.000046  -0.004368
      129 0.000046   0.004358
      555 0.000046  -0.004358
       82 0.000046  -0.004330
      874 0.000045  -0.004252
      157 0.000045   0.004247
      121 0.000045   0.004243
      705 0.000045  -0.004242
      693 0.000045   0.004235
      540 0.000045  -0.004234
      222 0.000045  -0.004224
      712 0.000045   0.004216
      395 0.000044   0.004190
      248 0.000044  -0.004141
      591 0.000044   0.004140
      216 0.000044  -0.004133
      542 0.000044   0.004124
      329 0.000044  -0.004109
      133 0.000043  -0.004102
      239 0.000043   0.004076
      425 0.000043   0.004069
      160 0.000043  -0.004063
       84 0.000043  -0.004057
      880 0.000043   0.004044
      572 0.000043  -0.004018
       77 0.000042  -0.004005
      326 0.000042   0.003978
      344 0.000042   0.003933
      811 0.000042   0.003923
      528 0.000042   0.003918
      849 0.000041   0.003913
      596 0.000041  -0.003907
      860 0.000041  -0.003904
      654 0.000041   0.003864
      616 0.000041  -0.003838
      392 0.000040   0.003815
      805 0.000040  -0.003809
      987 0.000040   0.003798
      881 0.000040  -0.003746
      823 0.000040   0.003740
       88 0.000040   0.003738
      420 0.000040   0.003737
      126 0.000040  -0.003734
      409 0.000040  -0.003731
      728 0.000040  -0.003727
      867 0.000040   0.003726
      109 0.000039   0.003703
      269 0.000039  -0.003695
      252 0.000039   0.003667
      345 0.000039  -0.003633
       92 0.000038  -0.003621
      390 0.000038   0.003617
      724 0.000038   0.003610
      152 0.000038   0.003607
      448 0.000038   0.003574
      293 0.000038   0.003567
      244 0.000038  -0.003537
      262 0.000037  -0.003514
      561 0.000037   0.003508
      285 0.000037  -0.003479
      928 0.000037  -0.003466
      278 0.000037   0.003453
     1001 0.000037  -0.003451
       93 0.000037   0.003448
      809 0.000037   0.003447
       83 0.000036  -0.003440
      125 0.000036  -0.003437
      723 0.000036  -0.003432
      106 0.000036  -0.003415
      685 0.000036  -0.003414
      336 0.000036   0.003412
      691 0.000036   0.003408
      375 0.000036  -0.003380
      965 0.000036  -0.003365
      780 0.000036  -0.003364
      407 0.000036  -0.003361
      554 0.000035   0.003347
      162 0.000035   0.003345
      563 0.000035   0.003315
      623 0.000035   0.003311
      950 0.000035  -0.003303
      993 0.000035   0.003288
      778 0.000035  -0.003263
       78 0.000035  -0.003256
      141 0.000034  -0.003248
      339 0.000034  -0.003240
       85 0.000034  -0.003206
       58 0.000034  -0.003191
      314 0.000034  -0.003164
      814 0.000033   0.003139
      646 0.000033  -0.003139
      644 0.000033   0.003138
      839 0.000033   0.003130
      310 0.000033  -0.003103
      321 0.000033   0.003101
      432 0.000033   0.003097
      289 0.000033   0.003080
      858 0.000032  -0.003064
      238 0.000032   0.003063
      114 0.000032   0.003060
      650 0.000032   0.003050
      558 0.000032   0.003030
       72 0.000032  -0.003015
      140 0.000032  -0.003004
       50 0.000032  -0.002989
      324 0.000031  -0.002958
       56 0.000031   0.002948
      530 0.000031   0.002925
      340 0.000031   0.002924
      842 0.000031  -0.002921
      118 0.000031  -0.002914
       54 0.000031  -0.002908
      181 0.000031  -0.002900
       86 0.000031   0.002890
      488 0.000031   0.002877
     1025 0.000030   0.002853
       52 0.000030   0.002839
      491 0.000030   0.002833
      149 0.000030   0.002824
      556 0.000030  -0.002818
      942 0.000030   0.002815
      535 0.000030   0.002803
      933 0.000030   0.002795
      675 0.000029  -0.002769
      694 0.000029   0.002758
      475 0.000029  -0.002748
      875 0.000029  -0.002747
      410 0.000029  -0.002713
      190 0.000028   0.002677
       76 0.000028  -0.002676
      146 0.000028  -0.002669
      810 0.000028   0.002667
     1032 0.000028   0.002664
      434 0.000028   0.002661
      656 0.000028  -0.002640
      964 0.000028   0.002628
      192 0.000028  -0.002628
      117 0.000028  -0.002617
      642 0.000028   0.002599
      649 0.000027   0.002585
      518 0.000027   0.002583
      226 0.000027  -0.002582
      695 0.000027  -0.002579
      653 0.000027  -0.002567
      664 0.000027   0.002552
       33 0.000027   0.002548
      452 0.000027  -0.002548
       46 0.000027   0.002520
      358 0.000027   0.002518
      696 0.000027   0.002516
      852 0.000027  -0.002511
      532 0.000027   0.002503
      727 0.000027   0.002500
      185 0.000026   0.002490
      237 0.000026   0.002475
      571 0.000026   0.002469
      178 0.000026  -0.002430
      713 0.000026  -0.002418
       36 0.000026  -0.002412
      376 0.000026  -0.002411
      524 0.000025  -0.002364
      229 0.000025   0.002363
      196 0.000025   0.002358
      876 0.000025  -0.002348
      387 0.000025   0.002345
      637 0.000025  -0.002335
      935 0.000025  -0.002328
      729 0.000025   0.002326
      123 0.000025   0.002322
       62 0.000025  -0.002315
      127 0.000024   0.002282
      327 0.000024  -0.002282
       31 0.000024  -0.002273
      900 0.000024  -0.002243
      887 0.000023   0.002214
      888 0.000023   0.002204
      263 0.000023  -0.002202
      378 0.000023   0.002176
      366 0.000023  -0.002170
     1017 0.000023   0.002162
       29 0.000023   0.002153
       48 0.000023   0.002149
      166 0.000023   0.002146
      396 0.000023  -0.002143
      479 0.000023   0.002131
      671 0.000023  -0.002130
       47 0.000023  -0.002128
      163 0.000022   0.002109
      917 0.000022   0.002074
      177 0.000022   0.002064
      102 0.000022  -0.002064
      270 0.000022  -0.002045
      538 0.000022   0.002044
      368 0.000022  -0.002044
      307 0.000022  -0.002035
      548 0.000021  -0.001971
      971 0.000021  -0.001969
      197 0.000021  -0.001963
      449 0.000021   0.001954
       38 0.000020   0.001930
      286 0.000020   0.001926
      519 0.000020   0.001924
      550 0.000020  -0.001897
      225 0.000020  -0.001867
      966 0.000020   0.001856
      792 0.000020   0.001853
      714 0.000020  -0.001843
      352 0.000019  -0.001832
      381 0.000019  -0.001828
     1034 0.000019  -0.001821
      536 0.000019  -0.001796
      219 0.000019  -0.001779
      424 0.000019  -0.001760
      988 0.000019  -0.001759
      766 0.000019   0.001755
      489 0.000019   0.001749
      767 0.000018  -0.001743
       11 0.000018  -0.001742
      502 0.000018   0.001716
      202 0.000018  -0.001714
      512 0.000018  -0.001713
      816 0.000018   0.001712
      319 0.000018  -0.001707
      636 0.000018  -0.001700
      590 0.000018  -0.001699
      458 0.000018   0.001694
      938 0.000018   0.001659
      673 0.000018  -0.001658
      198 0.000017   0.001638
      856 0.000017   0.001615
      662 0.000017   0.001590
     1052 0.000017   0.001586
      565 0.000017   0.001566
      405 0.000017   0.001563
      135 0.000017  -0.001562
      230 0.000016  -0.001555
      725 0.000016   0.001555
      463 0.000016  -0.001553
      934 0.000016  -0.001553
      927 0.000016  -0.001552
       41 0.000016  -0.001548
      455 0.000016  -0.001548
       12 0.000016   0.001542
      706 0.000016  -0.001524
      607 0.000016   0.001520
       27 0.000016  -0.001517
       57 0.000016   0.001516
       18 0.000016  -0.001505
      661 0.000016  -0.001500
      346 0.000016   0.001495
      526 0.000016   0.001491
     1096 0.000016   0.001487
       89 0.000016   0.001468
      751 0.000016   0.001464
      921 0.000015  -0.001458
      514 0.000015   0.001449
      445 0.000015  -0.001433
      284 0.000015  -0.001417
       80 0.000015   0.001406
      201 0.000015   0.001402
      245 0.000015  -0.001379
       42 0.000015   0.001368
       44 0.000014  -0.001362
      283 0.000014  -0.001358
      363 0.000014   0.001353
      702 0.000014  -0.001351
       40 0.000014   0.001350
      208 0.000014  -0.001342
      543 0.000014  -0.001327
      977 0.000014   0.001324
      111 0.000014   0.001319
      732 0.000014   0.001311
      483 0.000014  -0.001310
       43 0.000014   0.001308
      365 0.000014   0.001299
      669 0.000014   0.001296
      195 0.000014   0.001295
      534 0.000014  -0.001284
       35 0.000013  -0.001265
      983 0.000013   0.001264
      781 0.000013   0.001253
       16 0.000013  -0.001242
      440 0.000013  -0.001225
      437 0.000013   0.001219
      379 0.000013  -0.001214
      676 0.000013  -0.001213
      949 0.000013   0.001196
      505 0.000013   0.001196
       51 0.000013   0.001192
       53 0.000013  -0.001185
      957 0.000013   0.001184
      868 0.000013  -0.001181
      883 0.000012   0.001176
       34 0.000012  -0.001167
      959 0.000012   0.001157
      189 0.000012   0.001149
      804 0.000012  -0.001146
      720 0.000012  -0.001145
      769 0.000012  -0.001132
      994 0.000012  -0.001130
      903 0.000012  -0.001124
      370 0.000012   0.001118
      817 0.000012  -0.001115
      167 0.000012  -0.001110
      568 0.000012   0.001108
      169 0.000011  -0.001076
      211 0.000011  -0.001072
      822 0.000011  -0.001063
        5 0.000011  -0.001060
      461 0.000011   0.001059
      473 0.000011  -0.001051
      145 0.000011   0.001043
      122 0.000011  -0.001036
      260 0.000011   0.001035
      772 0.000011  -0.001034
      450 0.000011  -0.001030
      619 0.000011   0.001030
      651 0.000011   0.001021
      608 0.000011  -0.001019
      813 0.000011  -0.001010
      156 0.000011  -0.001005
      746 0.000011  -0.001001
      265 0.000011   0.000999
       49 0.000010   0.000989
      819 0.000010   0.000988
      176 0.000010  -0.000987
     1000 0.000010  -0.000970
     1009 0.000010  -0.000964
      487 0.000010  -0.000961
       17 0.000010   0.000956
      907 0.000010   0.000953
      747 0.000010  -0.000952
     1047 0.000010   0.000948
      207 0.000010   0.000947
euclid. distance of OLC and linear combination of EV * x_coef: 0.0077876648018119134

Generate samples based on objective loadcase 273
nr_to_generate: 25

Parameter variation distribution settings
distribution: uniform
low: 0.7
high: 1.3

Total process runtime: 0:00:01.409666
