Date and Time:2023-05-12 14:09:11.551754

Initial Settings:
similarity_model: <function cosine_similarity at 0x000001D005A6E5E0>
similarity_threshold: 1e-05
nr_eigv_to_select: None
distribution: uniform
deviation: 0.3
nr_to_generate: 25
recompute: False

Selected eigenvectors and similarity score w.r.t objective loadcase:
objective_loadcase_nr: 153
similarity_model: cosine_similarity
similarity_threshold: 1e-05
nr_eigv_to_select: None
nr_eigv_selected: 531
approximation parameter model: lstsq
similarity score and approx. param. value
:  eigv_idx    score      value
        3 0.581962  44.080321
        1 0.520360  39.414337
        2 0.509135 -38.564118
        0 0.359915  27.261563
        6 0.029270   2.217074
       39 0.026675   2.020468
        4 0.012377   0.937507
      639 0.003238   0.245282
      218 0.002397  -0.181575
      186 0.002079  -0.157492
      593 0.002008  -0.152103
      612 0.001863  -0.141149
      586 0.001853   0.140346
      710 0.001645  -0.124586
      187 0.001353  -0.102478
      716 0.001243   0.094181
      595 0.001202   0.091010
       68 0.001120  -0.084863
      618 0.001083   0.082034
      663 0.001063  -0.080540
      668 0.001053   0.079763
      626 0.001023   0.077449
      686 0.000934  -0.070757
      194 0.000912   0.069045
      749 0.000864  -0.065481
      388 0.000864  -0.065438
      143 0.000823   0.062324
      688 0.000799  -0.060538
      659 0.000765  -0.057945
      599 0.000742   0.056221
      617 0.000733   0.055534
      582 0.000712  -0.053900
      621 0.000689  -0.052204
      562 0.000686  -0.051979
      635 0.000680   0.051544
      670 0.000653   0.049470
      704 0.000609  -0.046140
      183 0.000602   0.045618
      341 0.000579   0.043854
      578 0.000571   0.043256
       69 0.000553   0.041851
      733 0.000548   0.041484
      718 0.000545  -0.041317
      606 0.000528  -0.039958
      567 0.000525  -0.039763
      253 0.000505  -0.038251
      735 0.000504  -0.038191
      579 0.000503   0.038130
      153 0.000498   0.037734
      602 0.000496  -0.037536
      708 0.000493   0.037331
      577 0.000491  -0.037186
      267 0.000483  -0.036591
       71 0.000480   0.036359
      698 0.000469  -0.035509
      174 0.000436   0.033017
      575 0.000433   0.032805
      666 0.000424  -0.032153
      696 0.000421  -0.031862
      709 0.000416  -0.031473
      258 0.000415  -0.031453
      620 0.000402  -0.030441
      220 0.000387  -0.029303
      230 0.000379  -0.028679
      707 0.000376  -0.028484
      753 0.000372  -0.028145
      601 0.000370   0.028051
      683 0.000368   0.027893
      700 0.000364   0.027556
      227 0.000359   0.027216
      641 0.000358  -0.027098
      210 0.000336  -0.025433
      756 0.000335  -0.025352
      848 0.000327  -0.024763
      412 0.000324  -0.024529
      699 0.000323  -0.024450
      273 0.000319  -0.024178
      583 0.000313  -0.023716
      235 0.000312  -0.023598
      419 0.000303  -0.022918
      631 0.000299  -0.022680
      853 0.000291  -0.022075
      793 0.000291  -0.022052
      587 0.000289   0.021864
      807 0.000288   0.021820
      362 0.000282  -0.021377
      403 0.000279   0.021135
      757 0.000273  -0.020693
      243 0.000267   0.020247
      269 0.000266  -0.020141
      383 0.000263   0.019890
      239 0.000261   0.019735
      263 0.000258  -0.019557
      741 0.000254   0.019253
      726 0.000249  -0.018869
      361 0.000246   0.018665
      570 0.000246  -0.018637
      299 0.000244   0.018507
      763 0.000243   0.018435
      739 0.000241  -0.018219
      759 0.000236  -0.017900
      137 0.000230  -0.017428
      750 0.000229   0.017309
      182 0.000222  -0.016833
       70 0.000222   0.016803
      576 0.000207  -0.015641
      377 0.000203  -0.015402
      787 0.000202   0.015290
      857 0.000195  -0.014733
      132 0.000193   0.014614
      818 0.000193  -0.014611
      743 0.000192  -0.014566
      301 0.000191  -0.014465
      604 0.000188  -0.014220
      855 0.000187  -0.014196
      580 0.000187  -0.014128
      564 0.000186  -0.014120
      373 0.000186  -0.014084
      427 0.000182  -0.013813
      824 0.000179   0.013569
      400 0.000179  -0.013558
      658 0.000179   0.013528
      206 0.000176   0.013366
      247 0.000176   0.013326
      175 0.000174  -0.013203
      742 0.000174  -0.013195
      312 0.000173  -0.013094
      204 0.000173   0.013075
      800 0.000171  -0.012978
      392 0.000171   0.012973
      549 0.000167  -0.012641
      199 0.000167  -0.012626
      795 0.000163   0.012324
      228 0.000162  -0.012299
      553 0.000162  -0.012238
      711 0.000160   0.012135
      290 0.000160   0.012117
      332 0.000159  -0.012058
      574 0.000158  -0.011984
      591 0.000154   0.011699
      223 0.000154   0.011697
      275 0.000153  -0.011619
      337 0.000152  -0.011524
      784 0.000152  -0.011522
      859 0.000152   0.011512
      628 0.000151   0.011472
      829 0.000150   0.011388
      820 0.000150  -0.011357
      828 0.000149  -0.011265
      566 0.000146   0.011091
      778 0.000145  -0.010947
      941 0.000143  -0.010834
      557 0.000143  -0.010824
      616 0.000142  -0.010779
      790 0.000141   0.010676
      775 0.000139   0.010543
      605 0.000139  -0.010515
      667 0.000138   0.010488
      808 0.000138   0.010420
      329 0.000137  -0.010352
      355 0.000136   0.010303
      369 0.000136   0.010274
      770 0.000136   0.010271
      736 0.000135  -0.010221
      217 0.000132  -0.009983
      184 0.000130  -0.009879
      277 0.000129   0.009803
      257 0.000129  -0.009784
      241 0.000129   0.009746
      665 0.000128  -0.009715
      398 0.000120  -0.009104
      380 0.000119   0.009010
      585 0.000118  -0.008907
      423 0.000117  -0.008891
       88 0.000117  -0.008858
      431 0.000116  -0.008783
      294 0.000114  -0.008612
      645 0.000113   0.008593
      690 0.000113   0.008535
      266 0.000111  -0.008390
      684 0.000109  -0.008272
      815 0.000107  -0.008122
      298 0.000107  -0.008100
      687 0.000107   0.008095
      279 0.000106  -0.008043
      179 0.000106   0.008005
      271 0.000104   0.007895
      201 0.000103  -0.007815
      799 0.000103  -0.007810
      354 0.000103   0.007764
      367 0.000102   0.007738
      728 0.000101  -0.007666
      697 0.000101   0.007647
      864 0.000100   0.007550
      908 0.000100  -0.007541
      569 0.000099   0.007497
      638 0.000097  -0.007369
      285 0.000097   0.007366
      744 0.000097  -0.007352
      292 0.000096  -0.007260
      353 0.000096  -0.007259
      261 0.000095  -0.007203
      573 0.000095   0.007177
      769 0.000094   0.007119
      436 0.000092   0.006992
      600 0.000092  -0.006933
      321 0.000091  -0.006897
      847 0.000091   0.006856
      943 0.000090   0.006825
      782 0.000090  -0.006802
      295 0.000089  -0.006726
      734 0.000088  -0.006696
       93 0.000088  -0.006687
      104 0.000088   0.006673
      773 0.000088   0.006653
      974 0.000087   0.006560
      171 0.000086  -0.006520
      325 0.000085  -0.006414
      611 0.000084  -0.006392
      840 0.000083  -0.006298
      948 0.000083   0.006268
      723 0.000082  -0.006187
      937 0.000081  -0.006132
      342 0.000080   0.006095
      884 0.000080  -0.006051
      281 0.000080   0.006029
      255 0.000079  -0.006019
      234 0.000079   0.005999
      844 0.000079  -0.005963
      860 0.000076  -0.005767
      318 0.000075  -0.005670
      843 0.000075  -0.005656
      701 0.000072  -0.005475
      364 0.000072  -0.005451
      823 0.000072   0.005422
      251 0.000071  -0.005415
      880 0.000071   0.005395
      584 0.000071  -0.005363
      978 0.000071   0.005357
      560 0.000070  -0.005317
      589 0.000070  -0.005294
      594 0.000069  -0.005224
      552 0.000069  -0.005190
      291 0.000068   0.005169
      654 0.000067   0.005091
      581 0.000067  -0.005048
      302 0.000066  -0.005027
      762 0.000066  -0.004994
      870 0.000065  -0.004905
      390 0.000064   0.004851
      801 0.000064  -0.004827
      262 0.000063  -0.004794
      629 0.000063  -0.004792
      826 0.000063  -0.004762
     1095 0.000063  -0.004756
      694 0.000061   0.004656
      882 0.000060   0.004549
      323 0.000060  -0.004533
      138 0.000059  -0.004468
     1005 0.000059   0.004465
      789 0.000059   0.004451
      386 0.000058   0.004374
      913 0.000058  -0.004364
      539 0.000058   0.004363
      765 0.000057   0.004344
      313 0.000057  -0.004297
      428 0.000057   0.004283
      107 0.000056  -0.004263
      226 0.000056   0.004228
      222 0.000056   0.004228
      895 0.000055   0.004163
      545 0.000055  -0.004136
      225 0.000054   0.004086
      193 0.000054   0.004077
      792 0.000054   0.004062
      414 0.000054   0.004056
      289 0.000053   0.004040
      356 0.000053  -0.004022
      780 0.000052   0.003944
      425 0.000051   0.003900
      643 0.000051  -0.003872
      632 0.000050   0.003782
      528 0.000050   0.003753
      722 0.000049  -0.003684
      874 0.000049  -0.003675
      894 0.000048  -0.003673
      831 0.000048   0.003654
      359 0.000048   0.003648
      283 0.000048   0.003638
      322 0.000048  -0.003631
      169 0.000048  -0.003605
      935 0.000048  -0.003601
      252 0.000047  -0.003566
      333 0.000047  -0.003559
      319 0.000047   0.003537
      922 0.000046  -0.003495
      264 0.000046   0.003486
      830 0.000045   0.003443
      284 0.000045   0.003401
      610 0.000045  -0.003401
      259 0.000045   0.003396
      237 0.000045   0.003372
      805 0.000044  -0.003352
      407 0.000044  -0.003349
      535 0.000044   0.003345
      955 0.000044   0.003340
      240 0.000044  -0.003338
      590 0.000044  -0.003331
      821 0.000044  -0.003323
      268 0.000043  -0.003283
      406 0.000043  -0.003269
      244 0.000042  -0.003213
      957 0.000042   0.003200
      572 0.000042  -0.003147
      849 0.000042   0.003143
      597 0.000039  -0.002967
      320 0.000039   0.002961
      209 0.000039   0.002939
      250 0.000038   0.002912
      357 0.000038  -0.002906
      842 0.000038  -0.002870
      942 0.000038   0.002862
      374 0.000038   0.002855
      561 0.000037   0.002802
      833 0.000037  -0.002794
      988 0.000037  -0.002775
      881 0.000037  -0.002772
      964 0.000036   0.002744
      308 0.000036  -0.002737
      315 0.000036   0.002707
      278 0.000036   0.002705
      596 0.000036  -0.002691
      297 0.000035  -0.002683
      343 0.000035  -0.002678
      568 0.000035   0.002674
      950 0.000035  -0.002647
      971 0.000034  -0.002613
      841 0.000034   0.002608
     1096 0.000034   0.002601
      491 0.000034   0.002579
      518 0.000034   0.002578
      366 0.000034   0.002541
      609 0.000033   0.002525
      413 0.000032  -0.002461
      838 0.000032  -0.002450
      409 0.000032  -0.002431
      748 0.000032  -0.002395
      879 0.000032  -0.002387
      532 0.000031   0.002383
      811 0.000031   0.002380
     1073 0.000031  -0.002367
      488 0.000031   0.002347
      627 0.000031   0.002337
      921 0.000030  -0.002297
      904 0.000030   0.002294
      540 0.000030  -0.002294
      625 0.000030  -0.002253
      727 0.000029  -0.002188
      835 0.000029  -0.002185
      448 0.000028   0.002127
      402 0.000028  -0.002123
      794 0.000028   0.002108
      933 0.000028   0.002093
      410 0.000028  -0.002086
      791 0.000027   0.002078
      475 0.000027  -0.002057
      310 0.000027  -0.002031
      810 0.000027   0.002028
      524 0.000027  -0.002014
      542 0.000026   0.002002
      445 0.000026  -0.002001
      260 0.000026  -0.001999
      832 0.000026   0.001993
      677 0.000026   0.001991
      384 0.000026  -0.001964
      655 0.000026  -0.001962
      983 0.000026   0.001950
      614 0.000026   0.001943
      360 0.000025   0.001925
      977 0.000025   0.001913
      685 0.000025  -0.001912
      394 0.000025   0.001911
      928 0.000025  -0.001910
      640 0.000025  -0.001903
      382 0.000025  -0.001880
      272 0.000024   0.001843
      636 0.000024  -0.001814
     1032 0.000024   0.001806
      188 0.000024  -0.001788
      856 0.000023   0.001772
      335 0.000023  -0.001768
      987 0.000023   0.001753
      927 0.000023  -0.001749
      798 0.000023  -0.001741
      526 0.000023   0.001740
      650 0.000023  -0.001738
       91 0.000023  -0.001720
      397 0.000023  -0.001712
      876 0.000022  -0.001695
     1034 0.000022  -0.001693
      623 0.000022  -0.001679
      530 0.000022   0.001672
     1010 0.000022   0.001656
      875 0.000022  -0.001653
      296 0.000021  -0.001627
      232 0.000021   0.001616
      293 0.000021   0.001597
      642 0.000021   0.001596
      424 0.000021  -0.001596
     1009 0.000021  -0.001586
     1001 0.000021  -0.001582
      934 0.000021  -0.001556
      274 0.000020  -0.001527
      868 0.000020   0.001513
      479 0.000020   0.001493
      669 0.000019   0.001439
      514 0.000019   0.001435
      898 0.000019   0.001416
      839 0.000019   0.001408
      959 0.000018  -0.001401
      837 0.000018  -0.001384
      432 0.000018   0.001372
      916 0.000018  -0.001363
      536 0.000018  -0.001334
      814 0.000017   0.001326
      180 0.000017  -0.001307
      214 0.000017   0.001305
      245 0.000017  -0.001301
      224 0.000017  -0.001293
      899 0.000017  -0.001281
      147 0.000017   0.001277
      902 0.000017  -0.001277
      455 0.000017  -0.001276
      764 0.000017  -0.001264
      463 0.000017  -0.001263
     1025 0.000017   0.001252
      649 0.000016  -0.001243
      270 0.000016  -0.001239
      437 0.000016   0.001238
      387 0.000016   0.001229
     1016 0.000016  -0.001219
      350 0.000016   0.001213
     1003 0.000016  -0.001208
      125 0.000016   0.001202
      502 0.000016   0.001200
      512 0.000016  -0.001200
      714 0.000016  -0.001198
      598 0.000016  -0.001197
      519 0.000016   0.001194
      671 0.000016   0.001183
      256 0.000016   0.001182
      776 0.000015  -0.001158
      139 0.000015  -0.001153
      185 0.000015   0.001145
      803 0.000015   0.001129
      952 0.000015  -0.001121
     1020 0.000015  -0.001110
     1017 0.000015   0.001106
      231 0.000015  -0.001104
      131 0.000014   0.001087
      713 0.000014   0.001080
      324 0.000014  -0.001078
      216 0.000014  -0.001072
      434 0.000014   0.001063
      809 0.000014   0.001051
      489 0.000014   0.001049
      662 0.000014  -0.001037
      637 0.000014  -0.001030
      148 0.000014  -0.001028
      644 0.000013   0.001021
      229 0.000013  -0.001014
      316 0.000013  -0.001003
      458 0.000013   0.001002
       63 0.000013   0.001002
      505 0.000013   0.001001
      656 0.000013   0.001000
      648 0.000013  -0.000996
      891 0.000013  -0.000981
     1040 0.000013  -0.000980
      907 0.000013   0.000978
       97 0.000013  -0.000976
      903 0.000013   0.000960
      213 0.000013   0.000959
      691 0.000013   0.000958
       92 0.000013  -0.000955
       54 0.000013   0.000947
      450 0.000012  -0.000945
      202 0.000012  -0.000935
      238 0.000012  -0.000925
      133 0.000012  -0.000921
      170 0.000012   0.000916
      732 0.000012   0.000914
      130 0.000012  -0.000899
      984 0.000012  -0.000897
      802 0.000012   0.000895
      334 0.000012  -0.000894
      608 0.000012   0.000882
      680 0.000012   0.000880
      949 0.000012   0.000880
      347 0.000011   0.000871
      619 0.000011   0.000869
      556 0.000011   0.000864
     1004 0.000011   0.000863
      114 0.000011  -0.000855
      676 0.000011   0.000853
      936 0.000011   0.000852
      165 0.000011   0.000847
      399 0.000011  -0.000839
     1052 0.000011   0.000837
      634 0.000011  -0.000835
      917 0.000011   0.000826
      192 0.000011   0.000823
      136 0.000011  -0.000821
      144 0.000011   0.000819
      571 0.000011   0.000818
      352 0.000011  -0.000808
      858 0.000011  -0.000806
      349 0.000011  -0.000800
      348 0.000011   0.000799
      966 0.000011   0.000797
      108 0.000011   0.000796
      288 0.000010  -0.000793
     1061 0.000010  -0.000790
      993 0.000010   0.000790
      816 0.000010   0.000784
      487 0.000010  -0.000778
      565 0.000010  -0.000778
       51 0.000010  -0.000774
     1036 0.000010   0.000772
       45 0.000010   0.000771
      804 0.000010   0.000768
euclid. distance of OLC and linear combination of EV * x_coef: 0.007489215403360306

Generate samples based on objective loadcase 153
nr_to_generate: 25

Parameter variation distribution settings
distribution: uniform
low: 0.7
high: 1.3

Total process runtime: 0:00:01.320846
