Date and Time:2023-05-12 14:25:12.253823

Initial Settings:
similarity_model: <function cosine_similarity at 0x000001D005A6E5E0>
similarity_threshold: 1e-05
nr_eigv_to_select: None
distribution: uniform
deviation: 0.3
nr_to_generate: 25
recompute: False

Selected eigenvectors and similarity score w.r.t objective loadcase:
objective_loadcase_nr: 873
similarity_model: cosine_similarity
similarity_threshold: 1e-05
nr_eigv_to_select: None
nr_eigv_selected: 463
approximation parameter model: lstsq
similarity score and approx. param. value
:  eigv_idx    score      value
        1 0.561237  64.394839
        3 0.527241  60.494172
        2 0.488162 -56.010444
        0 0.405688  46.547604
        6 0.061113   7.011915
       39 0.014686   1.685066
        4 0.009777   1.121811
       68 0.003985  -0.457181
      639 0.003864   0.443375
      186 0.002326  -0.266829
      612 0.002130  -0.244364
      593 0.002050  -0.235192
      586 0.001853   0.212563
      716 0.001696   0.194588
      618 0.001618   0.185668
      663 0.001569  -0.180022
      187 0.001535  -0.176080
      710 0.001487  -0.170640
      218 0.001483  -0.170154
      668 0.001459   0.167351
       71 0.001364  -0.156547
      182 0.001319  -0.151293
      595 0.001169   0.134116
       69 0.001106  -0.126930
      659 0.001097  -0.125827
      194 0.001078   0.123670
      143 0.001010   0.115828
      617 0.000981   0.112582
      184 0.000947  -0.108602
      686 0.000925  -0.106181
      388 0.000895  -0.102732
      700 0.000862   0.098930
      599 0.000824   0.094573
      626 0.000810   0.092967
      688 0.000808  -0.092750
      683 0.000794   0.091143
      635 0.000786   0.090210
      562 0.000782  -0.089696
      579 0.000768   0.088154
      582 0.000766  -0.087854
      670 0.000741   0.085048
      578 0.000701   0.080467
      183 0.000683   0.078388
      698 0.000661  -0.075887
       70 0.000657   0.075427
      733 0.000647   0.074198
      749 0.000638  -0.073192
      621 0.000637  -0.073056
      666 0.000595  -0.068215
      228 0.000575  -0.066025
      253 0.000550  -0.063093
      341 0.000548   0.062907
      602 0.000542  -0.062220
      179 0.000521   0.059737
      718 0.000515  -0.059071
      708 0.000467   0.053592
      171 0.000462  -0.053037
      699 0.000462  -0.052966
      174 0.000455   0.052177
      735 0.000454  -0.052116
      641 0.000440  -0.050483
      567 0.000437  -0.050112
      704 0.000431  -0.049444
      153 0.000427   0.049036
      606 0.000426  -0.048929
      137 0.000422  -0.048394
      575 0.000398   0.045709
      210 0.000397  -0.045568
      583 0.000397  -0.045516
      577 0.000391  -0.044842
      362 0.000385  -0.044209
      620 0.000384  -0.044074
      709 0.000377  -0.043244
      220 0.000371  -0.042528
      267 0.000342  -0.039293
      604 0.000337  -0.038672
      631 0.000333  -0.038218
      848 0.000312  -0.035842
      756 0.000311  -0.035686
      757 0.000311  -0.035639
      419 0.000310  -0.035622
      576 0.000307  -0.035193
      628 0.000305   0.034964
      243 0.000305   0.034949
      403 0.000304   0.034841
      807 0.000302   0.034674
      204 0.000300   0.034386
      601 0.000299   0.034332
      412 0.000295  -0.033838
      707 0.000290  -0.033233
      254 0.000285   0.032699
      161 0.000272   0.031204
      573 0.000270   0.030923
      132 0.000268   0.030753
      587 0.000267   0.030654
      400 0.000263  -0.030159
      148 0.000260   0.029799
      383 0.000257   0.029463
      815 0.000253  -0.028989
      199 0.000246  -0.028217
      759 0.000246   0.028196
      271 0.000244   0.027949
      570 0.000241  -0.027709
      377 0.000241  -0.027610
      787 0.000236   0.027100
      741 0.000234   0.026875
      580 0.000232  -0.026595
      658 0.000230   0.026430
      236 0.000216   0.024796
      853 0.000212  -0.024351
      277 0.000212   0.024338
      739 0.000211  -0.024259
      753 0.000210  -0.024114
      665 0.000208  -0.023902
      941 0.000207  -0.023696
      564 0.000205  -0.023498
      255 0.000203  -0.023267
      640 0.000202  -0.023209
      258 0.000202  -0.023166
      234 0.000190   0.021816
      557 0.000189  -0.021654
      687 0.000185   0.021266
      828 0.000182  -0.020835
      175 0.000181  -0.020810
       91 0.000180  -0.020685
      800 0.000180  -0.020662
      667 0.000178   0.020437
      696 0.000178  -0.020379
      427 0.000176  -0.020161
      301 0.000176  -0.020155
      138 0.000175   0.020072
      273 0.000172  -0.019725
      361 0.000169   0.019339
      566 0.000167   0.019169
      798 0.000167   0.019159
      380 0.000164   0.018812
      820 0.000163  -0.018700
      574 0.000163  -0.018650
      750 0.000162   0.018537
      711 0.000161   0.018448
      398 0.000155  -0.017830
      549 0.000155  -0.017827
      356 0.000155  -0.017801
      217 0.000153  -0.017590
      784 0.000152  -0.017428
      247 0.000151   0.017342
      690 0.000150   0.017154
      743 0.000149  -0.017140
      847 0.000148   0.017031
      857 0.000146  -0.016721
      790 0.000143   0.016351
      373 0.000142  -0.016241
      353 0.000141  -0.016148
      629 0.000139  -0.015967
      257 0.000138  -0.015835
      355 0.000137   0.015678
      645 0.000136   0.015641
      740 0.000135  -0.015535
      107 0.000135  -0.015510
      369 0.000135   0.015454
      436 0.000134   0.015363
      299 0.000134   0.015322
      908 0.000133  -0.015281
      793 0.000133  -0.015278
      585 0.000133  -0.015253
      295 0.000132  -0.015114
      762 0.000131   0.015086
      294 0.000130  -0.014923
      697 0.000130   0.014895
      974 0.000129   0.014818
      605 0.000127  -0.014578
      241 0.000126   0.014465
      193 0.000126  -0.014451
      808 0.000126   0.014446
      367 0.000126   0.014441
      249 0.000125  -0.014338
      354 0.000123   0.014146
      638 0.000123  -0.014114
      581 0.000123  -0.014108
      855 0.000123  -0.014056
      423 0.000121  -0.013869
      431 0.000119  -0.013621
      281 0.000118   0.013562
      763 0.000118  -0.013501
      882 0.000117   0.013416
      209 0.000113  -0.013006
      859 0.000113   0.012976
      736 0.000112  -0.012888
      308 0.000112  -0.012857
      292 0.000111  -0.012767
      552 0.000110  -0.012632
      222 0.000109  -0.012556
      553 0.000109  -0.012536
      840 0.000109  -0.012488
      818 0.000109  -0.012460
      600 0.000108  -0.012437
      594 0.000108  -0.012372
      832 0.000107   0.012309
      795 0.000107   0.012252
      269 0.000106  -0.012205
      266 0.000106  -0.012111
      584 0.000104  -0.011921
      684 0.000104  -0.011900
      801 0.000104  -0.011876
      392 0.000102   0.011725
      799 0.000102  -0.011683
      726 0.000101  -0.011562
      803 0.000101   0.011538
      844 0.000100  -0.011483
      386 0.000099   0.011406
      198 0.000096   0.011061
     1095 0.000096  -0.011045
      251 0.000096  -0.010959
      611 0.000095  -0.010898
      291 0.000094   0.010729
      302 0.000092  -0.010571
      394 0.000092   0.010527
      262 0.000091  -0.010422
      235 0.000091  -0.010388
      742 0.000090  -0.010303
      955 0.000089   0.010248
      313 0.000089  -0.010207
      390 0.000088   0.010055
      723 0.000087  -0.010031
      632 0.000087   0.009997
      802 0.000087   0.009948
      569 0.000087   0.009925
      701 0.000086  -0.009876
      572 0.000085  -0.009807
      597 0.000085  -0.009786
      561 0.000084   0.009680
      734 0.000084  -0.009603
      261 0.000083  -0.009536
      829 0.000083   0.009501
      863 0.000082  -0.009455
      428 0.000082   0.009454
      343 0.000082  -0.009357
      824 0.000080   0.009216
      374 0.000079   0.009108
      748 0.000079  -0.009048
      414 0.000078   0.008965
      805 0.000078  -0.008941
      312 0.000078  -0.008928
      776 0.000076  -0.008738
     1005 0.000076   0.008669
      560 0.000075  -0.008583
      744 0.000075  -0.008568
      879 0.000073  -0.008427
      913 0.000073  -0.008367
      826 0.000072  -0.008228
      891 0.000072  -0.008205
      937 0.000071  -0.008168
      922 0.000070  -0.008054
      778 0.000070  -0.008042
      275 0.000070  -0.007980
      843 0.000069  -0.007957
      728 0.000069  -0.007904
      545 0.000069  -0.007893
      978 0.000069   0.007878
      232 0.000068  -0.007785
      322 0.000067  -0.007645
      654 0.000066   0.007547
      596 0.000066  -0.007544
      425 0.000064   0.007295
      616 0.000064  -0.007292
      591 0.000063   0.007257
      603 0.000063  -0.007189
      539 0.000062   0.007159
      407 0.000062  -0.007074
      722 0.000061  -0.006967
      789 0.000061   0.006949
      298 0.000060  -0.006915
      780 0.000058  -0.006689
      782 0.000056  -0.006466
      268 0.000056  -0.006436
      895 0.000055   0.006320
      867 0.000055   0.006287
      263 0.000054  -0.006178
      858 0.000054  -0.006162
      821 0.000053  -0.006136
      542 0.000052   0.005988
      528 0.000051   0.005860
      413 0.000051   0.005860
      831 0.000050   0.005792
      614 0.000050   0.005781
      627 0.000050   0.005732
      279 0.000049  -0.005600
      540 0.000048  -0.005561
      773 0.000048   0.005528
      948 0.000048   0.005507
      397 0.000048  -0.005487
      765 0.000048   0.005471
      870 0.000047  -0.005362
      987 0.000047   0.005343
      770 0.000046   0.005251
      409 0.000046  -0.005234
      224 0.000045  -0.005150
      245 0.000045  -0.005137
      589 0.000045  -0.005137
      239 0.000044   0.005088
      928 0.000044  -0.005057
      874 0.000042  -0.004852
      325 0.000042  -0.004801
      965 0.000041  -0.004705
      448 0.000041   0.004688
      131 0.000041  -0.004678
     1001 0.000040  -0.004584
      881 0.000040  -0.004571
      535 0.000040   0.004546
      993 0.000038   0.004413
      864 0.000038   0.004337
      329 0.000036  -0.004133
      592 0.000036  -0.004124
      323 0.000036  -0.004119
      904 0.000036   0.004117
      518 0.000036   0.004080
     1025 0.000035   0.004060
      933 0.000035   0.004035
      223 0.000035   0.004000
      610 0.000035  -0.003977
      319 0.000035   0.003974
      169 0.000035  -0.003966
      491 0.000034   0.003948
      297 0.000034  -0.003915
      310 0.000034  -0.003895
      530 0.000034   0.003870
      677 0.000033   0.003812
      410 0.000033  -0.003810
      860 0.000033  -0.003754
      488 0.000033   0.003737
      894 0.000032  -0.003629
      532 0.000032   0.003625
      680 0.000031   0.003606
      650 0.000031  -0.003600
      289 0.000031   0.003599
      643 0.000031  -0.003594
     1032 0.000031   0.003592
      334 0.000031   0.003585
      950 0.000031  -0.003583
      814 0.000031   0.003526
      636 0.000031  -0.003505
      333 0.000030  -0.003496
      475 0.000030  -0.003493
      838 0.000030   0.003493
      337 0.000030  -0.003483
      823 0.000030   0.003411
      432 0.000029   0.003352
     1017 0.000029   0.003330
      900 0.000029  -0.003293
      524 0.000028  -0.003251
      445 0.000028  -0.003244
      608 0.000027  -0.003143
      590 0.000027  -0.003135
      769 0.000027  -0.003131
      342 0.000027   0.003105
      792 0.000027   0.003084
      880 0.000027   0.003063
      942 0.000027   0.003049
      424 0.000026  -0.002991
      285 0.000026  -0.002961
      917 0.000024   0.002795
      938 0.000023   0.002620
      538 0.000023   0.002605
      519 0.000023   0.002598
      502 0.000022   0.002575
     1034 0.000022  -0.002535
      685 0.000022  -0.002508
       88 0.000021   0.002416
      455 0.000021  -0.002411
       93 0.000021   0.002410
      662 0.000021  -0.002395
      868 0.000021  -0.002393
      714 0.000021  -0.002386
      943 0.000021   0.002372
      536 0.000021  -0.002364
      884 0.000020  -0.002346
      320 0.000020   0.002328
      842 0.000020  -0.002310
      201 0.000020   0.002306
      335 0.000020  -0.002300
      489 0.000020   0.002283
     1052 0.000020   0.002270
      479 0.000020   0.002267
      512 0.000020  -0.002263
      332 0.000020  -0.002255
      259 0.000020  -0.002238
      406 0.000019  -0.002219
      505 0.000019   0.002205
      526 0.000019   0.002154
      463 0.000019  -0.002145
      420 0.000018   0.002103
      458 0.000018   0.002100
      264 0.000018  -0.002083
      694 0.000018   0.002042
      437 0.000018   0.002038
      949 0.000018   0.002012
      514 0.000017   0.002007
      852 0.000017  -0.001995
      366 0.000017   0.001969
      681 0.000017  -0.001944
      359 0.000017  -0.001919
      775 0.000016  -0.001875
      324 0.000016  -0.001870
      830 0.000016   0.001860
      276 0.000016   0.001847
      856 0.000016   0.001780
      349 0.000015  -0.001772
      732 0.000015   0.001752
      883 0.000015   0.001724
      307 0.000015  -0.001722
      816 0.000015   0.001721
      296 0.000015  -0.001716
      649 0.000015  -0.001709
      328 0.000015  -0.001703
      619 0.000015   0.001694
      230 0.000015  -0.001686
      483 0.000015  -0.001674
      907 0.000015   0.001664
      450 0.000015  -0.001664
      283 0.000014  -0.001655
      779 0.000014   0.001654
      452 0.000014  -0.001645
      903 0.000014  -0.001636
      364 0.000014   0.001628
      543 0.000014  -0.001604
      330 0.000014  -0.001602
      399 0.000014  -0.001598
      669 0.000014   0.001559
       66 0.000013  -0.001491
     1047 0.000013   0.001489
      534 0.000013  -0.001489
      350 0.000013  -0.001466
      966 0.000013   0.001449
      402 0.000013  -0.001449
      272 0.000013   0.001444
      804 0.000012  -0.001427
      346 0.000012   0.001425
      462 0.000012   0.001422
      227 0.000012   0.001414
      260 0.000012   0.001395
      314 0.000012  -0.001388
      609 0.000012   0.001365
      363 0.000012   0.001356
      214 0.000012   0.001330
      727 0.000012  -0.001325
      791 0.000011   0.001317
      634 0.000011  -0.001310
      216 0.000011  -0.001309
      473 0.000011  -0.001308
      293 0.000011   0.001307
      646 0.000011   0.001253
      487 0.000011  -0.001248
      959 0.000011   0.001242
      164 0.000011   0.001237
      326 0.000011   0.001233
      237 0.000011   0.001227
      321 0.000011  -0.001210
      927 0.000010  -0.001204
      316 0.000010   0.001191
      274 0.000010  -0.001186
      120 0.000010   0.001175
      315 0.000010   0.001169
      510 0.000010  -0.001169
euclid. distance of OLC and linear combination of EV * x_coef: 0.010468384478084555

Generate samples based on objective loadcase 873
nr_to_generate: 25

Parameter variation distribution settings
distribution: uniform
low: 0.7
high: 1.3

Total process runtime: 0:00:01.362134
