Date and Time:2023-05-12 14:27:26.362937

Initial Settings:
similarity_model: <function cosine_similarity at 0x000001D005A6E5E0>
similarity_threshold: 1e-05
nr_eigv_to_select: None
distribution: uniform
deviation: 0.3
nr_to_generate: 25
recompute: False

Selected eigenvectors and similarity score w.r.t objective loadcase:
objective_loadcase_nr: 973
similarity_model: cosine_similarity
similarity_threshold: 1e-05
nr_eigv_to_select: None
nr_eigv_selected: 528
approximation parameter model: lstsq
similarity score and approx. param. value
:  eigv_idx    score      value
        3 0.560056  61.956955
        1 0.539135  59.642524
        2 0.498429 -55.139421
        0 0.380582  42.102369
        6 0.041201   4.557967
       39 0.022487   2.487636
        4 0.011240   1.243405
      639 0.003337   0.369145
      186 0.002240  -0.247811
      593 0.001965  -0.217433
      612 0.001924  -0.212869
      218 0.001916  -0.212009
      586 0.001814   0.200708
      710 0.001621  -0.179368
      187 0.001507  -0.166733
      716 0.001459   0.161410
      618 0.001247   0.137934
      668 0.001181   0.130654
      663 0.001178  -0.130315
      595 0.001153   0.127500
      143 0.001073   0.118662
      194 0.000992   0.109757
      686 0.000945  -0.104522
      626 0.000912   0.100878
      659 0.000866  -0.095787
      388 0.000855  -0.094622
      749 0.000851  -0.094090
      688 0.000820  -0.090708
      617 0.000804   0.088924
       71 0.000780   0.086269
      599 0.000776   0.085791
       69 0.000760   0.084094
      582 0.000725  -0.080243
       68 0.000716  -0.079230
      183 0.000711   0.078690
      562 0.000708  -0.078367
      635 0.000684   0.075699
      670 0.000646   0.071414
      621 0.000636  -0.070320
      579 0.000591   0.065408
      578 0.000590   0.065288
      341 0.000556   0.061512
      733 0.000548   0.060677
      182 0.000541  -0.059849
      602 0.000529  -0.058480
      700 0.000518   0.057346
      253 0.000511  -0.056511
      606 0.000509  -0.056350
      708 0.000508   0.056210
      698 0.000504  -0.055759
      683 0.000503   0.055684
      735 0.000500  -0.055357
      666 0.000494  -0.054609
      153 0.000489   0.054066
      567 0.000489  -0.054063
      174 0.000484   0.053592
      718 0.000466  -0.051607
      704 0.000466  -0.051552
      184 0.000436  -0.048238
      577 0.000431  -0.047691
      267 0.000414  -0.045749
      709 0.000412  -0.045628
      220 0.000409  -0.045218
      575 0.000402   0.044451
      620 0.000397  -0.043941
      641 0.000389  -0.043079
      228 0.000371  -0.041022
      756 0.000345  -0.038205
      699 0.000343  -0.037942
      210 0.000332  -0.036691
      583 0.000325  -0.035937
      362 0.000320  -0.035419
      757 0.000315  -0.034894
      848 0.000313  -0.034598
      696 0.000308  -0.034094
      412 0.000308  -0.034082
      807 0.000306   0.033901
      258 0.000306  -0.033896
      419 0.000299  -0.033122
      137 0.000299  -0.033120
      741 0.000299   0.033089
      707 0.000299  -0.033085
      753 0.000294  -0.032504
      601 0.000292   0.032298
      853 0.000282  -0.031159
      243 0.000280   0.030990
      587 0.000279   0.030825
      631 0.000273  -0.030246
      403 0.000272   0.030063
      739 0.000253  -0.027961
      576 0.000251  -0.027821
      273 0.000251  -0.027792
      383 0.000246   0.027200
      570 0.000237  -0.026252
      269 0.000236  -0.026115
      204 0.000234   0.025875
      793 0.000229  -0.025301
      361 0.000228   0.025262
      179 0.000224   0.024814
      750 0.000224   0.024762
      787 0.000217   0.024040
      377 0.000211  -0.023329
      580 0.000210  -0.023239
      400 0.000207  -0.022940
      299 0.000203   0.022428
      726 0.000199  -0.022066
      628 0.000198   0.021906
      658 0.000198   0.021903
      604 0.000195  -0.021561
      227 0.000194   0.021445
      132 0.000193   0.021309
      277 0.000192   0.021215
      171 0.000192  -0.021213
      175 0.000187  -0.020677
      255 0.000183  -0.020215
      743 0.000182  -0.020170
      301 0.000182  -0.020117
      800 0.000180  -0.019899
      373 0.000179  -0.019794
      564 0.000178  -0.019734
      427 0.000178  -0.019672
      857 0.000176  -0.019525
      230 0.000173  -0.019122
      818 0.000172  -0.018981
      549 0.000171  -0.018918
      247 0.000171   0.018870
      828 0.000170  -0.018811
      574 0.000170  -0.018798
      199 0.000169  -0.018703
      941 0.000166  -0.018358
      312 0.000164  -0.018121
      263 0.000163  -0.018045
      605 0.000163  -0.017991
      392 0.000162   0.017974
      820 0.000160  -0.017673
      815 0.000159  -0.017569
      855 0.000158  -0.017518
      234 0.000156   0.017300
      665 0.000155  -0.017106
      784 0.000150  -0.016570
      711 0.000149   0.016485
      251 0.000148  -0.016407
      355 0.000148   0.016367
      573 0.000147   0.016270
      824 0.000143   0.015779
      239 0.000141   0.015588
      667 0.000140   0.015488
      795 0.000140   0.015455
      687 0.000138   0.015315
      398 0.000138  -0.015306
      790 0.000138   0.015306
      235 0.000138  -0.015299
      236 0.000137   0.015127
      557 0.000136  -0.015095
      271 0.000136   0.015089
      380 0.000135   0.014934
      742 0.000134  -0.014785
      566 0.000133   0.014732
       70 0.000133   0.014674
      591 0.000132   0.014617
      808 0.000131   0.014522
      859 0.000130   0.014417
      294 0.000128  -0.014198
      367 0.000126   0.013893
      241 0.000123   0.013642
      553 0.000123  -0.013554
      161 0.000122   0.013520
      847 0.000121   0.013420
      778 0.000119  -0.013157
      690 0.000118   0.013040
      829 0.000117   0.012989
      423 0.000116  -0.012888
      254 0.000116   0.012838
      629 0.000116  -0.012825
      431 0.000116  -0.012789
      616 0.000115  -0.012689
      638 0.000113  -0.012517
      369 0.000112   0.012381
      908 0.000112  -0.012346
      223 0.000110   0.012117
      436 0.000108   0.011910
      684 0.000108  -0.011907
      354 0.000106   0.011765
      645 0.000106   0.011747
      217 0.000106  -0.011688
      353 0.000105  -0.011575
      337 0.000104  -0.011509
      770 0.000104   0.011466
      799 0.000103  -0.011418
      974 0.000103   0.011362
      736 0.000102  -0.011330
      257 0.000102  -0.011316
      569 0.000102   0.011278
      697 0.000098   0.010874
      840 0.000096  -0.010635
      594 0.000093  -0.010293
      744 0.000093  -0.010285
      281 0.000093   0.010262
      734 0.000093  -0.010239
      295 0.000092  -0.010143
      882 0.000091   0.010093
      763 0.000090   0.009984
      332 0.000090  -0.009983
      584 0.000089  -0.009894
      292 0.000089  -0.009879
       88 0.000088  -0.009684
      728 0.000087  -0.009647
      290 0.000086   0.009504
      844 0.000086  -0.009494
      552 0.000085  -0.009385
      611 0.000085  -0.009379
      723 0.000084  -0.009333
      581 0.000084  -0.009271
      107 0.000080  -0.008888
      632 0.000080   0.008865
      291 0.000080   0.008831
      275 0.000080  -0.008806
       93 0.000080  -0.008803
      266 0.000079  -0.008770
      782 0.000079  -0.008758
      600 0.000079  -0.008742
      390 0.000079   0.008707
      843 0.000077  -0.008538
      588 0.000077  -0.008511
     1095 0.000077  -0.008483
      268 0.000076  -0.008397
      640 0.000076  -0.008375
      329 0.000076  -0.008371
      302 0.000075  -0.008329
      773 0.000075   0.008321
      232 0.000075  -0.008261
      322 0.000074  -0.008152
      206 0.000073   0.008052
      864 0.000072   0.007947
      937 0.000072  -0.007946
      775 0.000072   0.007912
      978 0.000070   0.007711
      801 0.000070  -0.007695
      560 0.000069  -0.007680
      948 0.000069   0.007606
      701 0.000069  -0.007588
      321 0.000068  -0.007562
      148 0.000067   0.007453
      279 0.000067  -0.007437
      572 0.000067  -0.007361
     1005 0.000066   0.007294
      428 0.000066   0.007276
      627 0.000065   0.007221
      561 0.000065   0.007210
      298 0.000064  -0.007133
      823 0.000064   0.007131
      364 0.000064  -0.007039
      943 0.000064   0.007028
      386 0.000063   0.006992
      356 0.000062  -0.006879
      597 0.000062  -0.006879
      955 0.000062   0.006869
      722 0.000062  -0.006853
      414 0.000062   0.006845
      545 0.000062  -0.006824
      913 0.000062  -0.006822
      826 0.000061  -0.006800
      342 0.000061   0.006769
      325 0.000061  -0.006750
      261 0.000061  -0.006745
      262 0.000061  -0.006728
      104 0.000061   0.006714
      407 0.000060  -0.006687
      650 0.000060  -0.006626
      425 0.000060   0.006594
      860 0.000060  -0.006585
      832 0.000058   0.006455
      222 0.000057  -0.006356
      654 0.000057   0.006333
      748 0.000057  -0.006317
      308 0.000057  -0.006277
      343 0.000057  -0.006265
      585 0.000056  -0.006217
      922 0.000056  -0.006207
      539 0.000056   0.006179
      198 0.000056   0.006174
      765 0.000055   0.006117
      297 0.000055  -0.006040
      879 0.000054  -0.006028
      289 0.000054   0.006019
      201 0.000054  -0.005950
      895 0.000053   0.005839
      131 0.000053   0.005832
      789 0.000053   0.005829
      798 0.000052   0.005792
      614 0.000051   0.005654
      831 0.000051   0.005617
      870 0.000050  -0.005568
      740 0.000050  -0.005560
      821 0.000050  -0.005553
      589 0.000050  -0.005536
      792 0.000049   0.005459
      319 0.000049   0.005442
      528 0.000049   0.005429
      259 0.000049  -0.005405
      880 0.000048   0.005287
      374 0.000048   0.005266
      285 0.000047   0.005248
      397 0.000047  -0.005192
      608 0.000046  -0.005127
      891 0.000046  -0.005120
      209 0.000045  -0.005029
      884 0.000045  -0.005029
      803 0.000045   0.005009
      894 0.000045  -0.004957
      769 0.000044   0.004918
      360 0.000044   0.004890
      904 0.000044   0.004887
      357 0.000044  -0.004865
      245 0.000044  -0.004822
       91 0.000044  -0.004816
      535 0.000043   0.004723
      138 0.000043  -0.004708
      366 0.000042   0.004667
      776 0.000042  -0.004652
      313 0.000042  -0.004643
      874 0.000042  -0.004632
      349 0.000041  -0.004494
      802 0.000040   0.004397
      409 0.000039  -0.004355
      288 0.000039  -0.004277
      260 0.000038   0.004251
      226 0.000038   0.004196
      830 0.000038   0.004196
      350 0.000038   0.004184
      881 0.000038  -0.004150
      646 0.000037   0.004142
      542 0.000037   0.004111
      942 0.000037   0.004043
      540 0.000036  -0.003995
      318 0.000035  -0.003895
      225 0.000035   0.003889
      359 0.000035   0.003880
      694 0.000035   0.003860
      264 0.000034  -0.003815
      677 0.000034   0.003788
      518 0.000034   0.003783
      287 0.000034   0.003731
      928 0.000034  -0.003711
      491 0.000033   0.003691
      863 0.000033  -0.003684
      950 0.000033  -0.003669
      805 0.000033  -0.003666
      448 0.000033   0.003649
      610 0.000033  -0.003626
      987 0.000033   0.003620
      649 0.000032  -0.003577
      532 0.000031   0.003476
      169 0.000031  -0.003473
      200 0.000031   0.003442
      636 0.000031  -0.003423
      310 0.000031  -0.003400
      488 0.000030   0.003361
      224 0.000030  -0.003350
      933 0.000030   0.003278
      662 0.000029  -0.003251
      195 0.000029   0.003243
     1001 0.000029  -0.003237
      935 0.000029  -0.003201
      315 0.000029   0.003175
      410 0.000029  -0.003163
      759 0.000029  -0.003163
      221 0.000029  -0.003155
      938 0.000028   0.003115
      284 0.000028   0.003114
      842 0.000028  -0.003057
      445 0.000027  -0.003029
      293 0.000027   0.003024
      216 0.000027   0.002973
     1032 0.000027   0.002950
      475 0.000027  -0.002934
      530 0.000026   0.002909
      524 0.000026  -0.002898
      382 0.000026  -0.002884
      727 0.000025  -0.002802
      323 0.000025  -0.002780
      685 0.000025  -0.002767
      197 0.000025  -0.002739
      957 0.000025   0.002719
      424 0.000024  -0.002701
     1025 0.000024   0.002699
      384 0.000024  -0.002693
      867 0.000024   0.002682
      250 0.000024  -0.002667
      964 0.000024   0.002662
      811 0.000024   0.002653
      568 0.000024   0.002633
      598 0.000023   0.002599
      330 0.000023   0.002599
      240 0.000023  -0.002579
      971 0.000023  -0.002578
      993 0.000023   0.002530
     1034 0.000023  -0.002507
      858 0.000022  -0.002474
      387 0.000022   0.002472
       98 0.000022  -0.002458
      988 0.000022  -0.002446
      814 0.000022   0.002416
      526 0.000022   0.002395
      432 0.000021   0.002369
      841 0.000021   0.002352
      358 0.000021  -0.002336
      192 0.000021  -0.002331
      282 0.000021  -0.002300
      265 0.000021   0.002289
      921 0.000021  -0.002269
     1017 0.000020   0.002258
      965 0.000020  -0.002255
      856 0.000020   0.002245
       60 0.000020   0.002227
      324 0.000020  -0.002218
      852 0.000020   0.002214
      252 0.000019   0.002149
     1073 0.000019  -0.002147
      196 0.000019   0.002138
      326 0.000019  -0.002103
      794 0.000019   0.002102
      625 0.000019   0.002101
      283 0.000019   0.002068
      927 0.000019  -0.002058
      900 0.000019  -0.002055
      590 0.000019  -0.002052
      502 0.000019   0.002049
      519 0.000018   0.002046
      215 0.000018   0.002036
      833 0.000018  -0.002006
     1096 0.000018   0.002006
      479 0.000018   0.002002
      237 0.000018   0.001996
      714 0.000018  -0.001981
      514 0.000018   0.001962
      455 0.000018  -0.001948
      344 0.000017   0.001929
      536 0.000017  -0.001918
      244 0.000017  -0.001917
      835 0.000017  -0.001905
      276 0.000017   0.001899
      917 0.000017   0.001897
      437 0.000017   0.001882
      463 0.000017  -0.001875
      345 0.000017  -0.001869
      810 0.000017   0.001868
      934 0.000017  -0.001855
      394 0.000017   0.001847
      402 0.000017   0.001843
      712 0.000017  -0.001842
     1010 0.000017   0.001835
      505 0.000016   0.001814
       63 0.000016  -0.001811
       52 0.000016   0.001791
      512 0.000016  -0.001781
      983 0.000016   0.001761
       59 0.000016   0.001760
      977 0.000016   0.001755
       53 0.000016  -0.001754
      675 0.000016   0.001753
      724 0.000016  -0.001744
      489 0.000016   0.001732
      664 0.000015  -0.001714
      458 0.000015   0.001713
      331 0.000015   0.001687
      949 0.000015   0.001685
      809 0.000015   0.001663
      642 0.000015  -0.001657
     1052 0.000015   0.001643
      713 0.000015   0.001627
      248 0.000015   0.001625
      214 0.000015  -0.001615
      338 0.000014  -0.001599
      242 0.000014  -0.001568
      816 0.000014   0.001567
      762 0.000014   0.001566
      556 0.000014   0.001556
      375 0.000014   0.001551
      680 0.000014   0.001547
      314 0.000014   0.001502
      233 0.000013  -0.001486
      839 0.000013  -0.001474
      804 0.000013  -0.001461
      334 0.000013   0.001459
      450 0.000013  -0.001444
      791 0.000013   0.001440
      907 0.000013   0.001428
      335 0.000013   0.001403
       50 0.000013  -0.001386
      399 0.000013  -0.001386
      434 0.000013   0.001383
      559 0.000012  -0.001380
      229 0.000012  -0.001373
     1009 0.000012  -0.001364
      888 0.000012   0.001363
      309 0.000012  -0.001361
      613 0.000012   0.001325
      916 0.000012  -0.001315
      478 0.000012   0.001293
      320 0.000012   0.001292
      328 0.000012  -0.001278
      899 0.000011   0.001262
      732 0.000011   0.001262
      452 0.000011  -0.001249
      286 0.000011   0.001248
      483 0.000011  -0.001243
      966 0.000011   0.001229
      653 0.000011   0.001216
      538 0.000011   0.001215
      316 0.000011  -0.001209
      238 0.000011  -0.001196
      317 0.000011  -0.001194
      213 0.000011  -0.001192
      339 0.000011  -0.001186
      363 0.000011   0.001184
      346 0.000011   0.001180
      376 0.000011   0.001171
      883 0.000011   0.001166
      249 0.000011  -0.001166
       55 0.000010  -0.001159
      669 0.000010   0.001157
      558 0.000010   0.001154
      695 0.000010   0.001150
      396 0.000010  -0.001148
      307 0.000010   0.001127
      395 0.000010   0.001122
      643 0.000010  -0.001119
euclid. distance of OLC and linear combination of EV * x_coef: 0.01043990911089476

Generate samples based on objective loadcase 973
nr_to_generate: 25

Parameter variation distribution settings
distribution: uniform
low: 0.7
high: 1.3

Total process runtime: 0:00:01.313370
