Date and Time:2023-05-12 14:07:11.175345

Initial Settings:
similarity_model: <function cosine_similarity at 0x000001D005A6E5E0>
similarity_threshold: 1e-05
nr_eigv_to_select: None
distribution: uniform
deviation: 0.3
nr_to_generate: 25
recompute: False

Selected eigenvectors and similarity score w.r.t objective loadcase:
objective_loadcase_nr: 62
similarity_model: cosine_similarity
similarity_threshold: 1e-05
nr_eigv_to_select: None
nr_eigv_selected: 639
approximation parameter model: lstsq
similarity score and approx. param. value
:  eigv_idx    score      value
        3 0.585887  35.790318
        1 0.519275  31.721215
        2 0.506879 -30.963929
        0 0.358564  21.903780
        6 0.026323   1.607996
       39 0.026143   1.597028
        4 0.012450   0.760549
      639 0.003057   0.186770
      218 0.002390  -0.145980
      186 0.002093  -0.127839
      593 0.001920  -0.117284
      612 0.001773  -0.108305
      586 0.001759   0.107450
      710 0.001697  -0.103668
       68 0.001420  -0.086741
      187 0.001344  -0.082074
      716 0.001206   0.073644
      595 0.001143   0.069820
      618 0.001071   0.065449
      668 0.001051   0.064216
      663 0.000993  -0.060647
      626 0.000969   0.059185
      686 0.000947  -0.057878
      749 0.000932  -0.056946
      194 0.000913   0.055771
      143 0.000847   0.051749
      388 0.000824  -0.050333
      688 0.000815  -0.049787
      659 0.000749  -0.045767
      617 0.000723   0.044177
      599 0.000705   0.043049
      582 0.000694  -0.042418
      621 0.000662  -0.040437
      562 0.000650  -0.039733
      635 0.000646   0.039453
      670 0.000611   0.037312
      704 0.000586  -0.035768
      183 0.000578   0.035284
      341 0.000554   0.033869
      735 0.000541  -0.033043
      253 0.000537  -0.032788
      718 0.000527  -0.032187
      153 0.000524   0.032012
      578 0.000523   0.031972
      733 0.000514   0.031369
      708 0.000505   0.030841
      606 0.000499  -0.030477
      567 0.000496  -0.030299
      579 0.000494   0.030161
      267 0.000494  -0.030147
       69 0.000461   0.028182
      577 0.000451  -0.027523
      602 0.000443  -0.027077
      174 0.000440   0.026860
      698 0.000438  -0.026744
      709 0.000430  -0.026255
      575 0.000422   0.025771
      230 0.000408  -0.024922
      666 0.000406  -0.024812
      696 0.000406  -0.024781
      258 0.000400  -0.024455
      707 0.000380  -0.023190
      601 0.000371   0.022635
      756 0.000369  -0.022522
      227 0.000368   0.022456
      620 0.000358  -0.021867
       71 0.000355   0.021715
      753 0.000354  -0.021605
      220 0.000352  -0.021499
      235 0.000350  -0.021399
      210 0.000344  -0.020989
      700 0.000336   0.020522
      683 0.000335   0.020469
      641 0.000330  -0.020171
      273 0.000322  -0.019676
      853 0.000308  -0.018844
      412 0.000305  -0.018602
      848 0.000301  -0.018375
      699 0.000298  -0.018229
      631 0.000297  -0.018138
       70 0.000288   0.017603
      583 0.000287  -0.017557
      419 0.000287  -0.017536
      263 0.000285  -0.017436
      243 0.000285   0.017410
      239 0.000284   0.017346
      757 0.000281  -0.017145
      362 0.000280  -0.017089
      587 0.000276   0.016862
      269 0.000270  -0.016484
      726 0.000269  -0.016404
      739 0.000268  -0.016367
      793 0.000268  -0.016345
      741 0.000266   0.016249
      403 0.000266   0.016226
      807 0.000260   0.015882
      137 0.000253  -0.015444
      750 0.000252   0.015388
      299 0.000251   0.015349
      361 0.000249   0.015188
      383 0.000244   0.014936
      759 0.000240  -0.014685
      570 0.000236  -0.014419
      787 0.000236   0.014400
      763 0.000233   0.014263
      576 0.000223  -0.013635
      132 0.000218   0.013312
      857 0.000214  -0.013057
      818 0.000200  -0.012237
      377 0.000195  -0.011889
      658 0.000190   0.011610
      604 0.000188  -0.011488
      824 0.000185   0.011328
      301 0.000184  -0.011216
      373 0.000184  -0.011215
      332 0.000182  -0.011138
      564 0.000182  -0.011127
      206 0.000182   0.011111
      400 0.000180  -0.011024
      580 0.000179  -0.010941
      743 0.000177  -0.010825
      855 0.000176  -0.010771
      566 0.000173   0.010587
      175 0.000173  -0.010552
      290 0.000172   0.010513
      742 0.000172  -0.010482
      427 0.000171  -0.010472
      859 0.000170   0.010390
      312 0.000167  -0.010179
      711 0.000164   0.010030
      247 0.000164   0.009988
      392 0.000162   0.009916
      553 0.000161  -0.009824
      800 0.000161  -0.009816
      790 0.000160   0.009804
      275 0.000160  -0.009754
      199 0.000159  -0.009698
      770 0.000159   0.009694
      628 0.000157   0.009600
      829 0.000157   0.009578
      329 0.000156  -0.009556
      337 0.000156  -0.009530
      574 0.000154  -0.009386
      223 0.000153   0.009366
      557 0.000150  -0.009157
      795 0.000150   0.009149
      736 0.000148  -0.009068
      182 0.000148  -0.009062
      204 0.000148   0.009014
      820 0.000146  -0.008935
      549 0.000145  -0.008860
      591 0.000145   0.008828
      217 0.000144  -0.008811
      784 0.000142  -0.008683
      778 0.000142  -0.008679
      605 0.000140  -0.008523
      355 0.000139   0.008503
      228 0.000138  -0.008443
      257 0.000136  -0.008324
      277 0.000135   0.008264
      266 0.000134  -0.008182
      808 0.000133   0.008150
      828 0.000133  -0.008136
      667 0.000132   0.008087
      241 0.000129   0.007890
      941 0.000129  -0.007880
      775 0.000129   0.007860
      645 0.000129   0.007853
      684 0.000127  -0.007745
      285 0.000124   0.007595
      616 0.000123  -0.007487
      690 0.000121   0.007377
       88 0.000118  -0.007208
      585 0.000117  -0.007158
      369 0.000115   0.007055
      380 0.000115   0.006996
      367 0.000114   0.006956
      398 0.000113  -0.006884
      864 0.000112   0.006838
      423 0.000111  -0.006791
      431 0.000109  -0.006653
      261 0.000108  -0.006617
      294 0.000107  -0.006558
      201 0.000107  -0.006544
      728 0.000106  -0.006454
      298 0.000104  -0.006371
      638 0.000104  -0.006325
      943 0.000103   0.006302
      723 0.000100  -0.006132
      799 0.000100  -0.006106
      815 0.000100  -0.006089
      354 0.000100   0.006089
      364 0.000099  -0.006072
      321 0.000099  -0.006067
      884 0.000098  -0.005973
      292 0.000097  -0.005924
      847 0.000096   0.005892
      801 0.000096  -0.005864
      734 0.000096  -0.005862
      665 0.000096  -0.005834
      569 0.000094   0.005716
      701 0.000093  -0.005711
      104 0.000093   0.005653
      782 0.000092  -0.005634
      318 0.000092  -0.005599
      573 0.000092   0.005591
      279 0.000091  -0.005585
      773 0.000091   0.005559
      325 0.000091  -0.005559
      436 0.000091   0.005546
      908 0.000090  -0.005508
      769 0.000089   0.005453
      600 0.000089  -0.005422
      353 0.000089  -0.005408
      744 0.000087  -0.005321
      880 0.000087   0.005304
      271 0.000087   0.005303
      295 0.000085  -0.005207
      589 0.000084  -0.005128
      259 0.000084   0.005127
      697 0.000083   0.005099
      342 0.000083   0.005056
      281 0.000081   0.004972
       93 0.000081  -0.004941
      611 0.000080  -0.004914
      687 0.000080   0.004883
      222 0.000080   0.004859
      552 0.000079  -0.004845
      406 0.000079  -0.004819
      974 0.000078   0.004794
      948 0.000078   0.004759
      870 0.000078  -0.004754
      843 0.000077  -0.004719
      937 0.000076  -0.004624
      789 0.000075   0.004603
      823 0.000075   0.004583
      840 0.000074  -0.004525
      805 0.000074  -0.004498
      264 0.000074   0.004495
      225 0.000073   0.004461
      844 0.000073  -0.004456
      226 0.000073   0.004440
      643 0.000072  -0.004426
      179 0.000072   0.004403
      313 0.000071  -0.004320
      860 0.000070  -0.004299
      333 0.000069  -0.004227
      390 0.000069   0.004217
      560 0.000069  -0.004211
      826 0.000069  -0.004190
      252 0.000068  -0.004174
      193 0.000068   0.004146
      209 0.000068   0.004132
      568 0.000067   0.004067
      302 0.000066  -0.004054
      654 0.000066   0.004038
      978 0.000066   0.004037
      291 0.000066   0.004032
      359 0.000065   0.003971
      762 0.000065  -0.003955
      234 0.000065   0.003945
      284 0.000064   0.003883
      584 0.000064  -0.003882
      849 0.000063   0.003871
      323 0.000063  -0.003836
      386 0.000063   0.003819
      320 0.000062   0.003761
      765 0.000061   0.003751
      874 0.000060  -0.003678
      250 0.000060   0.003663
      594 0.000060  -0.003663
      402 0.000059  -0.003630
      894 0.000059  -0.003595
      272 0.000058   0.003567
       66 0.000058   0.003537
      171 0.000058  -0.003535
      232 0.000057   0.003485
     1095 0.000057  -0.003477
      428 0.000057   0.003452
      138 0.000056  -0.003446
      694 0.000056   0.003391
      539 0.000055   0.003375
      107 0.000055  -0.003368
      254 0.000055  -0.003338
      414 0.000055   0.003331
     1005 0.000054   0.003301
      240 0.000054  -0.003279
      780 0.000053   0.003257
      237 0.000053   0.003244
      112 0.000053  -0.003239
      103 0.000053  -0.003235
      260 0.000053  -0.003232
      935 0.000053  -0.003230
      289 0.000053   0.003225
       95 0.000053   0.003216
      609 0.000053   0.003210
      913 0.000052  -0.003206
      610 0.000052  -0.003197
      545 0.000052  -0.003191
      169 0.000052  -0.003187
      357 0.000051  -0.003107
      957 0.000051   0.003107
      895 0.000051   0.003096
      608 0.000050   0.003066
      882 0.000050   0.003050
      581 0.000050  -0.003027
      625 0.000049  -0.003022
      274 0.000049  -0.002966
      830 0.000048   0.002954
      407 0.000048  -0.002938
       94 0.000048   0.002927
      322 0.000048  -0.002921
      528 0.000047   0.002891
      251 0.000047  -0.002882
      236 0.000047  -0.002871
      123 0.000047   0.002850
      632 0.000046   0.002840
      283 0.000046   0.002834
      964 0.000046   0.002829
       60 0.000046  -0.002815
      128 0.000046   0.002813
      655 0.000046  -0.002813
      335 0.000045  -0.002777
      425 0.000045   0.002758
      988 0.000044  -0.002695
      838 0.000044  -0.002682
      244 0.000044  -0.002670
      136 0.000044   0.002665
      384 0.000043  -0.002657
      597 0.000043  -0.002631
      821 0.000043  -0.002625
      598 0.000043  -0.002610
      831 0.000042   0.002587
     1096 0.000042   0.002561
      535 0.000042   0.002546
      356 0.000042  -0.002546
      942 0.000041   0.002532
      590 0.000041  -0.002532
      922 0.000041  -0.002524
       58 0.000041  -0.002520
      623 0.000041  -0.002516
      596 0.000040  -0.002472
      792 0.000040   0.002463
      270 0.000040  -0.002450
      950 0.000040  -0.002441
      833 0.000040  -0.002436
      262 0.000040  -0.002424
      727 0.000040  -0.002423
      971 0.000040  -0.002421
      297 0.000040  -0.002417
       59 0.000039  -0.002396
      629 0.000039  -0.002376
      144 0.000039  -0.002364
      278 0.000038   0.002351
      955 0.000038   0.002303
      904 0.000038   0.002294
      142 0.000037  -0.002290
      105 0.000037  -0.002287
      148 0.000037  -0.002284
      842 0.000037  -0.002276
      835 0.000037  -0.002271
      293 0.000037   0.002242
      255 0.000037  -0.002237
      791 0.000037   0.002234
      395 0.000036  -0.002204
      387 0.000036   0.002188
       78 0.000035   0.002155
       86 0.000035  -0.002150
       73 0.000035   0.002147
      120 0.000035  -0.002141
      642 0.000035   0.002137
      214 0.000035   0.002130
      146 0.000035  -0.002125
      319 0.000035   0.002124
      839 0.000035   0.002109
      184 0.000034  -0.002105
      841 0.000034   0.002103
      374 0.000034   0.002100
      366 0.000034   0.002061
      722 0.000034  -0.002059
      130 0.000033   0.002041
      921 0.000033  -0.002039
      288 0.000033  -0.002023
      881 0.000033  -0.002015
      256 0.000033   0.002006
       52 0.000033  -0.002002
       77 0.000033   0.001998
      491 0.000033   0.001993
      409 0.000033  -0.001987
      518 0.000032   0.001977
      161 0.000032  -0.001963
      315 0.000032   0.001954
      152 0.000032   0.001947
      685 0.000032  -0.001938
      852 0.000032  -0.001931
      216 0.000031  -0.001921
      396 0.000031   0.001914
      268 0.000031  -0.001913
       92 0.000031  -0.001911
      640 0.000031  -0.001904
      875 0.000031  -0.001903
      344 0.000031  -0.001868
      798 0.000031  -0.001868
      876 0.000031  -0.001864
      837 0.000030  -0.001858
      669 0.000030   0.001855
      532 0.000030   0.001848
      343 0.000030  -0.001842
      811 0.000030   0.001841
     1073 0.000030  -0.001841
      488 0.000030   0.001840
      556 0.000030   0.001837
      336 0.000030   0.001834
      794 0.000030   0.001832
      983 0.000030   0.001827
       51 0.000030  -0.001805
      385 0.000029  -0.001788
      151 0.000029   0.001785
      540 0.000029  -0.001779
       64 0.000029   0.001763
       45 0.000029   0.001763
      810 0.000029   0.001762
       79 0.000029  -0.001747
      977 0.000029   0.001745
      352 0.000028  -0.001738
      656 0.000028   0.001702
      677 0.000028   0.001688
      287 0.000027   0.001675
      671 0.000027   0.001665
      637 0.000027  -0.001654
      448 0.000027   0.001647
      475 0.000027  -0.001640
      434 0.000027   0.001639
      713 0.000027   0.001626
      375 0.000026   0.001615
      181 0.000026   0.001614
      410 0.000026  -0.001608
      334 0.000026  -0.001606
      310 0.000026  -0.001606
      110 0.000026   0.001596
      188 0.000026  -0.001584
      691 0.000026   0.001581
      118 0.000026  -0.001579
      524 0.000026  -0.001577
      902 0.000026  -0.001572
      571 0.000026   0.001571
      382 0.000025  -0.001558
      296 0.000025  -0.001557
      898 0.000025   0.001549
      927 0.000025  -0.001545
      933 0.000025   0.001538
       87 0.000025  -0.001533
       91 0.000025  -0.001531
      114 0.000025   0.001528
      644 0.000025   0.001520
      147 0.000025  -0.001518
       12 0.000025   0.001515
       50 0.000025   0.001511
      879 0.000025  -0.001500
      213 0.000024   0.001473
      899 0.000024  -0.001472
      360 0.000024   0.001465
      542 0.000024   0.001464
      445 0.000024  -0.001463
     1009 0.000024  -0.001460
       76 0.000024   0.001453
      804 0.000024   0.001443
      394 0.000024   0.001440
       11 0.000023  -0.001435
       53 0.000023   0.001417
       83 0.000023   0.001380
      934 0.000023  -0.001375
       99 0.000022   0.001367
      139 0.000022   0.001365
      928 0.000022  -0.001354
      526 0.000022   0.001353
     1032 0.000022   0.001353
      376 0.000022   0.001352
       81 0.000022  -0.001344
      129 0.000022  -0.001341
      856 0.000022   0.001333
      308 0.000022  -0.001323
      413 0.000022  -0.001323
       38 0.000022   0.001321
      309 0.000021  -0.001308
      401 0.000021  -0.001296
      397 0.000021  -0.001289
      348 0.000021   0.001285
      145 0.000021   0.001280
      530 0.000021   0.001280
     1010 0.000021   0.001273
       63 0.000021   0.001272
      565 0.000021  -0.001270
      548 0.000021  -0.001259
      680 0.000020   0.001252
      987 0.000020   0.001249
       29 0.000020  -0.001248
      676 0.000020   0.001241
      648 0.000020  -0.001240
      238 0.000020  -0.001235
     1034 0.000020  -0.001225
       75 0.000020  -0.001224
      345 0.000020   0.001218
      479 0.000020   0.001217
      868 0.000020   0.001206
      959 0.000020  -0.001204
       54 0.000020   0.001197
      916 0.000019  -0.001190
      432 0.000019   0.001188
       36 0.000019  -0.001163
      339 0.000019  -0.001163
      646 0.000019  -0.001159
      215 0.000019  -0.001156
     1016 0.000019  -0.001145
     1001 0.000019  -0.001141
      636 0.000019  -0.001131
     1020 0.000018  -0.001127
       97 0.000018  -0.001127
      514 0.000018   0.001124
       55 0.000018   0.001119
      952 0.000018  -0.001115
     1003 0.000018  -0.001111
      424 0.000018  -0.001107
      764 0.000018  -0.001104
      832 0.000018   0.001094
      814 0.000018   0.001092
      536 0.000018  -0.001072
      755 0.000018   0.001070
      159 0.000017  -0.001068
      192 0.000017   0.001068
      100 0.000017  -0.001061
      358 0.000017   0.001045
      195 0.000017  -0.001041
        5 0.000017   0.001038
      317 0.000017   0.001036
       44 0.000017  -0.001033
      746 0.000017   0.001028
      338 0.000017  -0.001010
       61 0.000016   0.000996
      720 0.000016  -0.000994
      455 0.000016  -0.000991
      324 0.000016  -0.000989
      135 0.000016   0.000989
      554 0.000016  -0.000987
      463 0.000016  -0.000987
      316 0.000016  -0.000981
      150 0.000016  -0.000972
       43 0.000016  -0.000967
      693 0.000016   0.000961
       31 0.000016   0.000960
      512 0.000016  -0.000960
      627 0.000015   0.000945
      133 0.000015  -0.000940
       85 0.000015  -0.000937
      365 0.000015   0.000934
     1040 0.000015  -0.000929
      437 0.000015   0.000926
      705 0.000015   0.000923
      714 0.000015  -0.000919
      519 0.000015   0.000918
      664 0.000015   0.000917
      368 0.000015  -0.000916
      404 0.000015  -0.000909
      502 0.000015   0.000901
     1025 0.000015   0.000887
      558 0.000014  -0.000877
      156 0.000014   0.000871
      101 0.000014  -0.000866
      572 0.000014  -0.000865
      106 0.000014   0.000861
      936 0.000014   0.000861
      903 0.000014   0.000856
      249 0.000014  -0.000855
      134 0.000014  -0.000836
      559 0.000014  -0.000833
     1017 0.000014   0.000832
      489 0.000014   0.000828
      966 0.000014   0.000825
      111 0.000013   0.000821
      747 0.000013   0.000819
      314 0.000013   0.000814
      695 0.000013   0.000814
      224 0.000013  -0.000812
     1004 0.000013   0.000812
      619 0.000013   0.000812
       74 0.000013  -0.000811
      155 0.000013   0.000802
      113 0.000013   0.000794
       56 0.000013   0.000790
      102 0.000013   0.000786
      248 0.000013   0.000780
     1036 0.000013   0.000777
      505 0.000013   0.000777
      229 0.000013  -0.000774
       19 0.000013   0.000773
      729 0.000013  -0.000772
      858 0.000013  -0.000765
      458 0.000012   0.000763
      994 0.000012  -0.000761
      738 0.000012  -0.000760
      168 0.000012   0.000758
      561 0.000012   0.000758
      163 0.000012   0.000758
      347 0.000012   0.000756
      803 0.000012   0.000754
      140 0.000012   0.000753
      662 0.000012  -0.000751
      802 0.000012   0.000750
      350 0.000012   0.000749
      450 0.000012  -0.000725
       21 0.000012   0.000723
      550 0.000012  -0.000722
      119 0.000012  -0.000708
      717 0.000012  -0.000707
      420 0.000012   0.000707
      141 0.000012   0.000706
      984 0.000012  -0.000706
      732 0.000011   0.000702
      951 0.000011   0.000696
      378 0.000011  -0.000695
      433 0.000011   0.000695
     1069 0.000011  -0.000686
      758 0.000011   0.000680
      634 0.000011  -0.000673
      752 0.000011   0.000670
      748 0.000011  -0.000663
      233 0.000011   0.000660
       27 0.000011   0.000659
      246 0.000011  -0.000659
      242 0.000011   0.000648
      607 0.000011   0.000645
      767 0.000010   0.000641
      972 0.000010   0.000640
     1070 0.000010   0.000639
      760 0.000010  -0.000625
      391 0.000010  -0.000624
      996 0.000010  -0.000617
       22 0.000010  -0.000615
      202 0.000010  -0.000611
euclid. distance of OLC and linear combination of EV * x_coef: 0.006218451262704857

Generate samples based on objective loadcase 62
nr_to_generate: 25

Parameter variation distribution settings
distribution: uniform
low: 0.7
high: 1.3

Total process runtime: 0:00:01.348902
