Date and Time:2023-05-12 14:19:01.396875

Initial Settings:
similarity_model: <function cosine_similarity at 0x000001D005A6E5E0>
similarity_threshold: 1e-05
nr_eigv_to_select: None
distribution: uniform
deviation: 0.3
nr_to_generate: 25
recompute: False

Selected eigenvectors and similarity score w.r.t objective loadcase:
objective_loadcase_nr: 597
similarity_model: cosine_similarity
similarity_threshold: 1e-05
nr_eigv_to_select: None
nr_eigv_selected: 705
approximation parameter model: lstsq
similarity score and approx. param. value
:  eigv_idx    score      value
        1 0.551601  46.021585
        3 0.550819  45.956309
        2 0.484361 -40.411522
        0 0.394051  32.876729
        6 0.044810   3.738635
       39 0.016384   1.366935
        4 0.010454   0.872228
      639 0.003083   0.257224
       68 0.002217  -0.184937
      186 0.001898  -0.158350
      612 0.001784  -0.148804
      143 0.001738   0.144994
      593 0.001717  -0.143249
      710 0.001593  -0.132934
      586 0.001538   0.128323
      716 0.001456   0.121479
      218 0.001453  -0.121198
      618 0.001418   0.118321
      182 0.001298  -0.108280
      668 0.001259   0.105022
      187 0.001228  -0.102469
      663 0.001174  -0.097955
      749 0.001049  -0.087533
      595 0.001026   0.085567
      184 0.000947  -0.078977
      686 0.000920  -0.076743
      659 0.000903  -0.075323
      688 0.000833  -0.069533
      194 0.000817   0.068135
      617 0.000794   0.066269
      137 0.000755  -0.062967
      388 0.000754  -0.062888
      635 0.000691   0.057613
      626 0.000673   0.056169
      579 0.000668   0.055754
      228 0.000646  -0.053875
      562 0.000644  -0.053692
      683 0.000634   0.052922
      578 0.000627   0.052338
      735 0.000619  -0.051628
      599 0.000616   0.051388
      183 0.000615   0.051320
      700 0.000601   0.050157
      582 0.000601  -0.050156
      153 0.000552   0.046055
      670 0.000525   0.043761
      666 0.000523  -0.043671
      253 0.000510  -0.042516
      621 0.000499  -0.041640
      179 0.000493   0.041126
      733 0.000478   0.039870
      708 0.000465   0.038837
      174 0.000464   0.038705
      341 0.000459   0.038321
      756 0.000439  -0.036603
      698 0.000431  -0.035926
      220 0.000426  -0.035527
      709 0.000409  -0.034134
      606 0.000408  -0.034018
      741 0.000405   0.033825
      171 0.000396  -0.033014
      757 0.000388  -0.032403
       70 0.000386   0.032173
      577 0.000383  -0.031935
      567 0.000380  -0.031707
      739 0.000373  -0.031105
      583 0.000353  -0.029454
      575 0.000350   0.029176
      362 0.000343  -0.028651
      620 0.000336  -0.028033
      641 0.000334  -0.027850
      243 0.000328   0.027347
      699 0.000321  -0.026765
      602 0.000311  -0.025927
      787 0.000307   0.025632
      853 0.000306  -0.025553
      132 0.000298   0.024860
      403 0.000296   0.024698
      604 0.000296  -0.024692
      277 0.000292   0.024379
      718 0.000289  -0.024125
      750 0.000287   0.023949
      258 0.000285  -0.023771
      601 0.000282   0.023505
      631 0.000275  -0.022955
      383 0.000274   0.022826
      204 0.000272   0.022676
      628 0.000270   0.022499
      848 0.000269  -0.022462
      419 0.000258  -0.021532
      807 0.000254   0.021208
      585 0.000253  -0.021132
      356 0.000252  -0.021051
      412 0.000244  -0.020383
      267 0.000244  -0.020345
      576 0.000241  -0.020079
      199 0.000236  -0.019679
      400 0.000235  -0.019589
      570 0.000232  -0.019364
      573 0.000232   0.019326
      209 0.000222  -0.018564
      658 0.000220   0.018358
      271 0.000219   0.018276
      587 0.000216   0.018000
       69 0.000214   0.017813
      235 0.000213  -0.017810
      377 0.000201  -0.016796
      605 0.000198  -0.016483
      234 0.000196   0.016393
      222 0.000195  -0.016259
      193 0.000190  -0.015878
      857 0.000190  -0.015820
      369 0.000188   0.015697
      175 0.000186  -0.015558
      564 0.000186  -0.015527
      254 0.000183   0.015267
      596 0.000183  -0.015253
       71 0.000182   0.015223
      753 0.000182  -0.015196
      690 0.000178   0.014846
      241 0.000174   0.014533
      743 0.000172  -0.014350
      704 0.000172  -0.014338
      818 0.000171  -0.014283
      726 0.000171  -0.014244
      269 0.000169  -0.014129
      580 0.000169  -0.014091
      815 0.000167  -0.013972
      824 0.000166   0.013864
      148 0.000166   0.013855
      161 0.000165   0.013787
      257 0.000160  -0.013384
      800 0.000160  -0.013365
      828 0.000160  -0.013320
      941 0.000159  -0.013287
      588 0.000159   0.013261
      566 0.000158   0.013174
      210 0.000158  -0.013144
      711 0.000158   0.013142
      667 0.000155   0.012901
      665 0.000154  -0.012871
      773 0.000153   0.012784
      255 0.000151  -0.012616
      301 0.000150  -0.012496
      829 0.000149   0.012464
      790 0.000149   0.012442
      801 0.000148  -0.012318
      380 0.000147   0.012251
      138 0.000147   0.012233
      557 0.000146  -0.012143
      262 0.000145  -0.012124
      793 0.000145  -0.012102
      247 0.000145   0.012087
      251 0.000145  -0.012071
      427 0.000143  -0.011945
      847 0.000143   0.011941
      859 0.000140   0.011694
      640 0.000139  -0.011610
      855 0.000136  -0.011372
      770 0.000136   0.011322
      160 0.000134  -0.011185
      707 0.000131  -0.010921
      268 0.000129  -0.010768
      239 0.000129   0.010764
      299 0.000128   0.010666
      353 0.000127  -0.010632
      759 0.000126   0.010553
      354 0.000125   0.010439
      798 0.000124   0.010353
      364 0.000124   0.010310
      142 0.000122  -0.010151
      697 0.000121   0.010101
      552 0.000121  -0.010098
      273 0.000121  -0.010075
      820 0.000120  -0.009984
      294 0.000119  -0.009945
      312 0.000119  -0.009925
      736 0.000119  -0.009897
      263 0.000118  -0.009809
      107 0.000116  -0.009719
      128 0.000116  -0.009658
       86 0.000116  -0.009654
      297 0.000115  -0.009577
      308 0.000114  -0.009551
      742 0.000113  -0.009400
      436 0.000113   0.009399
      808 0.000113   0.009395
      553 0.000112  -0.009317
       74 0.000111  -0.009281
      840 0.000110  -0.009186
      281 0.000110   0.009174
      784 0.000108  -0.008971
      394 0.000107   0.008966
       87 0.000107  -0.008911
      610 0.000107  -0.008890
      974 0.000106   0.008869
       91 0.000106  -0.008845
      740 0.000105  -0.008799
      574 0.000104  -0.008648
      152 0.000103  -0.008630
      629 0.000103  -0.008630
      908 0.000103  -0.008627
       66 0.000102  -0.008523
      261 0.000102  -0.008510
      144 0.000102  -0.008496
      423 0.000101  -0.008430
      105 0.000099   0.008276
      431 0.000098  -0.008190
      654 0.000098   0.008185
      581 0.000098  -0.008181
      795 0.000098   0.008172
      325 0.000096  -0.007995
      549 0.000096  -0.007978
      882 0.000095   0.007923
      359 0.000095  -0.007912
      589 0.000095  -0.007907
      799 0.000095  -0.007891
      343 0.000095  -0.007887
      217 0.000094  -0.007881
       73 0.000093  -0.007770
      386 0.000093   0.007768
      154 0.000092   0.007712
      125 0.000092  -0.007670
      398 0.000092  -0.007649
      169 0.000092  -0.007638
      392 0.000091   0.007567
      272 0.000090  -0.007545
      636 0.000090  -0.007544
      292 0.000090  -0.007516
      687 0.000090   0.007516
      696 0.000090  -0.007481
      295 0.000089  -0.007408
      291 0.000088   0.007362
      274 0.000088   0.007352
      684 0.000088  -0.007314
      130 0.000088  -0.007305
      164 0.000087   0.007244
       67 0.000087  -0.007235
       89 0.000086  -0.007213
      110 0.000086   0.007152
      843 0.000086  -0.007149
      805 0.000085  -0.007118
      594 0.000085  -0.007114
      373 0.000085  -0.007074
      734 0.000084  -0.006982
      832 0.000084   0.006979
      360 0.000084  -0.006970
      844 0.000083  -0.006958
      302 0.000083  -0.006919
       75 0.000083  -0.006892
      649 0.000082  -0.006873
      331 0.000082   0.006859
      156 0.000082   0.006813
       95 0.000082  -0.006811
      150 0.000081   0.006778
      611 0.000081  -0.006742
      266 0.000081  -0.006722
       53 0.000080   0.006709
      632 0.000080   0.006660
      123 0.000080   0.006645
      103 0.000079   0.006600
      213 0.000079   0.006589
       64 0.000078  -0.006536
       65 0.000078   0.006505
      361 0.000078   0.006488
      561 0.000077   0.006460
      347 0.000077  -0.006442
      864 0.000077   0.006438
      616 0.000077  -0.006423
      765 0.000077   0.006401
     1095 0.000077  -0.006393
      744 0.000076  -0.006374
      155 0.000076   0.006339
      782 0.000076  -0.006339
      112 0.000075  -0.006299
      609 0.000075   0.006287
       55 0.000075   0.006273
      131 0.000075   0.006248
      943 0.000074   0.006133
       93 0.000073  -0.006065
      776 0.000071  -0.005964
      428 0.000071   0.005955
       81 0.000071  -0.005907
      414 0.000070   0.005867
      351 0.000069  -0.005776
      236 0.000069   0.005760
      198 0.000069   0.005730
      955 0.000068   0.005689
      348 0.000068  -0.005677
      141 0.000068   0.005664
      748 0.000067  -0.005612
       57 0.000067   0.005610
      590 0.000067  -0.005605
      245 0.000067  -0.005577
       83 0.000067   0.005568
      374 0.000066   0.005540
      831 0.000066   0.005491
      367 0.000066   0.005477
      937 0.000065  -0.005431
      330 0.000065   0.005416
      603 0.000065  -0.005384
      357 0.000064   0.005373
      226 0.000064  -0.005371
      287 0.000064   0.005342
      225 0.000064  -0.005332
      165 0.000063   0.005292
      608 0.000063   0.005291
      894 0.000063  -0.005278
      803 0.000063   0.005274
      108 0.000063   0.005265
      680 0.000063   0.005228
      320 0.000062   0.005191
      560 0.000062  -0.005187
      559 0.000062  -0.005175
      289 0.000062   0.005148
      650 0.000062  -0.005136
      880 0.000062   0.005134
      227 0.000061  -0.005120
     1005 0.000061   0.005092
      334 0.000061   0.005049
      870 0.000061  -0.005048
      879 0.000060  -0.005035
      789 0.000060   0.005028
      109 0.000060   0.005012
      600 0.000060  -0.004997
      288 0.000060  -0.004972
      545 0.000060  -0.004969
      763 0.000059  -0.004957
      701 0.000059  -0.004955
      978 0.000059   0.004918
      948 0.000059   0.004915
      722 0.000059  -0.004898
      884 0.000059  -0.004892
      913 0.000058  -0.004865
      214 0.000058   0.004862
      158 0.000058  -0.004841
      904 0.000057   0.004790
      874 0.000057  -0.004789
      637 0.000057   0.004779
      114 0.000057   0.004777
      826 0.000057  -0.004750
      863 0.000056  -0.004706
      891 0.000056  -0.004701
      368 0.000056  -0.004631
      645 0.000055   0.004627
      185 0.000055   0.004624
      201 0.000055   0.004612
      396 0.000055   0.004599
      215 0.000055  -0.004586
      328 0.000055  -0.004558
       59 0.000054   0.004526
      569 0.000054   0.004514
      584 0.000054  -0.004510
      922 0.000054  -0.004506
      159 0.000054  -0.004490
      613 0.000054   0.004489
      333 0.000054  -0.004475
       25 0.000053  -0.004448
       98 0.000053  -0.004405
      644 0.000053  -0.004398
      762 0.000052   0.004360
      195 0.000052  -0.004299
       27 0.000052   0.004297
      313 0.000051  -0.004290
      539 0.000051   0.004248
      395 0.000051  -0.004247
       77 0.000051   0.004241
      802 0.000050   0.004178
      591 0.000050   0.004177
      349 0.000050   0.004173
      350 0.000050  -0.004172
      252 0.000049  -0.004119
       52 0.000049  -0.004093
      413 0.000049   0.004050
      100 0.000048   0.004002
       72 0.000048   0.003979
      425 0.000048   0.003969
      681 0.000047  -0.003960
      162 0.000047   0.003945
      309 0.000047  -0.003930
      249 0.000047  -0.003925
        9 0.000047   0.003884
      326 0.000046  -0.003874
      821 0.000046  -0.003848
      355 0.000046   0.003814
      216 0.000045  -0.003793
      324 0.000045  -0.003766
      192 0.000045   0.003762
       22 0.000045   0.003737
      712 0.000045   0.003736
      282 0.000045  -0.003736
      598 0.000045  -0.003730
      178 0.000045   0.003714
       56 0.000044  -0.003709
       10 0.000044   0.003708
      556 0.000044   0.003638
      145 0.000044  -0.003634
      129 0.000043   0.003625
      405 0.000043   0.003608
      638 0.000043  -0.003607
      329 0.000043  -0.003593
      177 0.000043  -0.003583
      337 0.000043  -0.003579
      402 0.000043  -0.003559
       80 0.000043   0.003552
      528 0.000042   0.003513
      406 0.000042  -0.003500
      728 0.000042  -0.003489
      250 0.000041   0.003437
      115 0.000041   0.003406
      823 0.000041   0.003402
      317 0.000041  -0.003390
      540 0.000041  -0.003386
      895 0.000040   0.003377
      180 0.000040  -0.003366
       94 0.000040  -0.003351
      224 0.000040  -0.003348
      724 0.000040   0.003300
      542 0.000039   0.003290
      332 0.000039  -0.003258
      290 0.000039   0.003252
      837 0.000039  -0.003251
       79 0.000039  -0.003251
      139 0.000039  -0.003244
      705 0.000039  -0.003230
       82 0.000039   0.003222
      942 0.000038   0.003198
      200 0.000038  -0.003173
      867 0.000038   0.003135
      286 0.000038   0.003135
      102 0.000037  -0.003126
      723 0.000037  -0.003123
      314 0.000037   0.003114
      792 0.000037   0.003104
      188 0.000037  -0.003059
      987 0.000036   0.003041
       76 0.000036   0.003040
      778 0.000036  -0.003035
       29 0.000036  -0.003018
      409 0.000036  -0.003002
      633 0.000036  -0.002989
      270 0.000035   0.002953
      407 0.000035  -0.002921
      695 0.000035  -0.002916
      860 0.000035  -0.002910
      335 0.000035  -0.002903
      565 0.000035   0.002890
       92 0.000035   0.002885
      336 0.000035  -0.002880
      376 0.000034  -0.002877
      555 0.000034  -0.002871
      310 0.000034  -0.002852
      382 0.000034   0.002845
       20 0.000034  -0.002828
      592 0.000034  -0.002812
      197 0.000034   0.002810
      448 0.000033   0.002793
      535 0.000033   0.002777
      965 0.000033  -0.002742
      379 0.000033  -0.002721
      371 0.000033   0.002720
       88 0.000033  -0.002717
      935 0.000033  -0.002715
      928 0.000032  -0.002692
      260 0.000032   0.002682
      572 0.000032  -0.002652
      397 0.000032  -0.002651
      614 0.000032  -0.002648
      365 0.000032   0.002644
      370 0.000032   0.002640
      881 0.000031  -0.002616
      858 0.000031  -0.002589
      597 0.000031  -0.002577
       97 0.000031   0.002567
       41 0.000031  -0.002559
      352 0.000031  -0.002547
      319 0.000031   0.002546
      387 0.000031  -0.002546
      491 0.000030   0.002544
      964 0.000030   0.002539
      669 0.000030   0.002534
      675 0.000030  -0.002517
     1001 0.000030  -0.002517
      151 0.000030  -0.002511
      648 0.000030  -0.002506
       62 0.000030   0.002502
      550 0.000030   0.002496
       96 0.000030  -0.002489
      950 0.000030  -0.002487
       43 0.000030   0.002479
       99 0.000029  -0.002449
      133 0.000029  -0.002448
      488 0.000029   0.002433
       13 0.000029   0.002398
      518 0.000029   0.002385
       14 0.000029  -0.002378
      358 0.000028   0.002374
      993 0.000028   0.002361
     1025 0.000028   0.002348
      988 0.000028  -0.002347
      375 0.000028  -0.002336
      554 0.000028   0.002319
      410 0.000028  -0.002318
      530 0.000028   0.002306
      275 0.000028  -0.002303
      170 0.000028   0.002303
      647 0.000028   0.002302
      532 0.000028   0.002298
      775 0.000028   0.002298
       90 0.000027  -0.002290
      167 0.000027   0.002289
      196 0.000027  -0.002285
      285 0.000027   0.002284
      475 0.000027  -0.002278
      780 0.000027  -0.002277
      751 0.000027   0.002262
      933 0.000027   0.002259
       58 0.000027   0.002256
       61 0.000027  -0.002255
      957 0.000027   0.002253
      284 0.000027   0.002233
      432 0.000027   0.002231
      136 0.000027  -0.002223
      568 0.000027  -0.002212
      181 0.000026  -0.002210
      849 0.000026   0.002181
     1032 0.000026   0.002177
       60 0.000026   0.002149
      646 0.000026   0.002148
      111 0.000026   0.002139
       23 0.000025  -0.002117
       28 0.000025  -0.002111
      283 0.000025   0.002106
      240 0.000025   0.002100
      426 0.000025   0.002099
      420 0.000025   0.002094
      104 0.000025   0.002078
       38 0.000025   0.002052
      727 0.000025   0.002048
      746 0.000025  -0.002044
      384 0.000024   0.002032
      524 0.000024  -0.002027
      126 0.000024  -0.002013
      643 0.000024   0.002012
      264 0.000024   0.002005
      232 0.000024   0.001980
      237 0.000024  -0.001980
      676 0.000024   0.001974
      293 0.000023   0.001958
       30 0.000023   0.001948
       78 0.000023   0.001944
      327 0.000023  -0.001941
      625 0.000023  -0.001935
      729 0.000023   0.001934
      900 0.000023  -0.001922
       18 0.000023  -0.001914
       84 0.000023   0.001913
      106 0.000023  -0.001901
      149 0.000023  -0.001898
       24 0.000022   0.001876
       31 0.000022   0.001873
      321 0.000022   0.001866
      966 0.000022   0.001859
      163 0.000022   0.001855
     1096 0.000022   0.001843
      276 0.000022  -0.001840
      372 0.000022   0.001822
      120 0.000022  -0.001816
      307 0.000021   0.001788
      713 0.000021  -0.001784
      221 0.000021   0.001765
      551 0.000021   0.001760
     1017 0.000021   0.001756
      479 0.000021   0.001752
      747 0.000021  -0.001742
      116 0.000021   0.001736
      363 0.000021   0.001723
      842 0.000021  -0.001715
      971 0.000021  -0.001713
      445 0.000020  -0.001703
      304 0.000020   0.001687
      345 0.000020  -0.001675
      921 0.000020  -0.001674
       26 0.000020   0.001671
      839 0.000020   0.001664
      902 0.000020  -0.001661
      927 0.000020  -0.001660
      118 0.000020  -0.001644
       21 0.000019  -0.001621
      779 0.000019   0.001614
       85 0.000019   0.001595
      231 0.000019  -0.001580
      804 0.000019  -0.001577
      452 0.000019  -0.001577
      424 0.000019  -0.001576
      366 0.000019  -0.001571
      883 0.000019   0.001555
      671 0.000019   0.001550
      519 0.000019   0.001547
      934 0.000018  -0.001536
      378 0.000018   0.001531
      917 0.000018   0.001530
      822 0.000018  -0.001515
      344 0.000018   0.001508
      502 0.000018   0.001496
      714 0.000018  -0.001492
     1034 0.000018  -0.001487
      796 0.000018   0.001467
       49 0.000017  -0.001452
      318 0.000017  -0.001450
      259 0.000017  -0.001450
      393 0.000017  -0.001446
      653 0.000017  -0.001445
      298 0.000017   0.001422
       50 0.000017   0.001416
        5 0.000017  -0.001416
      547 0.000017   0.001399
      725 0.000017   0.001396
      385 0.000017   0.001395
      558 0.000017   0.001381
      936 0.000016   0.001376
      512 0.000016  -0.001361
      455 0.000016  -0.001360
      856 0.000016   0.001358
       45 0.000016  -0.001351
      463 0.000016  -0.001348
      489 0.000016   0.001348
      514 0.000016   0.001327
      458 0.000016   0.001326
      526 0.000016   0.001326
      322 0.000016  -0.001311
       32 0.000016   0.001302
      809 0.000016  -0.001300
      434 0.000016  -0.001299
      536 0.000015  -0.001290
      548 0.000015   0.001282
     1052 0.000015   0.001274
      781 0.000015  -0.001270
      737 0.000015   0.001268
      677 0.000015   0.001265
      563 0.000015   0.001245
      994 0.000015  -0.001233
      381 0.000015  -0.001229
      706 0.000015  -0.001214
      437 0.000015   0.001211
      390 0.000014   0.001205
      899 0.000014  -0.001203
      538 0.000014   0.001200
      124 0.000014   0.001191
      732 0.000014   0.001151
      433 0.000014  -0.001148
       54 0.000014   0.001146
      229 0.000014   0.001146
     1009 0.000014  -0.001140
      816 0.000014   0.001137
       36 0.000014  -0.001128
      983 0.000014   0.001127
      794 0.000013   0.001125
      694 0.000013   0.001120
      316 0.000013  -0.001118
      346 0.000013   0.001099
      852 0.000013  -0.001090
       63 0.000013   0.001076
      230 0.000013   0.001068
      206 0.000013  -0.001068
      127 0.000013  -0.001065
      389 0.000013   0.001053
      813 0.000012   0.001040
      947 0.000012  -0.001038
      176 0.000012  -0.001034
      769 0.000012  -0.001028
      720 0.000012  -0.001025
       40 0.000012   0.001016
     1016 0.000012  -0.001008
      634 0.000012  -0.001001
      173 0.000012  -0.000998
      505 0.000012   0.000996
      113 0.000012   0.000984
      946 0.000012  -0.000977
      168 0.000012   0.000970
      916 0.000012  -0.000966
      401 0.000012   0.000961
     1020 0.000011  -0.000959
      450 0.000011  -0.000952
     1010 0.000011   0.000946
      607 0.000011   0.000944
      189 0.000011   0.000939
      296 0.000011  -0.000937
       51 0.000011   0.000927
      440 0.000011  -0.000914
      483 0.000011  -0.000913
      461 0.000011   0.000893
      315 0.000011   0.000891
      758 0.000011   0.000890
     1003 0.000011  -0.000888
      977 0.000010   0.000876
     1047 0.000010   0.000873
      898 0.000010   0.000870
      788 0.000010  -0.000869
      702 0.000010  -0.000864
      833 0.000010  -0.000864
       11 0.000010   0.000857
      416 0.000010  -0.000855
      404 0.000010   0.000853
      233 0.000010  -0.000849
euclid. distance of OLC and linear combination of EV * x_coef: 0.0071954097401689225

Generate samples based on objective loadcase 597
nr_to_generate: 25

Parameter variation distribution settings
distribution: uniform
low: 0.7
high: 1.3

Total process runtime: 0:00:01.404267
