Date and Time:2023-05-12 14:26:52.655168

Initial Settings:
similarity_model: <function cosine_similarity at 0x000001D005A6E5E0>
similarity_threshold: 1e-05
nr_eigv_to_select: None
distribution: uniform
deviation: 0.3
nr_to_generate: 25
recompute: False

Selected eigenvectors and similarity score w.r.t objective loadcase:
objective_loadcase_nr: 948
similarity_model: cosine_similarity
similarity_threshold: 1e-05
nr_eigv_to_select: None
nr_eigv_selected: 457
approximation parameter model: lstsq
similarity score and approx. param. value
:  eigv_idx    score      value
        3 0.582420  40.172193
        1 0.517995  35.728535
        2 0.512652 -35.359983
        0 0.357471  24.656467
        6 0.029601   2.041694
       39 0.027742   1.913475
        4 0.012508   0.862710
      639 0.003364   0.232011
      218 0.002480  -0.171088
      593 0.002070  -0.142808
      186 0.001956  -0.134920
      586 0.001939   0.133718
      612 0.001933  -0.133324
      710 0.001602  -0.110491
      187 0.001285  -0.088634
      595 0.001264   0.087209
      716 0.001234   0.085107
      663 0.001101  -0.075917
       68 0.001085  -0.074812
      626 0.001079   0.074406
      618 0.001054   0.072725
      668 0.001035   0.071423
      686 0.000925  -0.063823
      388 0.000896  -0.061811
      194 0.000867   0.059804
      749 0.000806  -0.055565
      688 0.000785  -0.054175
      143 0.000780   0.053808
      659 0.000762  -0.052551
      599 0.000759   0.052368
      617 0.000741   0.051128
      621 0.000723  -0.049885
      562 0.000715  -0.049282
      582 0.000711  -0.049009
      635 0.000697   0.048109
      670 0.000688   0.047449
      704 0.000655  -0.045184
      578 0.000620   0.042740
      183 0.000615   0.042387
      341 0.000599   0.041313
      733 0.000577   0.039826
      718 0.000575  -0.039650
      567 0.000563  -0.038831
      606 0.000552  -0.038065
      577 0.000543  -0.037428
      602 0.000526  -0.036269
       69 0.000509   0.035118
      579 0.000499   0.034430
      698 0.000494  -0.034106
      708 0.000491   0.033840
      267 0.000488  -0.033651
      253 0.000486  -0.033520
      735 0.000476  -0.032866
      220 0.000461  -0.031782
      696 0.000453  -0.031250
      575 0.000443   0.030550
      153 0.000443   0.030524
       71 0.000441   0.030409
      258 0.000439  -0.030301
      666 0.000434  -0.029953
      620 0.000427  -0.029425
      174 0.000411   0.028320
      709 0.000410  -0.028305
      753 0.000399  -0.027551
      707 0.000390  -0.026895
      601 0.000387   0.026677
      641 0.000383  -0.026402
      230 0.000377  -0.026021
      683 0.000373   0.025733
      700 0.000363   0.025028
      848 0.000355  -0.024500
      583 0.000343  -0.023656
      412 0.000343  -0.023650
      227 0.000341   0.023542
      699 0.000339  -0.023367
      210 0.000330  -0.022746
      273 0.000325  -0.022448
      419 0.000315  -0.021729
      756 0.000315  -0.021718
      793 0.000314  -0.021689
      807 0.000309   0.021284
      403 0.000301   0.020744
      587 0.000297   0.020466
      383 0.000292   0.020116
      269 0.000288  -0.019891
      631 0.000286  -0.019743
      182 0.000281  -0.019408
      853 0.000277  -0.019115
      362 0.000275  -0.018997
      759 0.000272  -0.018745
      763 0.000272   0.018730
      235 0.000268  -0.018461
      239 0.000265   0.018278
      263 0.000262  -0.018045
      757 0.000256  -0.017676
      570 0.000255  -0.017619
      299 0.000249   0.017144
      243 0.000244   0.016851
      726 0.000241  -0.016611
      184 0.000240  -0.016567
      741 0.000233   0.016058
      204 0.000230   0.015863
      739 0.000223  -0.015405
      206 0.000222   0.015295
      361 0.000218   0.015069
      377 0.000211  -0.014582
      750 0.000210   0.014467
      137 0.000207  -0.014283
      743 0.000206  -0.014241
       70 0.000202   0.013909
      301 0.000199  -0.013700
      818 0.000196  -0.013534
      199 0.000193  -0.013293
      427 0.000192  -0.013248
      855 0.000190  -0.013131
      742 0.000188  -0.012996
      247 0.000186   0.012857
      312 0.000186  -0.012823
      564 0.000186  -0.012802
      549 0.000185  -0.012773
      604 0.000184  -0.012698
      580 0.000182  -0.012569
      857 0.000182  -0.012544
      373 0.000181  -0.012509
      800 0.000180  -0.012429
      223 0.000180   0.012388
      576 0.000178  -0.012305
      824 0.000177   0.012184
      795 0.000175   0.012066
      658 0.000174   0.012029
      392 0.000174   0.012001
      787 0.000173   0.011934
      591 0.000173   0.011925
      400 0.000173  -0.011905
      369 0.000170   0.011713
      553 0.000168  -0.011572
      132 0.000167   0.011549
      337 0.000164  -0.011306
      228 0.000164  -0.011294
      175 0.000163  -0.011261
      290 0.000161   0.011127
      784 0.000161  -0.011100
      778 0.000158  -0.010881
      332 0.000157  -0.010823
      667 0.000155   0.010704
      574 0.000154  -0.010648
      828 0.000154  -0.010642
      665 0.000152  -0.010512
      775 0.000152   0.010478
      711 0.000152   0.010464
      275 0.000151  -0.010447
      820 0.000151  -0.010402
      829 0.000149   0.010307
      585 0.000148  -0.010195
      941 0.000145  -0.009997
      616 0.000143  -0.009835
      859 0.000142   0.009818
      628 0.000139   0.009621
      605 0.000138  -0.009522
      736 0.000135  -0.009303
      179 0.000135   0.009289
      808 0.000133   0.009187
      790 0.000128   0.008839
      279 0.000126  -0.008703
      557 0.000125  -0.008601
      770 0.000123   0.008487
      423 0.000122  -0.008438
      298 0.000122  -0.008399
      431 0.000121  -0.008371
      687 0.000121   0.008345
      255 0.000121  -0.008331
      257 0.000119  -0.008183
      398 0.000118  -0.008153
      354 0.000117   0.008091
      277 0.000117   0.008043
      329 0.000116  -0.008002
      171 0.000116  -0.007996
      217 0.000115  -0.007921
      380 0.000115   0.007913
      201 0.000114  -0.007864
      697 0.000111   0.007652
      566 0.000109   0.007530
      295 0.000109  -0.007517
      645 0.000108   0.007430
      769 0.000107   0.007411
      294 0.000107  -0.007351
      356 0.000106  -0.007284
       88 0.000105  -0.007268
      815 0.000105  -0.007260
      799 0.000105  -0.007257
      355 0.000104   0.007190
      241 0.000104   0.007142
      271 0.000104   0.007142
      690 0.000103   0.007130
      569 0.000103   0.007101
      638 0.000103  -0.007074
      744 0.000102  -0.007061
      908 0.000102  -0.007016
      353 0.000098  -0.006774
      600 0.000097  -0.006722
      251 0.000097  -0.006702
      728 0.000096  -0.006599
      864 0.000095   0.006522
      321 0.000094  -0.006474
      762 0.000093  -0.006383
      684 0.000091  -0.006275
      782 0.000091  -0.006249
      436 0.000091   0.006249
       93 0.000089  -0.006156
      611 0.000088  -0.006094
      943 0.000088   0.006061
      948 0.000088   0.006046
      974 0.000088   0.006044
      573 0.000086   0.005937
      581 0.000086  -0.005920
      840 0.000086  -0.005899
      734 0.000085  -0.005897
      292 0.000085  -0.005840
      937 0.000084  -0.005767
      266 0.000083  -0.005757
      325 0.000083  -0.005748
      234 0.000083   0.005719
      629 0.000082  -0.005684
      773 0.000081   0.005611
      844 0.000081  -0.005571
      594 0.000080  -0.005527
      860 0.000080  -0.005516
      367 0.000079   0.005475
      847 0.000079   0.005438
      285 0.000079   0.005436
      261 0.000079  -0.005423
      723 0.000077  -0.005321
      281 0.000075   0.005184
      694 0.000074   0.005106
      884 0.000074  -0.005096
      978 0.000073   0.005058
      843 0.000073  -0.005057
      560 0.000073  -0.005013
      104 0.000073   0.005004
      268 0.000070  -0.004850
      572 0.000070  -0.004813
      654 0.000069   0.004746
      342 0.000067   0.004654
      319 0.000067   0.004649
      584 0.000067  -0.004645
      823 0.000067   0.004603
      107 0.000067  -0.004590
      880 0.000066   0.004574
      283 0.000066   0.004553
      722 0.000066  -0.004520
      262 0.000065  -0.004510
      792 0.000065   0.004490
      302 0.000065  -0.004478
      291 0.000064   0.004401
      632 0.000064   0.004391
      826 0.000063  -0.004356
      289 0.000063   0.004350
     1095 0.000063  -0.004347
      138 0.000063  -0.004322
      561 0.000061   0.004219
      882 0.000061   0.004194
     1005 0.000061   0.004194
      539 0.000060   0.004126
      870 0.000060  -0.004121
      552 0.000059  -0.004085
      589 0.000059  -0.004079
      913 0.000059  -0.004075
      596 0.000059  -0.004068
      701 0.000059  -0.004057
      614 0.000059   0.004036
      627 0.000058   0.004018
      780 0.000058   0.004001
      590 0.000057  -0.003932
      895 0.000057   0.003898
      765 0.000056   0.003893
      545 0.000055  -0.003804
      425 0.000055   0.003800
      428 0.000055   0.003776
      390 0.000054   0.003726
      831 0.000053   0.003675
      308 0.000052  -0.003621
      323 0.000052  -0.003621
      315 0.000052   0.003603
      528 0.000051   0.003531
      414 0.000051   0.003527
      343 0.000051  -0.003500
      386 0.000050   0.003463
      318 0.000050  -0.003426
      322 0.000049  -0.003369
      413 0.000049  -0.003368
      935 0.000047  -0.003267
      922 0.000047  -0.003232
      535 0.000046   0.003189
      650 0.000046  -0.003179
      748 0.000046  -0.003140
      821 0.000045  -0.003124
      894 0.000044  -0.003048
      198 0.000044  -0.003017
      801 0.000044  -0.003014
      874 0.000044  -0.003003
      789 0.000043   0.002995
      955 0.000043   0.002947
      244 0.000042  -0.002913
      957 0.000042   0.002899
      374 0.000041   0.002808
      169 0.000040  -0.002777
      842 0.000040  -0.002773
      161 0.000040   0.002772
      841 0.000038   0.002650
      881 0.000038  -0.002623
      833 0.000038  -0.002599
      830 0.000038   0.002590
      193 0.000038   0.002590
      942 0.000037   0.002559
      394 0.000037   0.002519
      313 0.000036  -0.002472
      278 0.000036   0.002449
      491 0.000035   0.002447
       91 0.000035  -0.002422
      988 0.000035  -0.002412
      518 0.000035   0.002410
     1073 0.000035  -0.002382
      838 0.000034  -0.002330
      971 0.000034  -0.002328
      832 0.000034   0.002326
      284 0.000034   0.002312
      798 0.000033  -0.002306
      950 0.000033  -0.002302
     1096 0.000033   0.002271
      964 0.000033   0.002246
      532 0.000032   0.002226
      488 0.000032   0.002217
      879 0.000032  -0.002204
      540 0.000031  -0.002105
      727 0.000030  -0.002102
      921 0.000030  -0.002084
      407 0.000030  -0.002055
      131 0.000030   0.002053
      286 0.000029   0.002015
      597 0.000029  -0.002013
      409 0.000029  -0.001980
      636 0.000029  -0.001969
      649 0.000029  -0.001966
      933 0.000028   0.001959
      410 0.000028  -0.001956
      448 0.000028   0.001946
      835 0.000028  -0.001927
      445 0.000028  -0.001921
      794 0.000028   0.001905
      310 0.000028  -0.001898
      904 0.000027   0.001884
      475 0.000027  -0.001881
      297 0.000027  -0.001869
      524 0.000027  -0.001857
      542 0.000026   0.001826
      811 0.000026   0.001814
      983 0.000026   0.001800
      977 0.000026   0.001782
      643 0.000026  -0.001780
      928 0.000025  -0.001754
      685 0.000025  -0.001697
     1034 0.000024  -0.001690
      366 0.000024   0.001673
     1032 0.000024   0.001652
      856 0.000024   0.001651
      526 0.000024   0.001650
     1010 0.000024   0.001621
      927 0.000023  -0.001577
      424 0.000023  -0.001562
      530 0.000022   0.001545
      987 0.000022   0.001544
      677 0.000022   0.001535
      236 0.000022   0.001519
      868 0.000022   0.001488
      959 0.000021  -0.001456
      810 0.000021   0.001452
     1009 0.000021  -0.001447
      592 0.000020   0.001413
      646 0.000020   0.001393
      934 0.000020  -0.001392
     1001 0.000020  -0.001389
      479 0.000020   0.001362
      776 0.000020  -0.001350
      333 0.000019  -0.001334
      809 0.000019   0.001334
      514 0.000019   0.001334
      608 0.000019  -0.001325
      791 0.000019   0.001280
      916 0.000018  -0.001255
      346 0.000018   0.001223
      232 0.000018  -0.001219
      938 0.000017   0.001199
      536 0.000017  -0.001196
      437 0.000017   0.001189
      463 0.000017  -0.001172
      455 0.000017  -0.001169
      764 0.000017  -0.001167
      852 0.000017   0.001141
      779 0.000016  -0.001138
      432 0.000016   0.001130
      148 0.000016   0.001127
      324 0.000016  -0.001126
      519 0.000016   0.001117
     1003 0.000016  -0.001105
      502 0.000016   0.001101
      805 0.000016  -0.001095
     1025 0.000016   0.001092
     1016 0.000016  -0.001089
      714 0.000016  -0.001083
      512 0.000016  -0.001074
      680 0.000016   0.001070
      397 0.000015  -0.001061
      249 0.000015   0.001059
      713 0.000015   0.001049
      898 0.000015   0.001047
      907 0.000015   0.001043
      669 0.000014   0.000997
      640 0.000014  -0.000996
      949 0.000014   0.000982
      610 0.000014  -0.000981
     1017 0.000014   0.000972
      984 0.000014  -0.000970
      849 0.000014   0.000964
      903 0.000014   0.000959
      458 0.000014   0.000942
      732 0.000014   0.000940
      489 0.000013   0.000929
     1020 0.000013  -0.000926
      814 0.000013   0.000906
      803 0.000013   0.000892
     1040 0.000013  -0.000883
      450 0.000013  -0.000877
      384 0.000013  -0.000865
      891 0.000012  -0.000850
       98 0.000012  -0.000840
      505 0.000012   0.000835
      334 0.000012  -0.000799
      588 0.000012   0.000798
      662 0.000012  -0.000797
      740 0.000011   0.000769
      917 0.000011   0.000765
     1052 0.000011   0.000761
      478 0.000011   0.000750
      487 0.000011  -0.000740
      802 0.000011   0.000729
     1061 0.000011  -0.000726
      839 0.000011   0.000725
      316 0.000010  -0.000724
      816 0.000010   0.000722
      245 0.000010  -0.000711
      461 0.000010   0.000703
      634 0.000010  -0.000700
      483 0.000010  -0.000699
      837 0.000010  -0.000696
      406 0.000010  -0.000693
      760 0.000010  -0.000690
     1015 0.000010  -0.000690
euclid. distance of OLC and linear combination of EV * x_coef: 0.0050947854710684

Generate samples based on objective loadcase 948
nr_to_generate: 25

Parameter variation distribution settings
distribution: uniform
low: 0.7
high: 1.3

Total process runtime: 0:00:01.289891
