Date and Time:2023-05-12 14:22:05.172772

Initial Settings:
similarity_model: <function cosine_similarity at 0x000001D005A6E5E0>
similarity_threshold: 1e-05
nr_eigv_to_select: None
distribution: uniform
deviation: 0.3
nr_to_generate: 25
recompute: False

Selected eigenvectors and similarity score w.r.t objective loadcase:
objective_loadcase_nr: 734
similarity_model: cosine_similarity
similarity_threshold: 1e-05
nr_eigv_to_select: None
nr_eigv_selected: 522
approximation parameter model: lstsq
similarity score and approx. param. value
:  eigv_idx    score      value
        1 0.551498  72.830619
        3 0.544431  71.897280
        2 0.490785 -64.812858
        0 0.394391  52.083108
        6 0.049958   6.597458
       39 0.018820   2.485299
        4 0.010449   1.379935
      639 0.003434   0.453536
      186 0.002270  -0.299761
      612 0.001958  -0.258545
      593 0.001957  -0.258419
      586 0.001772   0.233978
      218 0.001655  -0.218496
      710 0.001609  -0.212444
      716 0.001602   0.211612
      187 0.001553  -0.205027
      618 0.001381   0.182429
      668 0.001305   0.172336
       68 0.001288  -0.170050
      663 0.001287  -0.170016
      143 0.001196   0.157933
      595 0.001130   0.149226
      194 0.001017   0.134243
      686 0.000965  -0.127397
      659 0.000963  -0.127122
      617 0.000894   0.118101
      182 0.000879  -0.116086
      388 0.000851  -0.112340
      626 0.000850   0.112195
      688 0.000840  -0.110967
      749 0.000803  -0.106067
      599 0.000777   0.102559
      582 0.000741  -0.097869
      183 0.000728   0.096193
      562 0.000712  -0.094071
      184 0.000694  -0.091624
      635 0.000690   0.091124
      579 0.000665   0.087803
      670 0.000661   0.087307
      700 0.000651   0.085920
      621 0.000622  -0.082167
      578 0.000612   0.080805
      683 0.000607   0.080195
      733 0.000565   0.074617
      253 0.000564  -0.074495
      698 0.000555  -0.073282
      341 0.000544   0.071884
      602 0.000534  -0.070547
      666 0.000529  -0.069900
      708 0.000508   0.067060
      735 0.000493  -0.065147
      153 0.000483   0.063729
      174 0.000481   0.063544
      606 0.000480  -0.063422
       71 0.000473   0.062454
       69 0.000470   0.062117
      228 0.000460  -0.060792
      718 0.000451  -0.059550
      567 0.000437  -0.057677
      704 0.000411  -0.054341
      709 0.000407  -0.053732
      577 0.000403  -0.053283
      575 0.000402   0.053094
      641 0.000401  -0.053018
      220 0.000392  -0.051809
      267 0.000387  -0.051143
      137 0.000383  -0.050644
      699 0.000379  -0.050017
      620 0.000365  -0.048228
      179 0.000362   0.047852
      362 0.000351  -0.046346
      210 0.000343  -0.045313
      756 0.000339  -0.044767
      757 0.000331  -0.043743
      583 0.000331  -0.043722
      807 0.000310   0.040989
      171 0.000309  -0.040818
      243 0.000304   0.040204
      631 0.000302  -0.039882
      741 0.000302   0.039869
      412 0.000300  -0.039637
      848 0.000300  -0.039554
      419 0.000299  -0.039492
      403 0.000277   0.036605
      707 0.000275  -0.036264
      587 0.000268   0.035404
      132 0.000265   0.034989
      853 0.000264  -0.034909
      576 0.000264  -0.034827
      601 0.000258   0.034073
      739 0.000252  -0.033331
      696 0.000244  -0.032169
      753 0.000242  -0.031958
      604 0.000241  -0.031851
      258 0.000240  -0.031746
      361 0.000240   0.031661
      628 0.000234   0.030956
      400 0.000229  -0.030304
      580 0.000228  -0.030090
      787 0.000227   0.030037
      273 0.000226  -0.029886
      377 0.000224  -0.029558
       70 0.000216   0.028544
      383 0.000215   0.028336
      570 0.000212  -0.027948
      658 0.000212   0.027947
      750 0.000207   0.027393
      204 0.000205   0.027048
      815 0.000199  -0.026318
      564 0.000199  -0.026238
      573 0.000193   0.025489
      175 0.000192  -0.025296
      793 0.000187  -0.024744
      161 0.000186   0.024565
      800 0.000186  -0.024539
      271 0.000186   0.024517
      373 0.000185  -0.024469
      549 0.000185  -0.024394
      941 0.000181  -0.023952
      355 0.000180   0.023774
      828 0.000179  -0.023621
      427 0.000177  -0.023343
      301 0.000175  -0.023171
      566 0.000174   0.023044
      574 0.000172  -0.022777
      820 0.000171  -0.022571
      277 0.000170   0.022405
      255 0.000169  -0.022270
      199 0.000163  -0.021580
      857 0.000163  -0.021517
      254 0.000161   0.021319
      234 0.000161   0.021318
      236 0.000161   0.021311
      665 0.000161  -0.021305
      743 0.000161  -0.021274
      711 0.000161   0.021251
      687 0.000160   0.021175
      726 0.000160  -0.021169
      605 0.000160  -0.021111
      557 0.000159  -0.021022
      299 0.000158   0.020809
      367 0.000152   0.020047
      247 0.000151   0.019959
      784 0.000150  -0.019785
      269 0.000150  -0.019748
      148 0.000149   0.019688
      398 0.000148  -0.019554
      818 0.000145  -0.019213
      667 0.000145   0.019210
      855 0.000145  -0.019137
      380 0.000144   0.019034
      790 0.000141   0.018647
      847 0.000140   0.018529
      638 0.000135  -0.017870
      392 0.000135   0.017851
      198 0.000135   0.017828
      808 0.000132   0.017405
      645 0.000128   0.016918
      295 0.000127  -0.016800
      690 0.000127   0.016725
      795 0.000122   0.016078
      292 0.000119  -0.015745
      312 0.000119  -0.015718
      908 0.000119  -0.015673
      436 0.000119   0.015652
      859 0.000118   0.015615
      759 0.000118   0.015583
      294 0.000117  -0.015497
      431 0.000117  -0.015454
      227 0.000117   0.015438
      629 0.000117  -0.015423
      423 0.000117  -0.015414
      640 0.000116  -0.015385
      974 0.000116   0.015262
      553 0.000115  -0.015165
      353 0.000115  -0.015142
      241 0.000114   0.015049
      390 0.000113   0.014949
      824 0.000113   0.014908
      257 0.000113  -0.014873
      684 0.000111  -0.014596
      251 0.000109  -0.014384
      882 0.000108   0.014255
      217 0.000107  -0.014103
      594 0.000106  -0.013994
      799 0.000106  -0.013988
      798 0.000105   0.013850
      742 0.000105  -0.013835
      239 0.000105   0.013815
      281 0.000104   0.013710
      275 0.000103  -0.013572
      584 0.000102  -0.013494
      697 0.000102   0.013420
      266 0.000101  -0.013381
      364 0.000101  -0.013313
      840 0.000101  -0.013286
      723 0.000098  -0.012973
      354 0.000098   0.012942
      263 0.000097  -0.012845
      736 0.000097  -0.012809
      235 0.000097  -0.012764
      740 0.000097  -0.012755
      591 0.000096   0.012721
      778 0.000096  -0.012705
      734 0.000096  -0.012649
      107 0.000094  -0.012364
      232 0.000093  -0.012311
      308 0.000093  -0.012244
      829 0.000092   0.012199
      569 0.000092   0.012091
      230 0.000091  -0.012068
      616 0.000090  -0.011841
      611 0.000089  -0.011719
      844 0.000088  -0.011659
      298 0.000088  -0.011658
      762 0.000087   0.011467
     1095 0.000086  -0.011386
      588 0.000086  -0.011358
      728 0.000086  -0.011307
      581 0.000085  -0.011285
      359 0.000085   0.011272
      572 0.000085  -0.011195
      770 0.000083   0.010914
      369 0.000083   0.010903
      386 0.000082   0.010887
      744 0.000082  -0.010818
      302 0.000081  -0.010705
      843 0.000080  -0.010513
      600 0.000079  -0.010473
      701 0.000079  -0.010419
      561 0.000079   0.010403
      222 0.000078  -0.010299
      801 0.000077  -0.010169
      832 0.000076   0.010018
      279 0.000076  -0.009987
      955 0.000075   0.009958
      323 0.000074  -0.009760
      262 0.000073  -0.009673
       88 0.000073  -0.009658
      291 0.000073   0.009601
      428 0.000073   0.009577
      560 0.000072  -0.009456
      261 0.000071  -0.009396
      337 0.000071  -0.009370
      782 0.000070  -0.009256
      552 0.000070  -0.009248
      632 0.000070   0.009213
     1005 0.000069   0.009177
      937 0.000069  -0.009136
      978 0.000068   0.009014
      414 0.000068   0.009002
       91 0.000068  -0.008990
      226 0.000068   0.008971
      614 0.000068   0.008970
      879 0.000067  -0.008908
      545 0.000067  -0.008896
      249 0.000067  -0.008894
      425 0.000065   0.008649
      225 0.000065   0.008603
      913 0.000065  -0.008560
      773 0.000065   0.008528
      891 0.000065  -0.008524
      748 0.000064  -0.008495
      789 0.000064   0.008468
      349 0.000064  -0.008389
      342 0.000062   0.008198
      922 0.000062  -0.008188
      826 0.000062  -0.008139
      407 0.000061  -0.008092
      332 0.000061  -0.008079
      597 0.000061  -0.008062
      863 0.000061  -0.008060
      803 0.000060   0.007977
      948 0.000060   0.007922
      329 0.000059  -0.007756
      209 0.000059  -0.007756
      313 0.000058  -0.007688
      397 0.000058  -0.007657
      357 0.000058  -0.007653
      104 0.000057   0.007575
      823 0.000057   0.007523
      343 0.000056  -0.007421
      539 0.000055   0.007313
      319 0.000055   0.007268
      223 0.000055   0.007242
      802 0.000055   0.007201
      654 0.000054   0.007139
      864 0.000054   0.007075
      608 0.000053  -0.007017
      805 0.000053  -0.006984
      627 0.000052   0.006916
      765 0.000052   0.006890
      776 0.000052  -0.006877
      366 0.000051   0.006783
      589 0.000051  -0.006769
      350 0.000051   0.006760
      895 0.000051   0.006756
      722 0.000050  -0.006611
      821 0.000050  -0.006596
      528 0.000049   0.006413
      290 0.000048   0.006377
      831 0.000048   0.006346
      374 0.000047   0.006208
      904 0.000047   0.006205
      943 0.000047   0.006172
      870 0.000046  -0.006048
      860 0.000045  -0.005900
      542 0.000044   0.005854
       93 0.000044  -0.005837
      585 0.000043  -0.005732
      169 0.000043  -0.005711
      894 0.000043  -0.005638
      216 0.000043   0.005629
      193 0.000042  -0.005586
      409 0.000042  -0.005556
      874 0.000042  -0.005498
      540 0.000041  -0.005458
      240 0.000041  -0.005408
      535 0.000041   0.005387
      325 0.000040  -0.005302
      987 0.000040   0.005268
      867 0.000040   0.005267
      272 0.000039   0.005205
      315 0.000039   0.005177
      224 0.000039  -0.005162
      928 0.000038  -0.005058
      237 0.000038   0.005027
      830 0.000037   0.004934
      347 0.000037   0.004925
      360 0.000037   0.004894
      881 0.000037  -0.004869
      880 0.000037   0.004844
      448 0.000036   0.004746
      792 0.000036   0.004705
      603 0.000035  -0.004626
      356 0.000035  -0.004615
     1001 0.000035  -0.004614
      268 0.000034  -0.004552
      518 0.000034   0.004514
      274 0.000034  -0.004488
      250 0.000034  -0.004476
      858 0.000033  -0.004423
      650 0.000033  -0.004421
      310 0.000033  -0.004414
      643 0.000033  -0.004408
      942 0.000033   0.004383
      491 0.000033   0.004368
      965 0.000033  -0.004333
      322 0.000033  -0.004333
      384 0.000033  -0.004317
      933 0.000032   0.004220
      993 0.000032   0.004181
      215 0.000032   0.004160
      382 0.000031  -0.004128
      214 0.000031  -0.004091
      532 0.000031   0.004063
      445 0.000031  -0.004035
     1025 0.000030   0.003953
      950 0.000030  -0.003924
      677 0.000030   0.003915
      530 0.000029   0.003893
      410 0.000029  -0.003858
      775 0.000029   0.003854
     1032 0.000029   0.003833
      884 0.000029  -0.003830
      488 0.000029   0.003816
      309 0.000029   0.003808
      568 0.000028   0.003692
      252 0.000028   0.003673
      402 0.000028   0.003672
      814 0.000028   0.003653
      475 0.000027  -0.003596
      424 0.000027  -0.003538
      727 0.000027  -0.003526
      685 0.000026  -0.003476
      524 0.000026  -0.003434
      387 0.000025   0.003326
      938 0.000025   0.003293
      838 0.000025   0.003289
      900 0.000025  -0.003269
      662 0.000025  -0.003245
     1017 0.000025   0.003237
      598 0.000024   0.003232
      221 0.000024  -0.003182
      432 0.000024   0.003117
      195 0.000023   0.003095
      245 0.000023  -0.003072
      694 0.000023   0.003024
      592 0.000023  -0.002995
      394 0.000023   0.002994
      335 0.000023   0.002986
      304 0.000022  -0.002949
      368 0.000022   0.002944
      278 0.000022   0.002942
       53 0.000022  -0.002891
      780 0.000022  -0.002890
     1034 0.000022  -0.002888
      297 0.000022  -0.002874
      213 0.000022  -0.002853
      200 0.000021   0.002778
      348 0.000021   0.002738
      502 0.000021   0.002735
      917 0.000021   0.002731
      314 0.000021  -0.002712
      248 0.000020   0.002698
      519 0.000020   0.002691
      138 0.000020   0.002690
      351 0.000020   0.002688
      526 0.000020   0.002681
      714 0.000020  -0.002663
      365 0.000020  -0.002632
      270 0.000020  -0.002609
      646 0.000020   0.002584
      713 0.000020   0.002580
      197 0.000019  -0.002559
      839 0.000019  -0.002546
      455 0.000019  -0.002545
      637 0.000019  -0.002533
      811 0.000019   0.002514
      842 0.000019  -0.002496
      935 0.000019  -0.002471
      791 0.000019   0.002465
      856 0.000019   0.002452
      489 0.000018   0.002427
      321 0.000018  -0.002377
       55 0.000018  -0.002372
      505 0.000018   0.002371
      164 0.000018  -0.002325
      437 0.000018   0.002314
      794 0.000017   0.002305
     1052 0.000017   0.002294
      463 0.000017  -0.002279
      479 0.000017   0.002278
       64 0.000017   0.002275
      371 0.000017  -0.002270
      536 0.000017  -0.002238
      289 0.000017   0.002220
      514 0.000017   0.002214
      376 0.000017  -0.002211
      229 0.000017  -0.002207
      512 0.000017  -0.002205
      276 0.000017   0.002194
      196 0.000017   0.002187
      458 0.000016   0.002127
      763 0.000016  -0.002123
      724 0.000016  -0.002117
      264 0.000016  -0.002083
      242 0.000016  -0.002072
      883 0.000016   0.002071
      165 0.000016  -0.002069
      927 0.000016  -0.002052
      192 0.000015  -0.002037
      964 0.000015   0.002024
      810 0.000015   0.001994
      971 0.000015  -0.001955
      538 0.000015   0.001939
      338 0.000015   0.001937
      921 0.000015  -0.001937
       52 0.000015   0.001931
      556 0.000015   0.001929
      680 0.000015   0.001915
      712 0.000014  -0.001879
      344 0.000014  -0.001864
      450 0.000014  -0.001851
      244 0.000014  -0.001848
      949 0.000014   0.001833
      644 0.000014   0.001825
      907 0.000014   0.001809
      966 0.000014   0.001808
      934 0.000013  -0.001775
      988 0.000013  -0.001762
      327 0.000013   0.001759
       66 0.000013   0.001744
      345 0.000013   0.001739
      675 0.000013   0.001722
      816 0.000013   0.001711
      559 0.000013  -0.001693
     1010 0.000013   0.001691
       43 0.000013  -0.001684
      363 0.000012  -0.001645
      334 0.000012   0.001644
      649 0.000012  -0.001614
      379 0.000012  -0.001608
      888 0.000012   0.001605
      957 0.000012   0.001602
      732 0.000012   0.001598
      293 0.000012   0.001595
      483 0.000012  -0.001590
      633 0.000012   0.001590
      822 0.000012   0.001577
      462 0.000012   0.001573
      903 0.000012  -0.001569
      259 0.000012  -0.001564
      320 0.000012  -0.001561
      449 0.000012  -0.001555
      385 0.000012  -0.001554
      669 0.000012   0.001524
      206 0.000011  -0.001513
      695 0.000011   0.001492
      478 0.000011   0.001491
      755 0.000011  -0.001476
      868 0.000011  -0.001472
     1047 0.000011   0.001469
      610 0.000011  -0.001459
      551 0.000011   0.001456
      134 0.000011  -0.001442
       45 0.000011   0.001440
      752 0.000011   0.001413
      340 0.000011  -0.001396
      123 0.000011  -0.001395
      395 0.000010  -0.001386
       63 0.000010  -0.001383
      619 0.000010   0.001382
      418 0.000010  -0.001358
      510 0.000010  -0.001355
     1073 0.000010  -0.001352
      837 0.000010   0.001334
      265 0.000010   0.001330
      473 0.000010  -0.001329
      534 0.000010  -0.001328
      375 0.000010  -0.001325
      331 0.000010  -0.001323
euclid. distance of OLC and linear combination of EV * x_coef: 0.012106313473044701

Generate samples based on objective loadcase 734
nr_to_generate: 25

Parameter variation distribution settings
distribution: uniform
low: 0.7
high: 1.3

Total process runtime: 0:00:01.290817
