Date and Time:2023-05-12 14:11:34.408589

Initial Settings:
similarity_model: <function cosine_similarity at 0x000001D005A6E5E0>
similarity_threshold: 1e-05
nr_eigv_to_select: None
distribution: uniform
deviation: 0.3
nr_to_generate: 25
recompute: False

Selected eigenvectors and similarity score w.r.t objective loadcase:
objective_loadcase_nr: 260
similarity_model: cosine_similarity
similarity_threshold: 1e-05
nr_eigv_to_select: None
nr_eigv_selected: 468
approximation parameter model: lstsq
similarity score and approx. param. value
:  eigv_idx    score      value
        1 0.557591  74.076957
        3 0.531879  70.661126
        2 0.490958 -65.224707
        0 0.401579  53.350502
        6 0.058617   7.787331
       39 0.016273   2.161950
        4 0.010022   1.331484
      639 0.003830   0.508811
       68 0.003297  -0.438063
      186 0.002309  -0.306716
      612 0.002125  -0.282365
      593 0.002065  -0.274383
      586 0.001883   0.250210
      716 0.001674   0.222454
      218 0.001576  -0.209407
      187 0.001551  -0.206018
      618 0.001546   0.205430
      663 0.001522  -0.202155
      710 0.001503  -0.199630
      668 0.001416   0.188138
      595 0.001180   0.156699
      182 0.001169  -0.155320
      194 0.001064   0.141362
      659 0.001064  -0.141295
      143 0.000994   0.132025
      617 0.000977   0.129813
       71 0.000935  -0.124163
      686 0.000933  -0.123961
      388 0.000906  -0.120348
      184 0.000897  -0.119226
      626 0.000854   0.113392
      599 0.000819   0.108796
      700 0.000812   0.107839
      688 0.000812  -0.107823
      635 0.000787   0.104594
      562 0.000777  -0.103282
      582 0.000767  -0.101869
      683 0.000748   0.099407
      670 0.000744   0.098890
      579 0.000737   0.097901
       69 0.000732  -0.097208
      183 0.000724   0.096196
      578 0.000710   0.094286
      621 0.000660  -0.087708
      698 0.000655  -0.087032
      749 0.000643  -0.085375
      733 0.000643   0.085362
      666 0.000579  -0.076925
      341 0.000561   0.074546
       70 0.000546   0.072479
      602 0.000544  -0.072266
      253 0.000535  -0.071033
      718 0.000521  -0.069198
      228 0.000514  -0.068228
      708 0.000484   0.064314
      179 0.000478   0.063537
      704 0.000461  -0.061232
      153 0.000457   0.060725
      606 0.000455  -0.060411
      699 0.000448  -0.059525
      735 0.000447  -0.059389
      567 0.000445  -0.059091
      174 0.000443   0.058810
      171 0.000435  -0.057768
      641 0.000434  -0.057667
      577 0.000415  -0.055087
      220 0.000401  -0.053338
      583 0.000397  -0.052678
      210 0.000396  -0.052638
      575 0.000390   0.051767
      137 0.000385  -0.051138
      709 0.000383  -0.050925
      620 0.000379  -0.050306
      362 0.000374  -0.049620
      631 0.000335  -0.044461
      267 0.000335  -0.044460
      848 0.000322  -0.042739
      604 0.000321  -0.042642
      419 0.000316  -0.041999
      807 0.000313   0.041624
      756 0.000312  -0.041458
      243 0.000311   0.041342
      601 0.000309   0.041091
      412 0.000308  -0.040895
      757 0.000303  -0.040270
      707 0.000300  -0.039869
      403 0.000299   0.039772
      576 0.000297  -0.039507
      628 0.000283   0.037582
      204 0.000282   0.037464
      587 0.000273   0.036301
      254 0.000267   0.035461
      383 0.000261   0.034731
      258 0.000255  -0.033920
      400 0.000253  -0.033567
      132 0.000251   0.033300
      573 0.000249   0.033111
      377 0.000246  -0.032621
      815 0.000242  -0.032149
      741 0.000235   0.031276
      570 0.000235  -0.031231
      753 0.000231  -0.030650
      199 0.000230  -0.030600
      271 0.000228   0.030291
      580 0.000227  -0.030108
      658 0.000227   0.030106
      161 0.000225   0.029839
      787 0.000221   0.029334
      148 0.000219   0.029051
      853 0.000218  -0.028940
      696 0.000218  -0.028916
      564 0.000214  -0.028460
      277 0.000208   0.027644
      739 0.000208  -0.027595
      941 0.000204  -0.027061
      759 0.000202   0.026787
      665 0.000201  -0.026646
      236 0.000197   0.026195
      361 0.000191   0.025389
      687 0.000189   0.025082
      549 0.000184  -0.024478
      800 0.000184  -0.024460
      828 0.000184  -0.024448
      427 0.000183  -0.024326
      301 0.000181  -0.023983
      640 0.000175  -0.023285
      255 0.000174  -0.023091
      175 0.000174  -0.023076
      234 0.000173   0.023020
      820 0.000171  -0.022783
      273 0.000171  -0.022695
      557 0.000170  -0.022532
      667 0.000168   0.022311
       91 0.000165  -0.021955
      373 0.000163  -0.021705
      750 0.000163   0.021617
      574 0.000161  -0.021442
      793 0.000161  -0.021383
      566 0.000160   0.021269
      711 0.000157   0.020801
      784 0.000156  -0.020706
      743 0.000156  -0.020705
      398 0.000155  -0.020571
      299 0.000155   0.020556
      257 0.000153  -0.020392
      380 0.000152   0.020184
      247 0.000151   0.020070
      798 0.000150   0.019980
      355 0.000149   0.019789
      249 0.000149  -0.019758
      295 0.000144  -0.019121
      847 0.000143   0.018996
      857 0.000143  -0.018963
      353 0.000143  -0.018953
      585 0.000140  -0.018619
      690 0.000139   0.018418
      605 0.000139  -0.018404
      367 0.000137   0.018154
      790 0.000136   0.018083
      217 0.000135  -0.017977
      138 0.000134   0.017849
      269 0.000132  -0.017552
      392 0.000132   0.017538
      908 0.000132  -0.017535
      294 0.000131  -0.017383
      808 0.000130   0.017308
      645 0.000130   0.017292
      436 0.000130   0.017253
      855 0.000129  -0.017116
      974 0.000128   0.016942
      107 0.000125  -0.016651
      629 0.000125  -0.016628
      740 0.000123  -0.016400
      423 0.000123  -0.016385
      431 0.000123  -0.016297
      697 0.000122   0.016168
      262 0.000121  -0.016123
      356 0.000120  -0.015979
      369 0.000120   0.015914
      222 0.000119  -0.015801
      795 0.000118   0.015622
      581 0.000117  -0.015566
      312 0.000117  -0.015536
      882 0.000117   0.015532
      638 0.000116  -0.015382
      818 0.000115  -0.015314
      726 0.000114  -0.015148
      684 0.000114  -0.015092
      281 0.000112   0.014823
      762 0.000111   0.014771
      235 0.000111  -0.014752
      241 0.000111   0.014701
      266 0.000111  -0.014689
      736 0.000110  -0.014652
      600 0.000110  -0.014547
      840 0.000109  -0.014540
      354 0.000109   0.014520
      859 0.000109   0.014504
      561 0.000108   0.014315
      308 0.000107  -0.014160
      261 0.000106  -0.014117
      553 0.000106  -0.014102
      799 0.000105  -0.013940
      572 0.000104  -0.013881
      584 0.000102  -0.013525
      193 0.000101  -0.013394
      275 0.000101  -0.013393
      198 0.000100   0.013313
      611 0.000098  -0.013081
      844 0.000097  -0.012935
      742 0.000097  -0.012934
      594 0.000096  -0.012811
      832 0.000096   0.012756
     1095 0.000095  -0.012634
      723 0.000095  -0.012603
      209 0.000093  -0.012348
      803 0.000090   0.011952
      302 0.000090  -0.011905
      552 0.000088  -0.011753
      734 0.000088  -0.011683
      763 0.000087  -0.011565
      955 0.000087   0.011531
      778 0.000086  -0.011400
      801 0.000085  -0.011350
      390 0.000085   0.011334
      591 0.000084   0.011166
      292 0.000083  -0.011082
      386 0.000083   0.011070
      632 0.000083   0.011063
      824 0.000083   0.011037
      569 0.000080   0.010658
      829 0.000080   0.010576
      428 0.000079   0.010552
      343 0.000079  -0.010498
      701 0.000079  -0.010439
      597 0.000078  -0.010381
      863 0.000078  -0.010329
      230 0.000076  -0.010057
      802 0.000076   0.010050
      744 0.000075  -0.010029
     1005 0.000075   0.010018
      414 0.000075   0.009914
      614 0.000074   0.009894
      748 0.000074  -0.009860
      263 0.000074  -0.009833
      879 0.000073  -0.009746
      937 0.000073  -0.009633
      843 0.000072  -0.009612
      913 0.000072  -0.009590
      268 0.000072  -0.009516
      891 0.000072  -0.009505
      596 0.000070  -0.009350
      728 0.000070  -0.009334
      978 0.000070   0.009306
      545 0.000070  -0.009272
      560 0.000069  -0.009227
      922 0.000069  -0.009194
      826 0.000069  -0.009149
      805 0.000069  -0.009144
      654 0.000068   0.009069
      425 0.000068   0.008974
      776 0.000067  -0.008958
      239 0.000067   0.008930
      722 0.000067  -0.008843
      374 0.000066   0.008817
      291 0.000066   0.008797
      407 0.000065  -0.008664
      616 0.000064  -0.008515
      539 0.000062   0.008196
      397 0.000061  -0.008121
      223 0.000060   0.008021
      603 0.000060  -0.007962
      319 0.000059   0.007802
      251 0.000058  -0.007762
      313 0.000058  -0.007752
      297 0.000058  -0.007694
      782 0.000057  -0.007617
      394 0.000056   0.007382
      895 0.000055   0.007308
      789 0.000055   0.007299
      948 0.000053   0.006992
      528 0.000052   0.006857
      322 0.000051  -0.006833
      337 0.000051  -0.006794
      867 0.000051   0.006776
      232 0.000051  -0.006759
      289 0.000051   0.006747
      765 0.000051   0.006728
      542 0.000050   0.006704
      323 0.000050  -0.006679
      831 0.000049   0.006555
      821 0.000049  -0.006527
      298 0.000049  -0.006516
      773 0.000048   0.006343
      858 0.000047  -0.006291
      169 0.000047  -0.006278
      540 0.000047  -0.006226
      770 0.000046   0.006167
      409 0.000046  -0.006052
      780 0.000045  -0.006021
      987 0.000045   0.005993
      870 0.000043  -0.005779
      332 0.000043  -0.005776
      928 0.000043  -0.005739
      279 0.000042  -0.005593
      227 0.000041   0.005493
      535 0.000041   0.005470
      874 0.000040  -0.005297
      448 0.000040   0.005288
      677 0.000040   0.005284
      881 0.000040  -0.005267
      627 0.000039   0.005231
      325 0.000039  -0.005216
     1001 0.000039  -0.005204
      965 0.000039  -0.005197
      864 0.000039   0.005129
      589 0.000038  -0.005087
      608 0.000038  -0.005048
      349 0.000037  -0.004917
      823 0.000037   0.004885
      650 0.000037  -0.004885
      993 0.000037   0.004872
      518 0.000036   0.004788
      860 0.000036  -0.004786
      342 0.000036   0.004780
      904 0.000036   0.004759
      792 0.000036   0.004731
      310 0.000035  -0.004661
      933 0.000035   0.004639
      315 0.000035   0.004594
      491 0.000035   0.004584
     1025 0.000034   0.004572
      590 0.000034  -0.004561
      838 0.000034   0.004511
      530 0.000033   0.004377
      224 0.000033  -0.004358
      410 0.000033  -0.004345
      894 0.000032  -0.004317
      329 0.000032  -0.004300
      532 0.000032   0.004211
     1032 0.000031   0.004140
      488 0.000031   0.004139
      445 0.000031  -0.004136
      245 0.000031  -0.004129
      636 0.000030  -0.004033
      366 0.000030   0.004017
      950 0.000030  -0.003999
      318 0.000030   0.003968
      475 0.000029  -0.003902
      413 0.000029   0.003846
     1017 0.000028   0.003770
      900 0.000028  -0.003739
      286 0.000028   0.003721
      424 0.000028  -0.003698
      524 0.000028  -0.003694
      830 0.000028   0.003665
      942 0.000027   0.003620
      432 0.000027   0.003570
      880 0.000027   0.003566
      814 0.000026   0.003446
      131 0.000026  -0.003434
      662 0.000025  -0.003348
      643 0.000025  -0.003313
      943 0.000024   0.003193
      917 0.000024   0.003168
      320 0.000023  -0.003081
      264 0.000023   0.003046
      402 0.000023   0.003032
      839 0.000023  -0.003024
     1034 0.000023  -0.003009
      938 0.000023   0.002997
      502 0.000023   0.002992
      519 0.000023   0.002991
      335 0.000022   0.002933
      259 0.000021   0.002852
      649 0.000021  -0.002845
      685 0.000021  -0.002811
      455 0.000021  -0.002803
      538 0.000021   0.002767
      406 0.000021   0.002759
      714 0.000021  -0.002749
      727 0.000021  -0.002739
      592 0.000020  -0.002718
      489 0.000020   0.002651
      505 0.000020   0.002645
      536 0.000020  -0.002632
      526 0.000020   0.002604
      842 0.000019  -0.002572
     1052 0.000019   0.002571
      713 0.000019   0.002536
      296 0.000019   0.002496
      512 0.000019  -0.002491
      479 0.000019   0.002478
      437 0.000019   0.002470
      463 0.000019  -0.002467
      884 0.000018  -0.002434
      868 0.000018  -0.002412
      680 0.000018   0.002373
      104 0.000018   0.002350
      949 0.000018   0.002350
      458 0.000018   0.002349
      276 0.000017  -0.002293
      514 0.000017   0.002285
      214 0.000017  -0.002229
      769 0.000017  -0.002196
      856 0.000016   0.002165
      364 0.000016  -0.002163
      260 0.000016  -0.002102
      213 0.000016  -0.002074
      675 0.000015   0.002038
      907 0.000015   0.002018
      779 0.000015   0.002008
      883 0.000015   0.001995
      732 0.000015   0.001989
      450 0.000015  -0.001974
      382 0.000015  -0.001944
      350 0.000015   0.001930
      609 0.000014  -0.001858
      321 0.000014  -0.001855
      359 0.000014   0.001851
      293 0.000014  -0.001850
      384 0.000014  -0.001844
       93 0.000014   0.001820
      483 0.000013  -0.001791
      903 0.000013  -0.001765
      619 0.000013   0.001761
      216 0.000013   0.001721
      694 0.000013   0.001707
      462 0.000013   0.001697
     1047 0.000013   0.001682
      613 0.000013  -0.001675
      206 0.000013   0.001666
      755 0.000012  -0.001652
      237 0.000012  -0.001643
      534 0.000012  -0.001642
      816 0.000012   0.001641
      966 0.000012   0.001622
      324 0.000012  -0.001603
      794 0.000012   0.001600
      478 0.000012   0.001559
      646 0.000012   0.001548
      164 0.000011  -0.001521
      634 0.000011  -0.001501
      240 0.000011   0.001501
      927 0.000011  -0.001487
      346 0.000011   0.001485
     1010 0.000011   0.001479
      420 0.000011   0.001472
      473 0.000011  -0.001470
      543 0.000011  -0.001460
      510 0.000011  -0.001459
      405 0.000011  -0.001455
       81 0.000011   0.001430
      123 0.000011   0.001422
      215 0.000011   0.001420
      334 0.000011   0.001413
      804 0.000011  -0.001411
      357 0.000011  -0.001408
      418 0.000010  -0.001391
       64 0.000010   0.001383
      285 0.000010  -0.001373
      330 0.000010   0.001366
      452 0.000010  -0.001363
      272 0.000010  -0.001354
      487 0.000010  -0.001353
       13 0.000010  -0.001349
      314 0.000010   0.001348
       14 0.000010   0.001344
euclid. distance of OLC and linear combination of EV * x_coef: 0.012159756925416404

Generate samples based on objective loadcase 260
nr_to_generate: 25

Parameter variation distribution settings
distribution: uniform
low: 0.7
high: 1.3

Total process runtime: 0:00:01.381244
