Date and Time:2023-05-12 14:21:06.428262

Initial Settings:
similarity_model: <function cosine_similarity at 0x000001D005A6E5E0>
similarity_threshold: 1e-05
nr_eigv_to_select: None
distribution: uniform
deviation: 0.3
nr_to_generate: 25
recompute: False

Selected eigenvectors and similarity score w.r.t objective loadcase:
objective_loadcase_nr: 690
similarity_model: cosine_similarity
similarity_threshold: 1e-05
nr_eigv_to_select: None
nr_eigv_selected: 581
approximation parameter model: lstsq
similarity score and approx. param. value
:  eigv_idx    score      value
        1 0.567641  57.138173
        3 0.522637  52.608072
        2 0.479736 -48.289709
        0 0.412685  41.540463
        6 0.062030   6.243844
       39 0.011880   1.195789
        4 0.009370   0.943189
       68 0.004631  -0.466176
      639 0.003686   0.370987
      186 0.002306  -0.232138
      612 0.002024  -0.203767
      593 0.001875  -0.188706
       71 0.001723  -0.173479
      618 0.001706   0.171733
      586 0.001703   0.171439
      716 0.001695   0.170665
      663 0.001540  -0.154976
      710 0.001498  -0.150818
      668 0.001494   0.150352
      187 0.001493  -0.150293
      182 0.001475  -0.148509
       69 0.001425  -0.143396
      218 0.001260  -0.126813
      143 0.001139   0.114612
      659 0.001110  -0.111686
      595 0.001069   0.107587
      194 0.001063   0.107034
      184 0.001033  -0.104025
      617 0.000977   0.098299
      686 0.000913  -0.091907
      700 0.000889   0.089517
      683 0.000827   0.083283
      388 0.000826  -0.083178
      688 0.000815  -0.082081
      579 0.000809   0.081406
       70 0.000768   0.077347
      599 0.000767   0.077251
      635 0.000763   0.076786
      749 0.000753  -0.075780
      562 0.000725  -0.072991
      582 0.000724  -0.072881
      578 0.000690   0.069490
      228 0.000682  -0.068641
      626 0.000676   0.068073
      670 0.000668   0.067276
      183 0.000668   0.067208
      698 0.000608  -0.061203
      666 0.000598  -0.060184
      733 0.000595   0.059884
      253 0.000572  -0.057550
      179 0.000568   0.057208
      621 0.000556  -0.055969
      137 0.000519  -0.052279
      735 0.000514  -0.051695
      171 0.000491  -0.049426
      341 0.000490   0.049285
      174 0.000472   0.047507
      602 0.000471  -0.047395
      708 0.000465   0.046816
      153 0.000453   0.045647
      699 0.000432  -0.043462
      718 0.000428  -0.043099
      641 0.000407  -0.040985
      362 0.000402  -0.040485
      583 0.000386  -0.038839
      709 0.000381  -0.038397
      567 0.000370  -0.037199
      210 0.000360  -0.036273
      604 0.000356  -0.035854
      575 0.000356   0.035790
      620 0.000356  -0.035789
      606 0.000355  -0.035740
      220 0.000354  -0.035595
      756 0.000349  -0.035158
      577 0.000348  -0.035021
      757 0.000345  -0.034777
      628 0.000341   0.034295
      204 0.000337   0.033926
      576 0.000323  -0.032553
      403 0.000313   0.031516
      631 0.000308  -0.030992
      243 0.000307   0.030875
      759 0.000305   0.030730
      704 0.000296  -0.029784
      254 0.000291   0.029304
      601 0.000287   0.028879
      573 0.000286   0.028829
      199 0.000283  -0.028493
      741 0.000283   0.028471
      419 0.000282  -0.028374
      277 0.000279   0.028108
      400 0.000279  -0.028103
      161 0.000278   0.027936
      148 0.000277   0.027927
      787 0.000277   0.027899
      848 0.000276  -0.027798
      132 0.000276   0.027767
      807 0.000275   0.027729
      271 0.000274   0.027554
      267 0.000270  -0.027157
      383 0.000262   0.026394
      412 0.000257  -0.025896
      739 0.000256  -0.025811
      815 0.000251  -0.025227
      587 0.000243   0.024437
      658 0.000242   0.024379
      853 0.000242  -0.024327
      640 0.000238  -0.023931
      356 0.000231  -0.023214
      138 0.000230   0.023136
      377 0.000225  -0.022645
      580 0.000221  -0.022196
       91 0.000211  -0.021270
      564 0.000210  -0.021169
      234 0.000210   0.021107
      707 0.000208  -0.020972
      570 0.000207  -0.020867
      236 0.000207   0.020860
      941 0.000201  -0.020253
      566 0.000201   0.020217
      255 0.000197  -0.019840
      750 0.000195   0.019677
      665 0.000194  -0.019500
      798 0.000189   0.019059
      557 0.000186  -0.018693
      175 0.000182  -0.018298
      193 0.000179  -0.018021
      258 0.000178  -0.017881
      585 0.000177  -0.017860
      687 0.000175   0.017581
      828 0.000174  -0.017550
      380 0.000172   0.017267
      763 0.000170  -0.017130
      667 0.000170   0.017124
      209 0.000170  -0.017071
      800 0.000167  -0.016843
      711 0.000165   0.016632
      857 0.000164  -0.016514
      217 0.000162  -0.016332
      690 0.000160   0.016153
      847 0.000158   0.015924
      753 0.000157  -0.015822
      257 0.000157  -0.015805
      301 0.000156  -0.015751
      427 0.000155  -0.015595
      790 0.000154   0.015463
      222 0.000153  -0.015436
      353 0.000153  -0.015356
      369 0.000151   0.015230
      241 0.000151   0.015161
      629 0.000150  -0.015147
      762 0.000150   0.015131
      107 0.000147  -0.014838
      820 0.000146  -0.014662
      740 0.000145  -0.014591
      574 0.000144  -0.014534
      743 0.000139  -0.013999
      247 0.000139   0.013976
      436 0.000138   0.013911
      801 0.000137  -0.013782
      295 0.000137  -0.013749
      784 0.000134  -0.013440
      552 0.000131  -0.013201
      398 0.000131  -0.013151
      908 0.000129  -0.013011
      281 0.000128   0.012907
      974 0.000127   0.012771
      697 0.000126   0.012639
      605 0.000126  -0.012634
      354 0.000126   0.012633
      859 0.000125   0.012569
      308 0.000123  -0.012339
      394 0.000120   0.012114
      292 0.000120  -0.012049
      645 0.000119   0.012006
      832 0.000117   0.011814
      251 0.000117  -0.011811
      818 0.000116  -0.011713
      882 0.000116   0.011670
      294 0.000115  -0.011612
      549 0.000114  -0.011504
      808 0.000114   0.011436
      855 0.000113  -0.011335
      600 0.000112  -0.011303
      249 0.000112  -0.011253
      367 0.000111   0.011203
      262 0.000111  -0.011178
      596 0.000110  -0.011107
      803 0.000110   0.011088
      423 0.000110  -0.011036
      594 0.000109  -0.010966
      291 0.000109   0.010945
      581 0.000108  -0.010851
      386 0.000107   0.010776
      431 0.000106  -0.010682
      736 0.000105  -0.010547
      299 0.000105   0.010527
      273 0.000104  -0.010507
      361 0.000104   0.010504
      638 0.000104  -0.010456
      553 0.000103  -0.010413
      266 0.000103  -0.010383
      632 0.000103   0.010349
      840 0.000103  -0.010323
      726 0.000102  -0.010274
      235 0.000100  -0.010075
      343 0.000099  -0.010014
      597 0.000099  -0.009930
      302 0.000098  -0.009823
      829 0.000097   0.009807
      844 0.000097  -0.009801
      373 0.000097  -0.009751
      799 0.000095  -0.009553
      824 0.000095   0.009529
     1095 0.000094  -0.009475
      684 0.000094  -0.009442
      802 0.000094   0.009416
      572 0.000093  -0.009406
      374 0.000093   0.009386
      355 0.000093   0.009316
      584 0.000092  -0.009290
      227 0.000091  -0.009147
      561 0.000090   0.009092
      261 0.000090  -0.009055
      955 0.000089   0.009001
      268 0.000089  -0.008947
      364 0.000089   0.008937
      611 0.000088  -0.008891
      776 0.000087  -0.008748
      805 0.000086  -0.008702
      428 0.000086   0.008679
      269 0.000086  -0.008654
      793 0.000086  -0.008608
      734 0.000085  -0.008554
      795 0.000084   0.008489
      414 0.000083   0.008381
      863 0.000083  -0.008309
      701 0.000082  -0.008282
      748 0.000082  -0.008218
      723 0.000080  -0.008096
      560 0.000079  -0.007951
      312 0.000079  -0.007938
      198 0.000078   0.007860
      392 0.000078   0.007842
      742 0.000076  -0.007603
      654 0.000075   0.007594
      413 0.000075   0.007529
      773 0.000075   0.007500
      879 0.000074  -0.007469
      780 0.000074  -0.007422
      843 0.000074  -0.007404
      696 0.000073  -0.007367
      230 0.000073   0.007352
      826 0.000073  -0.007334
     1005 0.000072   0.007297
      891 0.000072  -0.007271
      913 0.000071  -0.007107
      545 0.000069  -0.006960
      922 0.000069  -0.006914
      603 0.000068  -0.006879
      610 0.000068  -0.006877
      313 0.000068  -0.006869
      937 0.000066  -0.006682
      789 0.000066   0.006663
      569 0.000066   0.006662
      744 0.000066  -0.006636
      770 0.000066   0.006615
      588 0.000065   0.006542
      978 0.000064   0.006400
      728 0.000063  -0.006306
      360 0.000062  -0.006277
      297 0.000062  -0.006205
      782 0.000061  -0.006142
      245 0.000060  -0.006010
      539 0.000059   0.005951
      359 0.000059  -0.005912
      357 0.000059   0.005909
      390 0.000059   0.005905
      425 0.000058   0.005853
      216 0.000056  -0.005588
      350 0.000055  -0.005524
       88 0.000055   0.005505
      867 0.000054   0.005483
      858 0.000054  -0.005393
      333 0.000054  -0.005393
      722 0.000053  -0.005348
      636 0.000053  -0.005345
      765 0.000053   0.005327
      323 0.000053  -0.005316
      542 0.000053   0.005308
      895 0.000052   0.005254
      831 0.000051   0.005102
      224 0.000050  -0.005054
      540 0.000050  -0.005037
      870 0.000050  -0.004990
      320 0.000049   0.004979
      821 0.000049  -0.004963
      226 0.000049  -0.004959
      589 0.000049  -0.004944
      334 0.000048   0.004833
      397 0.000047  -0.004772
      169 0.000047  -0.004765
      225 0.000047  -0.004761
      987 0.000047   0.004703
      864 0.000047   0.004687
      528 0.000046   0.004670
      201 0.000046   0.004670
      769 0.000046  -0.004657
      407 0.000046  -0.004590
      214 0.000045   0.004556
      874 0.000044  -0.004475
      627 0.000044   0.004441
      409 0.000044  -0.004395
      406 0.000043  -0.004378
      928 0.000043  -0.004367
      325 0.000043  -0.004363
      616 0.000043  -0.004359
      965 0.000043  -0.004357
      448 0.000042   0.004199
      948 0.000042   0.004195
      775 0.000041  -0.004126
      680 0.000041   0.004123
      904 0.000041   0.004103
      164 0.000041   0.004100
      402 0.000040  -0.004032
      609 0.000040   0.004010
     1001 0.000040  -0.003995
      881 0.000039  -0.003968
      993 0.000039   0.003966
      232 0.000039  -0.003941
      335 0.000039  -0.003939
      263 0.000039  -0.003931
      591 0.000039   0.003888
      590 0.000039  -0.003888
      778 0.000038  -0.003854
      331 0.000038   0.003825
      278 0.000038  -0.003817
      215 0.000037  -0.003767
      321 0.000037   0.003753
      310 0.000036  -0.003670
      894 0.000036  -0.003657
      382 0.000036   0.003637
     1025 0.000036   0.003599
      288 0.000036  -0.003584
      530 0.000035   0.003517
      285 0.000035  -0.003517
      293 0.000035   0.003506
      650 0.000035  -0.003503
      535 0.000034   0.003458
      933 0.000034   0.003453
      283 0.000034  -0.003441
      399 0.000034  -0.003384
      165 0.000033   0.003363
       75 0.000033  -0.003310
       93 0.000033   0.003298
      328 0.000033  -0.003272
      950 0.000032  -0.003270
      491 0.000032   0.003266
      432 0.000032   0.003246
      259 0.000032  -0.003222
      410 0.000032  -0.003220
      613 0.000032   0.003199
      347 0.000032  -0.003196
      649 0.000031  -0.003161
      518 0.000031   0.003135
      880 0.000031   0.003129
      322 0.000031  -0.003124
      488 0.000031   0.003115
      287 0.000030   0.003056
     1032 0.000030   0.003043
      475 0.000030  -0.003042
      250 0.000030   0.003037
      681 0.000030  -0.003009
      860 0.000030  -0.002996
      900 0.000030  -0.002980
      532 0.000029   0.002930
      823 0.000029   0.002930
      152 0.000029   0.002929
      884 0.000029  -0.002892
     1017 0.000029   0.002891
      942 0.000028   0.002862
      420 0.000028   0.002850
      814 0.000028   0.002799
      136 0.000028   0.002770
      213 0.000027   0.002761
      315 0.000027   0.002705
      289 0.000027   0.002700
      524 0.000027  -0.002686
       74 0.000027  -0.002677
      592 0.000026  -0.002665
      319 0.000026   0.002659
      943 0.000026   0.002655
      852 0.000026  -0.002626
      837 0.000026  -0.002611
      260 0.000026   0.002573
      131 0.000025  -0.002538
       76 0.000025   0.002503
       94 0.000025  -0.002483
      338 0.000024   0.002464
      358 0.000024   0.002462
      538 0.000024   0.002461
       59 0.000024   0.002460
      917 0.000024   0.002434
      329 0.000024  -0.002423
      424 0.000024  -0.002393
      838 0.000024   0.002392
      252 0.000024  -0.002391
       67 0.000024  -0.002384
      282 0.000024  -0.002381
      519 0.000024   0.002377
      445 0.000023  -0.002352
      274 0.000023   0.002301
       57 0.000022   0.002258
      405 0.000022   0.002231
       55 0.000022   0.002221
      868 0.000022  -0.002206
      336 0.000022  -0.002199
      677 0.000022   0.002196
       78 0.000022   0.002195
      351 0.000022  -0.002187
      502 0.000022   0.002186
      296 0.000022  -0.002168
      385 0.000022  -0.002165
      272 0.000021  -0.002141
       99 0.000021  -0.002129
       53 0.000021   0.002116
       66 0.000021  -0.002105
      349 0.000021   0.002104
      714 0.000021  -0.002097
      479 0.000021   0.002089
      489 0.000021   0.002069
      139 0.000020   0.002056
      298 0.000020  -0.002053
     1034 0.000020  -0.002033
      849 0.000020   0.002028
      536 0.000020  -0.002007
      114 0.000020   0.002005
      170 0.000020   0.002003
      455 0.000020  -0.001998
       65 0.000020   0.001996
       95 0.000020  -0.001995
     1052 0.000020   0.001986
      779 0.000020   0.001982
      792 0.000020   0.001970
      705 0.000020  -0.001965
      685 0.000019  -0.001962
      160 0.000019   0.001954
      101 0.000019  -0.001941
      264 0.000019  -0.001930
      239 0.000019   0.001921
       80 0.000019  -0.001916
      512 0.000019  -0.001915
      146 0.000019   0.001914
      221 0.000019   0.001909
      938 0.000019   0.001887
      458 0.000019   0.001880
      162 0.000019   0.001876
      118 0.000019   0.001873
       60 0.000019   0.001867
      452 0.000018  -0.001850
      150 0.000018  -0.001850
      712 0.000018   0.001826
      151 0.000018   0.001825
      643 0.000018  -0.001824
       72 0.000018   0.001818
      463 0.000018  -0.001790
      123 0.000018  -0.001776
      134 0.000017  -0.001745
      304 0.000017  -0.001734
      188 0.000017  -0.001726
      842 0.000017  -0.001720
      724 0.000017   0.001699
      248 0.000017  -0.001687
      662 0.000017  -0.001679
      505 0.000017   0.001678
      229 0.000017   0.001667
      112 0.000016  -0.001659
      614 0.000016   0.001659
      158 0.000016   0.001654
      339 0.000016   0.001643
      648 0.000016  -0.001639
       79 0.000016  -0.001630
      619 0.000016   0.001628
      637 0.000016   0.001623
      695 0.000016  -0.001613
      903 0.000016  -0.001612
      543 0.000016  -0.001611
      437 0.000016   0.001599
       92 0.000016   0.001595
      526 0.000016   0.001589
      181 0.000016   0.001561
      514 0.000015   0.001549
      966 0.000015   0.001544
       82 0.000015   0.001540
      883 0.000015   0.001533
      949 0.000015   0.001530
      434 0.000015   0.001517
      732 0.000015   0.001506
       84 0.000015   0.001498
      275 0.000015  -0.001473
      647 0.000015   0.001466
      554 0.000015  -0.001461
      483 0.000014  -0.001456
      804 0.000014  -0.001453
      346 0.000014   0.001450
      816 0.000014   0.001448
      669 0.000014   0.001435
      375 0.000014  -0.001434
       81 0.000014   0.001427
      159 0.000014   0.001417
       62 0.000014   0.001401
      856 0.000014   0.001400
      729 0.000014   0.001395
      534 0.000014  -0.001391
      633 0.000014  -0.001383
      154 0.000014  -0.001382
      644 0.000014  -0.001382
       73 0.000013  -0.001344
      157 0.000013  -0.001338
       98 0.000013  -0.001336
      450 0.000013  -0.001332
      276 0.000013   0.001331
     1047 0.000013   0.001330
      559 0.000013   0.001330
      598 0.000013  -0.001316
      163 0.000013   0.001310
      959 0.000013   0.001302
      565 0.000013  -0.001290
      653 0.000013  -0.001278
       96 0.000013   0.001261
      555 0.000013   0.001258
       85 0.000012   0.001249
      145 0.000012  -0.001245
      964 0.000012   0.001243
      348 0.000012  -0.001241
      142 0.000012   0.001228
      345 0.000012   0.001226
      907 0.000012   0.001222
      796 0.000012   0.001204
      104 0.000012  -0.001192
      625 0.000012   0.001187
       10 0.000012   0.001184
      462 0.000012   0.001183
       43 0.000012   0.001182
       23 0.000012  -0.001182
        9 0.000012   0.001178
      984 0.000012   0.001176
      634 0.000012  -0.001175
      401 0.000012   0.001173
      655 0.000012  -0.001172
      330 0.000011   0.001155
      760 0.000011   0.001144
      113 0.000011   0.001143
      927 0.000011  -0.001142
      473 0.000011  -0.001139
      344 0.000011  -0.001136
      147 0.000011   0.001133
     1074 0.000011   0.001130
      195 0.000011  -0.001115
       21 0.000011  -0.001110
       56 0.000011  -0.001110
      888 0.000011   0.001096
      839 0.000011   0.001081
      314 0.000011  -0.001074
      103 0.000011  -0.001074
       41 0.000011  -0.001066
      875 0.000011  -0.001066
      487 0.000011  -0.001060
      133 0.000011  -0.001057
      129 0.000010   0.001053
      751 0.000010   0.001051
       63 0.000010  -0.001033
      440 0.000010  -0.001029
      811 0.000010   0.001026
      746 0.000010  -0.001023
      290 0.000010  -0.001022
       77 0.000010   0.001017
      548 0.000010  -0.001017
       52 0.000010  -0.001009
      764 0.000010   0.001008
      395 0.000010   0.001008
euclid. distance of OLC and linear combination of EV * x_coef: 0.009040278170327607

Generate samples based on objective loadcase 690
nr_to_generate: 25

Parameter variation distribution settings
distribution: uniform
low: 0.7
high: 1.3

Total process runtime: 0:00:01.347118
