Date and Time:2023-05-12 14:20:00.861434

Initial Settings:
similarity_model: <function cosine_similarity at 0x000001D005A6E5E0>
similarity_threshold: 1e-05
nr_eigv_to_select: None
distribution: uniform
deviation: 0.3
nr_to_generate: 25
recompute: False

Selected eigenvectors and similarity score w.r.t objective loadcase:
objective_loadcase_nr: 642
similarity_model: cosine_similarity
similarity_threshold: 1e-05
nr_eigv_to_select: None
nr_eigv_selected: 451
approximation parameter model: lstsq
similarity score and approx. param. value
:  eigv_idx    score      value
        3 0.594443  30.541465
        2 0.516293 -26.526284
        1 0.508200  26.110467
        0 0.346742  17.815016
       39 0.028255   1.451696
        6 0.023339   1.199142
        4 0.013078   0.671933
      639 0.003285   0.168760
      218 0.002479  -0.127381
      593 0.002037  -0.104653
      586 0.001915   0.098414
      612 0.001885  -0.096862
       68 0.001817  -0.093332
      186 0.001775  -0.091207
      710 0.001567  -0.080526
      595 0.001251   0.064272
      187 0.001168  -0.060024
      143 0.001121   0.057595
      626 0.001084   0.055703
      716 0.001073   0.055113
      663 0.001059  -0.054413
      618 0.000986   0.050660
      668 0.000975   0.050087
      686 0.000906  -0.046555
      388 0.000882  -0.045303
      749 0.000868  -0.044607
      194 0.000776   0.039866
      688 0.000773  -0.039701
      599 0.000743   0.038184
      621 0.000719  -0.036942
      659 0.000713  -0.036617
      562 0.000699  -0.035892
      617 0.000697   0.035803
      582 0.000694  -0.035635
      635 0.000680   0.034928
      670 0.000679   0.034862
      704 0.000660  -0.033898
      578 0.000610   0.031322
      341 0.000593   0.030488
      183 0.000576   0.029590
      718 0.000573  -0.029454
      733 0.000569   0.029257
      567 0.000564  -0.028967
      606 0.000551  -0.028328
      577 0.000546  -0.028071
      602 0.000520  -0.026700
      735 0.000500  -0.025681
      267 0.000484  -0.024856
      698 0.000475  -0.024382
      708 0.000472   0.024236
      579 0.000467   0.023999
      220 0.000466  -0.023935
      696 0.000465  -0.023873
      258 0.000441  -0.022659
      153 0.000439   0.022570
      575 0.000437   0.022434
      620 0.000430  -0.022094
      253 0.000427  -0.021922
      753 0.000420  -0.021569
      666 0.000412  -0.021156
      709 0.000399  -0.020503
      137 0.000393  -0.020192
      174 0.000393   0.020174
      707 0.000390  -0.020029
      601 0.000384   0.019754
       69 0.000376   0.019309
      641 0.000375  -0.019250
      230 0.000362  -0.018587
      848 0.000352  -0.018066
      759 0.000344  -0.017662
      683 0.000342   0.017589
      412 0.000341  -0.017509
      583 0.000338  -0.017383
      227 0.000338   0.017350
       70 0.000335   0.017220
      699 0.000329  -0.016893
      273 0.000328  -0.016853
      756 0.000323  -0.016605
      243 0.000322   0.016562
      763 0.000322   0.016549
      793 0.000318  -0.016345
      419 0.000310  -0.015936
      182 0.000308  -0.015809
      403 0.000295   0.015172
      700 0.000293   0.015037
      587 0.000292   0.015023
      807 0.000292   0.015002
      383 0.000290   0.014895
      853 0.000289  -0.014845
      269 0.000286  -0.014695
       71 0.000277   0.014211
      631 0.000275  -0.014152
      210 0.000274  -0.014055
      235 0.000263  -0.013521
      239 0.000262   0.013461
      362 0.000260  -0.013375
      263 0.000260  -0.013345
      184 0.000258  -0.013265
      757 0.000256  -0.013160
      570 0.000253  -0.013024
      741 0.000252   0.012937
      726 0.000250  -0.012821
      299 0.000249   0.012792
      132 0.000244   0.012544
      228 0.000244  -0.012531
      739 0.000235  -0.012063
      750 0.000227   0.011683
      743 0.000225  -0.011569
      361 0.000218   0.011199
      206 0.000214   0.010980
      742 0.000207  -0.010645
      377 0.000204  -0.010471
      787 0.000202   0.010386
      204 0.000202   0.010361
      301 0.000197  -0.010108
      818 0.000195  -0.010034
      857 0.000195  -0.010020
      427 0.000190  -0.009762
      312 0.000188  -0.009650
      247 0.000187   0.009583
      855 0.000184  -0.009454
      549 0.000183  -0.009424
      824 0.000182   0.009360
      564 0.000181  -0.009311
      373 0.000181  -0.009277
      223 0.000179   0.009197
      795 0.000179   0.009188
      392 0.000176   0.009054
      576 0.000176  -0.009020
      591 0.000174   0.008954
      369 0.000172   0.008833
      604 0.000172  -0.008829
      199 0.000172  -0.008822
      553 0.000171  -0.008771
      775 0.000170   0.008748
      800 0.000170  -0.008734
      337 0.000170  -0.008724
      400 0.000164  -0.008413
      778 0.000163  -0.008396
      290 0.000163   0.008378
      658 0.000161   0.008268
      332 0.000158  -0.008141
      829 0.000157   0.008069
      175 0.000157  -0.008042
      859 0.000156   0.007997
      580 0.000155  -0.007978
      665 0.000151  -0.007783
      667 0.000151   0.007744
      784 0.000150  -0.007731
      585 0.000148  -0.007601
      770 0.000147   0.007578
      275 0.000147  -0.007572
      277 0.000144   0.007395
      711 0.000142   0.007314
      179 0.000141   0.007234
      828 0.000139  -0.007138
      790 0.000139   0.007125
      820 0.000136  -0.006979
      736 0.000134  -0.006882
      605 0.000133  -0.006836
      616 0.000133  -0.006836
      941 0.000132  -0.006758
      574 0.000130  -0.006699
      241 0.000130   0.006679
      628 0.000130   0.006660
      279 0.000129  -0.006622
      171 0.000125  -0.006436
      808 0.000124   0.006375
      762 0.000124  -0.006366
      298 0.000121  -0.006242
      271 0.000121   0.006240
      255 0.000121  -0.006192
      423 0.000120  -0.006187
      769 0.000120   0.006154
      431 0.000119  -0.006136
      557 0.000118  -0.006080
      687 0.000116   0.005955
      329 0.000115  -0.005926
      697 0.000113   0.005826
      354 0.000113   0.005818
      251 0.000112  -0.005779
      234 0.000112   0.005735
      201 0.000111  -0.005709
      380 0.000111   0.005682
      744 0.000109  -0.005619
      566 0.000108   0.005572
      294 0.000106  -0.005424
      864 0.000105   0.005407
      398 0.000105  -0.005380
      773 0.000103   0.005282
      943 0.000100   0.005158
      356 0.000100  -0.005131
      645 0.000099   0.005095
      690 0.000099   0.005089
      799 0.000099  -0.005077
      355 0.000098   0.005045
       88 0.000098  -0.005044
      257 0.000097  -0.004980
      728 0.000097  -0.004976
      321 0.000096  -0.004929
      638 0.000096  -0.004920
      908 0.000093  -0.004801
      884 0.000093  -0.004799
      353 0.000091  -0.004663
      600 0.000090  -0.004612
      217 0.000089  -0.004577
      815 0.000088  -0.004535
       93 0.000088  -0.004496
      782 0.000087  -0.004493
      295 0.000087  -0.004456
      611 0.000086  -0.004410
      801 0.000085  -0.004351
      436 0.000085   0.004346
      569 0.000084   0.004332
      734 0.000084  -0.004321
      880 0.000084   0.004309
      948 0.000083   0.004265
      629 0.000083  -0.004263
      325 0.000083  -0.004261
      684 0.000082  -0.004228
      107 0.000080  -0.004109
      694 0.000079   0.004049
      974 0.000078   0.004031
      937 0.000078  -0.004029
      292 0.000078  -0.004010
      589 0.000077  -0.003976
      367 0.000077   0.003972
      847 0.000077   0.003940
      860 0.000077  -0.003938
      840 0.000076  -0.003921
      285 0.000076   0.003895
      843 0.000076  -0.003884
      844 0.000076  -0.003880
      581 0.000073  -0.003747
      281 0.000073   0.003743
      308 0.000073  -0.003730
      573 0.000073   0.003725
      594 0.000072  -0.003702
      870 0.000072  -0.003677
      342 0.000071   0.003626
      104 0.000070   0.003606
      262 0.000069  -0.003569
      978 0.000068   0.003515
      823 0.000068   0.003505
      319 0.000068   0.003502
      723 0.000068  -0.003485
      792 0.000068   0.003471
      654 0.000067   0.003428
      283 0.000067   0.003419
       91 0.000065  -0.003344
      780 0.000065   0.003343
      722 0.000065  -0.003316
      826 0.000064  -0.003302
      614 0.000063   0.003252
      266 0.000062  -0.003181
      765 0.000061   0.003155
      289 0.000061   0.003122
      560 0.000060  -0.003107
      632 0.000060   0.003100
      627 0.000060   0.003090
      302 0.000060  -0.003090
      539 0.000060   0.003059
      261 0.000059  -0.003040
      894 0.000058  -0.002995
      590 0.000057  -0.002941
      552 0.000057  -0.002938
      291 0.000057   0.002932
      874 0.000056  -0.002888
      572 0.000056  -0.002869
      138 0.000056  -0.002854
     1005 0.000055   0.002847
     1095 0.000055  -0.002841
      413 0.000055  -0.002827
      913 0.000055  -0.002812
      798 0.000055  -0.002808
      596 0.000055  -0.002807
      323 0.000054  -0.002754
      895 0.000053   0.002739
      386 0.000053   0.002722
      278 0.000053   0.002718
      701 0.000053  -0.002707
      343 0.000053  -0.002699
      315 0.000052   0.002661
      882 0.000052   0.002661
      428 0.000052   0.002654
      831 0.000052   0.002652
      545 0.000051  -0.002626
      561 0.000051   0.002615
      957 0.000051   0.002613
      528 0.000050   0.002592
      935 0.000050  -0.002588
      268 0.000050  -0.002580
      425 0.000050   0.002557
      414 0.000049   0.002506
      650 0.000048  -0.002490
      318 0.000048  -0.002468
      964 0.000048   0.002444
      169 0.000047  -0.002419
      390 0.000047   0.002414
      535 0.000046   0.002362
      988 0.000046  -0.002352
      584 0.000045  -0.002334
      841 0.000045   0.002302
     1096 0.000044   0.002260
      748 0.000044  -0.002249
      833 0.000043  -0.002228
      198 0.000043  -0.002201
      161 0.000043   0.002200
      236 0.000043   0.002194
      922 0.000042  -0.002174
      842 0.000042  -0.002146
      904 0.000042   0.002141
      942 0.000041   0.002119
      950 0.000041  -0.002115
      821 0.000041  -0.002092
      322 0.000040  -0.002074
      313 0.000039  -0.002028
      244 0.000039  -0.002025
      971 0.000039  -0.002007
      838 0.000039  -0.001984
      789 0.000037   0.001910
      222 0.000037  -0.001890
      955 0.000036   0.001852
      881 0.000036  -0.001849
     1073 0.000035  -0.001812
      491 0.000035   0.001795
      832 0.000035   0.001785
      394 0.000034   0.001772
      518 0.000034   0.001765
      374 0.000033   0.001702
      805 0.000033  -0.001674
      407 0.000033  -0.001671
      727 0.000032  -0.001653
      921 0.000032  -0.001631
      532 0.000032   0.001628
      488 0.000032   0.001626
      649 0.000032  -0.001626
      830 0.000031   0.001613
      983 0.000031   0.001609
      286 0.000030   0.001551
      193 0.000030   0.001544
      297 0.000029  -0.001512
      636 0.000029  -0.001505
      597 0.000029  -0.001496
      540 0.000029  -0.001491
      977 0.000029   0.001484
      409 0.000028  -0.001436
      794 0.000028   0.001425
      410 0.000028  -0.001423
      445 0.000027  -0.001400
      740 0.000027   0.001396
      310 0.000027  -0.001369
      475 0.000027  -0.001369
      524 0.000026  -0.001350
      933 0.000026   0.001350
      879 0.000026  -0.001334
      448 0.000026   0.001334
      835 0.000026  -0.001317
      592 0.000026   0.001314
      608 0.000025  -0.001292
     1009 0.000025  -0.001276
      811 0.000025   0.001264
      927 0.000024  -0.001254
      526 0.000024   0.001228
      131 0.000024   0.001211
      646 0.000023   0.001202
      868 0.000023   0.001200
      366 0.000023   0.001196
      898 0.000023   0.001189
     1034 0.000023  -0.001188
      856 0.000023   0.001184
      959 0.000023  -0.001184
     1010 0.000023   0.001181
      928 0.000023  -0.001160
      934 0.000022  -0.001108
     1032 0.000022   0.001105
      809 0.000021   0.001099
      148 0.000021   0.001098
      685 0.000021  -0.001087
      232 0.000021  -0.001086
      530 0.000021   0.001054
      643 0.000020  -0.001052
      424 0.000020  -0.001050
      542 0.000020   0.001045
     1016 0.000020  -0.001032
      479 0.000020   0.001003
      810 0.000019   0.000995
      328 0.000019  -0.000994
      249 0.000019   0.000993
      514 0.000019   0.000983
      677 0.000019   0.000982
     1020 0.000019  -0.000980
     1003 0.000019  -0.000973
      779 0.000019  -0.000970
      987 0.000019   0.000970
      916 0.000018  -0.000948
      839 0.000018   0.000905
      938 0.000017   0.000889
      791 0.000017   0.000873
      764 0.000017  -0.000870
      437 0.000017   0.000868
      837 0.000017  -0.000855
      463 0.000017  -0.000851
      536 0.000017  -0.000851
     1001 0.000017  -0.000850
      455 0.000016  -0.000840
      903 0.000016   0.000827
      432 0.000016   0.000819
     1040 0.000016  -0.000816
      512 0.000015  -0.000772
      519 0.000015   0.000765
      502 0.000015   0.000760
      254 0.000014   0.000740
      984 0.000014  -0.000735
      966 0.000014   0.000730
      714 0.000014  -0.000715
      334 0.000014   0.000711
      316 0.000014  -0.000704
      852 0.000014   0.000699
      849 0.000014   0.000694
      732 0.000013   0.000689
      949 0.000013   0.000666
      994 0.000013  -0.000659
      803 0.000013   0.000658
     1025 0.000013   0.000653
      458 0.000013   0.000643
      680 0.000013   0.000643
      245 0.000012  -0.000642
      489 0.000012   0.000637
      450 0.000012  -0.000634
     1017 0.000012   0.000612
      346 0.000012   0.000606
      324 0.000012  -0.000601
      662 0.000012  -0.000598
      760 0.000011  -0.000587
      681 0.000011  -0.000586
      505 0.000011   0.000584
      772 0.000011  -0.000581
      802 0.000011   0.000579
      713 0.000011   0.000577
      610 0.000011  -0.000561
      397 0.000011  -0.000559
      384 0.000011  -0.000556
      669 0.000011   0.000556
      588 0.000011   0.000556
      478 0.000011   0.000546
       98 0.000011  -0.000545
      487 0.000011  -0.000542
      814 0.000010   0.000537
      461 0.000010   0.000515
     1061 0.000010  -0.000514
euclid. distance of OLC and linear combination of EV * x_coef: 0.004061851167690712

Generate samples based on objective loadcase 642
nr_to_generate: 25

Parameter variation distribution settings
distribution: uniform
low: 0.7
high: 1.3

Total process runtime: 0:00:01.258485
