Date and Time:2023-05-12 14:06:31.466852

Initial Settings:
similarity_model: <function cosine_similarity at 0x000001D005A6E5E0>
similarity_threshold: 1e-05
nr_eigv_to_select: None
distribution: uniform
deviation: 0.3
nr_to_generate: 25
recompute: False

Selected eigenvectors and similarity score w.r.t objective loadcase:
objective_loadcase_nr: 32
similarity_model: cosine_similarity
similarity_threshold: 1e-05
nr_eigv_to_select: None
nr_eigv_selected: 518
approximation parameter model: lstsq
similarity score and approx. param. value
:  eigv_idx    score      value
        3 0.583028  44.868690
        1 0.519442  39.975253
        2 0.509587 -39.216812
        0 0.358910  27.621054
        6 0.028578   2.199337
       39 0.026951   2.074079
        4 0.012432   0.956739
      639 0.003228   0.248417
      218 0.002431  -0.187060
      186 0.002006  -0.154341
      593 0.001994  -0.153492
      586 0.001864   0.143485
      612 0.001861  -0.143188
      710 0.001644  -0.126497
      187 0.001317  -0.101346
      716 0.001230   0.094649
       68 0.001216  -0.093562
      595 0.001216   0.093553
      618 0.001071   0.082389
      663 0.001055  -0.081166
      668 0.001046   0.080532
      626 0.001032   0.079385
      686 0.000936  -0.072046
      194 0.000883   0.067919
      388 0.000860  -0.066219
      749 0.000857  -0.065954
      688 0.000799  -0.061485
      143 0.000795   0.061152
      659 0.000761  -0.058572
      617 0.000732   0.056363
      599 0.000731   0.056219
      621 0.000694  -0.053413
      582 0.000692  -0.053293
      562 0.000689  -0.053028
      635 0.000679   0.052217
      670 0.000655   0.050381
      704 0.000624  -0.048031
      183 0.000597   0.045971
      341 0.000578   0.044519
      578 0.000576   0.044355
      718 0.000553  -0.042579
      733 0.000550   0.042317
      567 0.000539  -0.041494
      606 0.000530  -0.040752
      577 0.000508  -0.039117
      579 0.000504   0.038785
      602 0.000504  -0.038771
      253 0.000503  -0.038738
      735 0.000502  -0.038658
      708 0.000496   0.038149
      267 0.000481  -0.037014
      698 0.000471  -0.036242
      153 0.000468   0.036035
       69 0.000468   0.036035
      575 0.000441   0.033962
      696 0.000431  -0.033188
      666 0.000424  -0.032649
      174 0.000422   0.032471
      258 0.000421  -0.032373
      220 0.000420  -0.032337
      709 0.000418  -0.032199
      620 0.000402  -0.030963
       71 0.000400   0.030749
      707 0.000383  -0.029502
      753 0.000381  -0.029291
      230 0.000380  -0.029221
      601 0.000374   0.028778
      641 0.000360  -0.027705
      683 0.000358   0.027552
      700 0.000355   0.027330
      227 0.000345   0.026521
      756 0.000333  -0.025656
      848 0.000330  -0.025409
      210 0.000328  -0.025228
      412 0.000326  -0.025092
      583 0.000323  -0.024819
      699 0.000320  -0.024632
      273 0.000318  -0.024482
      419 0.000301  -0.023191
      793 0.000299  -0.022979
      403 0.000293   0.022519
      631 0.000292  -0.022446
      853 0.000291  -0.022422
      587 0.000287   0.022110
      807 0.000287   0.022064
      235 0.000282  -0.021673
      362 0.000281  -0.021649
      269 0.000280  -0.021580
      383 0.000271   0.020819
      239 0.000270   0.020751
      263 0.000269  -0.020729
      757 0.000268  -0.020633
      763 0.000261   0.020067
      243 0.000259   0.019943
      759 0.000258  -0.019889
      726 0.000253  -0.019455
      741 0.000248   0.019115
      361 0.000245   0.018839
      299 0.000242   0.018601
      739 0.000237  -0.018232
      182 0.000237  -0.018221
      570 0.000234  -0.018039
      750 0.000228   0.017528
       70 0.000224   0.017215
      137 0.000219  -0.016847
      377 0.000206  -0.015832
      206 0.000198   0.015216
      818 0.000197  -0.015123
      787 0.000196   0.015054
      743 0.000196  -0.015048
      857 0.000195  -0.015041
      301 0.000191  -0.014729
      855 0.000190  -0.014648
      204 0.000189   0.014514
      576 0.000185  -0.014270
      373 0.000184  -0.014178
      824 0.000184   0.014132
      580 0.000183  -0.014093
      427 0.000182  -0.014023
      658 0.000181   0.013897
      742 0.000179  -0.013748
      604 0.000178  -0.013710
      247 0.000178   0.013662
      312 0.000177  -0.013624
      132 0.000177   0.013595
      400 0.000177  -0.013590
      564 0.000174  -0.013363
      199 0.000173  -0.013281
      800 0.000170  -0.013089
      175 0.000168  -0.012925
      184 0.000167  -0.012816
      549 0.000166  -0.012741
      591 0.000166   0.012739
      795 0.000165   0.012681
      223 0.000163   0.012540
      392 0.000162   0.012450
      553 0.000162  -0.012436
      711 0.000161   0.012367
      290 0.000160   0.012342
      228 0.000160  -0.012311
      574 0.000156  -0.011986
      829 0.000155   0.011935
      859 0.000154   0.011818
      784 0.000153  -0.011781
      332 0.000149  -0.011470
      820 0.000148  -0.011369
      667 0.000147   0.011328
      628 0.000147   0.011314
      275 0.000146  -0.011235
      828 0.000146  -0.011203
      778 0.000145  -0.011196
      337 0.000145  -0.011127
      775 0.000142   0.010962
      616 0.000141  -0.010877
      790 0.000140   0.010748
      736 0.000139  -0.010722
      605 0.000139  -0.010691
      941 0.000138  -0.010659
      770 0.000138   0.010651
      808 0.000136   0.010501
      355 0.000136   0.010461
      369 0.000132   0.010162
      665 0.000129  -0.009927
      329 0.000128  -0.009883
      566 0.000128   0.009857
      585 0.000128  -0.009854
      277 0.000127   0.009792
      217 0.000126  -0.009732
      557 0.000126  -0.009716
      257 0.000124  -0.009565
      298 0.000122  -0.009406
      179 0.000118   0.009086
      423 0.000117  -0.008995
      279 0.000116  -0.008958
      645 0.000115   0.008887
      431 0.000115  -0.008876
      398 0.000114  -0.008744
       88 0.000112  -0.008593
      690 0.000112   0.008591
      294 0.000111  -0.008577
      354 0.000108   0.008327
      201 0.000108  -0.008276
      380 0.000106   0.008176
      241 0.000105   0.008082
      367 0.000105   0.008071
      684 0.000103  -0.007961
      799 0.000103  -0.007901
      815 0.000103  -0.007897
      569 0.000102   0.007871
      687 0.000102   0.007871
      864 0.000102   0.007863
      769 0.000102   0.007847
      271 0.000101   0.007811
      697 0.000101   0.007747
      266 0.000100  -0.007716
      638 0.000100  -0.007666
      255 0.000099  -0.007601
      600 0.000099  -0.007597
      744 0.000099  -0.007582
      728 0.000097  -0.007470
      285 0.000097   0.007445
      908 0.000097  -0.007436
      295 0.000095  -0.007312
      943 0.000095   0.007294
      171 0.000094  -0.007259
      292 0.000094  -0.007245
      782 0.000092  -0.007101
      436 0.000092   0.007043
      353 0.000090  -0.006960
      734 0.000090  -0.006958
      321 0.000089  -0.006855
      251 0.000088  -0.006746
      723 0.000087  -0.006667
      261 0.000087  -0.006659
      611 0.000087  -0.006658
       93 0.000086  -0.006605
      847 0.000085   0.006557
      325 0.000085  -0.006543
      773 0.000085   0.006535
      948 0.000085   0.006531
      581 0.000084  -0.006447
      884 0.000083  -0.006413
      974 0.000083   0.006399
      104 0.000082   0.006324
      594 0.000082  -0.006304
      573 0.000082   0.006274
      840 0.000081  -0.006220
      937 0.000080  -0.006188
      234 0.000080   0.006142
      860 0.000078  -0.006010
      281 0.000078   0.005980
      844 0.000077  -0.005948
      762 0.000076  -0.005876
      843 0.000075  -0.005782
      552 0.000075  -0.005767
      342 0.000074   0.005715
      701 0.000074  -0.005701
      560 0.000074  -0.005678
      880 0.000074   0.005671
      823 0.000073   0.005636
      978 0.000071   0.005443
      390 0.000070   0.005422
      694 0.000070   0.005366
      318 0.000067  -0.005183
      870 0.000067  -0.005142
      584 0.000066  -0.005064
      302 0.000066  -0.005044
      654 0.000065   0.005029
      364 0.000065  -0.005025
      589 0.000065  -0.005000
      826 0.000065  -0.004978
      268 0.000064  -0.004919
      629 0.000064  -0.004897
      283 0.000063   0.004881
      291 0.000063   0.004870
      572 0.000062  -0.004755
     1095 0.000060  -0.004636
      107 0.000059  -0.004561
      138 0.000059  -0.004513
      789 0.000058   0.004497
     1005 0.000058   0.004452
      801 0.000058  -0.004449
      539 0.000058   0.004439
      356 0.000058  -0.004435
      780 0.000057   0.004388
      289 0.000057   0.004375
      913 0.000056  -0.004326
      262 0.000056  -0.004324
      632 0.000056   0.004299
      428 0.000056   0.004297
      319 0.000056   0.004291
      882 0.000056   0.004276
      765 0.000055   0.004239
      386 0.000055   0.004231
      545 0.000054  -0.004186
      895 0.000054   0.004148
      323 0.000053  -0.004095
      414 0.000053   0.004061
      722 0.000053  -0.004052
      792 0.000052   0.004037
      590 0.000052  -0.004013
      193 0.000052   0.003976
      425 0.000051   0.003962
      935 0.000051  -0.003893
      874 0.000050  -0.003823
      528 0.000049   0.003779
      894 0.000049  -0.003769
      284 0.000047   0.003647
      313 0.000047  -0.003638
      643 0.000047  -0.003634
      830 0.000047   0.003631
      831 0.000047   0.003624
      315 0.000046   0.003579
      322 0.000046  -0.003557
      957 0.000046   0.003520
      849 0.000045   0.003450
      169 0.000045  -0.003431
      922 0.000044  -0.003414
      535 0.000044   0.003398
      308 0.000044  -0.003390
      821 0.000044  -0.003364
      596 0.000042  -0.003252
      343 0.000042  -0.003235
      805 0.000042  -0.003206
      406 0.000041  -0.003183
      374 0.000041   0.003156
      955 0.000040   0.003116
      627 0.000040   0.003088
      225 0.000040   0.003087
      244 0.000040  -0.003078
      833 0.000040  -0.003076
      413 0.000040  -0.003060
      226 0.000040   0.003048
      942 0.000040   0.003046
      561 0.000039   0.003005
      842 0.000039  -0.002989
      988 0.000039  -0.002978
      278 0.000038   0.002962
      841 0.000038   0.002962
      964 0.000038   0.002894
      359 0.000037   0.002862
      971 0.000037  -0.002823
     1096 0.000037   0.002817
      333 0.000036  -0.002771
      881 0.000036  -0.002766
      950 0.000035  -0.002720
      357 0.000035  -0.002678
      491 0.000034   0.002646
      394 0.000033   0.002572
      610 0.000033  -0.002571
     1073 0.000033  -0.002567
      838 0.000033  -0.002564
      518 0.000033   0.002560
      727 0.000033  -0.002556
      811 0.000032   0.002470
      921 0.000032  -0.002462
      685 0.000032  -0.002450
      614 0.000032   0.002449
      488 0.000032   0.002431
      407 0.000032  -0.002425
      532 0.000031   0.002390
      568 0.000031   0.002356
      798 0.000031  -0.002353
      540 0.000030  -0.002331
      259 0.000030   0.002312
      382 0.000030  -0.002297
      791 0.000030   0.002290
      264 0.000030   0.002281
      409 0.000029  -0.002253
      650 0.000029  -0.002250
      360 0.000029   0.002239
       91 0.000029  -0.002210
      810 0.000029   0.002209
      904 0.000029   0.002205
      366 0.000029   0.002202
      794 0.000028   0.002175
      448 0.000028   0.002170
      983 0.000028   0.002162
      835 0.000028  -0.002158
      879 0.000028  -0.002148
      597 0.000028  -0.002140
      977 0.000028   0.002131
      320 0.000028   0.002117
      410 0.000027  -0.002100
      748 0.000027  -0.002093
      933 0.000027   0.002079
      310 0.000027  -0.002078
      475 0.000027  -0.002052
      524 0.000026  -0.002014
      542 0.000026   0.001978
      655 0.000026  -0.001969
      609 0.000025   0.001961
      445 0.000025  -0.001954
      286 0.000025   0.001949
      209 0.000025   0.001947
      669 0.000025   0.001932
      636 0.000025  -0.001908
      131 0.000024   0.001873
      927 0.000024  -0.001859
      928 0.000024  -0.001847
      237 0.000024   0.001846
      297 0.000024  -0.001844
      856 0.000024   0.001816
      256 0.000024   0.001815
      832 0.000024   0.001811
      402 0.000023  -0.001803
     1032 0.000023   0.001780
      240 0.000023  -0.001779
      875 0.000023  -0.001772
     1034 0.000023  -0.001755
     1010 0.000023   0.001754
      526 0.000023   0.001751
      876 0.000023  -0.001749
      677 0.000023   0.001747
      222 0.000023   0.001741
     1009 0.000023  -0.001737
      623 0.000022  -0.001731
      530 0.000022   0.001710
      625 0.000022  -0.001706
      270 0.000022  -0.001692
      868 0.000022   0.001662
       45 0.000021   0.001645
      934 0.000021  -0.001645
      592 0.000021   0.001639
      424 0.000021  -0.001637
      384 0.000021  -0.001628
      987 0.000021   0.001628
      959 0.000021  -0.001602
      764 0.000021  -0.001589
      713 0.000020   0.001574
      680 0.000020   0.001562
      899 0.000020  -0.001555
      252 0.000020  -0.001545
      640 0.000020  -0.001541
      898 0.000019   0.001500
      837 0.000019  -0.001498
      839 0.000019   0.001489
      479 0.000019   0.001488
      916 0.000019  -0.001469
     1001 0.000019  -0.001466
      296 0.000019  -0.001462
      514 0.000019   0.001445
      335 0.000019  -0.001440
      691 0.000018   0.001409
      161 0.000018   0.001408
      272 0.000018   0.001397
      316 0.000018  -0.001396
      432 0.000018   0.001362
      598 0.000018  -0.001354
     1003 0.000017  -0.001333
       51 0.000017  -0.001332
      902 0.000017  -0.001332
      188 0.000017  -0.001331
     1016 0.000017  -0.001324
      536 0.000017  -0.001323
      776 0.000017  -0.001301
      399 0.000017  -0.001300
      248 0.000017   0.001300
      642 0.000017   0.001298
       38 0.000017   0.001287
      671 0.000016   0.001268
      463 0.000016  -0.001266
      455 0.000016  -0.001251
      324 0.000016  -0.001251
      397 0.000016  -0.001244
      437 0.000016   0.001240
      814 0.000016   0.001238
      238 0.000016  -0.001226
      519 0.000016   0.001226
      637 0.000016  -0.001225
       58 0.000016  -0.001213
      714 0.000016  -0.001199
      502 0.000016   0.001196
      649 0.000015  -0.001188
      512 0.000015  -0.001170
     1020 0.000015  -0.001161
     1025 0.000015   0.001157
       50 0.000015   0.001145
      648 0.000015  -0.001135
      350 0.000015   0.001130
      809 0.000015   0.001127
      260 0.000014  -0.001104
       87 0.000014  -0.001102
      903 0.000014   0.001092
       52 0.000014  -0.001092
      907 0.000014   0.001084
      936 0.000014   0.001077
      282 0.000014  -0.001071
     1040 0.000014  -0.001068
      458 0.000014   0.001049
      984 0.000014  -0.001044
      405 0.000013   0.001035
     1017 0.000013   0.001028
      250 0.000013   0.001022
      746 0.000013   0.001015
      489 0.000013   0.001008
      732 0.000013   0.000983
      254 0.000013  -0.000969
       43 0.000012  -0.000959
      265 0.000012   0.000957
      949 0.000012   0.000947
      952 0.000012  -0.000940
      656 0.000012   0.000930
      450 0.000012  -0.000927
      804 0.000012   0.000925
      720 0.000012  -0.000915
       36 0.000012  -0.000911
      216 0.000012  -0.000908
      214 0.000012   0.000897
      662 0.000012  -0.000891
      505 0.000011   0.000880
      760 0.000011  -0.000873
      603 0.000011   0.000866
       86 0.000011  -0.000860
      198 0.000011  -0.000860
      287 0.000011   0.000851
      644 0.000011   0.000850
       31 0.000011   0.000849
       95 0.000011   0.000842
      452 0.000011  -0.000836
       92 0.000011  -0.000834
       29 0.000011  -0.000833
       44 0.000011  -0.000830
      634 0.000011  -0.000827
      803 0.000011   0.000823
      224 0.000011  -0.000823
      487 0.000011  -0.000820
     1004 0.000011   0.000817
     1061 0.000010  -0.000805
     1052 0.000010   0.000802
      852 0.000010  -0.000798
      747 0.000010   0.000791
      483 0.000010  -0.000791
      693 0.000010   0.000789
      917 0.000010   0.000782
      816 0.000010   0.000778
      461 0.000010   0.000777
      858 0.000010  -0.000774
euclid. distance of OLC and linear combination of EV * x_coef: 0.007515625855373299

Generate samples based on objective loadcase 32
nr_to_generate: 25

Parameter variation distribution settings
distribution: uniform
low: 0.7
high: 1.3

Total process runtime: 0:00:01.393320
