Date and Time:2023-05-12 14:13:34.230889

Initial Settings:
similarity_model: <function cosine_similarity at 0x000001D005A6E5E0>
similarity_threshold: 1e-05
nr_eigv_to_select: None
distribution: uniform
deviation: 0.3
nr_to_generate: 25
recompute: False

Selected eigenvectors and similarity score w.r.t objective loadcase:
objective_loadcase_nr: 350
similarity_model: cosine_similarity
similarity_threshold: 1e-05
nr_eigv_to_select: None
nr_eigv_selected: 469
approximation parameter model: lstsq
similarity score and approx. param. value
:  eigv_idx    score      value
        3 0.546133  57.031066
        1 0.545246  56.938404
        2 0.500745 -52.291350
        0 0.387821  40.499012
        6 0.051837   5.413171
       39 0.020172   2.106519
        4 0.010819   1.129849
      639 0.003836   0.400557
       68 0.002539  -0.265103
      186 0.002228  -0.232666
      593 0.002160  -0.225559
      612 0.002137  -0.223129
      586 0.001978   0.206569
      218 0.001865  -0.194738
      716 0.001579   0.164917
      710 0.001524  -0.159116
      187 0.001463  -0.152726
      663 0.001456  -0.152006
      618 0.001413   0.147513
      668 0.001328   0.138693
      595 0.001266   0.132227
      194 0.001021   0.106585
      659 0.001002  -0.104675
      626 0.000977   0.101977
      182 0.000968  -0.101126
      143 0.000955   0.099756
      686 0.000950  -0.099154
      388 0.000945  -0.098644
      617 0.000915   0.095577
      599 0.000833   0.087002
      688 0.000807  -0.084223
      562 0.000789  -0.082355
      635 0.000789   0.082353
      670 0.000783   0.081752
      582 0.000779  -0.081325
      621 0.000715  -0.074662
      184 0.000712  -0.074309
      700 0.000709   0.073989
      578 0.000708   0.073974
      183 0.000671   0.070117
      733 0.000667   0.069633
      579 0.000663   0.069282
      698 0.000660  -0.068971
      683 0.000650   0.067842
      704 0.000606  -0.063299
      718 0.000600  -0.062610
      341 0.000597   0.062342
      749 0.000594  -0.062077
      666 0.000549  -0.057279
      602 0.000546  -0.057058
      253 0.000516  -0.053930
      567 0.000507  -0.052960
      606 0.000505  -0.052687
      577 0.000480  -0.050130
      708 0.000479   0.050068
      699 0.000457  -0.047677
      153 0.000453   0.047319
      174 0.000446   0.046594
      228 0.000436  -0.045571
      575 0.000433   0.045226
      641 0.000432  -0.045120
       70 0.000425   0.044420
      620 0.000420  -0.043863
      735 0.000414  -0.043269
       71 0.000412  -0.043044
      220 0.000408  -0.042612
      583 0.000395  -0.041275
      267 0.000393  -0.041043
      179 0.000390   0.040771
      709 0.000390  -0.040763
      210 0.000381  -0.039803
      707 0.000379  -0.039629
      601 0.000354   0.037015
      137 0.000349  -0.036416
      848 0.000346  -0.036173
      171 0.000343  -0.035797
      362 0.000339  -0.035361
      696 0.000338  -0.035257
      412 0.000329  -0.034340
      419 0.000327  -0.034183
      631 0.000325  -0.033954
      403 0.000323   0.033732
      807 0.000319   0.033356
      258 0.000303  -0.031640
      204 0.000298   0.031069
      753 0.000297  -0.030989
      604 0.000294  -0.030683
      383 0.000293   0.030561
      587 0.000290   0.030247
      756 0.000288  -0.030051
      243 0.000284   0.029700
      757 0.000272  -0.028456
       69 0.000264  -0.027555
      570 0.000262  -0.027377
      576 0.000250  -0.026124
      199 0.000248  -0.025861
      377 0.000242  -0.025282
      628 0.000234   0.024447
      132 0.000229   0.023958
      400 0.000226  -0.023642
      273 0.000226  -0.023576
      580 0.000220  -0.022952
      564 0.000216  -0.022571
      815 0.000216  -0.022557
      658 0.000214   0.022373
      793 0.000211  -0.022037
      573 0.000207   0.021660
      254 0.000206   0.021461
      853 0.000205  -0.021445
      665 0.000199  -0.020810
      741 0.000197   0.020535
      787 0.000197   0.020521
      271 0.000194   0.020274
      301 0.000194  -0.020239
      941 0.000193  -0.020164
      427 0.000190  -0.019871
      739 0.000187  -0.019555
      800 0.000186  -0.019441
      269 0.000185  -0.019319
      277 0.000182   0.019044
      361 0.000182   0.019028
      299 0.000182   0.018977
      667 0.000179   0.018724
      175 0.000178  -0.018618
      161 0.000178   0.018611
      828 0.000178  -0.018558
      255 0.000175  -0.018270
      687 0.000173   0.018087
      247 0.000173   0.018068
      743 0.000173  -0.018057
      557 0.000171  -0.017878
      235 0.000171  -0.017849
      549 0.000170  -0.017729
      784 0.000168  -0.017512
      820 0.000167  -0.017403
      574 0.000166  -0.017381
      148 0.000164   0.017164
      585 0.000164  -0.017090
      230 0.000162  -0.016899
      369 0.000160   0.016752
      373 0.000160  -0.016665
      711 0.000159   0.016586
      356 0.000155  -0.016237
      236 0.000151   0.015795
      217 0.000150  -0.015707
      234 0.000150   0.015699
      750 0.000147   0.015387
      855 0.000147  -0.015299
      380 0.000146   0.015253
      566 0.000146   0.015230
      857 0.000145  -0.015170
      257 0.000143  -0.014934
      392 0.000142   0.014874
      795 0.000139   0.014557
      553 0.000139  -0.014521
      726 0.000139  -0.014492
      398 0.000138  -0.014442
      605 0.000138  -0.014387
      263 0.000138  -0.014382
      790 0.000135   0.014065
      808 0.000134   0.014013
      697 0.000134   0.013998
      690 0.000133   0.013841
      312 0.000132  -0.013812
      645 0.000131   0.013665
      742 0.000130  -0.013529
      354 0.000129   0.013502
      353 0.000129  -0.013423
      736 0.000129  -0.013421
      295 0.000128  -0.013323
      423 0.000127  -0.013286
       91 0.000127  -0.013267
      908 0.000126  -0.013205
      227 0.000126   0.013186
      294 0.000126  -0.013146
      239 0.000126   0.013109
      431 0.000125  -0.013058
      847 0.000125   0.013035
      818 0.000123  -0.012865
      640 0.000122  -0.012755
      355 0.000120   0.012516
      974 0.000120   0.012506
      241 0.000119   0.012390
      436 0.000117   0.012259
      629 0.000117  -0.012191
      591 0.000116   0.012141
      638 0.000115  -0.012039
      859 0.000115   0.012028
      581 0.000112  -0.011645
      778 0.000109  -0.011409
      616 0.000109  -0.011383
      107 0.000107  -0.011146
      799 0.000107  -0.011140
      275 0.000106  -0.011098
      684 0.000105  -0.010980
      367 0.000104   0.010909
      600 0.000103  -0.010770
      882 0.000102   0.010671
      840 0.000102  -0.010651
      266 0.000102  -0.010611
      281 0.000099   0.010338
      844 0.000099  -0.010329
      569 0.000098   0.010240
      611 0.000097  -0.010167
      798 0.000097   0.010098
      584 0.000097  -0.010096
      206 0.000096   0.010000
      824 0.000096   0.009988
      594 0.000095  -0.009937
      740 0.000095  -0.009919
      292 0.000094  -0.009834
      552 0.000093  -0.009706
      832 0.000092   0.009652
      223 0.000092   0.009650
      261 0.000092  -0.009606
      829 0.000092   0.009589
      262 0.000091  -0.009456
      249 0.000090  -0.009366
      723 0.000089  -0.009312
     1095 0.000088  -0.009224
      308 0.000088  -0.009205
      561 0.000087   0.009115
      572 0.000086  -0.008954
      251 0.000085  -0.008918
      632 0.000084   0.008795
      744 0.000084  -0.008791
      734 0.000084  -0.008769
      222 0.000083  -0.008661
      291 0.000082   0.008557
      596 0.000082  -0.008553
      302 0.000082  -0.008522
      209 0.000081  -0.008474
      337 0.000081  -0.008439
      138 0.000080   0.008353
      560 0.000080  -0.008343
      193 0.000078  -0.008128
      701 0.000078  -0.008097
      728 0.000077  -0.008082
      955 0.000076   0.007912
      268 0.000076  -0.007910
      386 0.000076   0.007900
      803 0.000076   0.007888
      937 0.000075  -0.007849
      801 0.000075  -0.007827
      279 0.000075  -0.007808
      332 0.000073  -0.007643
     1005 0.000073   0.007636
      343 0.000073  -0.007604
      298 0.000073  -0.007571
      978 0.000072   0.007559
      394 0.000072   0.007469
      428 0.000071   0.007452
      722 0.000071  -0.007390
      748 0.000070  -0.007333
      654 0.000070   0.007319
      913 0.000070  -0.007308
      826 0.000070  -0.007292
      759 0.000069   0.007228
      374 0.000069   0.007159
      414 0.000067   0.006991
      922 0.000065  -0.006779
      329 0.000065  -0.006758
      843 0.000064  -0.006648
      539 0.000064   0.006639
      802 0.000063   0.006619
      545 0.000063  -0.006601
      597 0.000063  -0.006572
      390 0.000063   0.006527
      325 0.000062  -0.006457
      879 0.000062  -0.006454
      425 0.000062   0.006447
      776 0.000061  -0.006408
      948 0.000061   0.006386
      782 0.000061  -0.006364
      313 0.000060  -0.006317
      863 0.000060  -0.006300
      614 0.000060   0.006273
      805 0.000057  -0.005998
      895 0.000056   0.005869
      762 0.000056   0.005869
      891 0.000056  -0.005855
      528 0.000053   0.005566
      290 0.000053   0.005549
      831 0.000053   0.005541
      322 0.000053  -0.005528
      770 0.000052   0.005464
      627 0.000052   0.005461
      289 0.000052   0.005436
      821 0.000052  -0.005403
      319 0.000051   0.005312
      870 0.000051  -0.005306
      789 0.000050   0.005201
      590 0.000048  -0.005004
      765 0.000047   0.004934
      864 0.000047   0.004868
      860 0.000046  -0.004841
      694 0.000046   0.004766
      542 0.000045   0.004696
      323 0.000045  -0.004667
      535 0.000044   0.004642
      297 0.000044  -0.004621
      858 0.000044  -0.004616
      792 0.000044   0.004599
      169 0.000044  -0.004583
      874 0.000043  -0.004533
      407 0.000043  -0.004528
      540 0.000043  -0.004453
      589 0.000042  -0.004408
      867 0.000042   0.004406
      775 0.000042   0.004391
      773 0.000041   0.004270
      397 0.000041  -0.004262
      987 0.000040   0.004160
      603 0.000040  -0.004142
      928 0.000040  -0.004142
      881 0.000039  -0.004110
      650 0.000039  -0.004023
      104 0.000039   0.004021
      342 0.000038   0.003949
      409 0.000038  -0.003936
      491 0.000037   0.003833
      518 0.000037   0.003819
      448 0.000036   0.003811
      880 0.000036   0.003738
      232 0.000035  -0.003693
      943 0.000035   0.003686
      823 0.000035   0.003672
      245 0.000035  -0.003616
     1001 0.000035  -0.003605
      677 0.000034   0.003597
      488 0.000034   0.003547
      894 0.000034  -0.003545
      933 0.000034   0.003526
      532 0.000034   0.003515
      321 0.000033  -0.003489
      636 0.000033  -0.003449
      410 0.000033  -0.003442
      904 0.000032   0.003394
      950 0.000032  -0.003372
      198 0.000032   0.003352
      315 0.000032   0.003298
      310 0.000031  -0.003255
      475 0.000031  -0.003216
       88 0.000031  -0.003199
      884 0.000031  -0.003191
      530 0.000030   0.003157
      842 0.000030  -0.003137
      942 0.000030   0.003126
     1025 0.000030   0.003114
     1032 0.000030   0.003112
      993 0.000029   0.003061
      965 0.000029  -0.003053
      643 0.000029  -0.003049
      333 0.000029  -0.003048
      524 0.000029  -0.003043
      224 0.000029  -0.003007
      445 0.000029  -0.002996
      201 0.000029  -0.002977
      364 0.000028   0.002968
      588 0.000026   0.002681
      226 0.000026  -0.002679
      359 0.000026  -0.002665
      424 0.000025  -0.002651
     1017 0.000025   0.002620
      814 0.000025   0.002598
      225 0.000024  -0.002545
      432 0.000024   0.002484
     1034 0.000024  -0.002478
      216 0.000023  -0.002435
      610 0.000023  -0.002405
      900 0.000023  -0.002381
      685 0.000023  -0.002381
      727 0.000023  -0.002357
       93 0.000022  -0.002331
      526 0.000022   0.002284
      680 0.000022   0.002276
      286 0.000022   0.002261
      479 0.000021   0.002204
      917 0.000021   0.002204
      769 0.000021   0.002179
      662 0.000021  -0.002177
      519 0.000021   0.002175
      649 0.000020  -0.002121
      502 0.000020   0.002119
      455 0.000020  -0.002119
      608 0.000020  -0.002109
      536 0.000020  -0.002102
      780 0.000020  -0.002067
      214 0.000020   0.002058
      714 0.000020  -0.002058
      283 0.000020   0.002043
      350 0.000019  -0.002018
      514 0.000019   0.001994
      938 0.000019   0.001987
      463 0.000019  -0.001975
      512 0.000019  -0.001963
      406 0.000019  -0.001934
      949 0.000018   0.001930
      324 0.000018  -0.001930
      794 0.000018   0.001925
      437 0.000018   0.001906
      856 0.000018   0.001904
      489 0.000018   0.001839
      538 0.000017   0.001824
     1052 0.000017   0.001817
      357 0.000017   0.001783
      763 0.000017   0.001774
      458 0.000017   0.001760
      346 0.000017   0.001744
      215 0.000017  -0.001742
      360 0.000017  -0.001733
      366 0.000016   0.001720
      244 0.000016  -0.001703
      830 0.000016   0.001699
      732 0.000016   0.001687
      505 0.000016   0.001663
      402 0.000016  -0.001622
      907 0.000015   0.001613
      592 0.000015  -0.001561
      713 0.000015   0.001547
     1010 0.000015   0.001527
      335 0.000015  -0.001514
      450 0.000014  -0.001491
      328 0.000014  -0.001485
      413 0.000014   0.001444
      213 0.000014   0.001443
      669 0.000014   0.001441
      816 0.000014   0.001411
     1073 0.000013  -0.001405
      452 0.000013  -0.001386
      927 0.000013  -0.001379
      320 0.000013   0.001372
      935 0.000013  -0.001356
      483 0.000013  -0.001353
      971 0.000013  -0.001323
      852 0.000013  -0.001322
      318 0.000013  -0.001322
      791 0.000013   0.001318
      921 0.000013  -0.001318
      964 0.000012   0.001304
      811 0.000012   0.001297
      347 0.000012  -0.001289
      619 0.000012   0.001285
      849 0.000012   0.001279
      883 0.000012   0.001273
      837 0.000012  -0.001261
      250 0.000012   0.001256
      399 0.000012  -0.001246
      988 0.000012  -0.001245
      285 0.000012   0.001239
      934 0.000012  -0.001218
      634 0.000012  -0.001202
     1047 0.000011   0.001197
      334 0.000011   0.001196
      646 0.000011   0.001188
      487 0.000011  -0.001182
      534 0.000011  -0.001158
      462 0.000011   0.001158
      284 0.000011   0.001146
      702 0.000011  -0.001133
      461 0.000011   0.001115
      473 0.000011  -0.001106
      804 0.000011  -0.001105
      478 0.000010   0.001095
      188 0.000010  -0.001089
      957 0.000010   0.001065
     1061 0.000010  -0.001061
      363 0.000010   0.001060
      868 0.000010  -0.001057
euclid. distance of OLC and linear combination of EV * x_coef: 0.007854291975131546

Generate samples based on objective loadcase 350
nr_to_generate: 25

Parameter variation distribution settings
distribution: uniform
low: 0.7
high: 1.3

Total process runtime: 0:00:01.259250
