Date and Time:2023-05-12 14:23:40.615183

Initial Settings:
similarity_model: <function cosine_similarity at 0x000001D005A6E5E0>
similarity_threshold: 1e-05
nr_eigv_to_select: None
distribution: uniform
deviation: 0.3
nr_to_generate: 25
recompute: False

Selected eigenvectors and similarity score w.r.t objective loadcase:
objective_loadcase_nr: 805
similarity_model: cosine_similarity
similarity_threshold: 1e-05
nr_eigv_to_select: None
nr_eigv_selected: 507
approximation parameter model: lstsq
similarity score and approx. param. value
:  eigv_idx    score      value
        3 0.569716  41.109585
        1 0.529123  38.180494
        2 0.506558 -36.552230
        0 0.369666  26.674356
        6 0.036897   2.662385
       39 0.025065   1.808633
        4 0.011844   0.854626
      639 0.003424   0.247059
      186 0.002196  -0.158428
      218 0.002177  -0.157101
      593 0.002047  -0.147720
      612 0.001970  -0.142175
      586 0.001910   0.137799
      710 0.001614  -0.116440
      187 0.001451  -0.104701
      716 0.001379   0.099513
      595 0.001235   0.089139
      663 0.001171  -0.084490
      618 0.001155   0.083338
      668 0.001124   0.081130
      626 0.001009   0.072800
      194 0.000984   0.071015
      686 0.000945  -0.068189
      143 0.000909   0.065616
      388 0.000896  -0.064681
      659 0.000831  -0.059937
      688 0.000806  -0.058143
       68 0.000803  -0.057930
      617 0.000800   0.057736
      749 0.000794  -0.057268
      599 0.000770   0.055583
      562 0.000725  -0.052320
      183 0.000723   0.052144
       69 0.000713   0.051434
      582 0.000705  -0.050901
      635 0.000703   0.050739
      621 0.000697  -0.050327
       71 0.000689   0.049697
      670 0.000685   0.049458
      578 0.000657   0.047373
      704 0.000592  -0.042704
      341 0.000582   0.042024
      733 0.000577   0.041633
      579 0.000551   0.039773
      718 0.000539  -0.038875
      606 0.000525  -0.037875
      567 0.000522  -0.037669
      698 0.000520  -0.037557
      577 0.000518  -0.037367
      253 0.000517  -0.037293
      602 0.000511  -0.036893
      708 0.000501   0.036165
      153 0.000490   0.035359
      666 0.000476  -0.034343
      735 0.000474  -0.034236
      174 0.000463   0.033387
      700 0.000460   0.033217
      267 0.000456  -0.032932
      683 0.000450   0.032507
      220 0.000425  -0.030640
      575 0.000416   0.030042
      709 0.000415  -0.029982
      620 0.000406  -0.029261
      641 0.000394  -0.028418
      696 0.000392  -0.028252
      210 0.000378  -0.027277
      601 0.000366   0.026425
      583 0.000362  -0.026157
      258 0.000360  -0.025949
      699 0.000358  -0.025841
      707 0.000349  -0.025191
      848 0.000348  -0.025133
      230 0.000344  -0.024839
      753 0.000343  -0.024737
      182 0.000342  -0.024681
      412 0.000333  -0.024051
      756 0.000326  -0.023503
      184 0.000323  -0.023296
      807 0.000319   0.023023
      419 0.000316  -0.022778
      204 0.000305   0.021980
      243 0.000301   0.021688
      383 0.000299   0.021588
      362 0.000295  -0.021288
      403 0.000292   0.021064
      587 0.000286   0.020661
      631 0.000285  -0.020563
      227 0.000282   0.020360
      273 0.000279  -0.020108
      757 0.000277  -0.019984
      793 0.000273  -0.019682
      853 0.000266  -0.019174
      570 0.000263  -0.018960
      269 0.000262  -0.018911
      741 0.000249   0.017990
      199 0.000239  -0.017228
      137 0.000237  -0.017103
      739 0.000233  -0.016783
      239 0.000227   0.016375
      299 0.000223   0.016096
      235 0.000220  -0.015873
      726 0.000218  -0.015700
      604 0.000217  -0.015628
      228 0.000216  -0.015608
      377 0.000214  -0.015436
      206 0.000208   0.015036
      750 0.000208   0.015019
      576 0.000201  -0.014537
      564 0.000200  -0.014435
      263 0.000199  -0.014386
      301 0.000193  -0.013923
      549 0.000192  -0.013840
      369 0.000191   0.013799
      427 0.000191  -0.013760
      787 0.000190   0.013736
      400 0.000189  -0.013666
      580 0.000188  -0.013555
      132 0.000188   0.013542
      800 0.000186  -0.013388
      743 0.000185  -0.013349
      175 0.000184  -0.013286
      658 0.000184   0.013246
      818 0.000176  -0.012687
      361 0.000175   0.012641
      585 0.000174  -0.012561
      855 0.000171  -0.012345
      628 0.000171   0.012319
      247 0.000171   0.012307
      665 0.000169  -0.012177
      828 0.000168  -0.012139
      857 0.000168  -0.012130
      392 0.000167   0.012073
      223 0.000167   0.012042
      784 0.000167  -0.012033
      941 0.000166  -0.012014
      312 0.000160  -0.011528
       70 0.000159   0.011505
      820 0.000159  -0.011472
      667 0.000159   0.011459
      356 0.000158  -0.011407
      795 0.000158   0.011396
      711 0.000158   0.011389
      763 0.000157   0.011296
      179 0.000156   0.011286
      742 0.000156  -0.011239
      591 0.000155   0.011200
      373 0.000154  -0.011148
      277 0.000154   0.011136
      553 0.000153  -0.011052
      824 0.000150   0.010848
      574 0.000147  -0.010615
      255 0.000146  -0.010515
      557 0.000144  -0.010401
      605 0.000143  -0.010310
      815 0.000141  -0.010148
      687 0.000140   0.010106
      778 0.000138  -0.009958
      573 0.000137   0.009922
      337 0.000137  -0.009879
      217 0.000135  -0.009769
      171 0.000135  -0.009753
      380 0.000135   0.009715
      790 0.000134   0.009661
      275 0.000132  -0.009552
      398 0.000129  -0.009328
      332 0.000129  -0.009325
      808 0.000129   0.009276
      859 0.000128   0.009211
      829 0.000124   0.008949
      736 0.000124  -0.008921
      423 0.000123  -0.008870
      354 0.000123   0.008857
      431 0.000123  -0.008852
      271 0.000122   0.008818
      759 0.000120  -0.008674
      295 0.000119  -0.008552
      566 0.000117   0.008446
      697 0.000117   0.008412
      908 0.000114  -0.008207
      353 0.000112  -0.008108
      616 0.000111  -0.008046
      294 0.000111  -0.008007
      290 0.000111   0.008003
      638 0.000110  -0.007965
      645 0.000108   0.007820
      690 0.000108   0.007785
      770 0.000106   0.007684
      799 0.000105  -0.007580
      775 0.000103   0.007458
      241 0.000103   0.007410
      974 0.000102   0.007365
      257 0.000101  -0.007308
      629 0.000100  -0.007227
      201 0.000100  -0.007216
      847 0.000100   0.007208
       88 0.000099  -0.007132
      436 0.000099   0.007123
      581 0.000098  -0.007041
      279 0.000097  -0.006989
      251 0.000096  -0.006955
      298 0.000096  -0.006937
      840 0.000094  -0.006813
      600 0.000093  -0.006686
      744 0.000092  -0.006607
      611 0.000091  -0.006578
      234 0.000090   0.006500
       93 0.000089  -0.006452
      266 0.000089  -0.006397
      569 0.000088   0.006351
      596 0.000088  -0.006328
      329 0.000088  -0.006315
      844 0.000087  -0.006257
      728 0.000087  -0.006249
      355 0.000086   0.006208
      782 0.000086  -0.006172
      684 0.000085  -0.006136
      734 0.000085  -0.006105
      882 0.000085   0.006102
      281 0.000084   0.006083
      561 0.000083   0.005997
      614 0.000081   0.005878
      594 0.000081  -0.005851
      937 0.000080  -0.005778
      773 0.000076   0.005472
      864 0.000076   0.005456
      107 0.000075  -0.005438
      948 0.000075   0.005425
     1095 0.000075  -0.005392
      769 0.000074   0.005352
      723 0.000074  -0.005348
      308 0.000074  -0.005329
      584 0.000074  -0.005319
      321 0.000073  -0.005286
      632 0.000073   0.005273
      843 0.000073  -0.005238
      978 0.000072   0.005204
      289 0.000072   0.005174
      572 0.000071  -0.005146
      722 0.000071  -0.005145
      292 0.000071  -0.005139
      343 0.000070  -0.005079
      302 0.000070  -0.005078
      261 0.000070  -0.005045
      319 0.000068   0.004938
      268 0.000067  -0.004846
      367 0.000067   0.004838
      694 0.000066   0.004797
      627 0.000066   0.004794
      325 0.000066  -0.004785
      654 0.000066   0.004772
      104 0.000066   0.004760
      860 0.000066  -0.004758
     1005 0.000066   0.004751
      943 0.000065   0.004667
      913 0.000064  -0.004623
      262 0.000064  -0.004595
      291 0.000063   0.004579
      560 0.000063  -0.004550
      801 0.000063  -0.004545
      254 0.000062   0.004486
      792 0.000062   0.004470
      138 0.000061  -0.004414
      590 0.000061  -0.004400
      826 0.000060  -0.004328
      428 0.000060   0.004320
      425 0.000060   0.004312
      955 0.000059   0.004268
      545 0.000059  -0.004247
      748 0.000059  -0.004245
      539 0.000059   0.004233
      895 0.000058   0.004156
      386 0.000057   0.004143
      198 0.000057  -0.004142
      832 0.000057   0.004125
      831 0.000056   0.004072
      414 0.000056   0.004037
      161 0.000056   0.004029
      323 0.000056  -0.004026
      236 0.000056   0.004025
      922 0.000055  -0.003994
      701 0.000055  -0.003967
      765 0.000055   0.003959
      364 0.000054   0.003906
      374 0.000053   0.003842
      589 0.000053  -0.003833
      823 0.000052   0.003787
      528 0.000051   0.003710
      884 0.000051  -0.003703
      880 0.000051   0.003686
      879 0.000050  -0.003628
      394 0.000050   0.003618
      552 0.000050  -0.003591
      650 0.000050  -0.003586
      313 0.000050  -0.003579
      870 0.000050  -0.003578
      285 0.000049   0.003535
      322 0.000049  -0.003517
      169 0.000049  -0.003511
      640 0.000048  -0.003494
      226 0.000048  -0.003494
      597 0.000048  -0.003429
      225 0.000048  -0.003428
      821 0.000046  -0.003315
      535 0.000046   0.003291
      342 0.000046   0.003286
      283 0.000045   0.003237
      407 0.000044  -0.003163
      244 0.000044  -0.003139
      297 0.000043  -0.003077
      894 0.000041  -0.002994
      240 0.000041   0.002977
      359 0.000041  -0.002959
      222 0.000041  -0.002953
      315 0.000040   0.002889
      881 0.000040  -0.002882
      776 0.000039  -0.002794
      874 0.000039  -0.002784
      789 0.000038   0.002713
       91 0.000037  -0.002647
      891 0.000036  -0.002629
      762 0.000036  -0.002626
      518 0.000036   0.002574
      588 0.000036   0.002571
      904 0.000035   0.002524
      491 0.000035   0.002519
      842 0.000035  -0.002506
      803 0.000035   0.002501
      237 0.000035  -0.002499
      286 0.000034   0.002472
      390 0.000034   0.002472
      540 0.000034  -0.002431
      409 0.000034  -0.002427
      608 0.000034  -0.002422
      950 0.000033  -0.002411
      542 0.000033   0.002402
      148 0.000033   0.002400
      942 0.000033   0.002391
      131 0.000033   0.002359
      532 0.000033   0.002348
      928 0.000032  -0.002308
      935 0.000031  -0.002268
      488 0.000031   0.002245
      649 0.000031  -0.002225
      933 0.000031   0.002221
      448 0.000030   0.002197
      987 0.000030   0.002195
      445 0.000030  -0.002172
      357 0.000030   0.002159
      310 0.000030  -0.002151
      410 0.000029  -0.002117
      802 0.000029   0.002098
      413 0.000029  -0.002097
      830 0.000028   0.002048
      852 0.000028   0.002047
      360 0.000028  -0.002025
      475 0.000028  -0.001994
      252 0.000028   0.001990
     1001 0.000028  -0.001984
      524 0.000027  -0.001979
      646 0.000027   0.001944
      636 0.000027  -0.001937
     1032 0.000027   0.001923
      780 0.000026   0.001889
      740 0.000026  -0.001887
      609 0.000026  -0.001885
      232 0.000026  -0.001850
      957 0.000026   0.001844
      841 0.000025   0.001819
      794 0.000025   0.001811
      988 0.000025  -0.001791
      397 0.000025  -0.001789
     1073 0.000025  -0.001778
      249 0.000025  -0.001775
      530 0.000025   0.001772
      424 0.000025  -0.001770
      209 0.000024  -0.001764
      964 0.000024   0.001758
      971 0.000024  -0.001730
      568 0.000024  -0.001725
     1034 0.000024  -0.001714
      526 0.000023   0.001681
      833 0.000023  -0.001642
      350 0.000023  -0.001634
     1025 0.000022   0.001620
      805 0.000022  -0.001595
      863 0.000022  -0.001580
      921 0.000022  -0.001567
      938 0.000022   0.001555
      856 0.000022   0.001554
      835 0.000021  -0.001542
      677 0.000021   0.001532
      685 0.000021  -0.001524
     1096 0.000021   0.001485
      346 0.000020   0.001461
      278 0.000020   0.001449
      296 0.000020   0.001435
       95 0.000020  -0.001423
       98 0.000020  -0.001419
      479 0.000020   0.001414
      727 0.000019  -0.001390
     1017 0.000019   0.001389
      514 0.000019   0.001386
     1010 0.000019   0.001385
      993 0.000019   0.001383
      320 0.000019  -0.001374
      250 0.000019  -0.001358
      804 0.000018  -0.001332
      927 0.000018  -0.001330
      811 0.000018   0.001328
      965 0.000018  -0.001320
       99 0.000018  -0.001308
      455 0.000018  -0.001308
      432 0.000018   0.001307
       86 0.000018   0.001303
      536 0.000018  -0.001303
      502 0.000018   0.001300
      437 0.000018   0.001298
      798 0.000018   0.001294
      755 0.000018  -0.001290
      714 0.000018  -0.001276
      680 0.000018   0.001266
      272 0.000018   0.001263
      519 0.000017   0.001261
      463 0.000017  -0.001257
      318 0.000017  -0.001241
      983 0.000017   0.001197
      242 0.000017   0.001195
      512 0.000016  -0.001186
      814 0.000016   0.001185
      934 0.000016  -0.001179
      949 0.000016   0.001177
       74 0.000016   0.001170
      105 0.000016   0.001170
      917 0.000016   0.001156
      406 0.000016   0.001150
      977 0.000016   0.001149
      643 0.000016  -0.001138
      867 0.000016   0.001133
      809 0.000016   0.001131
      858 0.000016  -0.001129
      625 0.000016   0.001123
      592 0.000015   0.001117
       87 0.000015   0.001113
      284 0.000015   0.001112
      489 0.000015   0.001111
      287 0.000015   0.001110
      505 0.000015   0.001090
      900 0.000015  -0.001076
      288 0.000015  -0.001073
      613 0.000015  -0.001064
      274 0.000015  -0.001060
      732 0.000014   0.001041
      681 0.000014  -0.001035
      136 0.000014   0.001034
      458 0.000014   0.001028
     1052 0.000014   0.001008
     1009 0.000014  -0.000997
       94 0.000014  -0.000992
      779 0.000014  -0.000991
      450 0.000014  -0.000981
      702 0.000014  -0.000980
      193 0.000014   0.000979
      144 0.000013  -0.000965
      838 0.000013  -0.000957
      907 0.000013   0.000950
       75 0.000013   0.000946
      114 0.000013  -0.000941
      875 0.000013   0.000933
      155 0.000013  -0.000925
      916 0.000013  -0.000916
      229 0.000013   0.000915
      662 0.000013  -0.000906
      159 0.000013   0.000902
      108 0.000012   0.000900
      966 0.000012   0.000893
      363 0.000012   0.000890
       64 0.000012  -0.000884
      128 0.000012   0.000881
      366 0.000012   0.000877
      810 0.000012   0.000871
      158 0.000012   0.000868
      103 0.000012   0.000859
      314 0.000012   0.000849
      478 0.000012   0.000832
      876 0.000012   0.000831
       43 0.000011   0.000828
      713 0.000011   0.000826
      165 0.000011  -0.000819
      816 0.000011   0.000809
      598 0.000011   0.000807
      197 0.000011   0.000801
       45 0.000011  -0.000797
      324 0.000011  -0.000794
       81 0.000011   0.000790
      402 0.000011   0.000787
      328 0.000011  -0.000786
     1016 0.000011  -0.000768
      483 0.000011  -0.000758
     1003 0.000010  -0.000756
      610 0.000010   0.000745
      619 0.000010   0.000743
      487 0.000010  -0.000743
     1020 0.000010  -0.000741
      462 0.000010   0.000734
     1061 0.000010  -0.000728
      260 0.000010  -0.000726
      426 0.000010   0.000723
euclid. distance of OLC and linear combination of EV * x_coef: 0.006867638064588703

Generate samples based on objective loadcase 805
nr_to_generate: 25

Parameter variation distribution settings
distribution: uniform
low: 0.7
high: 1.3

Total process runtime: 0:00:01.300758
