Date and Time:2023-05-12 14:21:15.669583

Initial Settings:
similarity_model: <function cosine_similarity at 0x000001D005A6E5E0>
similarity_threshold: 1e-05
nr_eigv_to_select: None
distribution: uniform
deviation: 0.3
nr_to_generate: 25
recompute: False

Selected eigenvectors and similarity score w.r.t objective loadcase:
objective_loadcase_nr: 697
similarity_model: cosine_similarity
similarity_threshold: 1e-05
nr_eigv_to_select: None
nr_eigv_selected: 478
approximation parameter model: lstsq
similarity score and approx. param. value
:  eigv_idx    score      value
        3 0.555559  52.744610
        1 0.539108  51.182760
        2 0.502867 -47.742066
        0 0.380857  36.158486
        6 0.045907   4.358431
       39 0.021914   2.080524
        4 0.011220   1.065180
      639 0.003667   0.348111
      186 0.002160  -0.205051
      593 0.002106  -0.199961
      612 0.002074  -0.196908
      218 0.001943  -0.184486
      586 0.001942   0.184398
       68 0.001783  -0.169252
      710 0.001540  -0.146186
      716 0.001488   0.141254
      187 0.001420  -0.134821
      663 0.001343  -0.127498
      618 0.001308   0.124134
      595 0.001248   0.118529
      668 0.001240   0.117696
      143 0.001070   0.101627
      626 0.000976   0.092630
      194 0.000975   0.092579
      686 0.000936  -0.088833
      659 0.000924  -0.087680
      388 0.000922  -0.087510
      617 0.000858   0.081450
      182 0.000816  -0.077517
      599 0.000809   0.076785
      688 0.000803  -0.076216
      562 0.000767  -0.072779
      582 0.000755  -0.071657
      635 0.000754   0.071630
      670 0.000732   0.069537
      749 0.000703  -0.066761
      621 0.000698  -0.066295
      578 0.000693   0.065832
      183 0.000676   0.064139
      733 0.000623   0.059142
      184 0.000621  -0.058936
      579 0.000616   0.058514
      700 0.000607   0.057591
      698 0.000595  -0.056487
      683 0.000587   0.055763
      341 0.000587   0.055736
      704 0.000553  -0.052475
      718 0.000546  -0.051850
      602 0.000519  -0.049255
      606 0.000512  -0.048637
      666 0.000512  -0.048562
      567 0.000509  -0.048352
      253 0.000491  -0.046588
      577 0.000489  -0.046453
      708 0.000481   0.045619
      153 0.000478   0.045388
      174 0.000451   0.042804
      735 0.000450  -0.042767
      220 0.000419  -0.039766
      575 0.000418   0.039693
      641 0.000412  -0.039161
      620 0.000412  -0.039109
      699 0.000411  -0.039059
      228 0.000405  -0.038445
      267 0.000402  -0.038173
      709 0.000395  -0.037462
      583 0.000383  -0.036360
      137 0.000373  -0.035429
      601 0.000357   0.033926
      210 0.000347  -0.032967
      707 0.000342  -0.032485
      848 0.000342  -0.032433
      696 0.000335  -0.031837
      258 0.000334  -0.031706
      179 0.000333   0.031618
      412 0.000328  -0.031103
      807 0.000323   0.030622
      419 0.000322  -0.030550
      362 0.000320  -0.030414
      756 0.000314  -0.029848
      403 0.000313   0.029734
      631 0.000312  -0.029602
      753 0.000308  -0.029273
       70 0.000306   0.029071
      243 0.000302   0.028646
      383 0.000296   0.028119
      204 0.000289   0.027439
      587 0.000287   0.027209
      171 0.000286  -0.027156
      757 0.000284  -0.026940
      604 0.000265  -0.025152
      570 0.000260  -0.024639
      199 0.000244  -0.023183
      273 0.000240  -0.022817
      741 0.000239   0.022654
      377 0.000238  -0.022626
      132 0.000238   0.022599
      576 0.000237  -0.022480
      793 0.000236  -0.022412
      853 0.000235  -0.022279
      739 0.000225  -0.021375
      628 0.000212   0.020127
      400 0.000212  -0.020116
      564 0.000205  -0.019436
       69 0.000203   0.019267
      658 0.000202   0.019196
      580 0.000202  -0.019175
      235 0.000201  -0.019124
      230 0.000201  -0.019111
      787 0.000199   0.018938
      269 0.000196  -0.018587
      299 0.000193   0.018334
      301 0.000192  -0.018261
      427 0.000189  -0.017965
      815 0.000188  -0.017826
      800 0.000187  -0.017800
      271 0.000184   0.017476
      573 0.000184   0.017461
      743 0.000183  -0.017371
      941 0.000182  -0.017285
      750 0.000181   0.017229
      665 0.000181  -0.017227
      175 0.000180  -0.017123
      828 0.000177  -0.016835
      585 0.000176  -0.016751
      254 0.000175   0.016597
      369 0.000174   0.016557
      549 0.000174  -0.016546
      361 0.000172   0.016298
      247 0.000171   0.016209
      277 0.000169   0.016081
      820 0.000167  -0.015810
      557 0.000166  -0.015770
      784 0.000166  -0.015721
      667 0.000165   0.015684
      356 0.000165  -0.015684
      726 0.000163  -0.015518
      687 0.000160   0.015162
      255 0.000159  -0.015127
      373 0.000159  -0.015104
      855 0.000157  -0.014908
      711 0.000156   0.014803
      574 0.000154  -0.014629
      857 0.000153  -0.014565
      263 0.000152  -0.014436
      239 0.000152   0.014436
      227 0.000150   0.014277
      605 0.000147  -0.013912
      795 0.000146   0.013874
      553 0.000145  -0.013740
      392 0.000143   0.013566
      818 0.000143  -0.013543
      742 0.000142  -0.013441
      217 0.000141  -0.013403
      312 0.000138  -0.013069
      380 0.000137   0.012971
      161 0.000136   0.012899
      234 0.000135   0.012786
      257 0.000134  -0.012694
      808 0.000133   0.012632
      790 0.000133   0.012632
      566 0.000133   0.012581
      398 0.000131  -0.012438
      736 0.000129  -0.012214
      591 0.000127   0.012096
      354 0.000127   0.012052
       71 0.000126   0.011965
      690 0.000126   0.011937
      697 0.000126   0.011936
      241 0.000126   0.011916
      423 0.000125  -0.011889
      431 0.000124  -0.011747
      353 0.000123  -0.011712
      148 0.000123   0.011688
      275 0.000122  -0.011564
      206 0.000121   0.011531
      294 0.000121  -0.011458
      847 0.000121   0.011454
      908 0.000120  -0.011416
      295 0.000120  -0.011371
      645 0.000120   0.011354
      236 0.000119   0.011295
      859 0.000118   0.011169
      778 0.000115  -0.010944
      824 0.000115   0.010884
      974 0.000113   0.010735
      638 0.000110  -0.010442
      629 0.000110  -0.010414
      436 0.000109   0.010375
      799 0.000107  -0.010157
      616 0.000106  -0.010077
      355 0.000102   0.009682
      223 0.000102   0.009644
      684 0.000100  -0.009515
      840 0.000100  -0.009495
      829 0.000100   0.009481
      882 0.000099   0.009386
      262 0.000098  -0.009339
      581 0.000097  -0.009205
      337 0.000096  -0.009139
      640 0.000095  -0.009059
      107 0.000095  -0.009037
      611 0.000095  -0.009017
      281 0.000094   0.008960
      266 0.000094  -0.008888
      600 0.000093  -0.008844
      844 0.000093  -0.008842
       91 0.000092  -0.008701
      596 0.000090  -0.008583
      569 0.000090   0.008514
      744 0.000089  -0.008492
      279 0.000089  -0.008457
      367 0.000089   0.008454
      594 0.000088  -0.008383
      261 0.000088  -0.008335
      332 0.000088  -0.008314
      308 0.000087  -0.008305
      222 0.000086  -0.008157
      292 0.000085  -0.008091
      584 0.000084  -0.008006
      298 0.000084  -0.007960
     1095 0.000084  -0.007929
      832 0.000083   0.007921
      251 0.000083  -0.007851
      734 0.000082  -0.007831
      572 0.000081  -0.007712
      209 0.000079  -0.007471
      249 0.000079  -0.007458
      723 0.000078  -0.007407
      561 0.000077   0.007356
      552 0.000077  -0.007345
      632 0.000077   0.007334
      302 0.000077  -0.007285
      770 0.000077   0.007282
      728 0.000076  -0.007195
      937 0.000075  -0.007150
      343 0.000074  -0.007070
      291 0.000074   0.007066
      740 0.000074  -0.007005
      798 0.000074   0.006987
      386 0.000073   0.006916
      654 0.000073   0.006915
      394 0.000072   0.006813
      978 0.000072   0.006813
      801 0.000072  -0.006799
      329 0.000070  -0.006690
      955 0.000070   0.006679
     1005 0.000070   0.006664
      782 0.000070  -0.006626
      560 0.000070  -0.006616
      843 0.000069  -0.006558
      722 0.000068  -0.006493
      290 0.000068   0.006487
      748 0.000068  -0.006466
      913 0.000067  -0.006361
      428 0.000067   0.006329
      268 0.000067  -0.006324
      775 0.000067   0.006314
      948 0.000066   0.006298
      701 0.000066  -0.006273
      193 0.000065  -0.006141
      773 0.000064   0.006073
      614 0.000063   0.005974
      414 0.000063   0.005960
      826 0.000062  -0.005918
      763 0.000062   0.005840
      539 0.000061   0.005830
      922 0.000061  -0.005801
      597 0.000061  -0.005781
      545 0.000061  -0.005768
       88 0.000060  -0.005713
      879 0.000060  -0.005680
      325 0.000060  -0.005656
      425 0.000059   0.005631
      313 0.000059  -0.005568
      803 0.000058   0.005533
      289 0.000058   0.005483
      831 0.000057   0.005435
      864 0.000055   0.005247
      374 0.000055   0.005232
      590 0.000055  -0.005213
      776 0.000055  -0.005204
      322 0.000054  -0.005154
      169 0.000054  -0.005152
      895 0.000054   0.005146
      319 0.000053   0.005048
      891 0.000053  -0.005033
      765 0.000053   0.004997
      528 0.000052   0.004976
      104 0.000052   0.004959
      821 0.000052  -0.004897
      860 0.000051  -0.004865
      390 0.000051   0.004864
      627 0.000051   0.004842
      792 0.000051   0.004808
      863 0.000050  -0.004789
      870 0.000050  -0.004725
       93 0.000050  -0.004715
      802 0.000049   0.004652
      323 0.000049  -0.004628
      589 0.000048  -0.004557
      943 0.000048   0.004547
      321 0.000047  -0.004498
      805 0.000046  -0.004390
      364 0.000046   0.004367
      694 0.000045   0.004250
      535 0.000045   0.004238
      789 0.000044   0.004162
      874 0.000044  -0.004160
      407 0.000043  -0.004058
      880 0.000042   0.003983
      823 0.000041   0.003919
      894 0.000041  -0.003910
      650 0.000041  -0.003847
      542 0.000040   0.003825
      588 0.000040   0.003797
      201 0.000040  -0.003794
      540 0.000039  -0.003708
      904 0.000039   0.003708
      297 0.000039  -0.003692
      881 0.000038  -0.003646
      769 0.000038   0.003645
      226 0.000038  -0.003588
      359 0.000038  -0.003573
      342 0.000037   0.003504
      928 0.000037  -0.003497
      987 0.000037   0.003474
      225 0.000037  -0.003466
      884 0.000036  -0.003459
      491 0.000036   0.003430
      518 0.000036   0.003429
      409 0.000036  -0.003402
      138 0.000035   0.003361
      867 0.000035   0.003307
      315 0.000034   0.003223
      448 0.000034   0.003199
      532 0.000033   0.003168
      283 0.000033   0.003163
      488 0.000033   0.003158
      636 0.000033  -0.003143
      858 0.000033  -0.003100
      942 0.000032   0.003080
     1001 0.000032  -0.003071
      933 0.000032   0.003067
      950 0.000032  -0.003045
      397 0.000032  -0.003027
      286 0.000032   0.003012
      410 0.000032  -0.002999
      310 0.000031  -0.002920
      842 0.000030  -0.002878
      475 0.000030  -0.002822
      677 0.000029   0.002800
      445 0.000029  -0.002761
     1032 0.000029   0.002730
      524 0.000029  -0.002707
      649 0.000028  -0.002654
      530 0.000028   0.002633
      245 0.000028  -0.002622
     1025 0.000028   0.002612
      357 0.000027   0.002543
      643 0.000027  -0.002522
      993 0.000026   0.002478
      965 0.000026  -0.002474
      603 0.000026  -0.002452
      350 0.000026  -0.002446
      360 0.000025  -0.002405
      333 0.000025  -0.002377
      216 0.000025  -0.002336
      424 0.000024  -0.002312
      244 0.000024  -0.002251
     1034 0.000023  -0.002223
      224 0.000023  -0.002219
     1017 0.000023   0.002176
      526 0.000022   0.002125
      432 0.000022   0.002070
      814 0.000021   0.002030
      900 0.000021  -0.002021
      479 0.000021   0.001963
      685 0.000021  -0.001961
      762 0.000021   0.001952
      935 0.000020  -0.001892
      285 0.000020   0.001880
      794 0.000020   0.001873
      917 0.000020   0.001866
      856 0.000020   0.001861
      278 0.000019   0.001851
      455 0.000019  -0.001849
      318 0.000019  -0.001844
      240 0.000019   0.001839
      519 0.000019   0.001832
      514 0.000019   0.001818
      536 0.000019  -0.001801
      502 0.000019   0.001798
      250 0.000019   0.001793
      938 0.000019   0.001780
      714 0.000019  -0.001775
      608 0.000019  -0.001774
      463 0.000018  -0.001752
      214 0.000018   0.001726
      437 0.000018   0.001722
      964 0.000018   0.001720
      328 0.000018  -0.001714
      512 0.000018  -0.001703
      215 0.000018  -0.001680
      830 0.000018   0.001669
      232 0.000017  -0.001657
      662 0.000017  -0.001655
      610 0.000017  -0.001648
      680 0.000017   0.001636
      988 0.000017  -0.001618
      346 0.000017   0.001617
      971 0.000017  -0.001605
     1073 0.000017  -0.001599
      727 0.000016  -0.001564
      949 0.000016   0.001554
      489 0.000016   0.001550
     1052 0.000016   0.001543
     1010 0.000016   0.001520
      957 0.000016   0.001512
      347 0.000016  -0.001507
      458 0.000016   0.001484
      732 0.000016   0.001477
      921 0.000016  -0.001472
      927 0.000015  -0.001468
      505 0.000015   0.001450
      237 0.000015  -0.001432
      811 0.000015   0.001387
      252 0.000014  -0.001347
      538 0.000014   0.001339
      450 0.000014  -0.001335
      334 0.000014   0.001316
      804 0.000014  -0.001304
      934 0.000014  -0.001291
      907 0.000013   0.001273
      221 0.000013   0.001246
      816 0.000013   0.001233
      366 0.000013   0.001218
      883 0.000013   0.001215
      335 0.000013  -0.001192
      213 0.000013   0.001188
      646 0.000012   0.001165
      248 0.000012  -0.001163
      966 0.000012   0.001160
      568 0.000012  -0.001146
      483 0.000012  -0.001144
      324 0.000012  -0.001133
      242 0.000012   0.001131
      188 0.000012  -0.001110
      229 0.000012   0.001106
      363 0.000011   0.001090
      755 0.000011  -0.001082
      702 0.000011  -0.001081
       80 0.000011  -0.001079
      198 0.000011   0.001072
      791 0.000011   0.001071
      809 0.000011   0.001060
      619 0.000011   0.001058
      402 0.000011  -0.001056
      634 0.000011  -0.001054
      487 0.000011  -0.001051
     1096 0.000011   0.001051
      810 0.000011   0.001050
      264 0.000011   0.001018
      110 0.000011   0.001005
     1047 0.000011   0.001001
      461 0.000011   0.000998
      478 0.000010   0.000994
      669 0.000010   0.000993
      462 0.000010   0.000988
       95 0.000010  -0.000982
      351 0.000010  -0.000981
      713 0.000010   0.000973
      473 0.000010  -0.000970
      452 0.000010  -0.000969
      426 0.000010   0.000960
       78 0.000010   0.000953
     1061 0.000010  -0.000953
      406 0.000010  -0.000951
euclid. distance of OLC and linear combination of EV * x_coef: 0.008390552311154572

Generate samples based on objective loadcase 697
nr_to_generate: 25

Parameter variation distribution settings
distribution: uniform
low: 0.7
high: 1.3

Total process runtime: 0:00:01.259220
