Date and Time:2023-05-12 14:26:28.512193

Initial Settings:
similarity_model: <function cosine_similarity at 0x000001D005A6E5E0>
similarity_threshold: 1e-05
nr_eigv_to_select: None
distribution: uniform
deviation: 0.3
nr_to_generate: 25
recompute: False

Selected eigenvectors and similarity score w.r.t objective loadcase:
objective_loadcase_nr: 930
similarity_model: cosine_similarity
similarity_threshold: 1e-05
nr_eigv_to_select: None
nr_eigv_selected: 499
approximation parameter model: lstsq
similarity score and approx. param. value
:  eigv_idx    score      value
        3 0.558238  56.538823
        1 0.538613  54.551156
        2 0.501166 -50.758483
        0 0.380165  38.503399
        6 0.042924   4.347375
       39 0.023086   2.338153
        4 0.011259   1.140334
      639 0.003482   0.352667
      186 0.002226  -0.225454
      593 0.002046  -0.207211
      612 0.001997  -0.202256
      218 0.001980  -0.200533
      586 0.001881   0.190486
      710 0.001594  -0.161449
      716 0.001483   0.150158
      187 0.001467  -0.148543
      618 0.001243   0.125841
      663 0.001232  -0.124732
      595 0.001215   0.123078
      668 0.001188   0.120317
      194 0.000998   0.101072
      626 0.000962   0.097409
      143 0.000960   0.097211
      686 0.000941  -0.095347
      388 0.000892  -0.090346
      659 0.000880  -0.089089
      617 0.000842   0.085243
      688 0.000811  -0.082129
      749 0.000782  -0.079169
      599 0.000764   0.077371
      562 0.000731  -0.074064
      183 0.000727   0.073599
      635 0.000717   0.072658
      582 0.000708  -0.071696
       68 0.000706  -0.071472
       71 0.000705   0.071412
       69 0.000701   0.070956
      578 0.000683   0.069156
      670 0.000680   0.068861
      621 0.000680  -0.068836
      579 0.000595   0.060273
      733 0.000578   0.058503
      182 0.000577  -0.058479
      341 0.000570   0.057748
      700 0.000540   0.054672
      698 0.000532  -0.053900
      683 0.000522   0.052888
      153 0.000512   0.051838
      704 0.000511  -0.051735
      577 0.000505  -0.051173
      718 0.000500  -0.050644
      606 0.000500  -0.050627
      567 0.000499  -0.050526
      666 0.000497  -0.050376
      708 0.000495   0.050182
      253 0.000493  -0.049944
      602 0.000491  -0.049760
      184 0.000486  -0.049211
      735 0.000474  -0.048028
      174 0.000471   0.047695
      220 0.000432  -0.043738
      267 0.000413  -0.041814
      709 0.000410  -0.041540
      575 0.000408   0.041332
      641 0.000391  -0.039601
      620 0.000391  -0.039589
      583 0.000375  -0.037940
      601 0.000371   0.037562
      699 0.000370  -0.037450
      258 0.000364  -0.036860
      210 0.000354  -0.035857
      228 0.000345  -0.034896
      848 0.000338  -0.034205
      756 0.000334  -0.033830
      696 0.000331  -0.033500
      807 0.000325   0.032945
      412 0.000325  -0.032888
      419 0.000313  -0.031746
      707 0.000313  -0.031669
      362 0.000312  -0.031562
      403 0.000311   0.031472
      204 0.000311   0.031456
      753 0.000308  -0.031170
      631 0.000303  -0.030718
      757 0.000296  -0.029985
      383 0.000295   0.029923
      243 0.000286   0.028936
      587 0.000277   0.028070
      137 0.000272  -0.027578
      199 0.000268  -0.027127
      741 0.000266   0.026979
      853 0.000259  -0.026275
      570 0.000259  -0.026229
      273 0.000258  -0.026151
      604 0.000250  -0.025339
      739 0.000249  -0.025180
      179 0.000248   0.025147
      793 0.000248  -0.025101
      230 0.000241  -0.024450
      377 0.000230  -0.023260
      235 0.000223  -0.022552
      576 0.000208  -0.021046
      564 0.000207  -0.020987
      132 0.000206   0.020896
      585 0.000204  -0.020705
      750 0.000204   0.020632
      400 0.000203  -0.020534
      171 0.000201  -0.020404
      269 0.000200  -0.020226
      369 0.000199   0.020169
      580 0.000197  -0.019961
      356 0.000196  -0.019807
      628 0.000195   0.019765
      787 0.000193   0.019545
      299 0.000193   0.019503
      658 0.000191   0.019335
      175 0.000190  -0.019235
      726 0.000189  -0.019185
      301 0.000188  -0.019045
      427 0.000187  -0.018966
      800 0.000187  -0.018938
      549 0.000184  -0.018632
      743 0.000183  -0.018508
      828 0.000179  -0.018080
      941 0.000175  -0.017748
      665 0.000174  -0.017659
      239 0.000174   0.017618
      573 0.000169   0.017117
      818 0.000168  -0.016979
      206 0.000167   0.016938
      855 0.000166  -0.016852
      815 0.000165  -0.016709
      263 0.000165  -0.016698
      820 0.000165  -0.016691
      271 0.000163   0.016557
      227 0.000163   0.016462
      247 0.000162   0.016451
      784 0.000162  -0.016444
      857 0.000160  -0.016213
      711 0.000158   0.016030
      667 0.000157   0.015889
      275 0.000155  -0.015673
      557 0.000154  -0.015612
      687 0.000152   0.015412
      553 0.000151  -0.015300
      373 0.000149  -0.015077
      574 0.000148  -0.015036
      795 0.000148   0.014986
      361 0.000146   0.014833
      254 0.000145   0.014642
      217 0.000144  -0.014596
      742 0.000144  -0.014537
      605 0.000143  -0.014442
      295 0.000142  -0.014374
      824 0.000140   0.014214
      392 0.000139   0.014070
      257 0.000139  -0.014040
      380 0.000137   0.013924
      312 0.000134  -0.013613
      255 0.000133  -0.013467
      591 0.000130   0.013135
      790 0.000129   0.013055
      808 0.000129   0.013027
       70 0.000128   0.012954
      354 0.000126   0.012745
      353 0.000126  -0.012718
      566 0.000125   0.012692
      398 0.000125  -0.012682
      277 0.000124   0.012570
      423 0.000122  -0.012377
      778 0.000122  -0.012347
      431 0.000122  -0.012334
      736 0.000120  -0.012185
      596 0.000119  -0.012094
      859 0.000119   0.012022
      908 0.000117  -0.011857
      697 0.000115   0.011668
      829 0.000115   0.011638
      337 0.000115  -0.011636
      690 0.000115   0.011617
      241 0.000114   0.011547
      847 0.000113   0.011461
      279 0.000112  -0.011357
      645 0.000109   0.011079
      974 0.000108   0.010972
      638 0.000108  -0.010958
      223 0.000108   0.010953
      332 0.000107  -0.010819
      799 0.000106  -0.010776
      262 0.000105  -0.010617
      436 0.000105   0.010595
      616 0.000103  -0.010442
      294 0.000103  -0.010398
      298 0.000103  -0.010396
      600 0.000102  -0.010370
      581 0.000101  -0.010266
      234 0.000101   0.010248
      629 0.000101  -0.010194
      840 0.000101  -0.010181
      266 0.000097  -0.009872
       88 0.000096  -0.009757
      261 0.000096  -0.009742
      882 0.000096   0.009723
      561 0.000093   0.009456
      308 0.000093  -0.009383
      611 0.000093  -0.009381
      684 0.000092  -0.009303
      281 0.000091   0.009200
      222 0.000091  -0.009197
      844 0.000090  -0.009108
      290 0.000090   0.009100
      292 0.000089  -0.009048
      744 0.000089  -0.008981
      770 0.000088   0.008907
      569 0.000088   0.008885
      763 0.000086   0.008698
      364 0.000085   0.008645
      734 0.000084  -0.008473
      236 0.000083   0.008396
      728 0.000082  -0.008349
      584 0.000081  -0.008231
      249 0.000081  -0.008194
      572 0.000081  -0.008182
     1095 0.000081  -0.008159
      775 0.000079   0.008017
      782 0.000079  -0.008006
       93 0.000078  -0.007946
      343 0.000078  -0.007855
      937 0.000077  -0.007794
      107 0.000076  -0.007685
      654 0.000075   0.007627
      614 0.000075   0.007605
      302 0.000075  -0.007558
      394 0.000075   0.007558
      594 0.000075  -0.007555
      161 0.000074   0.007484
      843 0.000073  -0.007433
      640 0.000073  -0.007423
      723 0.000073  -0.007412
      978 0.000073   0.007378
      355 0.000073   0.007368
      209 0.000073  -0.007366
      773 0.000073   0.007356
      588 0.000072   0.007298
      948 0.000072   0.007292
      329 0.000072  -0.007267
      386 0.000071   0.007240
      832 0.000071   0.007226
      148 0.000071   0.007151
      560 0.000069  -0.007011
     1005 0.000069   0.006969
      748 0.000068  -0.006915
      632 0.000068   0.006879
      169 0.000067  -0.006807
      104 0.000067   0.006766
      291 0.000066   0.006666
      590 0.000066  -0.006651
      955 0.000066   0.006640
      913 0.000066  -0.006637
      319 0.000065   0.006560
      722 0.000065  -0.006534
      367 0.000064   0.006493
      428 0.000064   0.006445
      864 0.000063   0.006409
      323 0.000063  -0.006333
      545 0.000062  -0.006240
      425 0.000061   0.006216
      325 0.000061  -0.006206
      268 0.000060  -0.006101
      860 0.000060  -0.006077
      226 0.000060  -0.006069
      701 0.000060  -0.006066
      414 0.000060   0.006051
      831 0.000059   0.006013
      826 0.000059  -0.006005
      201 0.000059  -0.005987
      922 0.000059  -0.005956
      359 0.000059  -0.005947
      539 0.000058   0.005910
      879 0.000058  -0.005880
      225 0.000057  -0.005814
      765 0.000057   0.005776
      792 0.000056   0.005702
      943 0.000056   0.005635
      798 0.000055   0.005598
      289 0.000055   0.005567
      740 0.000055  -0.005561
      895 0.000055   0.005561
      251 0.000055  -0.005541
      552 0.000053  -0.005410
      589 0.000053  -0.005368
      801 0.000053  -0.005367
      313 0.000052  -0.005275
      360 0.000051  -0.005126
      528 0.000051   0.005121
      357 0.000051   0.005119
      776 0.000050  -0.005097
      694 0.000050   0.005044
      821 0.000050  -0.005018
      891 0.000049  -0.005006
      374 0.000049   0.004981
      597 0.000049  -0.004950
      283 0.000048   0.004882
      769 0.000048   0.004866
      627 0.000048   0.004828
      321 0.000047  -0.004769
      803 0.000047   0.004711
      315 0.000046   0.004674
      240 0.000044   0.004506
      535 0.000044   0.004488
      870 0.000044  -0.004482
      823 0.000044   0.004427
      193 0.000043  -0.004357
      390 0.000042   0.004235
      350 0.000041  -0.004156
      286 0.000041   0.004150
      880 0.000041   0.004148
      789 0.000040   0.004096
      322 0.000040  -0.004016
      894 0.000039  -0.003991
      881 0.000039  -0.003943
      542 0.000039   0.003901
      802 0.000038   0.003830
      278 0.000038   0.003817
      863 0.000037  -0.003742
      237 0.000037  -0.003732
      874 0.000037  -0.003722
      884 0.000036  -0.003694
      540 0.000036  -0.003692
      904 0.000036   0.003627
       91 0.000035  -0.003588
      491 0.000035   0.003570
      518 0.000035   0.003547
      928 0.000035  -0.003538
      987 0.000034   0.003466
      244 0.000034  -0.003455
      650 0.000034  -0.003453
      942 0.000033   0.003382
      342 0.000033   0.003363
      532 0.000033   0.003303
      409 0.000033  -0.003301
      649 0.000032  -0.003275
      448 0.000032   0.003264
      407 0.000032  -0.003218
      933 0.000032   0.003202
      310 0.000032  -0.003199
      488 0.000031   0.003187
     1001 0.000031  -0.003138
      759 0.000031  -0.003104
      842 0.000030  -0.003040
      950 0.000030  -0.003040
      445 0.000030  -0.003033
      410 0.000030  -0.003032
      260 0.000029  -0.002978
      259 0.000029   0.002957
      568 0.000029  -0.002949
      475 0.000029  -0.002898
     1032 0.000028   0.002848
      636 0.000028  -0.002836
      198 0.000028  -0.002831
      297 0.000028  -0.002818
      524 0.000027  -0.002767
      530 0.000027   0.002726
      264 0.000027   0.002685
      935 0.000026  -0.002640
      867 0.000026   0.002627
     1025 0.000026   0.002612
      397 0.000025  -0.002572
      643 0.000025  -0.002569
      424 0.000025  -0.002553
      346 0.000025   0.002513
      288 0.000025   0.002511
      221 0.000025   0.002492
      285 0.000024   0.002430
      293 0.000024  -0.002430
     1034 0.000024  -0.002423
      993 0.000024   0.002396
      677 0.000023   0.002378
      965 0.000023  -0.002290
      858 0.000023  -0.002287
      526 0.000022   0.002249
      216 0.000022  -0.002226
      200 0.000022  -0.002220
      852 0.000022   0.002204
      195 0.000022  -0.002179
     1017 0.000021   0.002156
      138 0.000021  -0.002153
      287 0.000021  -0.002146
      197 0.000021   0.002134
      830 0.000021   0.002123
      805 0.000021  -0.002123
      856 0.000021   0.002118
      755 0.000020  -0.002064
     1073 0.000020  -0.002051
      248 0.000020  -0.002044
      131 0.000020   0.002040
      479 0.000020   0.002035
      938 0.000020   0.002034
      957 0.000020   0.002027
      971 0.000020  -0.002025
      794 0.000020   0.002003
      432 0.000020   0.001991
      900 0.000019  -0.001974
      229 0.000019   0.001971
      714 0.000019  -0.001928
      296 0.000019   0.001914
      265 0.000019  -0.001909
      514 0.000019   0.001900
      519 0.000019   0.001898
      455 0.000019  -0.001895
      382 0.000019   0.001894
      502 0.000019   0.001887
      917 0.000019   0.001883
      921 0.000018  -0.001870
      242 0.000018   0.001862
      333 0.000018  -0.001834
      437 0.000018   0.001819
      988 0.000018  -0.001817
      811 0.000018   0.001805
      215 0.000018  -0.001804
      536 0.000018  -0.001802
      463 0.000018  -0.001800
      608 0.000018  -0.001797
      685 0.000018  -0.001794
     1010 0.000018   0.001786
      964 0.000018   0.001784
      320 0.000017  -0.001766
      927 0.000017  -0.001744
      609 0.000017  -0.001715
      512 0.000017  -0.001703
      196 0.000017  -0.001700
      907 0.000016   0.001659
      489 0.000016   0.001649
      809 0.000016   0.001649
      347 0.000016  -0.001644
      949 0.000016   0.001626
      603 0.000016  -0.001614
      250 0.000016   0.001612
     1052 0.000016   0.001577
      282 0.000016   0.001575
      841 0.000016   0.001572
      328 0.000015  -0.001542
      732 0.000015   0.001540
      835 0.000015  -0.001537
      804 0.000015  -0.001536
      276 0.000015  -0.001536
      934 0.000015  -0.001528
      702 0.000015  -0.001524
      458 0.000015   0.001520
      413 0.000015  -0.001511
      349 0.000015   0.001491
      810 0.000014   0.001468
       98 0.000014  -0.001446
      680 0.000014   0.001445
      505 0.000014   0.001439
      833 0.000014  -0.001438
      814 0.000014   0.001437
      192 0.000014   0.001423
      653 0.000014  -0.001420
      358 0.000014   0.001420
      450 0.000014  -0.001398
      705 0.000014  -0.001384
      224 0.000013  -0.001365
     1096 0.000013   0.001349
      977 0.000013   0.001336
      330 0.000013  -0.001305
      983 0.000013   0.001289
      727 0.000013  -0.001285
      188 0.000013  -0.001280
      307 0.000012  -0.001245
      613 0.000012  -0.001241
      619 0.000012   0.001240
      368 0.000012  -0.001239
       45 0.000012  -0.001229
      681 0.000012  -0.001220
      538 0.000012   0.001191
      351 0.000012  -0.001169
      214 0.000012   0.001167
      746 0.000011  -0.001164
      213 0.000011   0.001164
       43 0.000011   0.001163
      483 0.000011  -0.001143
      647 0.000011   0.001142
      426 0.000011   0.001133
      916 0.000011  -0.001113
      656 0.000011  -0.001098
      270 0.000011   0.001082
     1009 0.000011  -0.001075
      345 0.000011   0.001075
      233 0.000011   0.001070
      478 0.000011   0.001069
      462 0.000011   0.001066
      487 0.000010  -0.001056
      779 0.000010  -0.001054
      883 0.000010   0.001050
      737 0.000010   0.001048
      634 0.000010  -0.001036
      816 0.000010   0.001026
       86 0.000010  -0.001019
euclid. distance of OLC and linear combination of EV * x_coef: 0.009447457391948771

Generate samples based on objective loadcase 930
nr_to_generate: 25

Parameter variation distribution settings
distribution: uniform
low: 0.7
high: 1.3

Total process runtime: 0:00:01.493221
