Date and Time:2023-05-12 14:19:58.137242

Initial Settings:
similarity_model: <function cosine_similarity at 0x000001D005A6E5E0>
similarity_threshold: 1e-05
nr_eigv_to_select: None
distribution: uniform
deviation: 0.3
nr_to_generate: 25
recompute: False

Selected eigenvectors and similarity score w.r.t objective loadcase:
objective_loadcase_nr: 640
similarity_model: cosine_similarity
similarity_threshold: 1e-05
nr_eigv_to_select: None
nr_eigv_selected: 688
approximation parameter model: lstsq
similarity score and approx. param. value
:  eigv_idx    score      value
        3 0.577973  45.410773
        1 0.526205  41.343404
        2 0.503206 -39.536375
        0 0.366146  28.767730
        6 0.030292   2.379986
       39 0.025456   2.000040
        4 0.012044   0.946250
      639 0.003063   0.240679
      218 0.002329  -0.182984
      186 0.002142  -0.168281
      593 0.001865  -0.146538
      612 0.001820  -0.143014
      586 0.001772   0.139220
      710 0.001739  -0.136612
      187 0.001420  -0.111572
      716 0.001318   0.103524
      595 0.001161   0.091209
      618 0.001101   0.086489
      668 0.001083   0.085110
       68 0.001038  -0.081515
      663 0.000995  -0.078152
      686 0.000989  -0.077725
      194 0.000953   0.074895
      626 0.000930   0.073032
      749 0.000894  -0.070244
      688 0.000840  -0.065968
      388 0.000825  -0.064782
      659 0.000799  -0.062784
      183 0.000742   0.058286
      617 0.000728   0.057160
      599 0.000682   0.053612
      143 0.000681   0.053471
      562 0.000659  -0.051775
      704 0.000635  -0.049907
      635 0.000624   0.049048
      670 0.000617   0.048485
      621 0.000615  -0.048284
      582 0.000614  -0.048265
      578 0.000613   0.048171
      253 0.000598  -0.047009
      579 0.000542   0.042549
      341 0.000541   0.042536
      602 0.000539  -0.042335
      708 0.000539   0.042331
      718 0.000532  -0.041815
      733 0.000529   0.041581
      577 0.000527  -0.041418
      735 0.000524  -0.041202
      567 0.000518  -0.040678
       69 0.000507   0.039833
      606 0.000505  -0.039711
      666 0.000497  -0.039085
       71 0.000473   0.037163
      698 0.000452  -0.035529
      709 0.000445  -0.034988
      174 0.000439   0.034463
      258 0.000438  -0.034443
      220 0.000438  -0.034421
      153 0.000432   0.033915
      620 0.000418  -0.032858
      227 0.000413   0.032452
      230 0.000407  -0.032011
      696 0.000407  -0.031988
      210 0.000398  -0.031241
      267 0.000395  -0.031038
      700 0.000388   0.030477
      575 0.000375   0.029471
      641 0.000365  -0.028696
      753 0.000338  -0.026526
      848 0.000338  -0.026525
      583 0.000337  -0.026483
      204 0.000332   0.026080
      707 0.000328  -0.025731
      601 0.000326   0.025629
      683 0.000326   0.025601
      412 0.000321  -0.025256
      756 0.000320  -0.025117
      269 0.000317  -0.024928
      699 0.000317  -0.024870
      273 0.000314  -0.024708
      853 0.000300  -0.023590
      419 0.000293  -0.023013
      757 0.000289  -0.022697
      362 0.000286  -0.022503
      807 0.000281   0.022102
      383 0.000278   0.021880
      206 0.000273   0.021436
      793 0.000272  -0.021360
      741 0.000265   0.020809
      403 0.000264   0.020707
      239 0.000263   0.020638
      726 0.000262  -0.020611
      587 0.000262   0.020583
      263 0.000251  -0.019714
      199 0.000246  -0.019294
      570 0.000241  -0.018912
      750 0.000231   0.018161
      631 0.000230  -0.018056
      235 0.000229  -0.017977
      223 0.000227   0.017860
      739 0.000223  -0.017519
      243 0.000214   0.016828
      763 0.000212   0.016685
      787 0.000211   0.016551
      549 0.000209  -0.016398
      369 0.000208   0.016360
      299 0.000207   0.016292
      818 0.000203  -0.015946
      857 0.000199  -0.015615
      312 0.000191  -0.015011
      377 0.000190  -0.014962
      665 0.000190  -0.014951
      824 0.000188   0.014756
      356 0.000185  -0.014498
      759 0.000183  -0.014364
      427 0.000182  -0.014311
      247 0.000182   0.014274
       70 0.000181   0.014216
      301 0.000181  -0.014215
      400 0.000181  -0.014207
      175 0.000178  -0.013972
      580 0.000176  -0.013866
      576 0.000175  -0.013781
      564 0.000173  -0.013570
      392 0.000171   0.013458
      591 0.000170   0.013320
      279 0.000168  -0.013235
      184 0.000168  -0.013181
      251 0.000168  -0.013167
      628 0.000164   0.012847
      743 0.000163  -0.012805
      859 0.000159   0.012523
      295 0.000159  -0.012496
      829 0.000159   0.012473
      711 0.000158   0.012384
      290 0.000158   0.012378
      337 0.000157  -0.012323
      800 0.000156  -0.012274
      795 0.000155   0.012150
      275 0.000154  -0.012094
      658 0.000154   0.012065
      687 0.000152   0.011903
      373 0.000150  -0.011771
      257 0.000148  -0.011646
      605 0.000146  -0.011475
      629 0.000144  -0.011315
      770 0.000143   0.011200
      380 0.000142   0.011144
      828 0.000141  -0.011064
      855 0.000141  -0.011059
      784 0.000141  -0.011051
      553 0.000140  -0.011015
      361 0.000140   0.011009
      574 0.000139  -0.010901
      742 0.000138  -0.010882
      201 0.000138  -0.010880
      604 0.000138  -0.010845
      268 0.000135  -0.010606
      941 0.000133  -0.010481
      241 0.000132   0.010379
      585 0.000132  -0.010356
      667 0.000131   0.010314
      790 0.000131   0.010254
      398 0.000130  -0.010252
      778 0.000128  -0.010020
      773 0.000125   0.009819
      298 0.000124  -0.009773
      775 0.000123   0.009656
      697 0.000122   0.009618
      198 0.000122  -0.009561
      132 0.000121   0.009514
      820 0.000116  -0.009134
      431 0.000116  -0.009110
      249 0.000116   0.009100
      137 0.000115  -0.009059
      600 0.000115  -0.009011
      353 0.000115  -0.009008
      423 0.000114  -0.008982
      561 0.000114   0.008953
      354 0.000112   0.008805
      728 0.000111  -0.008719
      608 0.000111  -0.008707
      255 0.000110  -0.008636
      332 0.000110  -0.008632
      581 0.000108  -0.008519
       66 0.000107  -0.008445
      217 0.000107  -0.008445
      364 0.000107   0.008372
      864 0.000105   0.008239
      815 0.000104  -0.008183
      262 0.000104  -0.008161
      572 0.000103  -0.008085
      614 0.000102   0.007999
      594 0.000101  -0.007968
      801 0.000098  -0.007726
      138 0.000098  -0.007666
      808 0.000097   0.007631
      292 0.000097  -0.007626
      943 0.000096   0.007580
      436 0.000096   0.007526
      112 0.000095   0.007434
      908 0.000094  -0.007354
       93 0.000093  -0.007341
      283 0.000093   0.007312
      782 0.000093  -0.007298
      616 0.000092  -0.007258
      123 0.000091  -0.007134
      638 0.000091  -0.007124
      103 0.000090   0.007107
      769 0.000090   0.007102
      406 0.000090   0.007059
      557 0.000090  -0.007033
      847 0.000088   0.006931
      136 0.000088  -0.006927
      569 0.000088   0.006912
      319 0.000088   0.006901
      277 0.000088   0.006894
      722 0.000088  -0.006885
      261 0.000087  -0.006864
      744 0.000087  -0.006858
      748 0.000087  -0.006829
      107 0.000087  -0.006821
       95 0.000087  -0.006819
      690 0.000086   0.006733
      128 0.000086  -0.006732
      884 0.000085  -0.006694
      308 0.000085  -0.006647
      627 0.000084   0.006610
       88 0.000084  -0.006610
      291 0.000084   0.006578
      974 0.000084   0.006575
      343 0.000083  -0.006550
      259 0.000083  -0.006526
      799 0.000083  -0.006495
      573 0.000082   0.006468
      948 0.000082   0.006433
      611 0.000082  -0.006413
      321 0.000082  -0.006407
      234 0.000081   0.006400
      281 0.000081   0.006366
      792 0.000080   0.006318
      840 0.000080  -0.006262
      843 0.000079  -0.006226
      762 0.000079  -0.006195
      225 0.000079  -0.006173
      736 0.000078  -0.006151
      144 0.000078   0.006126
      844 0.000077  -0.006082
      880 0.000077   0.006070
      142 0.000077   0.006042
      937 0.000077  -0.006023
      568 0.000076  -0.005991
      226 0.000076  -0.005948
       60 0.000075   0.005920
      852 0.000075   0.005883
      402 0.000074   0.005843
      734 0.000074  -0.005833
      632 0.000074   0.005833
      271 0.000074   0.005798
      650 0.000074  -0.005791
      278 0.000073   0.005735
       59 0.000073   0.005729
      826 0.000073  -0.005723
      694 0.000072   0.005645
      130 0.000072  -0.005636
      359 0.000071  -0.005581
      566 0.000070   0.005523
      860 0.000069  -0.005454
       94 0.000069  -0.005447
      286 0.000069   0.005413
      146 0.000069   0.005412
      870 0.000069  -0.005383
      978 0.000068   0.005377
      105 0.000067   0.005294
      302 0.000067  -0.005271
      649 0.000066  -0.005219
       58 0.000066   0.005148
      823 0.000065   0.005145
      589 0.000065  -0.005077
      425 0.000065   0.005071
      598 0.000064   0.005026
       64 0.000064  -0.005014
      254 0.000064  -0.005001
       86 0.000064   0.005000
      289 0.000063   0.004978
      329 0.000063  -0.004967
      315 0.000063   0.004939
      147 0.000063   0.004926
      684 0.000062  -0.004861
      272 0.000062  -0.004846
      849 0.000062  -0.004843
     1095 0.000061  -0.004811
      320 0.000061  -0.004808
       78 0.000061  -0.004799
      171 0.000061  -0.004792
      545 0.000061  -0.004788
      325 0.000061  -0.004775
      413 0.000061  -0.004773
      151 0.000060  -0.004746
      765 0.000060   0.004702
      232 0.000060  -0.004687
      646 0.000059   0.004661
      654 0.000059   0.004642
      266 0.000059  -0.004636
     1005 0.000059   0.004629
      152 0.000059  -0.004611
      560 0.000058  -0.004564
      322 0.000058  -0.004553
       77 0.000058  -0.004547
      584 0.000058  -0.004540
      428 0.000058   0.004528
      294 0.000057  -0.004516
      596 0.000057  -0.004499
      114 0.000057  -0.004459
      131 0.000056   0.004432
      841 0.000056   0.004402
      252 0.000056   0.004378
      139 0.000056  -0.004364
       52 0.000055   0.004334
      590 0.000055  -0.004299
      913 0.000055  -0.004296
      609 0.000055  -0.004292
      182 0.000055  -0.004291
      386 0.000055   0.004288
      882 0.000054   0.004233
      264 0.000054  -0.004230
      539 0.000054   0.004216
      414 0.000053   0.004178
      625 0.000053   0.004137
      120 0.000053   0.004128
      357 0.000052   0.004094
      874 0.000052  -0.004072
      935 0.000052  -0.004066
      645 0.000052   0.004049
      179 0.000052   0.004048
      895 0.000051   0.004005
      193 0.000051   0.003996
      894 0.000051  -0.003974
      240 0.000050   0.003948
      244 0.000050  -0.003906
      161 0.000050   0.003905
      129 0.000049   0.003872
      274 0.000049   0.003868
       12 0.000049  -0.003862
      335 0.000049   0.003857
      250 0.000048  -0.003807
      260 0.000048   0.003788
       73 0.000048  -0.003786
       99 0.000048  -0.003779
      528 0.000048   0.003761
      367 0.000048   0.003751
      270 0.000047   0.003719
       50 0.000047  -0.003701
      957 0.000047   0.003700
      655 0.000047   0.003678
       11 0.000047   0.003674
      285 0.000046   0.003647
      833 0.000046  -0.003643
       79 0.000046   0.003627
      237 0.000046  -0.003624
      118 0.000046   0.003584
      831 0.000044   0.003489
      623 0.000044   0.003453
       45 0.000044  -0.003442
       51 0.000043   0.003397
      922 0.000043  -0.003372
      804 0.000043  -0.003370
      535 0.000043   0.003369
      407 0.000043  -0.003344
      755 0.000042  -0.003312
       76 0.000042  -0.003303
      256 0.000042  -0.003288
       91 0.000042  -0.003283
      355 0.000042   0.003274
      395 0.000042   0.003267
       81 0.000041   0.003237
      780 0.000041   0.003218
      342 0.000041   0.003206
      214 0.000041  -0.003195
       87 0.000041   0.003184
      656 0.000041  -0.003183
      830 0.000040   0.003173
       75 0.000040   0.003162
      942 0.000040   0.003154
      955 0.000040   0.003146
      181 0.000040  -0.003120
      832 0.000040   0.003109
      803 0.000040   0.003108
      228 0.000040  -0.003108
      592 0.000039   0.003083
      776 0.000039  -0.003072
      779 0.000039  -0.003051
       92 0.000038   0.003019
      642 0.000038  -0.003012
      344 0.000038   0.003010
      723 0.000038  -0.003005
      640 0.000038  -0.002979
      104 0.000038   0.002974
       83 0.000038  -0.002972
      842 0.000037  -0.002923
      988 0.000037  -0.002912
       98 0.000037  -0.002899
      964 0.000037   0.002889
      904 0.000037   0.002878
      216 0.000037   0.002875
       53 0.000036  -0.002862
      288 0.000036   0.002861
      394 0.000036   0.002840
      293 0.000036  -0.002808
      643 0.000036   0.002796
      971 0.000035  -0.002788
       29 0.000035   0.002783
       38 0.000035  -0.002777
      374 0.000035   0.002768
      950 0.000035  -0.002761
      346 0.000035   0.002757
      839 0.000035  -0.002739
      821 0.000035  -0.002738
       74 0.000035   0.002730
      691 0.000035  -0.002723
     1096 0.000034   0.002699
      837 0.000034   0.002679
      881 0.000034  -0.002672
      287 0.000034  -0.002645
      518 0.000033   0.002625
       56 0.000033  -0.002623
      921 0.000033  -0.002610
      702 0.000033  -0.002609
      396 0.000033  -0.002596
      636 0.000033  -0.002588
      110 0.000033  -0.002583
      333 0.000033   0.002582
      409 0.000033  -0.002576
      875 0.000033   0.002571
      336 0.000033  -0.002568
      938 0.000032   0.002553
      134 0.000032   0.002539
      106 0.000032  -0.002536
      385 0.000032   0.002520
      145 0.000032  -0.002516
      323 0.000032  -0.002501
      491 0.000032   0.002497
      100 0.000032   0.002482
      540 0.000032  -0.002480
      310 0.000032  -0.002477
      671 0.000031  -0.002449
       36 0.000031   0.002442
      809 0.000031   0.002439
      705 0.000031  -0.002438
      125 0.000031   0.002432
      552 0.000030  -0.002363
      445 0.000030  -0.002363
     1073 0.000030  -0.002354
      448 0.000030   0.002342
      150 0.000030   0.002334
      802 0.000030   0.002330
      390 0.000030   0.002328
      693 0.000030  -0.002326
      835 0.000030  -0.002324
      156 0.000029  -0.002310
      375 0.000029  -0.002304
      159 0.000029   0.002300
      746 0.000029  -0.002294
      571 0.000029  -0.002291
      637 0.000029   0.002287
      879 0.000029  -0.002278
       31 0.000029  -0.002275
      675 0.000029   0.002253
      532 0.000029   0.002249
      983 0.000028   0.002234
       44 0.000028   0.002220
      352 0.000028   0.002204
      141 0.000028  -0.002194
      542 0.000028   0.002193
      977 0.000028   0.002190
      387 0.000028  -0.002174
      488 0.000027   0.002160
      384 0.000027   0.002143
      902 0.000027   0.002131
      213 0.000027  -0.002127
      424 0.000027  -0.002121
      644 0.000027  -0.002118
      360 0.000027  -0.002100
      296 0.000027   0.002094
      899 0.000027   0.002093
      933 0.000026   0.002077
      729 0.000026   0.002074
      876 0.000026   0.002073
      376 0.000026  -0.002069
      556 0.000026  -0.002050
      410 0.000026  -0.002040
       43 0.000026   0.002028
      794 0.000026   0.002020
      111 0.000025  -0.001999
      676 0.000025  -0.001982
        5 0.000025  -0.001975
       85 0.000025   0.001953
       55 0.000025  -0.001950
      927 0.000025  -0.001944
     1034 0.000025  -0.001941
      155 0.000024  -0.001921
      524 0.000024  -0.001915
       57 0.000024   0.001900
      747 0.000024  -0.001882
      113 0.000024  -0.001880
      309 0.000024   0.001876
      664 0.000024  -0.001867
       19 0.000024  -0.001866
      170 0.000024   0.001858
      928 0.000024  -0.001857
      339 0.000024   0.001847
      475 0.000023  -0.001844
      169 0.000023  -0.001840
      720 0.000023   0.001817
      215 0.000023   0.001811
      530 0.000023   0.001800
      108 0.000023   0.001796
      102 0.000023  -0.001794
      717 0.000023   0.001786
      185 0.000023   0.001781
     1032 0.000023   0.001776
       22 0.000022   0.001749
       90 0.000022  -0.001745
      987 0.000022   0.001743
      348 0.000022  -0.001739
       21 0.000022  -0.001722
      168 0.000022  -0.001719
      934 0.000022  -0.001715
     1009 0.000022  -0.001708
      669 0.000022  -0.001703
      366 0.000022   0.001696
      195 0.000021   0.001688
      115 0.000021  -0.001665
     1010 0.000021   0.001658
      526 0.000021   0.001656
      248 0.000021  -0.001654
      345 0.000021  -0.001625
      163 0.000021  -0.001619
      222 0.000020   0.001600
      284 0.000020   0.001580
      959 0.000020  -0.001566
     1001 0.000020  -0.001564
      811 0.000020   0.001564
      558 0.000020   0.001556
       54 0.000020  -0.001545
      916 0.000020  -0.001533
       61 0.000019  -0.001526
      766 0.000019  -0.001522
      677 0.000019   0.001501
      554 0.000019   0.001478
      738 0.000019   0.001462
      397 0.000019  -0.001461
      297 0.000019  -0.001456
      856 0.000018   0.001452
      192 0.000018  -0.001447
      358 0.000018  -0.001431
      379 0.000018  -0.001426
      502 0.000018   0.001418
      868 0.000018   0.001412
      714 0.000018  -0.001394
      365 0.000017  -0.001359
      437 0.000017   0.001355
       67 0.000017  -0.001355
      514 0.000017   0.001348
      603 0.000017   0.001343
     1016 0.000017  -0.001321
      597 0.000017  -0.001317
       63 0.000017  -0.001316
      154 0.000017  -0.001297
     1003 0.000016  -0.001295
      135 0.000016  -0.001295
      519 0.000016   0.001292
      338 0.000016   0.001292
       27 0.000016  -0.001291
      536 0.000016  -0.001285
     1025 0.000016   0.001277
      479 0.000016   0.001277
      401 0.000016   0.001275
      242 0.000016  -0.001274
      610 0.000016   0.001255
      703 0.000016   0.001252
      432 0.000016   0.001252
      368 0.000016   0.001250
      455 0.000016  -0.001249
      936 0.000016  -0.001241
       84 0.000016   0.001233
      505 0.000016   0.001223
      796 0.000016   0.001222
      463 0.000015  -0.001206
      382 0.000015   0.001201
       97 0.000015   0.001201
      588 0.000015  -0.001197
      238 0.000015   0.001191
      565 0.000015   0.001180
      662 0.000015  -0.001180
      316 0.000015  -0.001178
      898 0.000015   0.001175
      489 0.000015   0.001160
      203 0.000015   0.001154
      426 0.000015   0.001145
      317 0.000015  -0.001145
      314 0.000014  -0.001138
      949 0.000014   0.001138
      224 0.000014   0.001134
      648 0.000014   0.001123
     1020 0.000014  -0.001119
      458 0.000014   0.001116
      328 0.000014  -0.001113
      196 0.000014   0.001110
      191 0.000014   0.001109
      512 0.000014  -0.001107
      245 0.000014  -0.001105
      791 0.000014  -0.001105
     1017 0.000014   0.001095
      548 0.000014   0.001092
      231 0.000014  -0.001084
      173 0.000014   0.001080
      404 0.000014   0.001073
      751 0.000014   0.001070
      233 0.000014  -0.001068
      713 0.000013  -0.001049
      559 0.000013   0.001048
      434 0.000013  -0.001044
     1040 0.000013  -0.001035
      984 0.000013  -0.001034
      701 0.000013  -0.001033
      378 0.000013   0.001030
      907 0.000013   0.001027
      547 0.000013   0.001026
      449 0.000013  -0.001024
      122 0.000013  -0.001022
      681 0.000013  -0.001009
      334 0.000013   0.001005
      903 0.000013   0.001004
      318 0.000013  -0.001003
      550 0.000013   0.001002
      478 0.000013   0.001001
      140 0.000013  -0.000997
       25 0.000013  -0.000994
      706 0.000013  -0.000992
      101 0.000013   0.000988
      951 0.000012  -0.000981
     1069 0.000012   0.000973
       46 0.000012  -0.000970
      450 0.000012  -0.000969
      732 0.000012   0.000959
      858 0.000012  -0.000953
      901 0.000012  -0.000946
     1087 0.000012   0.000945
     1103 0.000012  -0.000935
      124 0.000012   0.000928
      166 0.000012   0.000924
       10 0.000012  -0.000921
      973 0.000012   0.000917
     1104 0.000011   0.000900
      246 0.000011   0.000896
      350 0.000011  -0.000889
     1052 0.000011   0.000886
      551 0.000011   0.000882
      119 0.000011   0.000875
      324 0.000011  -0.000866
      995 0.000011  -0.000864
       20 0.000011  -0.000860
       42 0.000011  -0.000856
        7 0.000011   0.000851
      229 0.000011   0.000832
      819 0.000011  -0.000830
      731 0.000011   0.000830
      117 0.000011   0.000829
       17 0.000011   0.000826
      133 0.000011   0.000825
       82 0.000010  -0.000820
      418 0.000010  -0.000819
       18 0.000010  -0.000818
      189 0.000010  -0.000817
      817 0.000010  -0.000814
      534 0.000010  -0.000814
        8 0.000010  -0.000813
      149 0.000010  -0.000812
     1035 0.000010  -0.000808
      917 0.000010   0.000805
     1070 0.000010  -0.000805
      172 0.000010  -0.000803
      462 0.000010   0.000800
      854 0.000010  -0.000797
      891 0.000010  -0.000796
       47 0.000010  -0.000790
      993 0.000010   0.000788
euclid. distance of OLC and linear combination of EV * x_coef: 0.007520742957724064

Generate samples based on objective loadcase 640
nr_to_generate: 25

Parameter variation distribution settings
distribution: uniform
low: 0.7
high: 1.3

Total process runtime: 0:00:01.402452
