Date and Time:2023-05-12 14:10:34.322602

Initial Settings:
similarity_model: <function cosine_similarity at 0x000001D005A6E5E0>
similarity_threshold: 1e-05
nr_eigv_to_select: None
distribution: uniform
deviation: 0.3
nr_to_generate: 25
recompute: False

Selected eigenvectors and similarity score w.r.t objective loadcase:
objective_loadcase_nr: 215
similarity_model: cosine_similarity
similarity_threshold: 1e-05
nr_eigv_to_select: None
nr_eigv_selected: 490
approximation parameter model: lstsq
similarity score and approx. param. value
:  eigv_idx    score      value
        3 0.565134  54.863939
        1 0.532390  51.685082
        2 0.505406 -49.065492
        0 0.373317  36.242121
        6 0.039711   3.855193
       39 0.024476   2.376154
        4 0.011642   1.130247
      639 0.003483   0.338097
      218 0.002182  -0.211808
      186 0.002172  -0.210893
      593 0.002081  -0.201978
      612 0.001991  -0.193262
      586 0.001927   0.187057
      710 0.001625  -0.157796
      716 0.001438   0.139641
      187 0.001429  -0.138706
      595 0.001246   0.120986
      663 0.001207  -0.117199
      618 0.001197   0.116197
      668 0.001167   0.113336
      626 0.001025   0.099521
       68 0.000993  -0.096362
      194 0.000978   0.094936
      686 0.000969  -0.094116
      388 0.000909  -0.088208
      659 0.000872  -0.084675
      143 0.000828   0.080409
      617 0.000822   0.079787
      688 0.000819  -0.079491
      599 0.000780   0.075753
      562 0.000734  -0.071263
      749 0.000724  -0.070284
      582 0.000722  -0.070070
      670 0.000719   0.069756
      635 0.000713   0.069205
      621 0.000705  -0.068411
      183 0.000700   0.067930
      578 0.000663   0.064380
      704 0.000643  -0.062389
      733 0.000602   0.058436
      341 0.000590   0.057244
      718 0.000576  -0.055876
      579 0.000567   0.055056
       69 0.000560   0.054397
      698 0.000557  -0.054036
      567 0.000535  -0.051893
      606 0.000531  -0.051590
      602 0.000530  -0.051429
      577 0.000526  -0.051060
      253 0.000521  -0.050600
       71 0.000521   0.050596
      708 0.000506   0.049147
      700 0.000503   0.048860
      666 0.000500  -0.048509
      153 0.000467   0.045339
      683 0.000463   0.044922
      182 0.000456  -0.044260
      735 0.000450  -0.043711
      174 0.000447   0.043398
      267 0.000444  -0.043095
      220 0.000427  -0.041490
      620 0.000425  -0.041248
      575 0.000416   0.040389
      696 0.000416  -0.040354
      709 0.000416  -0.040340
      641 0.000400  -0.038839
      184 0.000393  -0.038165
      699 0.000386  -0.037448
      258 0.000379  -0.036789
      210 0.000378  -0.036736
      707 0.000376  -0.036517
      601 0.000368   0.035744
      583 0.000362  -0.035099
      848 0.000356  -0.034565
      753 0.000345  -0.033461
      412 0.000337  -0.032762
      807 0.000328   0.031803
      419 0.000319  -0.030954
      230 0.000312  -0.030333
      756 0.000307  -0.029780
      362 0.000300  -0.029158
      204 0.000298   0.028928
      403 0.000297   0.028846
      383 0.000293   0.028451
      631 0.000290  -0.028118
      587 0.000288   0.027972
      273 0.000285  -0.027695
      227 0.000276   0.026756
      793 0.000274  -0.026572
      570 0.000267  -0.025892
      757 0.000265  -0.025767
      243 0.000254   0.024660
      269 0.000252  -0.024429
      853 0.000249  -0.024148
      199 0.000237  -0.022986
      235 0.000232  -0.022539
      228 0.000228  -0.022118
      741 0.000220   0.021400
      377 0.000219  -0.021292
      299 0.000219   0.021257
      137 0.000217  -0.021026
      739 0.000215  -0.020903
      604 0.000214  -0.020820
      239 0.000208   0.020190
      726 0.000206  -0.019971
      576 0.000204  -0.019853
      580 0.000203  -0.019689
      564 0.000200  -0.019425
      179 0.000199   0.019286
      263 0.000199  -0.019274
      369 0.000195   0.018922
      301 0.000195  -0.018919
      400 0.000193  -0.018735
      549 0.000193  -0.018706
      427 0.000192  -0.018679
      206 0.000189   0.018362
      800 0.000188  -0.018262
      658 0.000187   0.018151
      750 0.000184   0.017849
       70 0.000182   0.017665
      665 0.000181  -0.017596
      132 0.000179   0.017351
      247 0.000178   0.017324
      175 0.000178  -0.017235
      743 0.000177  -0.017145
      171 0.000176  -0.017124
      787 0.000174   0.016872
      628 0.000172   0.016692
      361 0.000172   0.016680
      828 0.000171  -0.016576
      818 0.000171  -0.016564
      392 0.000170   0.016494
      784 0.000169  -0.016382
      312 0.000168  -0.016287
      941 0.000167  -0.016222
      356 0.000166  -0.016078
      373 0.000164  -0.015898
      574 0.000164  -0.015887
      857 0.000162  -0.015732
      855 0.000160  -0.015544
      585 0.000160  -0.015514
      795 0.000160   0.015505
      820 0.000159  -0.015431
      711 0.000159   0.015407
      223 0.000158   0.015364
      667 0.000157   0.015271
      742 0.000153  -0.014854
      591 0.000153   0.014850
      687 0.000153   0.014818
      553 0.000152  -0.014739
      815 0.000151  -0.014661
      605 0.000146  -0.014153
      275 0.000143  -0.013917
      778 0.000143  -0.013845
      380 0.000142   0.013828
      824 0.000142   0.013761
      337 0.000142  -0.013745
      763 0.000141   0.013701
      255 0.000140  -0.013600
      557 0.000139  -0.013532
      398 0.000135  -0.013069
      295 0.000134  -0.012996
      217 0.000133  -0.012936
      573 0.000132   0.012837
      616 0.000130  -0.012642
      277 0.000130   0.012595
      790 0.000127   0.012367
      257 0.000126  -0.012246
      271 0.000126   0.012245
      354 0.000126   0.012186
      808 0.000125   0.012183
      859 0.000125   0.012177
      697 0.000125   0.012090
      423 0.000124  -0.012044
      431 0.000124  -0.011995
      332 0.000123  -0.011937
      736 0.000122  -0.011855
      829 0.000119   0.011564
      290 0.000117   0.011349
      353 0.000117  -0.011320
      241 0.000116   0.011261
      908 0.000114  -0.011028
      629 0.000112  -0.010846
      638 0.000110  -0.010666
      690 0.000110   0.010638
      279 0.000109  -0.010628
      566 0.000108   0.010484
      799 0.000105  -0.010236
      974 0.000103   0.010036
      569 0.000103   0.010016
      436 0.000102   0.009903
      600 0.000102  -0.009902
      294 0.000102  -0.009901
      775 0.000102   0.009884
      759 0.000101  -0.009846
      847 0.000101   0.009825
      645 0.000101   0.009812
      234 0.000097   0.009456
      840 0.000097  -0.009451
      298 0.000097  -0.009371
      581 0.000096  -0.009358
      728 0.000095  -0.009237
      684 0.000094  -0.009086
      251 0.000093  -0.009047
      561 0.000093   0.008999
      266 0.000091  -0.008816
      611 0.000090  -0.008753
      844 0.000090  -0.008738
      770 0.000090   0.008690
      201 0.000089  -0.008648
      744 0.000088  -0.008502
      261 0.000086  -0.008385
       88 0.000086  -0.008357
      572 0.000085  -0.008286
      292 0.000085  -0.008273
      329 0.000085  -0.008230
      281 0.000084   0.008190
      882 0.000084   0.008159
      584 0.000084  -0.008117
      594 0.000083  -0.008011
      262 0.000081  -0.007912
      107 0.000081  -0.007912
      161 0.000081   0.007892
      734 0.000081  -0.007867
      782 0.000081  -0.007833
      355 0.000080   0.007799
      596 0.000080  -0.007750
      254 0.000080   0.007733
      937 0.000079  -0.007700
      614 0.000079   0.007630
       93 0.000077  -0.007475
     1095 0.000076  -0.007357
      948 0.000075   0.007320
      291 0.000074   0.007232
      268 0.000074  -0.007211
      723 0.000073  -0.007097
      978 0.000073   0.007089
      321 0.000073  -0.007040
      302 0.000072  -0.007003
      748 0.000072  -0.007002
      722 0.000072  -0.007001
      560 0.000072  -0.007000
      343 0.000072  -0.006961
      632 0.000071   0.006925
      654 0.000071   0.006854
      843 0.000070  -0.006821
      864 0.000070   0.006796
      325 0.000068  -0.006632
      773 0.000068   0.006630
      308 0.000068  -0.006601
      769 0.000068   0.006566
     1005 0.000067   0.006517
      367 0.000066   0.006448
      319 0.000066   0.006425
      792 0.000066   0.006392
      913 0.000064  -0.006219
      826 0.000064  -0.006169
      627 0.000063   0.006159
      425 0.000063   0.006147
      694 0.000063   0.006117
      860 0.000063  -0.006105
      236 0.000063   0.006082
      943 0.000063   0.006071
      289 0.000062   0.006013
      428 0.000061   0.005956
      364 0.000061   0.005939
      545 0.000061  -0.005905
      832 0.000061   0.005897
      539 0.000059   0.005762
      386 0.000059   0.005729
      148 0.000059   0.005710
      955 0.000059   0.005687
      104 0.000057   0.005562
      414 0.000057   0.005513
      765 0.000057   0.005496
      322 0.000056  -0.005479
      895 0.000056   0.005468
      922 0.000056  -0.005411
      831 0.000055   0.005377
      590 0.000055  -0.005334
      552 0.000055  -0.005295
      701 0.000053  -0.005135
      801 0.000053  -0.005100
      528 0.000052   0.005029
      650 0.000052  -0.005022
       91 0.000051  -0.004953
      870 0.000051  -0.004951
      589 0.000051  -0.004914
      823 0.000050   0.004888
      821 0.000050  -0.004823
      879 0.000050  -0.004821
      880 0.000049   0.004769
      640 0.000048  -0.004672
      374 0.000048   0.004654
      884 0.000048  -0.004637
      323 0.000048  -0.004617
      394 0.000047   0.004535
      283 0.000046   0.004464
      535 0.000046   0.004437
      315 0.000045   0.004394
      597 0.000045  -0.004391
      226 0.000045  -0.004374
      225 0.000045  -0.004364
      342 0.000044   0.004272
      198 0.000044  -0.004239
      608 0.000043  -0.004192
      169 0.000043  -0.004139
      359 0.000042  -0.004108
      285 0.000042   0.004060
      390 0.000041   0.004018
      407 0.000040  -0.003904
      874 0.000040  -0.003860
      649 0.000040  -0.003843
      803 0.000039   0.003814
      894 0.000039  -0.003810
      776 0.000039  -0.003794
      244 0.000039  -0.003783
      881 0.000039  -0.003744
      297 0.000038  -0.003712
      740 0.000037  -0.003622
      138 0.000037  -0.003617
      891 0.000037  -0.003610
      313 0.000037  -0.003559
      518 0.000036   0.003487
      542 0.000036   0.003451
      540 0.000035  -0.003443
      852 0.000035   0.003440
      491 0.000035   0.003430
      842 0.000034  -0.003348
      409 0.000034  -0.003255
      942 0.000033   0.003228
      904 0.000033   0.003215
      802 0.000033   0.003196
      532 0.000033   0.003174
      950 0.000032  -0.003146
      762 0.000032  -0.003146
      928 0.000032  -0.003138
      448 0.000032   0.003097
      357 0.000032   0.003094
      488 0.000032   0.003075
      209 0.000031  -0.003057
      933 0.000031   0.003003
      987 0.000031   0.002992
      935 0.000031  -0.002981
      789 0.000031   0.002979
      413 0.000031  -0.002963
      360 0.000030  -0.002955
      346 0.000030   0.002939
      310 0.000030  -0.002935
      445 0.000030  -0.002902
      410 0.000030  -0.002882
      286 0.000029   0.002848
      677 0.000029   0.002847
      636 0.000029  -0.002812
      397 0.000029  -0.002791
      475 0.000028  -0.002701
     1001 0.000028  -0.002685
      524 0.000027  -0.002662
      938 0.000027   0.002657
      240 0.000027   0.002644
      863 0.000027  -0.002639
      646 0.000027   0.002622
     1032 0.000027   0.002614
      222 0.000026  -0.002538
      424 0.000026  -0.002514
      804 0.000026  -0.002506
      530 0.000026   0.002503
      568 0.000026  -0.002496
      794 0.000026   0.002486
      957 0.000026   0.002485
      830 0.000025   0.002453
      131 0.000025   0.002412
     1073 0.000025  -0.002383
     1034 0.000024  -0.002378
      278 0.000024   0.002377
      237 0.000024  -0.002359
      755 0.000024  -0.002327
      780 0.000024   0.002312
      835 0.000024  -0.002310
      232 0.000023  -0.002281
      526 0.000023   0.002264
      849 0.000023  -0.002263
      798 0.000023   0.002258
      971 0.000023  -0.002246
     1025 0.000023   0.002215
      841 0.000023   0.002206
      406 0.000023   0.002198
      318 0.000023  -0.002188
      988 0.000023  -0.002188
      858 0.000022  -0.002152
      921 0.000022  -0.002096
      833 0.000021  -0.002075
      964 0.000021   0.002024
      609 0.000021  -0.002013
      856 0.000020   0.001981
      366 0.000020   0.001958
      284 0.000020   0.001956
      867 0.000020   0.001955
      598 0.000020   0.001936
      350 0.000020  -0.001921
     1017 0.000020   0.001904
      479 0.000019   0.001893
     1010 0.000019   0.001879
      249 0.000019  -0.001874
      993 0.000019   0.001868
      702 0.000019  -0.001863
      514 0.000019   0.001846
      502 0.000019   0.001807
      519 0.000018   0.001785
      714 0.000018  -0.001780
      927 0.000018  -0.001778
      455 0.000018  -0.001768
       98 0.000018  -0.001766
      432 0.000018   0.001765
      437 0.000018   0.001756
     1096 0.000018   0.001752
      536 0.000018  -0.001747
      727 0.000018  -0.001723
      809 0.000018   0.001723
      463 0.000018  -0.001702
      965 0.000017  -0.001691
      875 0.000017   0.001684
      949 0.000017   0.001679
      588 0.000017   0.001669
       45 0.000017  -0.001647
      685 0.000017  -0.001621
      662 0.000017  -0.001615
      512 0.000017  -0.001605
      917 0.000016   0.001588
      334 0.000016  -0.001588
      248 0.000016  -0.001575
      934 0.000016  -0.001562
      779 0.000016  -0.001558
      320 0.000016  -0.001543
      402 0.000016   0.001542
      296 0.000016   0.001533
      324 0.000016  -0.001528
      489 0.000016   0.001521
      977 0.000016   0.001517
      907 0.000016   0.001511
      983 0.000016   0.001508
      900 0.000015  -0.001502
      505 0.000015   0.001478
      811 0.000015   0.001471
      876 0.000015   0.001465
      458 0.000015   0.001465
      732 0.000015   0.001445
      625 0.000015   0.001441
      746 0.000015  -0.001408
     1052 0.000014   0.001381
      245 0.000014  -0.001372
      814 0.000014   0.001348
      450 0.000014  -0.001316
      256 0.000014  -0.001315
      675 0.000014   0.001311
      382 0.000013   0.001302
       51 0.000013   0.001292
       87 0.000013   0.001282
       66 0.000013  -0.001270
     1009 0.000013  -0.001258
       43 0.000013   0.001258
      916 0.000013  -0.001255
      729 0.000013   0.001233
      333 0.000012  -0.001213
      656 0.000012  -0.001193
      816 0.000012   0.001148
      478 0.000012   0.001145
      839 0.000012  -0.001132
      705 0.000012  -0.001130
      747 0.000012  -0.001125
      363 0.000012   0.001119
      805 0.000011  -0.001098
      838 0.000011  -0.001096
       86 0.000011   0.001089
      483 0.000011  -0.001078
      623 0.000011   0.001075
      538 0.000011   0.001068
      643 0.000011  -0.001051
       38 0.000011  -0.001032
      619 0.000010   0.001017
      368 0.000010  -0.001014
      462 0.000010   0.001014
      487 0.000010  -0.001011
      959 0.000010  -0.001004
      642 0.000010  -0.000998
      259 0.000010  -0.000988
     1003 0.000010  -0.000974
      426 0.000010   0.000973
     1061 0.000010  -0.000972
      229 0.000010   0.000971
euclid. distance of OLC and linear combination of EV * x_coef: 0.008657552705484727

Generate samples based on objective loadcase 215
nr_to_generate: 25

Parameter variation distribution settings
distribution: uniform
low: 0.7
high: 1.3

Total process runtime: 0:00:01.288490
