Date and Time:2023-05-12 14:08:34.895195

Initial Settings:
similarity_model: <function cosine_similarity at 0x000001D005A6E5E0>
similarity_threshold: 1e-05
nr_eigv_to_select: None
distribution: uniform
deviation: 0.3
nr_to_generate: 25
recompute: False

Selected eigenvectors and similarity score w.r.t objective loadcase:
objective_loadcase_nr: 125
similarity_model: cosine_similarity
similarity_threshold: 1e-05
nr_eigv_to_select: None
nr_eigv_selected: 482
approximation parameter model: lstsq
similarity score and approx. param. value
:  eigv_idx    score      value
        1 0.561566  91.661026
        3 0.525522  85.777721
        2 0.489068 -79.827695
        0 0.406153  66.293963
        6 0.062548  10.209343
       39 0.014497   2.366249
        4 0.009746   1.590806
       68 0.004314  -0.704112
      639 0.003960   0.646365
      186 0.002375  -0.387654
      612 0.002170  -0.354205
      593 0.002079  -0.339367
      586 0.001885   0.307720
      716 0.001709   0.278911
      618 0.001649   0.269116
      663 0.001619  -0.264227
       71 0.001603  -0.261631
      187 0.001547  -0.252524
      668 0.001478   0.241283
      710 0.001469  -0.239820
      218 0.001469  -0.239712
      182 0.001329  -0.216847
       69 0.001307  -0.213376
      595 0.001188   0.193839
      659 0.001118  -0.182525
      194 0.001109   0.181095
      617 0.001000   0.163176
      143 0.000943   0.153842
      184 0.000936  -0.152765
      686 0.000921  -0.150287
      388 0.000911  -0.148691
      700 0.000892   0.145621
      599 0.000835   0.136259
      626 0.000821   0.133979
      683 0.000815   0.132987
      635 0.000809   0.132038
      688 0.000801  -0.130752
      562 0.000793  -0.129408
      579 0.000781   0.127514
      582 0.000776  -0.126716
      670 0.000766   0.124986
      578 0.000724   0.118144
       70 0.000712   0.116218
      698 0.000687  -0.112088
      183 0.000683   0.111419
      733 0.000667   0.108884
      621 0.000652  -0.106376
      228 0.000611  -0.099719
      666 0.000609  -0.099328
      749 0.000591  -0.096421
      341 0.000553   0.090237
      253 0.000552  -0.090025
      602 0.000543  -0.088704
      718 0.000543  -0.088598
      179 0.000522   0.085141
      699 0.000479  -0.078135
      708 0.000466   0.076038
      704 0.000466  -0.076024
      171 0.000463  -0.075598
      174 0.000458   0.074798
      641 0.000448  -0.073051
      567 0.000441  -0.071915
      735 0.000437  -0.071289
      606 0.000428  -0.069849
      153 0.000423   0.069103
      210 0.000417  -0.068076
      583 0.000409  -0.066813
      137 0.000406  -0.066229
      577 0.000401  -0.065385
      575 0.000399   0.065207
      620 0.000390  -0.063584
      362 0.000388  -0.063304
      709 0.000376  -0.061321
      220 0.000364  -0.059411
      604 0.000351  -0.057269
      204 0.000343   0.055993
      631 0.000339  -0.055307
      267 0.000337  -0.055013
      848 0.000321  -0.052331
      403 0.000320   0.052177
      419 0.000314  -0.051261
      628 0.000313   0.051114
      601 0.000311   0.050840
      576 0.000311  -0.050690
      707 0.000307  -0.050179
      756 0.000302  -0.049255
      757 0.000301  -0.049210
      807 0.000300   0.049043
      243 0.000300   0.048941
      412 0.000297  -0.048520
      254 0.000297   0.048477
      199 0.000283  -0.046170
      573 0.000277   0.045207
      161 0.000273   0.044523
      383 0.000272   0.044419
      587 0.000270   0.044126
      400 0.000267  -0.043539
      148 0.000266   0.043400
      132 0.000260   0.042466
      815 0.000260  -0.042391
      759 0.000256   0.041756
      271 0.000252   0.041059
      570 0.000245  -0.039948
      377 0.000241  -0.039331
      787 0.000236   0.038505
      580 0.000232  -0.037895
      236 0.000232   0.037857
      658 0.000231   0.037741
      665 0.000221  -0.036095
      277 0.000221   0.036058
      564 0.000214  -0.034902
      640 0.000214  -0.034873
      753 0.000212  -0.034652
      941 0.000211  -0.034464
      741 0.000210   0.034343
      258 0.000205  -0.033392
       91 0.000204  -0.033345
      255 0.000200  -0.032700
      739 0.000199  -0.032421
      356 0.000197  -0.032220
      853 0.000197  -0.032124
      557 0.000194  -0.031707
      234 0.000194   0.031695
      138 0.000190   0.031049
      687 0.000189   0.030911
      696 0.000187  -0.030511
      175 0.000185  -0.030207
      667 0.000185   0.030176
      828 0.000182  -0.029655
      800 0.000178  -0.029004
      301 0.000177  -0.028935
      427 0.000177  -0.028812
      217 0.000175  -0.028496
      798 0.000173   0.028192
      566 0.000172   0.028032
      380 0.000170   0.027799
      574 0.000162  -0.026370
      273 0.000162  -0.026366
      820 0.000160  -0.026099
      711 0.000158   0.025776
      585 0.000157  -0.025576
      784 0.000154  -0.025189
      369 0.000154   0.025179
      247 0.000153   0.024946
      690 0.000152   0.024880
      257 0.000151  -0.024567
      743 0.000149  -0.024382
      398 0.000149  -0.024380
      549 0.000149  -0.024262
      750 0.000148   0.024143
      847 0.000147   0.023948
      353 0.000146  -0.023837
      361 0.000144   0.023478
      790 0.000143   0.023352
      857 0.000142  -0.023224
      629 0.000141  -0.023012
      107 0.000141  -0.022992
      295 0.000139  -0.022714
      740 0.000139  -0.022657
      645 0.000138   0.022556
      908 0.000136  -0.022236
      193 0.000136  -0.022206
      436 0.000135   0.022115
      697 0.000135   0.022034
      299 0.000133   0.021686
      354 0.000133   0.021655
      249 0.000132  -0.021614
      974 0.000132   0.021495
      762 0.000131   0.021439
      241 0.000128   0.020948
      793 0.000128  -0.020847
      605 0.000127  -0.020793
      763 0.000127  -0.020653
      373 0.000126  -0.020631
      209 0.000126  -0.020486
      581 0.000125  -0.020461
      294 0.000125  -0.020370
      808 0.000123   0.020074
      222 0.000123  -0.020044
      423 0.000122  -0.019942
      281 0.000120   0.019545
      855 0.000120  -0.019532
      431 0.000119  -0.019478
      638 0.000119  -0.019478
      736 0.000119  -0.019352
      882 0.000117   0.019118
      355 0.000116   0.018983
      553 0.000116  -0.018923
      552 0.000115  -0.018814
      308 0.000115  -0.018732
      367 0.000115   0.018723
      832 0.000115   0.018707
      859 0.000113   0.018492
      600 0.000113  -0.018478
      840 0.000111  -0.018058
      266 0.000110  -0.017880
      801 0.000109  -0.017820
      803 0.000109   0.017807
      394 0.000108   0.017685
      269 0.000108  -0.017669
      292 0.000108  -0.017650
      594 0.000108  -0.017592
      684 0.000107  -0.017520
      795 0.000106   0.017376
      844 0.000104  -0.017012
      584 0.000104  -0.016980
      818 0.000104  -0.016901
      291 0.000102   0.016690
      386 0.000102   0.016652
      799 0.000100  -0.016335
      392 0.000098   0.015993
     1095 0.000098  -0.015953
      611 0.000098  -0.015921
      726 0.000095  -0.015496
      235 0.000094  -0.015377
      302 0.000094  -0.015314
      802 0.000093   0.015153
      742 0.000092  -0.015037
      632 0.000092   0.014970
      572 0.000091  -0.014930
      374 0.000091   0.014783
      955 0.000090   0.014735
      343 0.000090  -0.014733
      262 0.000090  -0.014718
      261 0.000089  -0.014593
      561 0.000089   0.014540
      597 0.000088  -0.014418
      251 0.000087  -0.014235
      723 0.000086  -0.014062
      313 0.000086  -0.013977
      569 0.000085   0.013915
      829 0.000085   0.013913
      776 0.000085  -0.013906
      701 0.000085  -0.013817
      596 0.000084  -0.013710
      863 0.000084  -0.013678
      428 0.000083   0.013607
      748 0.000083  -0.013522
      805 0.000082  -0.013331
      734 0.000082  -0.013311
      312 0.000080  -0.013011
      414 0.000079   0.012924
      560 0.000079  -0.012889
     1005 0.000077   0.012531
      390 0.000076   0.012330
      824 0.000076   0.012324
      913 0.000075  -0.012185
      826 0.000074  -0.012042
      879 0.000073  -0.011984
      744 0.000073  -0.011965
      922 0.000072  -0.011735
      937 0.000071  -0.011605
      891 0.000071  -0.011586
      978 0.000069   0.011326
      722 0.000069  -0.011324
      268 0.000069  -0.011317
      545 0.000069  -0.011196
      603 0.000068  -0.011099
      654 0.000067   0.010960
      780 0.000065  -0.010655
      778 0.000065  -0.010651
      728 0.000064  -0.010525
      539 0.000064   0.010447
      275 0.000064  -0.010402
      591 0.000064   0.010401
      263 0.000063  -0.010333
      843 0.000063  -0.010260
      425 0.000063   0.010238
      322 0.000061  -0.009966
      198 0.000059   0.009632
      364 0.000059   0.009554
      232 0.000059  -0.009554
      616 0.000058  -0.009477
      858 0.000058  -0.009456
      789 0.000057   0.009334
      895 0.000057   0.009248
      867 0.000056   0.009192
      413 0.000056   0.009191
      831 0.000055   0.008964
      614 0.000054   0.008863
      782 0.000053  -0.008708
      542 0.000053   0.008690
      407 0.000053  -0.008627
      821 0.000052  -0.008520
      298 0.000052  -0.008434
      528 0.000052   0.008419
      627 0.000051   0.008327
      540 0.000049  -0.008054
      359 0.000048  -0.007872
      870 0.000048  -0.007773
      987 0.000047   0.007749
      325 0.000046  -0.007582
      948 0.000046   0.007559
      765 0.000046   0.007500
      224 0.000046  -0.007461
      131 0.000045  -0.007375
      928 0.000045  -0.007371
      245 0.000045  -0.007363
      397 0.000045  -0.007347
      409 0.000044  -0.007194
      279 0.000044  -0.007156
      773 0.000043   0.007068
      226 0.000042  -0.006876
      874 0.000042  -0.006858
      297 0.000042  -0.006835
      448 0.000041   0.006769
      589 0.000041  -0.006712
      965 0.000041  -0.006656
      881 0.000041  -0.006640
     1001 0.000040  -0.006595
      333 0.000040  -0.006571
      535 0.000040   0.006518
       88 0.000040   0.006479
      225 0.000040  -0.006466
      993 0.000039   0.006333
      677 0.000039   0.006318
      289 0.000038   0.006284
      770 0.000037   0.006085
      323 0.000037  -0.005986
      206 0.000037   0.005973
     1025 0.000036   0.005875
      216 0.000036  -0.005874
       93 0.000036   0.005864
      864 0.000036   0.005824
      933 0.000036   0.005824
      518 0.000035   0.005784
      491 0.000035   0.005737
      636 0.000035  -0.005732
      350 0.000035  -0.005731
      530 0.000035   0.005654
      214 0.000034   0.005607
      590 0.000034  -0.005594
      357 0.000034   0.005592
      329 0.000034  -0.005592
      410 0.000034  -0.005559
      310 0.000034  -0.005552
      169 0.000034  -0.005512
      592 0.000034  -0.005504
      488 0.000034   0.005479
      319 0.000034   0.005471
      610 0.000033  -0.005463
      904 0.000033   0.005453
      223 0.000033   0.005329
      285 0.000032  -0.005294
      360 0.000032  -0.005282
      950 0.000032  -0.005251
      860 0.000032  -0.005244
      680 0.000032   0.005237
      532 0.000032   0.005227
     1032 0.000032   0.005167
      475 0.000032  -0.005144
      334 0.000031   0.005097
      650 0.000031  -0.005078
      814 0.000031   0.004997
      406 0.000031  -0.004995
      335 0.000031  -0.004987
      239 0.000030   0.004959
      643 0.000030  -0.004889
      432 0.000030   0.004874
     1017 0.000030   0.004843
      320 0.000030   0.004822
      900 0.000029  -0.004753
      524 0.000029  -0.004716
      894 0.000029  -0.004671
      769 0.000029  -0.004663
      213 0.000028   0.004631
      402 0.000028  -0.004605
      337 0.000028  -0.004558
      445 0.000028  -0.004513
      215 0.000027  -0.004459
      792 0.000027   0.004455
      588 0.000026   0.004274
      942 0.000026   0.004255
      838 0.000026   0.004255
      424 0.000026  -0.004209
      823 0.000026   0.004163
      608 0.000025  -0.004144
      917 0.000025   0.004096
      880 0.000025   0.004085
      842 0.000025  -0.004015
      852 0.000024  -0.003968
      538 0.000024   0.003901
      938 0.000023   0.003832
      347 0.000023  -0.003832
      519 0.000023   0.003789
      775 0.000023  -0.003698
     1034 0.000023  -0.003678
      502 0.000022   0.003658
      868 0.000022  -0.003511
      536 0.000021  -0.003503
      455 0.000021  -0.003484
      714 0.000021  -0.003438
      662 0.000021  -0.003437
      685 0.000021  -0.003423
      479 0.000021   0.003396
      259 0.000021  -0.003375
      420 0.000020   0.003316
      512 0.000020  -0.003290
      489 0.000020   0.003280
     1052 0.000020   0.003275
      328 0.000020  -0.003269
      264 0.000020  -0.003184
      884 0.000019  -0.003180
      332 0.000019  -0.003106
      463 0.000019  -0.003102
      949 0.000019   0.003088
      526 0.000019   0.003048
      458 0.000019   0.003033
      505 0.000018   0.002996
      324 0.000018  -0.002947
      399 0.000018  -0.002924
      437 0.000018   0.002892
      514 0.000018   0.002875
       66 0.000017  -0.002777
      221 0.000017   0.002755
      837 0.000017  -0.002733
      229 0.000017   0.002728
      250 0.000017   0.002694
      276 0.000016   0.002673
      732 0.000016   0.002668
      296 0.000016  -0.002666
      283 0.000016  -0.002664
      346 0.000016   0.002641
      278 0.000016  -0.002637
      227 0.000016  -0.002620
      248 0.000016  -0.002604
      943 0.000016   0.002589
      694 0.000016   0.002588
      342 0.000016   0.002572
      452 0.000016  -0.002563
      681 0.000015  -0.002515
      543 0.000015  -0.002474
      382 0.000015   0.002468
      483 0.000015  -0.002431
      856 0.000015   0.002426
      315 0.000015   0.002411
      816 0.000015   0.002399
      649 0.000015  -0.002399
      907 0.000015   0.002397
      804 0.000015  -0.002396
      450 0.000015  -0.002369
      883 0.000014   0.002334
      619 0.000014   0.002317
      903 0.000014  -0.002296
      779 0.000014   0.002227
      351 0.000014  -0.002218
      534 0.000014  -0.002208
      363 0.000014   0.002205
     1047 0.000013   0.002176
      242 0.000013   0.002126
      201 0.000013   0.002113
      233 0.000013   0.002096
      307 0.000013  -0.002071
      462 0.000012   0.002035
      849 0.000012   0.002023
      669 0.000012   0.002003
      705 0.000012  -0.001951
      634 0.000012  -0.001923
       81 0.000012  -0.001897
      473 0.000011  -0.001869
      405 0.000011   0.001868
      293 0.000011   0.001860
       43 0.000011   0.001841
      487 0.000011  -0.001823
      966 0.000011   0.001819
      260 0.000011   0.001802
      191 0.000011   0.001800
      888 0.000011   0.001780
      702 0.000011  -0.001740
      755 0.000011  -0.001739
      286 0.000011   0.001718
      114 0.000011   0.001718
      959 0.000010   0.001700
      727 0.000010  -0.001693
      984 0.000010   0.001692
      609 0.000010   0.001691
      729 0.000010   0.001680
      713 0.000010   0.001677
      461 0.000010   0.001654
      348 0.000010  -0.001654
      841 0.000010  -0.001645
       80 0.000010   0.001633
euclid. distance of OLC and linear combination of EV * x_coef: 0.015331883119323238

Generate samples based on objective loadcase 125
nr_to_generate: 25

Parameter variation distribution settings
distribution: uniform
low: 0.7
high: 1.3

Total process runtime: 0:00:01.271860
