Date and Time:2023-05-12 14:26:19.313560

Initial Settings:
similarity_model: <function cosine_similarity at 0x000001D005A6E5E0>
similarity_threshold: 1e-05
nr_eigv_to_select: None
distribution: uniform
deviation: 0.3
nr_to_generate: 25
recompute: False

Selected eigenvectors and similarity score w.r.t objective loadcase:
objective_loadcase_nr: 923
similarity_model: cosine_similarity
similarity_threshold: 1e-05
nr_eigv_to_select: None
nr_eigv_selected: 482
approximation parameter model: lstsq
similarity score and approx. param. value
:  eigv_idx    score      value
        3 0.591626  30.189605
        1 0.512544  26.154184
        2 0.512138 -26.133483
        0 0.351338  17.928129
       39 0.027231   1.389523
        6 0.024099   1.229705
        4 0.012836   0.655021
      639 0.003165   0.161522
      218 0.002424  -0.123682
      593 0.001963  -0.100156
      186 0.001848  -0.094325
      586 0.001842   0.094012
      612 0.001823  -0.093043
       68 0.001822  -0.092952
      710 0.001622  -0.082775
      187 0.001217  -0.062116
      595 0.001203   0.061408
      716 0.001116   0.056947
      143 0.001041   0.053134
      626 0.001031   0.052606
      663 0.001024  -0.052272
      618 0.001022   0.052170
      668 0.001007   0.051389
      686 0.000928  -0.047340
      749 0.000904  -0.046147
      388 0.000849  -0.043299
      194 0.000808   0.041252
      688 0.000794  -0.040505
      659 0.000730  -0.037247
      599 0.000716   0.036515
      617 0.000709   0.036175
      621 0.000691  -0.035247
      562 0.000677  -0.034534
      582 0.000676  -0.034489
      635 0.000661   0.033749
      670 0.000647   0.033004
      704 0.000629  -0.032103
      183 0.000577   0.029467
      578 0.000575   0.029332
      341 0.000572   0.029198
      718 0.000551  -0.028097
      733 0.000543   0.027732
      567 0.000539  -0.027486
      606 0.000526  -0.026854
      735 0.000521  -0.026592
      577 0.000512  -0.026110
      602 0.000495  -0.025234
      708 0.000489   0.024935
      579 0.000483   0.024659
      267 0.000474  -0.024204
      698 0.000459  -0.023423
      253 0.000455  -0.023221
      153 0.000453   0.023106
      220 0.000447  -0.022823
      696 0.000439  -0.022376
      575 0.000432   0.022036
      258 0.000426  -0.021746
      666 0.000415  -0.021196
      709 0.000415  -0.021171
      174 0.000404   0.020619
      620 0.000401  -0.020438
      753 0.000392  -0.020005
      707 0.000380  -0.019387
      601 0.000373   0.019055
      641 0.000357  -0.018235
      230 0.000357  -0.018207
      137 0.000353  -0.018031
      756 0.000340  -0.017352
      683 0.000336   0.017156
       70 0.000333   0.016997
      848 0.000329  -0.016778
      227 0.000327   0.016700
       69 0.000325   0.016578
      412 0.000324  -0.016543
      583 0.000322  -0.016436
      273 0.000318  -0.016221
      699 0.000314  -0.015998
      243 0.000311   0.015878
      700 0.000307   0.015683
      759 0.000304  -0.015528
      853 0.000300  -0.015298
      793 0.000298  -0.015202
      419 0.000297  -0.015178
      763 0.000292   0.014882
      403 0.000289   0.014745
      210 0.000286  -0.014606
      587 0.000282   0.014410
      269 0.000277  -0.014158
      631 0.000275  -0.014039
      807 0.000274   0.013986
      383 0.000272   0.013895
      182 0.000272  -0.013858
      362 0.000270  -0.013785
      757 0.000269  -0.013719
      263 0.000265  -0.013525
      239 0.000264   0.013463
      741 0.000263   0.013418
      726 0.000260  -0.013258
      235 0.000258  -0.013184
      739 0.000245  -0.012509
      299 0.000242   0.012356
      750 0.000241   0.012278
      570 0.000234  -0.011962
      361 0.000231   0.011802
      132 0.000229   0.011670
      228 0.000228  -0.011646
       71 0.000226   0.011520
      787 0.000219   0.011183
      184 0.000211  -0.010757
      743 0.000207  -0.010546
      857 0.000206  -0.010496
      206 0.000205   0.010441
      377 0.000200  -0.010193
      818 0.000196  -0.010026
      742 0.000190  -0.009700
      301 0.000190  -0.009673
      204 0.000190   0.009671
      824 0.000188   0.009582
      576 0.000184  -0.009390
      855 0.000182  -0.009281
      427 0.000181  -0.009221
      312 0.000180  -0.009161
      373 0.000179  -0.009160
      247 0.000178   0.009073
      658 0.000172   0.008798
      564 0.000171  -0.008726
      400 0.000171  -0.008713
      604 0.000170  -0.008699
      199 0.000168  -0.008594
      223 0.000167   0.008536
      549 0.000166  -0.008488
      795 0.000166   0.008482
      591 0.000166   0.008467
      859 0.000164   0.008386
      553 0.000163  -0.008325
      392 0.000163   0.008300
      290 0.000162   0.008248
      800 0.000162  -0.008247
      829 0.000161   0.008237
      580 0.000161  -0.008221
      175 0.000161  -0.008220
      770 0.000157   0.008004
      337 0.000155  -0.007905
      332 0.000154  -0.007850
      775 0.000153   0.007818
      711 0.000152   0.007736
      667 0.000150   0.007639
      778 0.000149  -0.007587
      790 0.000147   0.007525
      784 0.000145  -0.007379
      277 0.000144   0.007354
      369 0.000143   0.007308
      275 0.000141  -0.007189
      628 0.000141   0.007177
      585 0.000136  -0.006964
      605 0.000136  -0.006950
      736 0.000135  -0.006911
      574 0.000135  -0.006892
      820 0.000134  -0.006850
      665 0.000134  -0.006839
      828 0.000133  -0.006812
      179 0.000129   0.006602
      616 0.000129  -0.006569
      941 0.000127  -0.006498
      808 0.000127   0.006465
      566 0.000124   0.006320
      298 0.000122  -0.006204
      329 0.000121  -0.006166
      279 0.000121  -0.006157
      557 0.000119  -0.006082
      271 0.000119   0.006059
      241 0.000118   0.006028
      355 0.000118   0.006016
      423 0.000115  -0.005888
      431 0.000114  -0.005814
      864 0.000110   0.005621
      769 0.000110   0.005597
      255 0.000109  -0.005583
      171 0.000109  -0.005573
      645 0.000109   0.005543
      201 0.000108  -0.005508
      354 0.000107   0.005465
      251 0.000107  -0.005455
      294 0.000107  -0.005454
      257 0.000107  -0.005452
      690 0.000106   0.005390
      943 0.000105   0.005369
      380 0.000105   0.005351
      234 0.000104   0.005325
      398 0.000104  -0.005291
      773 0.000103   0.005266
      697 0.000103   0.005230
      687 0.000102   0.005197
      744 0.000102  -0.005186
       88 0.000100  -0.005125
      762 0.000100  -0.005109
      217 0.000100  -0.005093
      638 0.000099  -0.005035
      884 0.000099  -0.005028
      799 0.000097  -0.004925
      367 0.000096   0.004904
      728 0.000096  -0.004897
      600 0.000094  -0.004783
      801 0.000093  -0.004733
      321 0.000092  -0.004719
      684 0.000092  -0.004673
      815 0.000091  -0.004646
      734 0.000090  -0.004594
      782 0.000090  -0.004577
      908 0.000089  -0.004563
      353 0.000088  -0.004514
      880 0.000088   0.004485
      436 0.000087   0.004457
      569 0.000087   0.004427
      295 0.000086  -0.004399
      285 0.000086   0.004392
      292 0.000086  -0.004364
      611 0.000084  -0.004285
      847 0.000084   0.004264
      325 0.000083  -0.004251
       93 0.000082  -0.004202
      948 0.000081   0.004114
      723 0.000080  -0.004088
      589 0.000079  -0.004016
      843 0.000077  -0.003945
      870 0.000077  -0.003921
      281 0.000076   0.003891
      594 0.000076  -0.003880
      974 0.000075   0.003847
      694 0.000075   0.003846
      937 0.000075  -0.003841
      266 0.000075  -0.003829
      581 0.000075  -0.003827
      860 0.000075  -0.003824
      107 0.000074  -0.003789
      573 0.000074   0.003782
      104 0.000074   0.003764
      840 0.000074  -0.003763
      342 0.000074   0.003757
      844 0.000073  -0.003744
      356 0.000073  -0.003743
      823 0.000073   0.003716
      552 0.000071  -0.003637
      629 0.000069  -0.003517
      261 0.000068  -0.003450
      826 0.000067  -0.003417
      283 0.000066   0.003383
      978 0.000066   0.003382
      701 0.000066  -0.003376
      560 0.000064  -0.003273
      308 0.000064  -0.003266
      654 0.000064   0.003265
      302 0.000062  -0.003182
      390 0.000062   0.003152
      262 0.000061  -0.003126
      319 0.000061   0.003112
      894 0.000061  -0.003089
      874 0.000060  -0.003079
      780 0.000060   0.003069
      632 0.000060   0.003068
      765 0.000060   0.003041
      722 0.000058  -0.002967
      539 0.000057   0.002930
      318 0.000057  -0.002930
      291 0.000057   0.002922
      386 0.000057   0.002899
       91 0.000057  -0.002896
      289 0.000056   0.002879
      792 0.000056   0.002866
      268 0.000055  -0.002801
      590 0.000054  -0.002763
      428 0.000054   0.002741
     1095 0.000054  -0.002733
     1005 0.000053   0.002723
      957 0.000053   0.002719
      935 0.000053  -0.002705
      572 0.000053  -0.002698
      323 0.000052  -0.002676
      913 0.000052  -0.002671
      138 0.000052  -0.002658
      805 0.000052  -0.002641
      545 0.000052  -0.002634
      414 0.000051   0.002611
      895 0.000051   0.002585
      278 0.000050   0.002575
      964 0.000050   0.002531
      627 0.000050   0.002531
      789 0.000049   0.002524
      315 0.000049   0.002504
      528 0.000048   0.002473
      584 0.000048  -0.002460
      882 0.000048   0.002460
      425 0.000048   0.002447
      596 0.000048  -0.002437
      988 0.000048  -0.002437
      169 0.000048  -0.002430
      831 0.000046   0.002371
      343 0.000046  -0.002363
     1096 0.000046   0.002337
      413 0.000045  -0.002293
      313 0.000045  -0.002279
      833 0.000045  -0.002278
      841 0.000044   0.002265
      614 0.000044   0.002246
      535 0.000044   0.002239
      942 0.000044   0.002231
      798 0.000043  -0.002217
      950 0.000042  -0.002168
      322 0.000042  -0.002130
      971 0.000041  -0.002098
      904 0.000041   0.002094
      922 0.000041  -0.002073
      830 0.000040   0.002064
      193 0.000040   0.002056
      842 0.000040  -0.002036
      364 0.000039  -0.002012
      821 0.000039  -0.002007
      650 0.000038  -0.001951
      849 0.000037   0.001897
      244 0.000037  -0.001878
      561 0.000036   0.001858
      838 0.000036  -0.001848
      374 0.000036   0.001831
      727 0.000035  -0.001797
      643 0.000035  -0.001780
      955 0.000035   0.001766
      394 0.000034   0.001754
     1073 0.000034  -0.001731
      491 0.000034   0.001729
      881 0.000034  -0.001725
      921 0.000033  -0.001705
      407 0.000033  -0.001676
      518 0.000033   0.001674
      983 0.000033   0.001673
      161 0.000032   0.001621
      488 0.000031   0.001586
      532 0.000031   0.001559
      977 0.000030   0.001555
      406 0.000030  -0.001551
      748 0.000030  -0.001531
      540 0.000029  -0.001500
      685 0.000029  -0.001497
      236 0.000029   0.001497
      811 0.000029   0.001491
      409 0.000029  -0.001463
      286 0.000029   0.001460
      597 0.000028  -0.001450
      832 0.000028   0.001423
      794 0.000028   0.001421
      198 0.000027  -0.001383
      636 0.000027  -0.001379
      310 0.000027  -0.001376
      410 0.000027  -0.001369
      448 0.000027   0.001359
      297 0.000026  -0.001349
      475 0.000026  -0.001333
     1009 0.000026  -0.001325
      592 0.000026   0.001315
      927 0.000026  -0.001309
      524 0.000026  -0.001306
      835 0.000025  -0.001293
      810 0.000025   0.001287
      445 0.000025  -0.001285
      933 0.000025   0.001283
      898 0.000025   0.001279
      366 0.000025   0.001275
      791 0.000025   0.001271
      222 0.000025  -0.001264
      839 0.000023   0.001184
      879 0.000023  -0.001172
      131 0.000023   0.001160
      526 0.000023   0.001156
      934 0.000023  -0.001155
      856 0.000023   0.001153
      837 0.000022  -0.001141
     1010 0.000022   0.001137
      959 0.000022  -0.001135
      868 0.000022   0.001131
     1034 0.000022  -0.001126
      928 0.000022  -0.001109
      359 0.000022   0.001098
      225 0.000021   0.001093
      542 0.000021   0.001087
      680 0.000021   0.001086
      669 0.000021   0.001082
      610 0.000021  -0.001077
      284 0.000021   0.001077
      649 0.000021  -0.001072
     1016 0.000021  -0.001071
      530 0.000021   0.001070
     1032 0.000021   0.001063
      357 0.000021  -0.001058
      226 0.000021   0.001057
     1003 0.000020  -0.001020
      382 0.000020  -0.001010
      424 0.000020  -0.001009
      740 0.000020   0.001009
     1020 0.000020  -0.001007
      713 0.000020   0.001002
      764 0.000020  -0.000998
      916 0.000019  -0.000992
      568 0.000019   0.000985
      333 0.000019  -0.000976
      479 0.000019   0.000976
      514 0.000019   0.000944
      677 0.000018   0.000936
      328 0.000018  -0.000931
      987 0.000018   0.000921
      402 0.000018  -0.000917
      384 0.000018  -0.000896
      432 0.000017   0.000886
      902 0.000017  -0.000879
      316 0.000017  -0.000879
      232 0.000017  -0.000878
      899 0.000017  -0.000877
      809 0.000017   0.000867
     1040 0.000017  -0.000845
      360 0.000017   0.000843
      536 0.000016  -0.000842
      248 0.000016   0.000831
      463 0.000016  -0.000822
      437 0.000016   0.000814
      455 0.000016  -0.000808
     1001 0.000016  -0.000806
      249 0.000016   0.000799
      876 0.000015  -0.000790
      903 0.000015   0.000789
      655 0.000015  -0.000777
      334 0.000015   0.000776
      519 0.000015   0.000769
      623 0.000015  -0.000766
      646 0.000015   0.000758
      512 0.000015  -0.000752
      502 0.000015   0.000751
      875 0.000015  -0.000741
      256 0.000014   0.000736
      209 0.000014   0.000732
      640 0.000014  -0.000731
      714 0.000014  -0.000731
      238 0.000014  -0.000728
      966 0.000014   0.000707
      984 0.000014  -0.000706
      814 0.000014   0.000703
      803 0.000014   0.000695
      691 0.000013   0.000675
      188 0.000013  -0.000672
      994 0.000013  -0.000666
      324 0.000013  -0.000657
      458 0.000013   0.000655
      399 0.000013  -0.000654
      949 0.000013   0.000646
      732 0.000012   0.000636
      489 0.000012   0.000634
       45 0.000012   0.000634
      609 0.000012   0.000631
     1025 0.000012   0.000627
      802 0.000012   0.000626
      397 0.000012  -0.000619
      148 0.000012   0.000604
      760 0.000012  -0.000603
      450 0.000012  -0.000602
      779 0.000012  -0.000593
      264 0.000012   0.000588
      598 0.000011  -0.000585
       50 0.000011   0.000583
       56 0.000011   0.000582
      720 0.000011  -0.000578
     1017 0.000011   0.000577
      588 0.000011   0.000572
      776 0.000011  -0.000564
      603 0.000011   0.000563
      505 0.000011   0.000560
      320 0.000011   0.000548
      863 0.000011   0.000539
      936 0.000011   0.000539
       38 0.000010   0.000534
      487 0.000010  -0.000533
      681 0.000010  -0.000532
      637 0.000010  -0.000530
      952 0.000010  -0.000524
      625 0.000010  -0.000515
      634 0.000010  -0.000513
euclid. distance of OLC and linear combination of EV * x_coef: 0.0047506172495097605

Generate samples based on objective loadcase 923
nr_to_generate: 25

Parameter variation distribution settings
distribution: uniform
low: 0.7
high: 1.3

Total process runtime: 0:00:01.302516
