Date and Time:2023-05-12 14:09:16.948070

Initial Settings:
similarity_model: <function cosine_similarity at 0x000001D005A6E5E0>
similarity_threshold: 1e-05
nr_eigv_to_select: None
distribution: uniform
deviation: 0.3
nr_to_generate: 25
recompute: False

Selected eigenvectors and similarity score w.r.t objective loadcase:
objective_loadcase_nr: 157
similarity_model: cosine_similarity
similarity_threshold: 1e-05
nr_eigv_to_select: None
nr_eigv_selected: 448
approximation parameter model: lstsq
similarity score and approx. param. value
:  eigv_idx    score      value
        1 0.556863  57.709217
        3 0.529979  54.923110
        2 0.494050 -51.199739
        0 0.400958  41.552355
        6 0.060827   6.303616
       39 0.016441   1.703814
        4 0.010050   1.041505
      639 0.004029   0.417500
       68 0.003781  -0.391841
      186 0.002463  -0.255258
      612 0.002204  -0.228390
      593 0.002156  -0.223416
      586 0.001954   0.202529
      716 0.001699   0.176046
      187 0.001629  -0.168836
      663 0.001619  -0.167828
      618 0.001609   0.166760
      218 0.001585  -0.164301
      710 0.001483  -0.153636
      668 0.001456   0.150846
       71 0.001298  -0.134561
      595 0.001233   0.127784
      194 0.001138   0.117952
      659 0.001106  -0.114596
      182 0.001105  -0.114493
       69 0.001037  -0.107464
      617 0.000991   0.102723
      388 0.000939  -0.097328
      686 0.000931  -0.096477
      626 0.000889   0.092148
      700 0.000863   0.089457
      599 0.000856   0.088696
      143 0.000834   0.086412
      635 0.000827   0.085720
      562 0.000807  -0.083626
      582 0.000806  -0.083512
      670 0.000803   0.083209
      184 0.000798  -0.082699
      688 0.000797  -0.082576
      683 0.000775   0.080273
      579 0.000760   0.078781
      183 0.000722   0.074820
      578 0.000720   0.074644
      698 0.000708  -0.073340
      621 0.000690  -0.071537
      733 0.000688   0.071326
       70 0.000624   0.064662
      718 0.000600  -0.062163
      666 0.000595  -0.061649
      341 0.000581   0.060253
      602 0.000580  -0.060141
      228 0.000573  -0.059386
      704 0.000564  -0.058499
      253 0.000550  -0.057026
      749 0.000533  -0.055247
      699 0.000490  -0.050740
      708 0.000472   0.048865
      174 0.000471   0.048766
      567 0.000466  -0.048297
      641 0.000457  -0.047327
      606 0.000453  -0.046982
      153 0.000444   0.046059
      179 0.000443   0.045876
      210 0.000426  -0.044118
      577 0.000424  -0.043985
      575 0.000418   0.043327
      620 0.000410  -0.042459
      583 0.000404  -0.041818
      735 0.000401  -0.041569
      171 0.000399  -0.041394
      362 0.000380  -0.039419
      220 0.000379  -0.039231
      709 0.000376  -0.039000
      707 0.000358  -0.037147
      267 0.000350  -0.036222
      631 0.000346  -0.035817
      848 0.000336  -0.034819
      604 0.000336  -0.034769
      419 0.000325  -0.033697
      601 0.000318   0.032951
      137 0.000316  -0.032785
      412 0.000315  -0.032611
      403 0.000309   0.032037
      807 0.000308   0.031951
      576 0.000304  -0.031544
      204 0.000301   0.031229
      628 0.000295   0.030604
      243 0.000288   0.029806
      587 0.000285   0.029547
      756 0.000283  -0.029334
      757 0.000282  -0.029180
      254 0.000270   0.027985
      383 0.000269   0.027878
      400 0.000259  -0.026890
      815 0.000257  -0.026624
      696 0.000256  -0.026558
      573 0.000253   0.026206
      377 0.000248  -0.025702
      199 0.000247  -0.025584
      753 0.000244  -0.025263
      258 0.000241  -0.025001
      580 0.000240  -0.024834
      570 0.000239  -0.024800
      271 0.000236   0.024486
      236 0.000235   0.024367
      161 0.000232   0.024000
      658 0.000231   0.023978
      787 0.000222   0.022956
      132 0.000220   0.022831
      564 0.000218  -0.022623
      665 0.000217  -0.022484
      277 0.000215   0.022286
      148 0.000214   0.022213
      941 0.000213  -0.022123
      759 0.000208   0.021588
      234 0.000197   0.020375
      361 0.000196   0.020326
      640 0.000195  -0.020200
      255 0.000192  -0.019898
      687 0.000190   0.019734
      667 0.000186   0.019320
      557 0.000186  -0.019291
      301 0.000186  -0.019269
      175 0.000186  -0.019262
      427 0.000186  -0.019226
      853 0.000185  -0.019190
      828 0.000182  -0.018861
      800 0.000180  -0.018643
      273 0.000180  -0.018623
      741 0.000179   0.018544
      574 0.000174  -0.018015
      566 0.000173   0.017968
       91 0.000173  -0.017905
      549 0.000169  -0.017515
      739 0.000168  -0.017425
      820 0.000166  -0.017239
      247 0.000163   0.016934
      711 0.000162   0.016832
      398 0.000162  -0.016771
      373 0.000161  -0.016687
      380 0.000160   0.016534
      784 0.000158  -0.016422
      257 0.000157  -0.016287
      299 0.000157   0.016279
      217 0.000157  -0.016250
      743 0.000156  -0.016171
      355 0.000154   0.015936
      798 0.000153   0.015895
      793 0.000150  -0.015557
      690 0.000147   0.015208
      645 0.000140   0.014558
      790 0.000140   0.014549
      857 0.000140  -0.014523
      847 0.000140   0.014512
      908 0.000139  -0.014435
      697 0.000139   0.014418
      367 0.000139   0.014359
      353 0.000138  -0.014314
      138 0.000137   0.014187
      295 0.000136  -0.014056
      269 0.000135  -0.014014
      436 0.000134   0.013885
      629 0.000133  -0.013822
      294 0.000133  -0.013810
      974 0.000132   0.013664
      750 0.000130   0.013422
      808 0.000129   0.013346
      356 0.000128  -0.013237
      423 0.000126  -0.013100
      392 0.000126   0.013100
      107 0.000125  -0.012998
      740 0.000125  -0.012975
      855 0.000125  -0.012926
      369 0.000124   0.012898
      249 0.000124  -0.012866
      431 0.000124  -0.012865
      354 0.000124   0.012816
      585 0.000123  -0.012708
      736 0.000121  -0.012507
      605 0.000120  -0.012446
      581 0.000119  -0.012339
      795 0.000119   0.012292
      241 0.000118   0.012186
      762 0.000117   0.012162
      638 0.000117  -0.012143
      553 0.000116  -0.011971
      882 0.000115   0.011966
      281 0.000114   0.011779
      859 0.000113   0.011704
      600 0.000112  -0.011594
      266 0.000111  -0.011526
      840 0.000111  -0.011490
      584 0.000110  -0.011439
      684 0.000109  -0.011342
      552 0.000109  -0.011289
      312 0.000108  -0.011198
      844 0.000107  -0.011124
      594 0.000107  -0.011116
      726 0.000105  -0.010924
      803 0.000105   0.010862
      572 0.000105  -0.010860
      222 0.000104  -0.010734
      799 0.000102  -0.010587
      742 0.000102  -0.010564
      818 0.000102  -0.010558
      832 0.000101   0.010499
      611 0.000099  -0.010295
      262 0.000098  -0.010176
      261 0.000098  -0.010112
     1095 0.000097  -0.010101
      292 0.000097  -0.010097
      308 0.000096  -0.009973
      801 0.000095  -0.009826
      723 0.000094  -0.009758
      302 0.000092  -0.009533
      569 0.000092   0.009505
      561 0.000091   0.009451
      235 0.000090  -0.009357
      763 0.000090  -0.009357
      291 0.000090   0.009352
      632 0.000090   0.009333
      802 0.000089   0.009267
      390 0.000089   0.009244
      386 0.000089   0.009186
      263 0.000088  -0.009110
      955 0.000088   0.009085
      193 0.000088  -0.009072
      209 0.000087  -0.008982
      198 0.000085   0.008802
      251 0.000085  -0.008766
      701 0.000083  -0.008646
      734 0.000083  -0.008590
      829 0.000082   0.008533
      428 0.000082   0.008475
      805 0.000082  -0.008471
      778 0.000081  -0.008427
      560 0.000080  -0.008277
      591 0.000079   0.008186
      374 0.000079   0.008180
      268 0.000079  -0.008173
      776 0.000078  -0.008066
     1005 0.000078   0.008055
      597 0.000078  -0.008041
      275 0.000077  -0.008028
      744 0.000077  -0.008010
      232 0.000077  -0.007990
      414 0.000077   0.007964
      863 0.000077  -0.007934
      748 0.000076  -0.007919
      343 0.000076  -0.007880
      313 0.000076  -0.007873
      913 0.000076  -0.007839
      826 0.000076  -0.007830
      616 0.000075  -0.007808
      728 0.000075  -0.007781
      394 0.000075   0.007745
      824 0.000073   0.007558
      922 0.000073  -0.007556
      879 0.000072  -0.007461
      978 0.000072   0.007448
      937 0.000071  -0.007404
      545 0.000069  -0.007130
      722 0.000069  -0.007122
      891 0.000068  -0.007043
      654 0.000067   0.006947
      425 0.000066   0.006800
      539 0.000065   0.006760
      407 0.000064  -0.006660
      322 0.000061  -0.006305
      895 0.000060   0.006233
      603 0.000060  -0.006190
      789 0.000059   0.006118
      780 0.000058  -0.005966
      298 0.000057  -0.005938
      858 0.000057  -0.005899
      843 0.000057  -0.005884
      614 0.000057   0.005859
      596 0.000054  -0.005561
      528 0.000054   0.005545
      397 0.000053  -0.005443
      542 0.000052   0.005412
      867 0.000052   0.005347
      831 0.000051   0.005318
      821 0.000051  -0.005274
      223 0.000049   0.005089
      627 0.000048   0.005008
      540 0.000048  -0.004978
      948 0.000048   0.004976
      289 0.000048   0.004943
      279 0.000048  -0.004940
      224 0.000047  -0.004904
      245 0.000047  -0.004883
      782 0.000047  -0.004874
      239 0.000047   0.004874
      987 0.000047   0.004844
      870 0.000047  -0.004836
      323 0.000047  -0.004822
      765 0.000046   0.004796
      409 0.000046  -0.004758
      337 0.000046  -0.004757
      928 0.000046  -0.004743
      297 0.000045  -0.004703
      329 0.000044  -0.004567
      319 0.000044   0.004540
      325 0.000043  -0.004492
      535 0.000043   0.004426
      881 0.000042  -0.004348
      448 0.000041   0.004283
      413 0.000041   0.004208
     1001 0.000039  -0.004046
      677 0.000039   0.004038
      874 0.000038  -0.003950
      860 0.000038  -0.003946
      589 0.000038  -0.003915
      227 0.000037   0.003849
      518 0.000037   0.003846
      993 0.000037   0.003840
      965 0.000037  -0.003826
      342 0.000037   0.003825
      650 0.000037  -0.003811
      864 0.000037   0.003788
      933 0.000036   0.003755
      491 0.000036   0.003697
     1025 0.000035   0.003636
      636 0.000035  -0.003597
      950 0.000034  -0.003567
      592 0.000034  -0.003564
      410 0.000034  -0.003558
      530 0.000034   0.003549
      332 0.000034  -0.003547
      488 0.000033   0.003460
      532 0.000033   0.003426
      310 0.000033  -0.003417
      608 0.000032  -0.003368
     1032 0.000032   0.003283
      773 0.000032   0.003264
      475 0.000031  -0.003224
      823 0.000031   0.003189
      792 0.000031   0.003183
      610 0.000031  -0.003182
      643 0.000031  -0.003163
      904 0.000030   0.003160
      230 0.000030  -0.003088
      842 0.000030  -0.003067
      169 0.000030  -0.003059
      814 0.000030   0.003059
      445 0.000030  -0.003058
     1017 0.000029   0.003051
      524 0.000029  -0.003041
      349 0.000029  -0.002994
      900 0.000029  -0.002984
      432 0.000029   0.002957
      680 0.000027   0.002829
      424 0.000027  -0.002802
      366 0.000027   0.002784
      694 0.000027   0.002781
      942 0.000027   0.002767
      662 0.000027  -0.002755
      590 0.000027  -0.002749
      838 0.000026   0.002688
      938 0.000026   0.002687
      770 0.000026   0.002684
      206 0.000025   0.002605
      917 0.000025   0.002596
      131 0.000025  -0.002596
      894 0.000025  -0.002544
      880 0.000024   0.002443
     1034 0.000024  -0.002436
      333 0.000023  -0.002428
      519 0.000023   0.002383
      502 0.000023   0.002369
      538 0.000023   0.002344
      685 0.000022  -0.002306
      536 0.000022  -0.002284
      455 0.000022  -0.002250
      949 0.000021   0.002224
      852 0.000021  -0.002205
      714 0.000021  -0.002180
      334 0.000021   0.002146
      489 0.000020   0.002099
      512 0.000020  -0.002095
      479 0.000020   0.002071
      505 0.000020   0.002067
      526 0.000020   0.002054
     1052 0.000020   0.002052
      727 0.000020  -0.002043
      769 0.000020  -0.002021
      463 0.000019  -0.001985
      830 0.000019   0.001941
      458 0.000018   0.001908
      437 0.000018   0.001905
      514 0.000018   0.001861
      884 0.000018  -0.001840
      286 0.000018   0.001834
      868 0.000017  -0.001779
      779 0.000017   0.001751
      237 0.000017   0.001740
      732 0.000016   0.001667
      240 0.000016  -0.001650
      315 0.000016   0.001635
      856 0.000016   0.001620
      713 0.000016   0.001611
      420 0.000015   0.001583
      320 0.000015   0.001557
      907 0.000015   0.001556
      450 0.000015  -0.001539
      321 0.000015  -0.001526
      483 0.000015  -0.001518
      619 0.000014   0.001496
      588 0.000014  -0.001489
      104 0.000014   0.001489
      452 0.000014  -0.001479
      406 0.000014  -0.001460
      649 0.000014  -0.001454
       93 0.000014   0.001447
      259 0.000014  -0.001443
      278 0.000014  -0.001439
      384 0.000014  -0.001435
       88 0.000014   0.001428
      324 0.000014  -0.001424
      669 0.000014   0.001413
      816 0.000014   0.001407
      543 0.000014  -0.001400
      534 0.000013  -0.001397
      943 0.000013   0.001379
     1047 0.000013   0.001368
      364 0.000013  -0.001354
      462 0.000013   0.001334
      791 0.000013   0.001310
      346 0.000013   0.001297
      903 0.000012  -0.001281
      883 0.000012   0.001274
      888 0.000012   0.001270
      634 0.000012  -0.001241
      646 0.000012   0.001211
      296 0.000012  -0.001195
       81 0.000011   0.001187
      473 0.000011  -0.001179
     1010 0.000011   0.001155
      487 0.000011  -0.001145
      794 0.000011   0.001098
      260 0.000011   0.001093
      510 0.000011  -0.001092
      399 0.000011  -0.001092
      285 0.000010  -0.001082
      284 0.000010   0.001081
      478 0.000010   0.001067
      191 0.000010   0.001047
euclid. distance of OLC and linear combination of EV * x_coef: 0.009534183927949046

Generate samples based on objective loadcase 157
nr_to_generate: 25

Parameter variation distribution settings
distribution: uniform
low: 0.7
high: 1.3

Total process runtime: 0:00:01.313150
