Date and Time:2023-05-12 14:23:36.619177

Initial Settings:
similarity_model: <function cosine_similarity at 0x000001D005A6E5E0>
similarity_threshold: 1e-05
nr_eigv_to_select: None
distribution: uniform
deviation: 0.3
nr_to_generate: 25
recompute: False

Selected eigenvectors and similarity score w.r.t objective loadcase:
objective_loadcase_nr: 802
similarity_model: cosine_similarity
similarity_threshold: 1e-05
nr_eigv_to_select: None
nr_eigv_selected: 607
approximation parameter model: lstsq
similarity score and approx. param. value
:  eigv_idx    score      value
        3 0.587815  28.549668
        1 0.520387  25.274791
        2 0.502919 -24.426356
        0 0.359585  17.464760
       39 0.024978   1.213148
        6 0.024557   1.192728
        4 0.012392   0.601891
      639 0.002866   0.139213
      218 0.002296  -0.111538
       68 0.002019  -0.098073
      186 0.001900  -0.092275
      593 0.001787  -0.086814
      710 0.001757  -0.085345
      612 0.001682  -0.081708
      586 0.001674   0.081287
      187 0.001246  -0.060535
      716 0.001187   0.057672
      595 0.001089   0.052889
      618 0.001075   0.052202
      668 0.001066   0.051769
      686 0.001000  -0.048554
      143 0.000961   0.046672
      749 0.000961  -0.046661
      663 0.000923  -0.044806
      626 0.000918   0.044563
      688 0.000852  -0.041374
      194 0.000832   0.040406
      388 0.000779  -0.037855
      659 0.000776  -0.037670
      617 0.000708   0.034381
      599 0.000659   0.032014
      183 0.000631   0.030637
      704 0.000631  -0.030637
      562 0.000607  -0.029493
      582 0.000604  -0.029330
      621 0.000600  -0.029148
      670 0.000600   0.029144
      635 0.000594   0.028841
      735 0.000556  -0.026981
      578 0.000545   0.026460
      718 0.000530  -0.025752
      708 0.000523   0.025403
      341 0.000518   0.025164
      579 0.000515   0.025016
      733 0.000503   0.024408
      567 0.000494  -0.024006
      253 0.000493  -0.023920
      577 0.000490  -0.023790
      602 0.000489  -0.023736
      606 0.000486  -0.023595
      666 0.000458  -0.022223
      709 0.000436  -0.021188
      258 0.000435  -0.021104
      267 0.000433  -0.021043
      153 0.000433   0.021012
      698 0.000428  -0.020775
      696 0.000423  -0.020546
      220 0.000408  -0.019836
      174 0.000406   0.019708
      620 0.000398  -0.019348
       70 0.000375   0.018196
      575 0.000364   0.017672
      707 0.000355  -0.017231
      756 0.000351  -0.017030
      753 0.000347  -0.016856
      227 0.000334   0.016218
      641 0.000328  -0.015913
      700 0.000326   0.015848
      848 0.000319  -0.015499
      853 0.000319  -0.015494
      273 0.000316  -0.015335
      601 0.000313   0.015190
      210 0.000311  -0.015107
      412 0.000305  -0.014799
      699 0.000304  -0.014780
      137 0.000303  -0.014714
      583 0.000296  -0.014374
      230 0.000296  -0.014357
      757 0.000285  -0.013829
      683 0.000285   0.013829
      362 0.000280  -0.013585
      419 0.000276  -0.013400
      235 0.000275  -0.013380
      726 0.000274  -0.013287
      741 0.000273   0.013282
      269 0.000265  -0.012848
      243 0.000260   0.012642
      807 0.000258   0.012548
      739 0.000257  -0.012497
      793 0.000255  -0.012379
      587 0.000254   0.012316
      750 0.000253   0.012310
      759 0.000250  -0.012132
      263 0.000246  -0.011954
      763 0.000245   0.011903
      383 0.000244   0.011864
      631 0.000243  -0.011780
      787 0.000241   0.011709
      570 0.000236  -0.011453
      299 0.000234   0.011352
      403 0.000234   0.011342
      228 0.000229  -0.011136
      204 0.000227   0.011002
      818 0.000224  -0.010895
      239 0.000224   0.010879
      857 0.000221  -0.010750
      184 0.000211  -0.010255
      132 0.000210   0.010181
       69 0.000207   0.010072
      182 0.000205  -0.009969
      206 0.000202   0.009833
      576 0.000197  -0.009568
      337 0.000191  -0.009261
      824 0.000190   0.009239
      549 0.000188  -0.009136
      199 0.000184  -0.008936
      312 0.000183  -0.008892
      859 0.000182   0.008823
      392 0.000179   0.008670
      400 0.000178  -0.008658
      377 0.000175  -0.008522
      301 0.000174  -0.008472
      427 0.000172  -0.008330
      564 0.000171  -0.008320
      369 0.000171   0.008312
      290 0.000171   0.008285
      770 0.000170   0.008247
      247 0.000170   0.008239
      580 0.000169  -0.008193
      373 0.000168  -0.008172
      743 0.000167  -0.008116
      361 0.000165   0.008034
      829 0.000165   0.008014
      223 0.000164   0.007956
      241 0.000164   0.007944
      175 0.000158  -0.007698
      742 0.000158  -0.007697
      658 0.000157   0.007637
      591 0.000156   0.007554
      628 0.000155   0.007523
      711 0.000153   0.007421
      275 0.000152  -0.007358
      790 0.000151   0.007341
      795 0.000150   0.007268
      800 0.000149  -0.007219
      665 0.000146  -0.007110
      553 0.000146  -0.007072
      778 0.000145  -0.007051
      380 0.000143   0.006957
      356 0.000142  -0.006896
      605 0.000141  -0.006860
      332 0.000141  -0.006839
      604 0.000141  -0.006828
      574 0.000140  -0.006798
      801 0.000137  -0.006663
      728 0.000135  -0.006539
      257 0.000132  -0.006409
      398 0.000130  -0.006319
      773 0.000129   0.006261
      784 0.000128  -0.006239
      775 0.000127   0.006169
      279 0.000122  -0.005910
      864 0.000121   0.005877
      855 0.000121  -0.005866
      329 0.000120  -0.005827
      687 0.000119   0.005764
      943 0.000118   0.005709
      295 0.000117  -0.005697
      762 0.000117  -0.005693
      828 0.000117  -0.005689
      277 0.000117   0.005678
      354 0.000116   0.005626
      616 0.000114  -0.005548
      697 0.000113   0.005488
      884 0.000112  -0.005450
      201 0.000112  -0.005447
      820 0.000112  -0.005444
      629 0.000111  -0.005387
      667 0.000110   0.005335
      941 0.000109  -0.005310
      431 0.000108  -0.005240
      234 0.000107   0.005217
      423 0.000107  -0.005213
      298 0.000107  -0.005201
      566 0.000107   0.005185
      271 0.000107   0.005176
      251 0.000106  -0.005150
      690 0.000105   0.005081
      171 0.000102  -0.004964
      880 0.000102   0.004943
      585 0.000102  -0.004936
      769 0.000100   0.004864
      321 0.000100  -0.004833
      179 0.000099   0.004803
      557 0.000099  -0.004801
      600 0.000094  -0.004589
      684 0.000094  -0.004553
      782 0.000093  -0.004537
      436 0.000093   0.004504
      736 0.000092  -0.004481
      107 0.000092  -0.004454
      292 0.000091  -0.004419
      353 0.000090  -0.004372
      589 0.000089  -0.004312
      217 0.000089  -0.004309
      744 0.000088  -0.004294
       71 0.000088   0.004280
      262 0.000088  -0.004270
      847 0.000087   0.004241
      870 0.000087  -0.004240
      261 0.000087  -0.004234
      569 0.000087   0.004234
      815 0.000087  -0.004232
      638 0.000085  -0.004146
      826 0.000083  -0.004054
      843 0.000083  -0.004045
      561 0.000083   0.004015
      343 0.000082  -0.003964
      281 0.000080   0.003909
      799 0.000079  -0.003848
      748 0.000079  -0.003815
      908 0.000078  -0.003783
      808 0.000078   0.003767
      594 0.000077  -0.003725
      255 0.000077  -0.003721
      325 0.000076  -0.003713
      581 0.000076  -0.003701
      294 0.000075  -0.003658
       88 0.000074  -0.003615
       93 0.000074  -0.003600
      792 0.000073   0.003570
       91 0.000073  -0.003561
      283 0.000073   0.003542
      367 0.000072   0.003515
      611 0.000072  -0.003509
      734 0.000072  -0.003506
      948 0.000072   0.003483
      823 0.000070   0.003399
      291 0.000070   0.003391
      608 0.000069  -0.003373
      874 0.000069  -0.003355
      894 0.000069  -0.003343
      852 0.000069   0.003343
      844 0.000068  -0.003316
      765 0.000068   0.003304
      285 0.000067   0.003246
      840 0.000067  -0.003231
      302 0.000066  -0.003199
      974 0.000066   0.003188
      308 0.000065  -0.003172
      937 0.000065  -0.003168
      266 0.000065  -0.003157
      614 0.000065   0.003145
      572 0.000064  -0.003131
      278 0.000063   0.003072
      645 0.000062   0.003032
      198 0.000062  -0.003014
      957 0.000062   0.002996
      860 0.000062  -0.002988
      841 0.000060   0.002936
      573 0.000060   0.002922
      268 0.000060  -0.002909
      425 0.000059   0.002861
      978 0.000059   0.002861
      406 0.000059   0.002858
      849 0.000058  -0.002833
      560 0.000058  -0.002829
      319 0.000058   0.002827
      413 0.000058  -0.002826
      545 0.000058  -0.002820
      935 0.000058  -0.002816
      694 0.000058   0.002795
      386 0.000057   0.002785
      964 0.000057   0.002778
      428 0.000056   0.002744
      138 0.000056  -0.002732
      654 0.000055   0.002677
       48 0.000055   0.002675
       63 0.000055   0.002662
      988 0.000055  -0.002660
      722 0.000055  -0.002652
      904 0.000054   0.002645
      407 0.000053  -0.002597
      632 0.000053   0.002593
      322 0.000053  -0.002574
      414 0.000053   0.002566
      355 0.000052   0.002538
     1096 0.000052   0.002526
      539 0.000052   0.002520
      833 0.000052  -0.002508
      249 0.000052   0.002507
       12 0.000051   0.002496
      598 0.000051   0.002495
       11 0.000051  -0.002480
       55 0.000051   0.002453
      161 0.000049   0.002386
      950 0.000049  -0.002364
      780 0.000049   0.002361
      584 0.000049  -0.002359
      627 0.000048   0.002350
      942 0.000048   0.002342
      323 0.000048  -0.002324
     1005 0.000047   0.002306
      755 0.000047  -0.002287
      835 0.000047  -0.002269
     1095 0.000046  -0.002253
      364 0.000046   0.002251
      971 0.000046  -0.002241
      723 0.000046  -0.002240
      804 0.000046  -0.002223
      913 0.000046  -0.002218
       53 0.000045   0.002204
      528 0.000045   0.002202
      315 0.000045   0.002192
      649 0.000045  -0.002188
      104 0.000045   0.002187
      568 0.000045  -0.002186
      895 0.000045   0.002170
       54 0.000044   0.002141
      289 0.000043   0.002096
       28 0.000043  -0.002074
      650 0.000042  -0.002020
       23 0.000041  -0.002010
      366 0.000041   0.001997
      318 0.000041  -0.001993
      244 0.000041  -0.001987
      342 0.000041   0.001982
       46 0.000041   0.001981
      535 0.000041   0.001972
      402 0.000041   0.001971
       73 0.000040   0.001963
      346 0.000040   0.001955
      256 0.000040  -0.001951
      821 0.000040  -0.001943
       60 0.000039  -0.001914
       17 0.000039  -0.001913
       47 0.000039  -0.001907
      590 0.000039  -0.001889
      390 0.000039   0.001888
      831 0.000039   0.001885
       57 0.000039   0.001884
      842 0.000038  -0.001857
      882 0.000038   0.001850
      983 0.000038   0.001831
       42 0.000038  -0.001831
      798 0.000038  -0.001825
      830 0.000037   0.001810
      921 0.000037  -0.001804
      729 0.000037   0.001799
       56 0.000037  -0.001797
      701 0.000037  -0.001790
      193 0.000037   0.001788
      596 0.000037  -0.001785
      552 0.000036  -0.001738
      922 0.000035  -0.001709
      588 0.000035  -0.001696
      977 0.000035   0.001679
      409 0.000034  -0.001670
       25 0.000034   0.001658
       38 0.000034   0.001655
      597 0.000034  -0.001651
      248 0.000034  -0.001649
      675 0.000034   0.001636
       49 0.000034   0.001628
      169 0.000033  -0.001614
      803 0.000033   0.001596
       40 0.000032  -0.001573
      518 0.000032   0.001546
      832 0.000032   0.001533
       34 0.000031  -0.001526
     1073 0.000031  -0.001518
      802 0.000031   0.001518
       45 0.000031   0.001503
      837 0.000031   0.001502
      540 0.000031  -0.001500
       78 0.000031   0.001492
      779 0.000031  -0.001487
       22 0.000031  -0.001484
       30 0.000030   0.001469
      310 0.000030  -0.001451
      938 0.000030   0.001445
      491 0.000030   0.001445
     1009 0.000030  -0.001436
       51 0.000029  -0.001405
      717 0.000029   0.001404
      225 0.000029  -0.001397
      881 0.000029  -0.001388
       31 0.000028   0.001377
      448 0.000028   0.001371
      927 0.000028  -0.001367
      746 0.000028  -0.001359
      297 0.000028  -0.001359
      623 0.000028   0.001343
      216 0.000028   0.001339
      532 0.000028   0.001338
      445 0.000027  -0.001332
      794 0.000027   0.001327
      955 0.000027   0.001325
       50 0.000027  -0.001324
       35 0.000027  -0.001299
       19 0.000027   0.001299
      646 0.000027   0.001296
      270 0.000027   0.001288
      360 0.000026  -0.001286
      875 0.000026   0.001285
      284 0.000026   0.001268
      265 0.000026  -0.001255
      488 0.000026   0.001255
      613 0.000026   0.001249
      215 0.000026   0.001247
      226 0.000026  -0.001244
      131 0.000025   0.001232
      839 0.000025  -0.001230
      238 0.000025   0.001222
      934 0.000025  -0.001208
      242 0.000025  -0.001205
       62 0.000025  -0.001203
       66 0.000025   0.001199
      898 0.000025   0.001197
      838 0.000025  -0.001195
      899 0.000025   0.001195
      214 0.000024  -0.001185
      410 0.000024  -0.001177
       15 0.000024   0.001164
      424 0.000024  -0.001163
     1016 0.000024  -0.001160
      677 0.000024   0.001159
      720 0.000024   0.001150
       24 0.000024   0.001148
      592 0.000024   0.001148
      405 0.000024  -0.001144
      747 0.000023  -0.001136
      286 0.000023   0.001125
      640 0.000023  -0.001115
      524 0.000023  -0.001111
     1003 0.000023  -0.001105
      475 0.000023  -0.001102
      902 0.000023   0.001099
      662 0.000022  -0.001087
     1020 0.000022  -0.001085
      636 0.000022  -0.001085
      933 0.000022   0.001072
       36 0.000022  -0.001071
      542 0.000022   0.001070
      148 0.000022   0.001064
      382 0.000022   0.001055
     1034 0.000022  -0.001053
      530 0.000022   0.001052
      691 0.000022  -0.001050
      236 0.000022   0.001049
      959 0.000022  -0.001049
      916 0.000021  -0.001040
      313 0.000021  -0.001033
      702 0.000021  -0.001030
      526 0.000021   0.001020
      805 0.000021  -0.001019
      647 0.000021   0.001012
      876 0.000021   0.001002
     1010 0.000021   0.000997
      222 0.000020   0.000991
       16 0.000020  -0.000986
      287 0.000020  -0.000974
      609 0.000020  -0.000972
      705 0.000020  -0.000957
      610 0.000019  -0.000938
      282 0.000019   0.000934
       98 0.000019  -0.000928
      693 0.000019  -0.000924
      928 0.000019  -0.000914
      245 0.000019  -0.000912
       83 0.000019   0.000911
      374 0.000019   0.000909
     1040 0.000019  -0.000906
      879 0.000019  -0.000900
      357 0.000019   0.000900
      776 0.000018  -0.000891
       86 0.000018  -0.000890
      868 0.000018   0.000886
       61 0.000018   0.000881
       76 0.000018   0.000879
     1032 0.000018   0.000877
      333 0.000018  -0.000875
      637 0.000018   0.000869
      664 0.000018  -0.000856
      655 0.000018   0.000854
      394 0.000017   0.000848
      272 0.000017  -0.000841
      304 0.000017  -0.000838
      397 0.000017  -0.000838
       29 0.000017  -0.000837
      633 0.000017   0.000833
      259 0.000017  -0.000833
        8 0.000017   0.000830
        7 0.000017  -0.000828
      502 0.000017   0.000824
      309 0.000017   0.000820
       18 0.000017  -0.000811
       43 0.000017  -0.000808
      432 0.000017   0.000807
      330 0.000017   0.000804
      714 0.000016  -0.000799
      514 0.000016   0.000797
      232 0.000016  -0.000797
       74 0.000016   0.000791
      359 0.000016  -0.000790
      669 0.000016  -0.000789
      399 0.000016   0.000787
      479 0.000016   0.000785
      656 0.000016  -0.000771
      437 0.000016   0.000770
      713 0.000016  -0.000770
       58 0.000016  -0.000770
      505 0.000016   0.000769
      519 0.000016   0.000767
      856 0.000016   0.000762
      250 0.000016   0.000762
       80 0.000016  -0.000759
       21 0.000015  -0.000751
      209 0.000015   0.000750
      213 0.000015  -0.000747
      738 0.000015   0.000741
      192 0.000015  -0.000739
      254 0.000015  -0.000739
       99 0.000015   0.000737
      455 0.000015  -0.000725
      103 0.000015  -0.000725
      966 0.000015   0.000723
      724 0.000015   0.000721
      536 0.000015  -0.000719
      740 0.000015   0.000719
      324 0.000015  -0.000719
      489 0.000015   0.000717
      987 0.000015   0.000713
      949 0.000015   0.000712
      994 0.000015  -0.000710
      903 0.000015   0.000709
       52 0.000015  -0.000709
       64 0.000014  -0.000703
      288 0.000014   0.000703
      463 0.000014  -0.000702
      195 0.000014   0.000700
      680 0.000014  -0.000698
       79 0.000014  -0.000693
      401 0.000014  -0.000691
      772 0.000014  -0.000691
      936 0.000014  -0.000691
      625 0.000014   0.000675
      105 0.000014  -0.000670
      185 0.000014  -0.000670
      307 0.000014   0.000666
      809 0.000014   0.000666
      512 0.000014  -0.000658
       67 0.000014   0.000657
      368 0.000013  -0.000654
      196 0.000013   0.000651
       41 0.000013  -0.000650
      349 0.000013  -0.000649
      338 0.000013  -0.000646
      458 0.000013   0.000638
      984 0.000013  -0.000633
      732 0.000013   0.000629
       95 0.000013   0.000626
      237 0.000013   0.000619
     1001 0.000013  -0.000615
      766 0.000012  -0.000605
      901 0.000012  -0.000599
      348 0.000012   0.000599
       59 0.000012  -0.000584
      661 0.000012   0.000584
      240 0.000012  -0.000582
       10 0.000012   0.000581
       37 0.000012   0.000575
      789 0.000012   0.000571
       97 0.000012   0.000568
      653 0.000012  -0.000563
      252 0.000012  -0.000562
      326 0.000012  -0.000561
      450 0.000012  -0.000559
       32 0.000011  -0.000559
       87 0.000011  -0.000558
      264 0.000011   0.000554
      858 0.000011  -0.000553
      673 0.000011   0.000551
      681 0.000011   0.000544
      478 0.000011   0.000538
      644 0.000011  -0.000533
      358 0.000011   0.000532
      163 0.000011  -0.000525
      334 0.000011  -0.000524
      317 0.000011  -0.000520
      449 0.000011  -0.000518
      854 0.000011  -0.000517
      619 0.000011   0.000514
      112 0.000011  -0.000511
     1046 0.000011  -0.000511
      767 0.000010  -0.000509
       94 0.000010   0.000509
      197 0.000010  -0.000507
      791 0.000010  -0.000505
      796 0.000010   0.000499
       90 0.000010   0.000497
      335 0.000010   0.000496
      224 0.000010  -0.000491
      189 0.000010  -0.000490
       26 0.000010   0.000490
      351 0.000010   0.000489
       92 0.000010   0.000487
euclid. distance of OLC and linear combination of EV * x_coef: 0.004749876912646236

Generate samples based on objective loadcase 802
nr_to_generate: 25

Parameter variation distribution settings
distribution: uniform
low: 0.7
high: 1.3

Total process runtime: 0:00:01.381037
