Date and Time:2023-05-12 14:27:50.603414

Initial Settings:
similarity_model: <function cosine_similarity at 0x000001D005A6E5E0>
similarity_threshold: 1e-05
nr_eigv_to_select: None
distribution: uniform
deviation: 0.3
nr_to_generate: 25
recompute: False

Selected eigenvectors and similarity score w.r.t objective loadcase:
objective_loadcase_nr: 991
similarity_model: cosine_similarity
similarity_threshold: 1e-05
nr_eigv_to_select: None
nr_eigv_selected: 469
approximation parameter model: lstsq
similarity score and approx. param. value
:  eigv_idx    score      value
        3 0.549913  60.228791
        1 0.542958  59.466999
        2 0.501357 -54.910747
        0 0.385200  42.188686
        6 0.048702   5.333998
       39 0.022024   2.412138
        4 0.010969   1.201394
      639 0.003704   0.405706
      186 0.002261  -0.247615
      593 0.002137  -0.234018
      612 0.002098  -0.229740
      586 0.001967   0.215420
      218 0.001961  -0.214783
      716 0.001570   0.171952
      710 0.001562  -0.171106
      187 0.001484  -0.162524
      663 0.001353  -0.148203
      618 0.001323   0.144896
      595 0.001261   0.138072
      668 0.001260   0.137957
       68 0.001185  -0.129799
      194 0.001026   0.112375
      626 0.000991   0.108516
      686 0.000951  -0.104152
      659 0.000943  -0.103291
      388 0.000934  -0.102313
      143 0.000896   0.098186
      617 0.000881   0.096447
      599 0.000813   0.089093
      688 0.000811  -0.088774
      562 0.000773  -0.084684
      635 0.000764   0.083672
      182 0.000760  -0.083192
      582 0.000758  -0.083019
      670 0.000743   0.081347
      183 0.000712   0.077933
      621 0.000708  -0.077538
      578 0.000702   0.076856
      749 0.000665  -0.072839
      733 0.000629   0.068852
      700 0.000629   0.068840
      579 0.000623   0.068248
      698 0.000605  -0.066249
      184 0.000596  -0.065244
      341 0.000593   0.064991
      683 0.000589   0.064529
      704 0.000566  -0.062024
      718 0.000552  -0.060505
      602 0.000530  -0.058086
      666 0.000524  -0.057367
      253 0.000523  -0.057319
      567 0.000518  -0.056751
      606 0.000515  -0.056438
      577 0.000496  -0.054323
      708 0.000493   0.053990
      153 0.000481   0.052641
      174 0.000464   0.050815
      735 0.000431  -0.047254
      220 0.000423  -0.046286
      575 0.000420   0.045958
      641 0.000418  -0.045825
      699 0.000418  -0.045733
      620 0.000416  -0.045568
      267 0.000405  -0.044380
       69 0.000403   0.044138
      709 0.000402  -0.043990
      583 0.000389  -0.042557
      210 0.000385  -0.042188
      601 0.000371   0.040668
       71 0.000358   0.039264
      848 0.000353  -0.038675
      707 0.000348  -0.038150
      696 0.000346  -0.037861
      807 0.000341   0.037367
      228 0.000335  -0.036704
      258 0.000334  -0.036618
      412 0.000333  -0.036435
      419 0.000326  -0.035717
      362 0.000324  -0.035507
      204 0.000322   0.035288
      403 0.000316   0.034576
      179 0.000311   0.034098
      631 0.000310  -0.033921
      383 0.000308   0.033702
      753 0.000306  -0.033509
      756 0.000301  -0.032931
      587 0.000290   0.031779
      757 0.000280  -0.030652
      570 0.000276  -0.030207
      604 0.000268  -0.029353
      171 0.000268  -0.029308
      137 0.000267  -0.029195
      199 0.000263  -0.028817
      243 0.000261   0.028612
      793 0.000245  -0.026808
      273 0.000241  -0.026368
      377 0.000238  -0.026058
      576 0.000235  -0.025737
      230 0.000231  -0.025311
      741 0.000226   0.024754
      853 0.000225  -0.024606
      580 0.000216  -0.023611
      269 0.000214  -0.023436
      739 0.000214  -0.023408
      400 0.000213  -0.023303
      564 0.000212  -0.023232
      628 0.000208   0.022814
       70 0.000204   0.022363
      658 0.000204   0.022352
      235 0.000201  -0.022069
      800 0.000198  -0.021669
      299 0.000196   0.021488
      301 0.000195  -0.021327
      815 0.000192  -0.021052
      427 0.000192  -0.021046
      941 0.000191  -0.020906
      132 0.000189   0.020728
      828 0.000189  -0.020716
      573 0.000188   0.020604
      665 0.000187  -0.020515
      175 0.000185  -0.020281
      369 0.000185   0.020241
      585 0.000183  -0.020096
      356 0.000183  -0.019999
      549 0.000179  -0.019616
      784 0.000176  -0.019304
      820 0.000175  -0.019134
      247 0.000174   0.019047
      743 0.000174  -0.019010
      787 0.000173   0.019000
      227 0.000171   0.018711
      667 0.000169   0.018455
      255 0.000168  -0.018430
      574 0.000168  -0.018399
      750 0.000167   0.018331
      687 0.000165   0.018120
      254 0.000165   0.018031
      271 0.000164   0.017967
      239 0.000163   0.017880
      361 0.000163   0.017851
      557 0.000163  -0.017838
      855 0.000162  -0.017772
      726 0.000162  -0.017733
      277 0.000159   0.017386
      711 0.000158   0.017279
      263 0.000157  -0.017211
      373 0.000154  -0.016850
      217 0.000151  -0.016533
      392 0.000150   0.016472
      795 0.000148   0.016247
      553 0.000145  -0.015924
      818 0.000144  -0.015732
      605 0.000144  -0.015723
      312 0.000142  -0.015544
      206 0.000142   0.015511
      380 0.000141   0.015486
      857 0.000141  -0.015483
      257 0.000139  -0.015278
      398 0.000139  -0.015249
      808 0.000139   0.015214
      742 0.000134  -0.014703
      354 0.000133   0.014561
      591 0.000132   0.014473
      295 0.000131  -0.014324
      161 0.000130   0.014281
      697 0.000127   0.013963
      423 0.000127  -0.013902
      353 0.000127  -0.013858
      908 0.000126  -0.013831
      431 0.000126  -0.013752
      790 0.000125   0.013686
      690 0.000124   0.013597
      736 0.000123  -0.013514
      566 0.000123   0.013482
      294 0.000122  -0.013374
      275 0.000120  -0.013184
      645 0.000120   0.013129
      974 0.000119   0.013071
      223 0.000118   0.012962
      847 0.000118   0.012951
      234 0.000117   0.012847
      778 0.000117  -0.012821
      616 0.000117  -0.012807
      824 0.000115   0.012553
      629 0.000113  -0.012372
      799 0.000113  -0.012355
      148 0.000112   0.012317
      638 0.000112  -0.012249
      241 0.000111   0.012187
      436 0.000111   0.012162
      581 0.000109  -0.011902
      840 0.000108  -0.011861
      600 0.000107  -0.011700
      882 0.000106   0.011594
      859 0.000106   0.011577
      569 0.000104   0.011343
      236 0.000103   0.011238
      337 0.000100  -0.010974
      596 0.000099  -0.010895
      266 0.000099  -0.010868
      684 0.000098  -0.010701
      844 0.000097  -0.010636
      829 0.000097   0.010581
      611 0.000096  -0.010496
      584 0.000096  -0.010493
      561 0.000095   0.010404
      355 0.000094   0.010315
      281 0.000093   0.010238
      261 0.000093  -0.010197
      262 0.000093  -0.010159
      332 0.000091  -0.010006
      640 0.000089  -0.009770
     1095 0.000088  -0.009692
      251 0.000088  -0.009630
      279 0.000087  -0.009555
      268 0.000087  -0.009538
      107 0.000086  -0.009448
      594 0.000086  -0.009386
      744 0.000085  -0.009267
      734 0.000084  -0.009220
      632 0.000083   0.009140
      292 0.000083  -0.009067
      572 0.000082  -0.008933
      723 0.000081  -0.008918
      367 0.000081   0.008869
      832 0.000081   0.008860
      298 0.000080  -0.008809
      937 0.000080  -0.008741
      302 0.000078  -0.008592
      728 0.000078  -0.008545
      209 0.000078  -0.008539
      560 0.000078  -0.008523
      308 0.000078  -0.008521
      740 0.000078  -0.008501
      291 0.000077   0.008424
      343 0.000077  -0.008384
      798 0.000077   0.008383
      978 0.000075   0.008243
      748 0.000075  -0.008193
      955 0.000075   0.008173
      552 0.000074  -0.008091
     1005 0.000074   0.008085
      782 0.000074  -0.008064
      722 0.000073  -0.007999
      222 0.000072  -0.007909
      394 0.000072   0.007873
       91 0.000070  -0.007709
      913 0.000070  -0.007684
      948 0.000070   0.007654
      654 0.000070   0.007648
      614 0.000069   0.007563
      290 0.000069   0.007515
      843 0.000069  -0.007508
      329 0.000068  -0.007483
      428 0.000067   0.007360
       88 0.000067  -0.007356
      249 0.000067  -0.007294
      364 0.000066   0.007192
      879 0.000065  -0.007157
      289 0.000065   0.007137
      386 0.000065   0.007123
      701 0.000065  -0.007091
      325 0.000064  -0.007062
      922 0.000064  -0.007042
      775 0.000064   0.007042
      425 0.000063   0.006933
      374 0.000063   0.006931
      545 0.000063  -0.006889
      414 0.000063   0.006873
      770 0.000062   0.006797
      539 0.000061   0.006734
      776 0.000060  -0.006542
      831 0.000060   0.006517
      322 0.000059  -0.006508
      826 0.000059  -0.006476
       93 0.000059  -0.006437
      193 0.000058  -0.006330
      891 0.000058  -0.006327
      590 0.000058  -0.006314
      895 0.000057   0.006288
      627 0.000057   0.006275
      319 0.000057   0.006275
      597 0.000056  -0.006177
      792 0.000055   0.006058
      803 0.000054   0.005960
      104 0.000054   0.005943
      821 0.000054  -0.005933
      860 0.000054  -0.005893
      226 0.000053  -0.005808
      528 0.000053   0.005807
      773 0.000053   0.005789
      863 0.000053  -0.005776
      359 0.000052  -0.005723
      313 0.000052  -0.005663
      225 0.000051  -0.005592
      201 0.000050  -0.005491
      765 0.000050   0.005469
      321 0.000049  -0.005405
      169 0.000049  -0.005351
      694 0.000048   0.005269
      763 0.000048   0.005212
      864 0.000047   0.005178
      535 0.000045   0.004964
      650 0.000045  -0.004917
      802 0.000044   0.004821
      588 0.000044   0.004817
      789 0.000043   0.004755
      542 0.000043   0.004725
      297 0.000043  -0.004702
      390 0.000043   0.004699
      801 0.000042  -0.004625
      323 0.000041  -0.004486
      881 0.000041  -0.004447
      870 0.000040  -0.004363
      407 0.000040  -0.004343
      540 0.000039  -0.004319
      943 0.000039   0.004287
      987 0.000039   0.004263
      928 0.000039  -0.004236
      823 0.000038   0.004205
      589 0.000038  -0.004141
      769 0.000037   0.004042
      357 0.000037   0.004027
      315 0.000037   0.004024
      518 0.000037   0.004011
      491 0.000036   0.003990
      283 0.000036   0.003957
      409 0.000036  -0.003891
      286 0.000036   0.003889
      867 0.000035   0.003836
     1001 0.000035  -0.003810
      448 0.000035   0.003792
      240 0.000034   0.003748
      636 0.000034  -0.003740
      933 0.000034   0.003713
      532 0.000034   0.003713
      874 0.000034  -0.003675
      360 0.000033  -0.003660
      488 0.000033   0.003652
      342 0.000033   0.003613
      397 0.000033  -0.003590
      762 0.000033   0.003564
      894 0.000032  -0.003518
      410 0.000032  -0.003491
      858 0.000032  -0.003486
      350 0.000032  -0.003459
      904 0.000031   0.003437
      310 0.000031  -0.003427
      759 0.000031   0.003344
     1032 0.000030   0.003325
      880 0.000030   0.003278
      475 0.000030  -0.003278
      445 0.000030  -0.003245
     1025 0.000029   0.003219
      965 0.000029  -0.003218
      237 0.000029  -0.003184
      524 0.000029  -0.003159
      942 0.000029   0.003140
      530 0.000029   0.003126
      993 0.000029   0.003124
      842 0.000028  -0.003121
      677 0.000028   0.003100
      649 0.000028  -0.003070
      244 0.000028  -0.003042
      950 0.000027  -0.002967
      333 0.000026  -0.002845
      424 0.000026  -0.002840
      245 0.000025  -0.002780
     1034 0.000025  -0.002698
      805 0.000025  -0.002698
     1017 0.000024   0.002656
      346 0.000024   0.002646
      938 0.000023   0.002552
      608 0.000023  -0.002504
      884 0.000023  -0.002502
      900 0.000023  -0.002498
      526 0.000023   0.002495
      131 0.000023   0.002486
      285 0.000023   0.002475
      603 0.000022  -0.002389
      794 0.000022   0.002361
      432 0.000021   0.002325
      284 0.000021   0.002308
      479 0.000021   0.002302
      917 0.000021   0.002264
      232 0.000021  -0.002249
      643 0.000020  -0.002239
      856 0.000020   0.002234
      685 0.000020  -0.002232
      814 0.000020   0.002201
      519 0.000020   0.002183
      324 0.000020  -0.002163
      347 0.000020  -0.002152
      455 0.000020  -0.002149
      502 0.000020   0.002147
      216 0.000020  -0.002145
      714 0.000020  -0.002136
      514 0.000019   0.002133
      536 0.000019  -0.002106
      662 0.000019  -0.002084
      463 0.000019  -0.002042
      437 0.000018   0.002021
      568 0.000018  -0.002016
      907 0.000018   0.001995
      512 0.000018  -0.001976
      646 0.000018   0.001943
      680 0.000018   0.001942
      138 0.000018   0.001928
      935 0.000017  -0.001907
      727 0.000017  -0.001904
     1052 0.000017   0.001900
      804 0.000017  -0.001894
      949 0.000017   0.001886
     1073 0.000017  -0.001857
      489 0.000017   0.001857
      830 0.000017   0.001842
      215 0.000017  -0.001816
     1010 0.000017   0.001813
      224 0.000016  -0.001798
      458 0.000016   0.001779
       81 0.000016   0.001764
      229 0.000016   0.001763
      505 0.000016   0.001717
      732 0.000016   0.001709
       98 0.000015  -0.001675
      811 0.000015   0.001668
       80 0.000015  -0.001656
      318 0.000015  -0.001618
      248 0.000015  -0.001609
      242 0.000015   0.001607
      214 0.000015   0.001607
      538 0.000014   0.001582
      755 0.000014  -0.001561
      450 0.000014  -0.001559
      921 0.000014  -0.001554
      927 0.000014  -0.001548
      221 0.000014   0.001521
      363 0.000014   0.001512
      702 0.000014  -0.001509
      809 0.000014   0.001481
      213 0.000013   0.001474
      816 0.000013   0.001456
      835 0.000013  -0.001438
      382 0.000013   0.001437
      852 0.000013   0.001436
      971 0.000013  -0.001426
      328 0.000013  -0.001414
      351 0.000013  -0.001404
      934 0.000012  -0.001365
      483 0.000012  -0.001345
      610 0.000012  -0.001311
      883 0.000012   0.001300
      619 0.000012   0.001277
     1047 0.000011   0.001224
      478 0.000011   0.001215
      487 0.000011  -0.001208
      366 0.000011   0.001201
      634 0.000011  -0.001195
      810 0.000011   0.001194
      250 0.000011   0.001190
      462 0.000011   0.001189
      713 0.000011   0.001171
      461 0.000011   0.001167
      473 0.000011  -0.001165
     1061 0.000010  -0.001136
       95 0.000010  -0.001130
      452 0.000010  -0.001122
      426 0.000010   0.001122
      681 0.000010  -0.001109
euclid. distance of OLC and linear combination of EV * x_coef: 0.009776095559148214

Generate samples based on objective loadcase 991
nr_to_generate: 25

Parameter variation distribution settings
distribution: uniform
low: 0.7
high: 1.3

Total process runtime: 0:00:01.292984
