Date and Time:2023-05-12 14:24:06.298592

Initial Settings:
similarity_model: <function cosine_similarity at 0x000001D005A6E5E0>
similarity_threshold: 1e-05
nr_eigv_to_select: None
distribution: uniform
deviation: 0.3
nr_to_generate: 25
recompute: False

Selected eigenvectors and similarity score w.r.t objective loadcase:
objective_loadcase_nr: 824
similarity_model: cosine_similarity
similarity_threshold: 1e-05
nr_eigv_to_select: None
nr_eigv_selected: 565
approximation parameter model: lstsq
similarity score and approx. param. value
:  eigv_idx    score      value
        1 0.557569  52.743688
        3 0.539063  50.993151
        2 0.484299 -45.812659
        0 0.401051  37.937804
        6 0.052324   4.949599
       39 0.014562   1.377460
        4 0.010062   0.951795
       68 0.004207  -0.397967
      639 0.003436   0.325075
      186 0.002112  -0.199760
      612 0.001930  -0.182548
      593 0.001818  -0.171972
      586 0.001667   0.157669
      716 0.001530   0.144692
      710 0.001513  -0.143115
      618 0.001511   0.142918
      218 0.001510  -0.142884
      187 0.001458  -0.137938
       71 0.001443  -0.136519
      663 0.001374  -0.129934
      668 0.001355   0.128187
      182 0.001183  -0.111884
       69 0.001171  -0.110742
      143 0.001149   0.108661
      595 0.001014   0.095899
      659 0.000995  -0.094085
      194 0.000966   0.091399
      617 0.000955   0.090328
      184 0.000942  -0.089089
      749 0.000901  -0.085193
      686 0.000890  -0.084168
      688 0.000809  -0.076525
      388 0.000796  -0.075275
      579 0.000741   0.070068
      700 0.000735   0.069487
      635 0.000727   0.068749
      599 0.000721   0.068159
      683 0.000720   0.068096
      626 0.000708   0.066996
       70 0.000706   0.066743
      183 0.000699   0.066122
      562 0.000692  -0.065505
      582 0.000686  -0.064928
      578 0.000636   0.060181
      670 0.000610   0.057724
      621 0.000572  -0.054084
      735 0.000563  -0.053288
      666 0.000555  -0.052491
      733 0.000540   0.051120
      698 0.000533  -0.050388
      602 0.000513  -0.048484
      253 0.000511  -0.048353
      137 0.000499  -0.047188
      179 0.000498   0.047133
      341 0.000495   0.046781
      228 0.000494  -0.046729
      708 0.000491   0.046455
      171 0.000473  -0.044698
      153 0.000443   0.041899
      606 0.000404  -0.038244
      220 0.000402  -0.038041
      174 0.000392   0.037120
      641 0.000390  -0.036903
      362 0.000385  -0.036376
      709 0.000384  -0.036313
      718 0.000377  -0.035640
      567 0.000372  -0.035144
      756 0.000371  -0.035057
      243 0.000365   0.034485
      210 0.000360  -0.034078
      583 0.000358  -0.033876
      699 0.000353  -0.033390
      757 0.000351  -0.033213
      577 0.000342  -0.032345
      741 0.000336   0.031773
      575 0.000333   0.031547
      631 0.000326  -0.030856
      576 0.000321  -0.030327
      620 0.000301  -0.028452
      628 0.000301   0.028442
      604 0.000297  -0.028090
      132 0.000294   0.027831
      853 0.000290  -0.027449
      267 0.000288  -0.027264
      419 0.000281  -0.026596
      848 0.000277  -0.026172
      739 0.000273  -0.025864
      807 0.000273   0.025778
      412 0.000272  -0.025763
      787 0.000271   0.025643
      258 0.000264  -0.025011
      400 0.000259  -0.024508
      403 0.000252   0.023875
      704 0.000252  -0.023860
      601 0.000252   0.023859
      254 0.000249   0.023578
      587 0.000244   0.023118
      750 0.000240   0.022712
      271 0.000238   0.022503
      573 0.000237   0.022413
      277 0.000236   0.022352
      148 0.000235   0.022203
      161 0.000229   0.021661
      361 0.000227   0.021513
      377 0.000219  -0.020731
      658 0.000214   0.020243
       91 0.000209  -0.019787
      383 0.000207   0.019605
      815 0.000205  -0.019406
      580 0.000201  -0.019043
      204 0.000197   0.018676
      753 0.000193  -0.018269
      564 0.000193  -0.018265
      549 0.000193  -0.018238
      640 0.000189  -0.017868
      355 0.000186   0.017639
      570 0.000185  -0.017457
      236 0.000183   0.017331
      941 0.000179  -0.016963
      234 0.000178   0.016885
      367 0.000178   0.016874
      707 0.000178  -0.016817
      857 0.000176  -0.016679
      566 0.000173   0.016403
      138 0.000173   0.016329
      665 0.000172  -0.016313
      373 0.000172  -0.016247
      249 0.000171  -0.016157
      687 0.000170   0.016120
      759 0.000169   0.016023
      199 0.000167  -0.015813
      828 0.000166  -0.015704
      427 0.000165  -0.015622
      800 0.000164  -0.015554
      301 0.000159  -0.015018
      820 0.000159  -0.015018
      198 0.000158   0.014947
      743 0.000157  -0.014823
      262 0.000156  -0.014777
      175 0.000154  -0.014581
      398 0.000151  -0.014325
      299 0.000151   0.014293
      257 0.000151  -0.014281
      818 0.000151  -0.014259
      711 0.000150   0.014208
      790 0.000147   0.013908
      798 0.000145   0.013689
      605 0.000143  -0.013574
      847 0.000143   0.013535
      380 0.000142   0.013468
      726 0.000141  -0.013372
      107 0.000140  -0.013202
      255 0.000139  -0.013161
      295 0.000138  -0.013089
      273 0.000138  -0.013088
      353 0.000135  -0.012817
      312 0.000135  -0.012743
      793 0.000134  -0.012665
      690 0.000134   0.012644
      574 0.000133  -0.012606
      392 0.000133   0.012536
      859 0.000132   0.012526
      557 0.000131  -0.012431
      436 0.000130   0.012325
      667 0.000129   0.012218
      294 0.000129  -0.012188
      784 0.000126  -0.011897
      684 0.000125  -0.011859
      855 0.000125  -0.011794
      247 0.000125   0.011788
      824 0.000120   0.011368
      222 0.000119  -0.011237
      801 0.000118  -0.011137
      808 0.000118   0.011128
      908 0.000117  -0.011075
      308 0.000117  -0.011045
      281 0.000117   0.011025
      600 0.000116  -0.010980
      561 0.000115   0.010868
      261 0.000113  -0.010643
      431 0.000112  -0.010548
      974 0.000111   0.010517
      269 0.000111  -0.010501
      645 0.000111   0.010478
      390 0.000111   0.010476
      423 0.000110  -0.010425
      364 0.000110  -0.010371
      241 0.000109   0.010342
      581 0.000107  -0.010076
      829 0.000106   0.010038
      572 0.000105  -0.009936
      770 0.000105   0.009918
      882 0.000104   0.009792
      266 0.000103  -0.009743
      762 0.000102   0.009671
      275 0.000102  -0.009657
      795 0.000100   0.009491
      723 0.000100  -0.009475
      629 0.000100  -0.009449
      840 0.000099  -0.009380
      740 0.000098  -0.009313
      359 0.000098   0.009297
      734 0.000097  -0.009152
      799 0.000095  -0.008984
      614 0.000094   0.008869
      611 0.000094  -0.008856
      696 0.000093  -0.008823
      217 0.000093  -0.008813
      585 0.000093  -0.008768
      638 0.000092  -0.008749
      843 0.000092  -0.008712
      235 0.000092  -0.008705
      302 0.000090  -0.008536
      742 0.000090  -0.008487
      193 0.000088  -0.008335
      407 0.000087  -0.008196
      773 0.000086   0.008179
      736 0.000085  -0.008073
      697 0.000085   0.008069
      297 0.000085  -0.008038
     1095 0.000084  -0.007925
      386 0.000083   0.007850
      594 0.000081  -0.007705
      428 0.000081   0.007651
      844 0.000081  -0.007630
      552 0.000080  -0.007602
      349 0.000080  -0.007542
      584 0.000080  -0.007537
      778 0.000079  -0.007504
      955 0.000079   0.007477
      803 0.000078   0.007424
      397 0.000077  -0.007300
      805 0.000077  -0.007273
      414 0.000077   0.007267
      335 0.000076   0.007189
      744 0.000076  -0.007176
      728 0.000075  -0.007102
      319 0.000075   0.007062
      343 0.000074  -0.007030
      354 0.000074   0.007004
      350 0.000074   0.006987
      782 0.000073  -0.006947
      597 0.000073  -0.006873
      603 0.000073  -0.006872
      701 0.000072  -0.006847
      553 0.000072  -0.006829
      545 0.000072  -0.006812
      230 0.000071  -0.006724
      937 0.000071  -0.006692
      832 0.000069   0.006548
      802 0.000067   0.006339
     1005 0.000067   0.006317
      826 0.000067  -0.006309
      425 0.000066   0.006273
      632 0.000066   0.006265
      239 0.000066   0.006223
      864 0.000065   0.006144
      913 0.000065  -0.006143
      402 0.000065   0.006120
      320 0.000065  -0.006113
      879 0.000064  -0.006090
      264 0.000064   0.006071
      591 0.000063   0.006005
      357 0.000063  -0.006000
      763 0.000063  -0.005991
      323 0.000063  -0.005971
      978 0.000063   0.005957
      406 0.000062   0.005879
      318 0.000062   0.005859
      748 0.000061  -0.005786
      259 0.000061   0.005776
      216 0.000061   0.005763
      922 0.000061  -0.005746
      268 0.000061  -0.005745
      823 0.000060   0.005716
      863 0.000060  -0.005697
      789 0.000060   0.005679
      292 0.000060  -0.005671
      891 0.000060  -0.005666
      223 0.000058   0.005503
      608 0.000058  -0.005486
      209 0.000058  -0.005484
      214 0.000057  -0.005388
      289 0.000057   0.005359
      765 0.000057   0.005350
      654 0.000056   0.005343
      589 0.000056  -0.005340
      539 0.000056   0.005273
      263 0.000054  -0.005153
      169 0.000053  -0.005032
      374 0.000053   0.005015
      315 0.000053   0.004999
      948 0.000052   0.004953
      366 0.000052   0.004932
      226 0.000052   0.004921
      369 0.000052   0.004913
      232 0.000051  -0.004857
      830 0.000051   0.004846
      342 0.000051   0.004842
      409 0.000051  -0.004815
      870 0.000050  -0.004774
      895 0.000050   0.004747
      943 0.000050   0.004736
      337 0.000050  -0.004705
      560 0.000049  -0.004662
       93 0.000049   0.004629
      677 0.000048   0.004579
      276 0.000048  -0.004572
      225 0.000048   0.004539
      569 0.000047   0.004490
      874 0.000047  -0.004465
      296 0.000046   0.004393
      528 0.000046   0.004357
      332 0.000046  -0.004356
      722 0.000046  -0.004340
      382 0.000046  -0.004334
      894 0.000046  -0.004332
      880 0.000046   0.004331
      540 0.000046  -0.004325
      776 0.000046  -0.004320
      330 0.000045   0.004261
      227 0.000045   0.004246
      884 0.000045  -0.004213
      542 0.000044   0.004206
      333 0.000044   0.004176
      904 0.000043   0.004093
      215 0.000042   0.004000
       88 0.000042   0.003988
      286 0.000042   0.003958
      347 0.000042   0.003939
      831 0.000041   0.003912
      360 0.000041   0.003906
      405 0.000041  -0.003886
      131 0.000041  -0.003854
      867 0.000040   0.003825
      987 0.000039   0.003728
      213 0.000039  -0.003726
      860 0.000039  -0.003696
      448 0.000039   0.003679
      310 0.000038  -0.003638
      821 0.000038  -0.003636
      260 0.000038  -0.003607
      251 0.000038  -0.003589
      609 0.000038  -0.003576
      881 0.000037  -0.003530
      206 0.000037  -0.003522
      613 0.000037  -0.003518
      293 0.000037  -0.003514
      928 0.000037  -0.003513
      314 0.000037   0.003507
      838 0.000036   0.003415
      965 0.000036  -0.003388
      313 0.000035  -0.003353
      535 0.000035   0.003352
     1001 0.000035  -0.003334
      326 0.000035  -0.003323
      596 0.000035  -0.003280
      291 0.000034   0.003249
      780 0.000034  -0.003204
      650 0.000033  -0.003167
      610 0.000033   0.003094
      518 0.000033   0.003088
      839 0.000033  -0.003087
      272 0.000033  -0.003087
      993 0.000033   0.003075
      950 0.000032  -0.003064
      858 0.000032  -0.003058
      933 0.000032   0.003010
      164 0.000032  -0.002998
      530 0.000032   0.002981
      445 0.000031  -0.002957
      625 0.000031  -0.002910
      384 0.000031  -0.002892
      356 0.000031  -0.002885
     1025 0.000030   0.002878
      662 0.000030  -0.002877
      942 0.000030   0.002869
      636 0.000030  -0.002832
      491 0.000030   0.002821
      792 0.000030   0.002807
      248 0.000029   0.002781
      368 0.000029   0.002781
      713 0.000029   0.002760
      322 0.000029  -0.002755
      410 0.000029  -0.002736
      325 0.000028  -0.002691
      432 0.000028   0.002646
      274 0.000028   0.002644
      224 0.000028  -0.002633
      424 0.000028  -0.002619
      588 0.000028  -0.002609
      727 0.000028  -0.002606
     1032 0.000028   0.002604
      309 0.000027  -0.002590
      675 0.000027   0.002585
      532 0.000027   0.002539
      221 0.000026  -0.002453
      837 0.000026   0.002424
      488 0.000025   0.002410
      304 0.000025   0.002383
      475 0.000025  -0.002367
      250 0.000025  -0.002364
      387 0.000025   0.002362
      283 0.000025   0.002352
      401 0.000025  -0.002339
     1017 0.000025   0.002327
      298 0.000024  -0.002258
      712 0.000024  -0.002250
      524 0.000024  -0.002245
      694 0.000024  -0.002234
      724 0.000023  -0.002194
      964 0.000023   0.002181
      365 0.000023  -0.002171
      935 0.000023  -0.002169
      649 0.000023  -0.002152
      502 0.000022   0.002112
      900 0.000022  -0.002105
      233 0.000022  -0.002080
      505 0.000022   0.002068
      938 0.000022   0.002059
      519 0.000022   0.002044
      165 0.000021  -0.002025
      371 0.000021  -0.002024
      242 0.000021  -0.002022
      413 0.000021   0.001995
      329 0.000021  -0.001970
      489 0.000020   0.001933
     1034 0.000020  -0.001914
      307 0.000020   0.001912
      811 0.000020   0.001901
      245 0.000020  -0.001898
      538 0.000020   0.001896
      814 0.000020   0.001891
      917 0.000020   0.001860
      695 0.000020   0.001853
      201 0.000020   0.001853
      779 0.000019   0.001837
      455 0.000019  -0.001834
      643 0.000019  -0.001832
      714 0.000019  -0.001798
      685 0.000019  -0.001793
      338 0.000019   0.001767
      966 0.000019   0.001766
      336 0.000019  -0.001766
      399 0.000018   0.001745
      590 0.000018  -0.001743
      810 0.000018   0.001734
      229 0.000018  -0.001732
      988 0.000018  -0.001723
      623 0.000018  -0.001718
      971 0.000018  -0.001686
      598 0.000018   0.001685
      554 0.000018   0.001678
      681 0.000018   0.001664
      437 0.000017   0.001654
      449 0.000017  -0.001629
      265 0.000017  -0.001624
      536 0.000017  -0.001622
     1052 0.000017   0.001619
      693 0.000017  -0.001617
      526 0.000017   0.001593
      396 0.000017  -0.001590
      458 0.000017   0.001586
      192 0.000017   0.001585
      404 0.000017  -0.001562
      191 0.000017  -0.001561
      921 0.000016  -0.001559
      463 0.000016  -0.001557
      512 0.000016  -0.001545
       60 0.000016  -0.001544
      170 0.000016  -0.001544
      927 0.000016  -0.001500
      856 0.000016   0.001495
      119 0.000016  -0.001468
      555 0.000016  -0.001468
      162 0.000015  -0.001464
       59 0.000015  -0.001462
      238 0.000015  -0.001461
      841 0.000015   0.001459
      197 0.000015   0.001429
      852 0.000015   0.001424
      327 0.000015   0.001421
      178 0.000015   0.001420
      705 0.000015   0.001408
      479 0.000015   0.001393
      664 0.000015  -0.001392
      334 0.000015   0.001383
       66 0.000015  -0.001381
      755 0.000014  -0.001370
      352 0.000014  -0.001367
      673 0.000014   0.001348
      351 0.000014   0.001339
      514 0.000014   0.001336
      196 0.000014  -0.001336
      934 0.000014  -0.001330
      450 0.000014  -0.001322
      363 0.000014  -0.001293
      646 0.000014   0.001292
      287 0.000014   0.001279
      120 0.000014  -0.001278
       43 0.000013  -0.001268
      420 0.000013   0.001266
       40 0.000013  -0.001263
      769 0.000013  -0.001255
      270 0.000013   0.001254
      534 0.000013  -0.001237
      478 0.000013   0.001228
      358 0.000013   0.001228
     1096 0.000013   0.001225
      835 0.000013  -0.001219
      883 0.000013   0.001208
      172 0.000013  -0.001206
      796 0.000013   0.001204
      462 0.000013   0.001203
       46 0.000013  -0.001191
      279 0.000013  -0.001191
      195 0.000013  -0.001188
       42 0.000012  -0.001179
       47 0.000012   0.001174
      957 0.000012   0.001166
      200 0.000012  -0.001155
      949 0.000012   0.001154
       98 0.000012   0.001136
      483 0.000012  -0.001130
      619 0.000012   0.001124
      510 0.000012  -0.001123
      752 0.000012   0.001118
      142 0.000012   0.001116
      822 0.000012   0.001112
      118 0.000012   0.001105
      791 0.000012   0.001099
      732 0.000012   0.001094
      121 0.000012  -0.001090
      339 0.000011   0.001087
      278 0.000011   0.001086
       21 0.000011   0.001078
      868 0.000011  -0.001061
     1047 0.000011   0.001060
      671 0.000011   0.001056
       23 0.000011   0.001053
      627 0.000011   0.001052
      983 0.000011   0.001049
       41 0.000011   0.001040
      842 0.000011  -0.001039
      395 0.000011   0.001038
      348 0.000011   0.001022
      284 0.000011   0.001015
      875 0.000011   0.001015
      887 0.000011  -0.001015
      634 0.000011  -0.001011
      418 0.000011  -0.001007
      876 0.000011   0.001004
      188 0.000011  -0.001001
       19 0.000010   0.000992
     1010 0.000010   0.000991
      394 0.000010   0.000989
      907 0.000010   0.000986
      190 0.000010  -0.000981
      994 0.000010  -0.000971
       63 0.000010   0.000968
      473 0.000010  -0.000967
       37 0.000010   0.000961
      344 0.000010  -0.000957
      813 0.000010   0.000948
      729 0.000010  -0.000947
euclid. distance of OLC and linear combination of EV * x_coef: 0.009218140839694172

Generate samples based on objective loadcase 824
nr_to_generate: 25

Parameter variation distribution settings
distribution: uniform
low: 0.7
high: 1.3

Total process runtime: 0:00:01.329938
