Date and Time:2023-05-12 14:27:14.126166

Initial Settings:
similarity_model: <function cosine_similarity at 0x000001D005A6E5E0>
similarity_threshold: 1e-05
nr_eigv_to_select: None
distribution: uniform
deviation: 0.3
nr_to_generate: 25
recompute: False

Selected eigenvectors and similarity score w.r.t objective loadcase:
objective_loadcase_nr: 964
similarity_model: cosine_similarity
similarity_threshold: 1e-05
nr_eigv_to_select: None
nr_eigv_selected: 494
approximation parameter model: lstsq
similarity score and approx. param. value
:  eigv_idx    score      value
        3 0.563289  36.146447
        1 0.534842  34.321013
        2 0.502921 -32.272590
        0 0.375957  24.125299
        6 0.041041   2.633620
       39 0.022078   1.416779
        4 0.011499   0.737876
      639 0.003503   0.224813
       68 0.002055  -0.131858
      593 0.002030  -0.130275
      186 0.002029  -0.130218
      612 0.001997  -0.128141
      218 0.001957  -0.125551
      586 0.001864   0.119641
      710 0.001539  -0.098730
      716 0.001383   0.088745
      187 0.001381  -0.088638
      663 0.001268  -0.081391
      618 0.001257   0.080664
      143 0.001234   0.079173
      595 0.001196   0.076734
      668 0.001187   0.076159
      626 0.000936   0.060078
      686 0.000915  -0.058718
      194 0.000908   0.058270
      388 0.000883  -0.056670
      659 0.000875  -0.056144
      617 0.000820   0.052611
      749 0.000815  -0.052270
      688 0.000797  -0.051126
      599 0.000785   0.050370
      182 0.000778  -0.049926
      582 0.000741  -0.047530
      562 0.000732  -0.046949
      635 0.000716   0.045945
      670 0.000682   0.043773
      621 0.000667  -0.042780
      183 0.000663   0.042569
      578 0.000641   0.041102
      184 0.000624  -0.040011
      579 0.000604   0.038737
      733 0.000586   0.037575
      341 0.000571   0.036649
      683 0.000556   0.035667
      700 0.000544   0.034933
      602 0.000544  -0.034881
      698 0.000543  -0.034846
      606 0.000507  -0.032565
      253 0.000499  -0.032007
      718 0.000499  -0.032006
      735 0.000495  -0.031755
      666 0.000493  -0.031629
      704 0.000487  -0.031236
      567 0.000486  -0.031198
      708 0.000479   0.030724
      577 0.000460  -0.029490
      153 0.000448   0.028763
      137 0.000444  -0.028468
      220 0.000436  -0.027982
      174 0.000434   0.027847
      267 0.000428  -0.027460
      228 0.000424  -0.027230
      575 0.000417   0.026774
      641 0.000408  -0.026165
      620 0.000394  -0.025308
      709 0.000391  -0.025068
      699 0.000373  -0.023920
       70 0.000354   0.022728
      583 0.000351  -0.022540
      756 0.000334  -0.021404
      243 0.000332   0.021290
      179 0.000326   0.020946
      848 0.000323  -0.020724
      412 0.000321  -0.020570
      362 0.000320  -0.020550
      419 0.000311  -0.019947
      707 0.000311  -0.019943
      601 0.000310   0.019880
      631 0.000309  -0.019830
      258 0.000308  -0.019747
      753 0.000307  -0.019690
      210 0.000306  -0.019627
      807 0.000305   0.019598
      696 0.000304  -0.019530
      757 0.000303  -0.019441
      403 0.000291   0.018697
      171 0.000286  -0.018323
      741 0.000285   0.018305
      587 0.000281   0.018009
      132 0.000277   0.017750
      853 0.000268  -0.017215
      273 0.000257  -0.016504
      383 0.000247   0.015879
      739 0.000243  -0.015572
      576 0.000240  -0.015378
      604 0.000232  -0.014893
      570 0.000230  -0.014774
      793 0.000229  -0.014674
      361 0.000228   0.014620
      787 0.000228   0.014608
      377 0.000222  -0.014266
      750 0.000215   0.013773
      628 0.000210   0.013464
      400 0.000209  -0.013427
      204 0.000207   0.013256
      564 0.000197  -0.012639
      269 0.000196  -0.012592
      580 0.000193  -0.012407
      549 0.000193  -0.012401
      743 0.000193  -0.012398
      299 0.000192   0.012313
      658 0.000191   0.012271
      301 0.000186  -0.011946
      427 0.000186  -0.011936
      373 0.000180  -0.011572
      800 0.000180  -0.011537
      726 0.000177  -0.011376
      277 0.000176   0.011313
      227 0.000176   0.011284
      857 0.000173  -0.011086
      271 0.000172   0.011061
      665 0.000172  -0.011029
      230 0.000172  -0.011013
      175 0.000171  -0.011001
      815 0.000170  -0.010878
      573 0.000167   0.010730
      941 0.000167  -0.010719
      828 0.000166  -0.010636
      199 0.000163  -0.010483
      247 0.000163   0.010482
      161 0.000161   0.010306
      820 0.000160  -0.010298
      255 0.000159  -0.010191
      818 0.000155  -0.009951
      667 0.000155   0.009942
      234 0.000153   0.009802
      855 0.000153  -0.009790
      239 0.000152   0.009748
      687 0.000152   0.009723
      355 0.000151   0.009680
      235 0.000150  -0.009610
       69 0.000150   0.009602
      392 0.000149   0.009592
      566 0.000148   0.009523
      784 0.000148  -0.009486
      557 0.000147  -0.009429
      711 0.000147   0.009403
      263 0.000146  -0.009364
      574 0.000145  -0.009299
      605 0.000145  -0.009273
      795 0.000143   0.009175
      312 0.000143  -0.009166
      742 0.000143  -0.009157
      790 0.000139   0.008943
      236 0.000138   0.008851
      380 0.000135   0.008675
      859 0.000132   0.008455
      553 0.000132  -0.008444
      148 0.000131   0.008421
      254 0.000131   0.008389
      398 0.000129  -0.008292
      824 0.000127   0.008161
      808 0.000127   0.008130
      369 0.000125   0.008016
      778 0.000122  -0.007818
      847 0.000122   0.007799
      431 0.000121  -0.007782
      423 0.000121  -0.007777
      367 0.000121   0.007774
      241 0.000120   0.007671
      275 0.000119  -0.007659
      591 0.000119   0.007626
      645 0.000117   0.007525
      690 0.000117   0.007516
      294 0.000116  -0.007472
      638 0.000114  -0.007293
      295 0.000113  -0.007221
      908 0.000112  -0.007165
      736 0.000111  -0.007107
      354 0.000109   0.006970
      697 0.000108   0.006933
      436 0.000107   0.006888
      829 0.000107   0.006870
      353 0.000106  -0.006787
      974 0.000105   0.006711
      337 0.000104  -0.006694
      770 0.000104   0.006665
      629 0.000103  -0.006617
      107 0.000103  -0.006583
      799 0.000102  -0.006555
      251 0.000102  -0.006548
      257 0.000099  -0.006340
      684 0.000099  -0.006339
      744 0.000097  -0.006222
      223 0.000097   0.006195
      763 0.000096   0.006170
      298 0.000096  -0.006170
      292 0.000096  -0.006152
      308 0.000095  -0.006099
      217 0.000095  -0.006075
      281 0.000095   0.006074
      801 0.000094  -0.006036
      640 0.000094  -0.006026
       91 0.000093  -0.005976
      840 0.000092  -0.005910
      332 0.000092  -0.005895
      594 0.000092  -0.005887
      611 0.000091  -0.005820
      585 0.000091  -0.005818
      882 0.000090   0.005752
      616 0.000089  -0.005695
      390 0.000089   0.005686
      734 0.000087  -0.005612
      279 0.000086  -0.005517
      266 0.000086  -0.005512
      222 0.000086  -0.005488
      844 0.000085  -0.005448
      600 0.000084  -0.005388
      728 0.000084  -0.005363
      723 0.000082  -0.005246
      581 0.000081  -0.005219
      773 0.000080   0.005140
      290 0.000080   0.005119
      843 0.000078  -0.005013
      198 0.000078   0.004988
      386 0.000077   0.004940
     1095 0.000077  -0.004928
      584 0.000076  -0.004907
      569 0.000076   0.004899
      572 0.000076  -0.004877
      775 0.000075   0.004812
      302 0.000074  -0.004752
      561 0.000073   0.004710
      262 0.000073  -0.004704
      937 0.000073  -0.004700
      329 0.000073  -0.004658
      782 0.000071  -0.004545
      232 0.000070  -0.004503
      701 0.000069  -0.004452
      864 0.000069   0.004446
      978 0.000069   0.004403
      614 0.000068   0.004373
      948 0.000068   0.004346
      356 0.000067  -0.004317
       71 0.000067   0.004283
       88 0.000066  -0.004232
     1005 0.000066   0.004230
      428 0.000066   0.004229
      832 0.000066   0.004208
      552 0.000065  -0.004163
      323 0.000064  -0.004122
      826 0.000064  -0.004120
      261 0.000064  -0.004088
      943 0.000064   0.004079
      955 0.000063   0.004066
      589 0.000063  -0.004051
      206 0.000063   0.004036
      654 0.000063   0.004034
      913 0.000062  -0.004007
      319 0.000062   0.003997
      291 0.000062   0.003995
      414 0.000062   0.003991
      343 0.000062  -0.003980
      632 0.000062   0.003972
      545 0.000061  -0.003934
      748 0.000061  -0.003884
      342 0.000060   0.003851
      798 0.000060   0.003848
      560 0.000060  -0.003832
      722 0.000059  -0.003808
      425 0.000059   0.003788
      539 0.000059   0.003784
      823 0.000057   0.003652
      870 0.000057  -0.003637
      740 0.000057  -0.003636
      922 0.000056  -0.003592
      765 0.000055   0.003557
      407 0.000055  -0.003551
      249 0.000055  -0.003526
      880 0.000054   0.003488
      313 0.000054  -0.003477
      860 0.000054  -0.003472
      325 0.000054  -0.003461
      597 0.000054  -0.003460
      627 0.000054   0.003441
      805 0.000053  -0.003428
      879 0.000053  -0.003426
      884 0.000052  -0.003354
      803 0.000052   0.003349
      895 0.000052   0.003336
      364 0.000051  -0.003289
      528 0.000051   0.003243
      104 0.000050   0.003225
      874 0.000050  -0.003213
      894 0.000050  -0.003204
      209 0.000049  -0.003163
      789 0.000048   0.003091
      831 0.000048   0.003083
      904 0.000048   0.003082
      792 0.000048   0.003073
       93 0.000048  -0.003054
      821 0.000047  -0.003043
      802 0.000047   0.003041
      321 0.000047  -0.002998
      397 0.000046  -0.002932
      169 0.000045  -0.002896
      891 0.000045  -0.002866
      374 0.000045   0.002859
      588 0.000045  -0.002857
      608 0.000044  -0.002824
      315 0.000044   0.002815
      769 0.000044   0.002798
      535 0.000043   0.002774
      349 0.000043  -0.002754
      359 0.000042   0.002709
      650 0.000041  -0.002620
      863 0.000040  -0.002573
      694 0.000039   0.002500
      409 0.000038  -0.002455
      289 0.000038   0.002426
      540 0.000038  -0.002420
      322 0.000038  -0.002409
      776 0.000037  -0.002397
      759 0.000037  -0.002372
      830 0.000037   0.002364
      881 0.000037  -0.002351
      201 0.000037  -0.002346
      366 0.000036   0.002330
      542 0.000036   0.002300
      942 0.000036   0.002279
      226 0.000035   0.002269
      518 0.000035   0.002260
      491 0.000034   0.002210
      950 0.000034  -0.002195
      225 0.000034   0.002173
      928 0.000033  -0.002146
      987 0.000033   0.002142
      268 0.000033  -0.002128
      448 0.000032   0.002084
      357 0.000032  -0.002025
      532 0.000032   0.002024
      350 0.000031   0.002004
      310 0.000031  -0.002000
      250 0.000031  -0.001993
      445 0.000031  -0.001973
      488 0.000030   0.001953
      933 0.000030   0.001944
      278 0.000030   0.001927
      677 0.000030   0.001925
      297 0.000030  -0.001916
      410 0.000030  -0.001909
     1001 0.000029  -0.001866
      224 0.000029  -0.001864
      394 0.000029   0.001844
      867 0.000029   0.001831
      935 0.000028  -0.001801
      193 0.000028  -0.001785
      964 0.000028   0.001781
      252 0.000028   0.001778
      475 0.000028  -0.001776
      216 0.000027   0.001735
      285 0.000027   0.001728
      842 0.000027  -0.001719
      590 0.000027  -0.001710
      524 0.000027  -0.001710
     1032 0.000027   0.001708
      530 0.000026   0.001697
      858 0.000026  -0.001675
      727 0.000026  -0.001667
      643 0.000025  -0.001619
      957 0.000025   0.001598
      603 0.000025  -0.001590
      214 0.000025  -0.001589
      988 0.000025  -0.001586
     1025 0.000025   0.001580
      424 0.000024  -0.001558
      402 0.000024   0.001524
      938 0.000024   0.001513
      993 0.000023   0.001483
      272 0.000023   0.001480
      685 0.000023  -0.001478
      360 0.000023   0.001476
      841 0.000023   0.001470
      646 0.000023   0.001455
     1034 0.000023  -0.001455
      971 0.000022  -0.001432
      213 0.000022  -0.001416
      965 0.000022  -0.001411
      382 0.000022  -0.001410
      215 0.000022   0.001408
      814 0.000022   0.001402
      649 0.000022  -0.001399
      526 0.000022   0.001391
      384 0.000022  -0.001387
      432 0.000022   0.001382
      244 0.000021  -0.001371
      138 0.000021   0.001369
      347 0.000021   0.001355
     1017 0.000021   0.001337
      335 0.000020   0.001307
     1096 0.000020   0.001292
      274 0.000020  -0.001278
      921 0.000020  -0.001263
      334 0.000020   0.001260
      856 0.000020   0.001257
      636 0.000020  -0.001256
      455 0.000019  -0.001217
      811 0.000019   0.001207
      502 0.000019   0.001202
      519 0.000018   0.001184
     1073 0.000018  -0.001182
      479 0.000018   0.001164
      598 0.000018   0.001162
      927 0.000018  -0.001161
      437 0.000018   0.001154
      794 0.000018   0.001144
      596 0.000018  -0.001144
      900 0.000018  -0.001141
      514 0.000018   0.001136
      463 0.000018  -0.001124
      714 0.000017  -0.001123
      536 0.000017  -0.001115
      283 0.000017   0.001105
      917 0.000017   0.001097
      512 0.000017  -0.001070
       81 0.000017  -0.001059
      662 0.000016  -0.001058
      489 0.000016   0.001047
      680 0.000016   0.001045
      505 0.000016   0.001036
     1010 0.000016   0.001035
      791 0.000016   0.001032
      320 0.000016  -0.001031
      934 0.000016  -0.001028
      245 0.000016  -0.001014
      387 0.000016   0.000998
       80 0.000016   0.000996
      833 0.000015  -0.000986
      240 0.000015  -0.000985
      839 0.000015  -0.000983
      966 0.000015   0.000974
      983 0.000015   0.000971
     1052 0.000015   0.000956
      221 0.000015  -0.000949
      713 0.000015   0.000944
      458 0.000015   0.000942
      810 0.000015   0.000935
      755 0.000014  -0.000928
       66 0.000014  -0.000922
      406 0.000014   0.000920
      852 0.000014   0.000904
      101 0.000014   0.000899
      949 0.000014   0.000898
      450 0.000014  -0.000897
      160 0.000014   0.000881
      413 0.000014  -0.000877
      977 0.000014   0.000875
      248 0.000013   0.000850
      732 0.000013   0.000844
      195 0.000013   0.000822
      538 0.000013   0.000814
      237 0.000012   0.000802
      883 0.000012   0.000790
      835 0.000012  -0.000789
     1009 0.000012  -0.000787
      809 0.000012   0.000787
      816 0.000012   0.000764
      114 0.000012  -0.000760
      568 0.000012   0.000755
      478 0.000012   0.000751
      286 0.000012   0.000738
       99 0.000011   0.000736
      270 0.000011  -0.000730
      103 0.000011   0.000728
      669 0.000011   0.000728
      351 0.000011   0.000726
     1020 0.000011  -0.000716
      724 0.000011  -0.000713
      916 0.000011  -0.000706
      804 0.000011  -0.000705
      483 0.000011  -0.000699
      154 0.000011  -0.000688
      200 0.000011   0.000685
      462 0.000011   0.000678
      619 0.000011   0.000674
      994 0.000010  -0.000672
      328 0.000010  -0.000671
      242 0.000010  -0.000668
      309 0.000010   0.000668
     1016 0.000010  -0.000665
      192 0.000010  -0.000659
      449 0.000010  -0.000648
      838 0.000010   0.000647
      348 0.000010   0.000645
euclid. distance of OLC and linear combination of EV * x_coef: 0.005939376932762193

Generate samples based on objective loadcase 964
nr_to_generate: 25

Parameter variation distribution settings
distribution: uniform
low: 0.7
high: 1.3

Total process runtime: 0:00:01.292022
