Date and Time:2023-05-12 14:27:39.927279

Initial Settings:
similarity_model: <function cosine_similarity at 0x000001D005A6E5E0>
similarity_threshold: 1e-05
nr_eigv_to_select: None
distribution: uniform
deviation: 0.3
nr_to_generate: 25
recompute: False

Selected eigenvectors and similarity score w.r.t objective loadcase:
objective_loadcase_nr: 983
similarity_model: cosine_similarity
similarity_threshold: 1e-05
nr_eigv_to_select: None
nr_eigv_selected: 458
approximation parameter model: lstsq
similarity score and approx. param. value
:  eigv_idx    score      value
        3 0.561593  52.605114
        1 0.533971  50.017781
        2 0.506125 -47.409361
        0 0.375174  35.143073
        6 0.041829   3.918222
       39 0.024772   2.320391
        4 0.011537   1.080696
      639 0.003583   0.335604
      186 0.002240  -0.209851
      218 0.002192  -0.205294
      593 0.002140  -0.200441
      612 0.002046  -0.191634
      586 0.001971   0.184592
      710 0.001598  -0.149707
      187 0.001486  -0.139204
      716 0.001473   0.138022
      595 0.001267   0.118725
      663 0.001248  -0.116874
      618 0.001209   0.113227
      668 0.001169   0.109509
      626 0.001041   0.097472
      194 0.001002   0.093815
      686 0.000950  -0.088948
      388 0.000928  -0.086899
      659 0.000872  -0.081639
      617 0.000827   0.077435
      599 0.000808   0.075698
      688 0.000805  -0.075382
      143 0.000778   0.072888
      582 0.000755  -0.070683
      562 0.000754  -0.070587
      635 0.000738   0.069094
      670 0.000726   0.068032
      621 0.000721  -0.067511
      749 0.000707  -0.066230
      183 0.000705   0.066041
       69 0.000692   0.064842
       71 0.000687   0.064311
      578 0.000657   0.061535
      704 0.000616  -0.057671
      733 0.000609   0.057042
      341 0.000605   0.056714
       68 0.000605  -0.056685
      579 0.000572   0.053594
      718 0.000566  -0.053047
      698 0.000562  -0.052661
      602 0.000546  -0.051173
      606 0.000543  -0.050843
      567 0.000537  -0.050341
      700 0.000521   0.048811
      253 0.000518  -0.048481
      577 0.000515  -0.048280
      708 0.000498   0.046618
      683 0.000494   0.046262
      666 0.000492  -0.046119
      153 0.000476   0.044566
      174 0.000461   0.043193
      182 0.000461  -0.043165
      575 0.000443   0.041495
      735 0.000438  -0.041055
      267 0.000434  -0.040635
      220 0.000428  -0.040125
      620 0.000425  -0.039830
      641 0.000410  -0.038364
      709 0.000407  -0.038079
      696 0.000402  -0.037637
      699 0.000388  -0.036309
      258 0.000385  -0.036053
      184 0.000384  -0.036009
      210 0.000382  -0.035779
      707 0.000370  -0.034646
      601 0.000370   0.034624
      583 0.000361  -0.033792
      848 0.000354  -0.033202
      753 0.000345  -0.032275
      412 0.000342  -0.032076
      807 0.000340   0.031845
      419 0.000326  -0.030531
      362 0.000305  -0.028611
      230 0.000305  -0.028572
      756 0.000300  -0.028145
      403 0.000300   0.028083
      631 0.000299  -0.028004
      587 0.000298   0.027927
      227 0.000288   0.026939
      273 0.000285  -0.026736
      383 0.000284   0.026603
      793 0.000279  -0.026137
      757 0.000269  -0.025185
      204 0.000261   0.024447
      570 0.000260  -0.024374
      269 0.000248  -0.023226
      853 0.000246  -0.022999
      243 0.000235   0.022011
      377 0.000232  -0.021706
      741 0.000226   0.021127
      604 0.000223  -0.020878
      299 0.000219   0.020551
      228 0.000216  -0.020261
      580 0.000215  -0.020100
      235 0.000215  -0.020095
      361 0.000213   0.019940
      199 0.000213  -0.019916
      239 0.000210   0.019661
      739 0.000209  -0.019547
      576 0.000208  -0.019504
      564 0.000204  -0.019077
      179 0.000201   0.018841
      263 0.000200  -0.018778
      301 0.000199  -0.018622
      800 0.000198  -0.018520
      726 0.000196  -0.018390
      427 0.000196  -0.018339
      400 0.000196  -0.018329
      658 0.000194   0.018130
      549 0.000193  -0.018116
      373 0.000187  -0.017563
      247 0.000186   0.017441
      175 0.000183  -0.017142
      743 0.000183  -0.017121
      828 0.000182  -0.017083
      750 0.000180   0.016877
      941 0.000178  -0.016682
      855 0.000178  -0.016630
      137 0.000177  -0.016551
      574 0.000175  -0.016401
      628 0.000175   0.016383
      665 0.000175  -0.016367
      784 0.000174  -0.016295
      171 0.000173  -0.016218
      820 0.000172  -0.016103
      392 0.000170   0.015956
      312 0.000166  -0.015510
      818 0.000163  -0.015285
      787 0.000162   0.015217
      795 0.000162   0.015146
      667 0.000161   0.015123
      711 0.000160   0.015029
      255 0.000159  -0.014934
      815 0.000159  -0.014878
      369 0.000156   0.014570
      857 0.000154  -0.014444
      206 0.000154   0.014389
      553 0.000153  -0.014322
      557 0.000153  -0.014304
      132 0.000152   0.014246
      223 0.000151   0.014126
      591 0.000151   0.014120
      687 0.000150   0.014011
      742 0.000149  -0.013978
      605 0.000145  -0.013583
      778 0.000142  -0.013330
      398 0.000142  -0.013286
      573 0.000142   0.013269
      808 0.000141   0.013227
      275 0.000136  -0.012780
      824 0.000136   0.012776
      257 0.000136  -0.012757
      616 0.000135  -0.012660
      337 0.000134  -0.012573
      271 0.000134   0.012505
      763 0.000133   0.012475
      380 0.000131   0.012278
      217 0.000131  -0.012225
      585 0.000130  -0.012151
      277 0.000128   0.011991
      566 0.000128   0.011989
      423 0.000127  -0.011878
      431 0.000126  -0.011824
      354 0.000126   0.011765
      736 0.000124  -0.011623
      790 0.000123   0.011502
      295 0.000121  -0.011371
      697 0.000121   0.011355
      908 0.000121  -0.011323
      355 0.000121   0.011309
      294 0.000120  -0.011203
      332 0.000118  -0.011009
      859 0.000115   0.010770
      645 0.000114   0.010721
      251 0.000114  -0.010700
      690 0.000114   0.010668
      799 0.000114  -0.010647
      279 0.000112  -0.010538
      638 0.000112  -0.010518
      829 0.000112   0.010465
      356 0.000111  -0.010426
      974 0.000110   0.010330
      569 0.000110   0.010325
      290 0.000109   0.010224
      241 0.000109   0.010168
      353 0.000107  -0.010058
       70 0.000107   0.010056
      234 0.000106   0.009907
      847 0.000105   0.009837
      840 0.000104  -0.009737
      436 0.000104   0.009705
      629 0.000103  -0.009656
      298 0.000102  -0.009574
      775 0.000101   0.009500
      600 0.000100  -0.009385
       88 0.000100  -0.009358
      367 0.000098   0.009224
      684 0.000098  -0.009185
      581 0.000097  -0.009129
      254 0.000097   0.009050
      584 0.000094  -0.008843
      882 0.000093   0.008701
      844 0.000093  -0.008686
      329 0.000092  -0.008630
      611 0.000092  -0.008623
      292 0.000092  -0.008604
      744 0.000092  -0.008600
      266 0.000090  -0.008455
      261 0.000089  -0.008370
      728 0.000089  -0.008336
      262 0.000088  -0.008245
      268 0.000088  -0.008222
       93 0.000086  -0.008085
      161 0.000086   0.008019
      281 0.000085   0.007946
      734 0.000084  -0.007824
      937 0.000083  -0.007800
      594 0.000082  -0.007678
     1095 0.000081  -0.007621
      572 0.000081  -0.007605
      759 0.000081  -0.007593
      782 0.000080  -0.007455
      201 0.000079  -0.007415
      770 0.000079   0.007374
      948 0.000078   0.007326
      723 0.000078  -0.007325
      560 0.000078  -0.007267
      561 0.000077   0.007221
      632 0.000077   0.007189
      978 0.000077   0.007167
      302 0.000073  -0.006816
      291 0.000071   0.006695
     1005 0.000071   0.006635
      107 0.000071  -0.006628
      654 0.000069   0.006474
      843 0.000069  -0.006450
      722 0.000069  -0.006428
      321 0.000069  -0.006417
      236 0.000068   0.006394
      913 0.000068  -0.006335
      104 0.000067   0.006282
      860 0.000067  -0.006279
      614 0.000066   0.006204
      325 0.000066  -0.006192
      390 0.000065   0.006084
      955 0.000065   0.006062
      425 0.000063   0.005900
      864 0.000063   0.005875
      769 0.000063   0.005872
      319 0.000062   0.005850
      428 0.000062   0.005839
      748 0.000062  -0.005772
      545 0.000061  -0.005734
      792 0.000061   0.005702
      539 0.000061   0.005675
      701 0.000060  -0.005661
      552 0.000060  -0.005641
      895 0.000060   0.005604
      694 0.000060   0.005598
      922 0.000060  -0.005582
      308 0.000059  -0.005544
      342 0.000058   0.005462
      832 0.000058   0.005427
      831 0.000058   0.005427
      414 0.000058   0.005409
      343 0.000058  -0.005390
      386 0.000058   0.005388
      627 0.000057   0.005376
      826 0.000057  -0.005316
      289 0.000056   0.005274
      773 0.000056   0.005246
      879 0.000056  -0.005212
      323 0.000056  -0.005199
      322 0.000055  -0.005148
      823 0.000054   0.005050
      596 0.000054  -0.005038
      821 0.000053  -0.004971
      528 0.000053   0.004967
      943 0.000053   0.004965
      640 0.000053  -0.004931
      148 0.000052   0.004894
      765 0.000052   0.004892
      650 0.000052  -0.004883
      283 0.000050   0.004661
      285 0.000048   0.004515
      597 0.000047  -0.004412
      535 0.000047   0.004371
      789 0.000046   0.004289
      138 0.000046  -0.004282
      590 0.000045  -0.004219
      407 0.000044  -0.004124
      374 0.000044   0.004117
      589 0.000044  -0.004108
      891 0.000043  -0.004022
      313 0.000043  -0.003999
      232 0.000042  -0.003965
      870 0.000042  -0.003940
      881 0.000041  -0.003863
      740 0.000041  -0.003858
      131 0.000039   0.003694
      315 0.000039   0.003646
      169 0.000038  -0.003520
      542 0.000038   0.003520
      880 0.000037   0.003505
      776 0.000037  -0.003497
      518 0.000037   0.003453
      394 0.000036   0.003392
      491 0.000036   0.003389
      540 0.000036  -0.003326
      884 0.000035  -0.003290
      928 0.000035  -0.003259
      409 0.000035  -0.003244
      803 0.000034   0.003188
      987 0.000034   0.003169
      532 0.000034   0.003153
      366 0.000034   0.003148
      397 0.000034  -0.003145
      842 0.000033  -0.003120
      933 0.000033   0.003054
      245 0.000032  -0.003035
      488 0.000032   0.003035
      284 0.000032   0.003030
      448 0.000032   0.003026
      894 0.000032  -0.003020
      798 0.000032   0.002969
      244 0.000032  -0.002951
      649 0.000031  -0.002948
      874 0.000031  -0.002942
      636 0.000031  -0.002933
      297 0.000031  -0.002885
      830 0.000031   0.002872
      445 0.000031  -0.002865
      410 0.000030  -0.002851
     1001 0.000030  -0.002845
      677 0.000030   0.002838
      942 0.000030   0.002815
      310 0.000030  -0.002776
       91 0.000029  -0.002761
      286 0.000029   0.002743
      863 0.000029  -0.002732
      318 0.000029  -0.002692
      475 0.000029  -0.002688
     1032 0.000029   0.002688
      801 0.000029  -0.002687
      524 0.000028  -0.002651
      802 0.000028   0.002623
      950 0.000028  -0.002622
      904 0.000028   0.002605
      608 0.000028  -0.002578
      935 0.000027  -0.002500
      530 0.000026   0.002446
      938 0.000026   0.002438
      424 0.000026  -0.002423
     1034 0.000025  -0.002361
      794 0.000025   0.002358
     1025 0.000025   0.002355
      413 0.000025  -0.002350
      646 0.000025   0.002303
      278 0.000024   0.002295
      346 0.000024   0.002257
     1073 0.000024  -0.002244
      526 0.000024   0.002224
      780 0.000023   0.002200
      856 0.000023   0.002113
      993 0.000022   0.002096
      685 0.000022  -0.002034
      965 0.000021  -0.002011
      858 0.000021  -0.001986
      867 0.000021   0.001976
     1017 0.000021   0.001973
      643 0.000021  -0.001957
      811 0.000021   0.001953
      852 0.000020   0.001901
      479 0.000020   0.001857
      610 0.000020  -0.001856
      727 0.000020  -0.001850
      209 0.000020  -0.001845
      514 0.000020   0.001839
     1010 0.000020   0.001827
      662 0.000019  -0.001821
      835 0.000019  -0.001821
      921 0.000019  -0.001805
      971 0.000019  -0.001799
       98 0.000019  -0.001796
      455 0.000019  -0.001776
      349 0.000019  -0.001772
      502 0.000019   0.001757
      432 0.000019   0.001757
      536 0.000019  -0.001743
      714 0.000018  -0.001731
      519 0.000018   0.001726
      437 0.000018   0.001723
      957 0.000018   0.001717
      333 0.000018  -0.001710
      907 0.000018   0.001706
      259 0.000018  -0.001696
      463 0.000018  -0.001694
      917 0.000018   0.001646
      814 0.000018   0.001643
      900 0.000017  -0.001630
      512 0.000017  -0.001608
      949 0.000017   0.001573
      809 0.000017   0.001558
      927 0.000017  -0.001556
      988 0.000016  -0.001505
      489 0.000016   0.001499
      810 0.000016   0.001498
      334 0.000016  -0.001472
      505 0.000015   0.001450
     1052 0.000015   0.001447
      833 0.000015  -0.001433
      841 0.000015   0.001427
      458 0.000015   0.001421
      934 0.000015  -0.001383
      732 0.000014   0.001326
      680 0.000014   0.001322
      450 0.000014  -0.001312
      260 0.000014   0.001278
      804 0.000014  -0.001271
      964 0.000013   0.001261
      791 0.000013   0.001237
      384 0.000013  -0.001235
      324 0.000013  -0.001228
      224 0.000013  -0.001214
      816 0.000013   0.001201
      805 0.000013  -0.001199
      977 0.000013   0.001180
      249 0.000012  -0.001167
      755 0.000012  -0.001154
      598 0.000012   0.001147
      588 0.000012  -0.001144
     1096 0.000012   0.001104
      478 0.000012   0.001097
      983 0.000012   0.001093
      916 0.000012  -0.001092
      483 0.000011  -0.001070
      538 0.000011   0.001064
      619 0.000011   0.001025
      222 0.000011  -0.001021
       64 0.000011   0.001015
      272 0.000011  -0.001014
      487 0.000011  -0.001004
      462 0.000011   0.000992
     1061 0.000011  -0.000988
      702 0.000010  -0.000982
      634 0.000010  -0.000978
      426 0.000010   0.000966
      669 0.000010   0.000954
      461 0.000010   0.000949
      274 0.000010   0.000941
     1009 0.000010  -0.000941
      713 0.000010   0.000938
euclid. distance of OLC and linear combination of EV * x_coef: 0.007948549528671108

Generate samples based on objective loadcase 983
nr_to_generate: 25

Parameter variation distribution settings
distribution: uniform
low: 0.7
high: 1.3

Total process runtime: 0:00:01.291275
