Date and Time:2023-05-12 14:21:03.586888

Initial Settings:
similarity_model: <function cosine_similarity at 0x000001D005A6E5E0>
similarity_threshold: 1e-05
nr_eigv_to_select: None
distribution: uniform
deviation: 0.3
nr_to_generate: 25
recompute: False

Selected eigenvectors and similarity score w.r.t objective loadcase:
objective_loadcase_nr: 688
similarity_model: cosine_similarity
similarity_threshold: 1e-05
nr_eigv_to_select: None
nr_eigv_selected: 642
approximation parameter model: lstsq
similarity score and approx. param. value
:  eigv_idx    score      value
        3 0.582708  48.435252
        1 0.522565  43.436051
        2 0.504578 -41.941020
        0 0.362126  30.100257
        6 0.027737   2.305563
       39 0.025672   2.133854
        4 0.012258   1.018927
      639 0.003030   0.251879
      218 0.002361  -0.196230
      186 0.002146  -0.178353
      593 0.001902  -0.158135
      612 0.001756  -0.145985
      586 0.001739   0.144562
      710 0.001719  -0.142915
      187 0.001375  -0.114319
       68 0.001282  -0.106524
      716 0.001248   0.103722
      595 0.001130   0.093913
      618 0.001093   0.090854
      668 0.001072   0.089108
      663 0.000987  -0.082061
      686 0.000960  -0.079780
      626 0.000956   0.079492
      194 0.000938   0.077959
      749 0.000925  -0.076918
      688 0.000824  -0.068521
      388 0.000816  -0.067828
      143 0.000774   0.064308
      659 0.000765  -0.063608
      617 0.000738   0.061369
      599 0.000699   0.058090
      582 0.000691  -0.057403
      621 0.000655  -0.054466
      562 0.000644  -0.053527
      635 0.000641   0.053247
      670 0.000606   0.050382
      183 0.000586   0.048749
      704 0.000583  -0.048420
      253 0.000554  -0.046013
      341 0.000549   0.045626
      735 0.000540  -0.044865
      153 0.000530   0.044048
      718 0.000524  -0.043571
      578 0.000516   0.042860
      708 0.000512   0.042584
      733 0.000509   0.042341
      579 0.000503   0.041819
      606 0.000492  -0.040891
      267 0.000489  -0.040664
      567 0.000489  -0.040624
       69 0.000487   0.040508
      174 0.000446   0.037084
      577 0.000442  -0.036751
      698 0.000438  -0.036367
      602 0.000436  -0.036227
      709 0.000435  -0.036191
      575 0.000418   0.034752
      666 0.000413  -0.034351
      230 0.000408  -0.033900
      696 0.000401  -0.033348
      258 0.000394  -0.032767
       71 0.000388   0.032216
      707 0.000379  -0.031525
      756 0.000370  -0.030747
      601 0.000367   0.030541
      227 0.000367   0.030514
      210 0.000358  -0.029740
      700 0.000352   0.029280
      620 0.000352  -0.029226
      235 0.000351  -0.029144
      753 0.000345  -0.028696
      220 0.000343  -0.028509
      683 0.000335   0.027855
      641 0.000326  -0.027123
      273 0.000319  -0.026482
      853 0.000308  -0.025622
      412 0.000300  -0.024975
      699 0.000298  -0.024782
      848 0.000297  -0.024647
      631 0.000296  -0.024611
      362 0.000285  -0.023673
      419 0.000284  -0.023610
      263 0.000284  -0.023607
      239 0.000283   0.023523
      583 0.000283  -0.023496
      757 0.000282  -0.023467
      587 0.000273   0.022730
      243 0.000270   0.022465
      726 0.000269  -0.022393
      739 0.000267  -0.022215
      269 0.000266  -0.022145
       70 0.000264   0.021966
      741 0.000263   0.021850
      793 0.000263  -0.021831
      403 0.000262   0.021803
      807 0.000259   0.021510
      750 0.000249   0.020707
      299 0.000249   0.020683
      361 0.000249   0.020660
      383 0.000240   0.019965
      570 0.000234  -0.019439
      787 0.000232   0.019253
      576 0.000226  -0.018812
      759 0.000223  -0.018567
      763 0.000220   0.018245
      857 0.000213  -0.017736
      137 0.000213  -0.017712
      132 0.000204   0.016927
      818 0.000203  -0.016840
      658 0.000194   0.016167
      377 0.000193  -0.016045
      604 0.000189  -0.015729
      580 0.000186  -0.015494
      824 0.000186   0.015472
      400 0.000184  -0.015257
      373 0.000183  -0.015173
      332 0.000182  -0.015108
      301 0.000182  -0.015099
      564 0.000181  -0.015084
      206 0.000178   0.014812
      566 0.000177   0.014675
      855 0.000176  -0.014597
      175 0.000175  -0.014564
      290 0.000171   0.014178
      743 0.000170  -0.014155
      859 0.000169   0.014087
      427 0.000169  -0.014069
      711 0.000168   0.013943
      742 0.000166  -0.013816
      312 0.000164  -0.013640
      199 0.000163  -0.013512
      247 0.000161   0.013404
      574 0.000161  -0.013352
      392 0.000160   0.013332
      800 0.000160  -0.013326
      790 0.000160   0.013298
      628 0.000160   0.013290
      553 0.000159  -0.013227
      275 0.000159  -0.013205
      829 0.000158   0.013106
      329 0.000157  -0.013020
      770 0.000155   0.012843
      337 0.000154  -0.012770
      557 0.000151  -0.012588
      223 0.000151   0.012559
      204 0.000151   0.012512
      217 0.000150  -0.012447
      736 0.000148  -0.012308
      820 0.000147  -0.012256
      795 0.000147   0.012201
      257 0.000143  -0.011873
      784 0.000142  -0.011832
      591 0.000142   0.011810
      549 0.000142  -0.011777
      605 0.000141  -0.011754
      355 0.000141   0.011705
      266 0.000140  -0.011648
      778 0.000140  -0.011614
      182 0.000138  -0.011460
      808 0.000134   0.011139
      828 0.000134  -0.011133
      667 0.000132   0.010958
      277 0.000130   0.010821
      941 0.000130  -0.010785
      684 0.000130  -0.010782
      645 0.000130   0.010780
      616 0.000126  -0.010497
      285 0.000125   0.010421
      241 0.000125   0.010395
      690 0.000124   0.010270
      775 0.000123   0.010260
      228 0.000121  -0.010084
       88 0.000119  -0.009885
      380 0.000117   0.009708
      398 0.000117  -0.009699
      367 0.000116   0.009632
      585 0.000115  -0.009578
      261 0.000114  -0.009460
      369 0.000111   0.009265
      864 0.000111   0.009239
      423 0.000110  -0.009141
      431 0.000108  -0.008945
      294 0.000107  -0.008887
      728 0.000107  -0.008860
      201 0.000106  -0.008807
      638 0.000106  -0.008794
      364 0.000104  -0.008680
      723 0.000104  -0.008637
      298 0.000102  -0.008503
      815 0.000102  -0.008491
      943 0.000102   0.008468
      799 0.000100  -0.008316
      292 0.000100  -0.008287
      569 0.000099   0.008218
      321 0.000098  -0.008171
      354 0.000098   0.008149
      734 0.000098  -0.008134
      847 0.000097   0.008103
      701 0.000096  -0.008009
      884 0.000095  -0.007929
      782 0.000093  -0.007766
      104 0.000093   0.007765
      665 0.000093  -0.007720
      318 0.000093  -0.007716
      436 0.000093   0.007700
      573 0.000093   0.007698
      353 0.000091  -0.007557
      600 0.000091  -0.007539
      908 0.000090  -0.007512
      325 0.000090  -0.007504
      222 0.000089   0.007437
      295 0.000089  -0.007433
      279 0.000089  -0.007391
      801 0.000088  -0.007332
      259 0.000088   0.007293
      773 0.000087   0.007206
      880 0.000085   0.007034
      769 0.000084   0.007022
      744 0.000083  -0.006929
      271 0.000083   0.006923
      342 0.000083   0.006921
      406 0.000083  -0.006884
      281 0.000082   0.006849
      697 0.000082   0.006847
      589 0.000081  -0.006732
      552 0.000081  -0.006709
       93 0.000081  -0.006706
      611 0.000080  -0.006623
      974 0.000079   0.006575
      789 0.000078   0.006510
      687 0.000078   0.006476
      948 0.000077   0.006439
      843 0.000077  -0.006420
      225 0.000077   0.006408
      870 0.000077  -0.006374
      226 0.000077   0.006372
      264 0.000076   0.006349
      823 0.000076   0.006280
      937 0.000076  -0.006279
      643 0.000075  -0.006215
      840 0.000075  -0.006206
      333 0.000073  -0.006100
      844 0.000073  -0.006074
      560 0.000073  -0.006036
      805 0.000071  -0.005938
      284 0.000071   0.005913
      390 0.000071   0.005910
      313 0.000071  -0.005907
      252 0.000071  -0.005889
      209 0.000071   0.005860
      860 0.000070  -0.005814
      568 0.000070   0.005812
      193 0.000069   0.005762
      826 0.000069  -0.005759
      584 0.000069  -0.005720
      359 0.000069   0.005696
      291 0.000068   0.005669
      302 0.000068  -0.005638
      179 0.000068   0.005617
      849 0.000067   0.005538
      978 0.000066   0.005493
      654 0.000066   0.005467
      320 0.000064   0.005344
      323 0.000063  -0.005197
      402 0.000063  -0.005195
      386 0.000062   0.005178
      250 0.000062   0.005161
      765 0.000062   0.005120
      594 0.000061  -0.005096
       66 0.000061   0.005083
      272 0.000061   0.005078
      234 0.000059   0.004929
      232 0.000059   0.004910
      874 0.000059  -0.004874
     1095 0.000058  -0.004787
      428 0.000058   0.004783
      254 0.000057  -0.004743
      894 0.000057  -0.004716
      138 0.000057  -0.004710
      762 0.000056  -0.004665
      240 0.000056  -0.004656
      112 0.000055  -0.004613
      103 0.000055  -0.004609
      414 0.000055   0.004605
      260 0.000055  -0.004594
      237 0.000055   0.004593
      609 0.000055   0.004591
       95 0.000055   0.004585
      539 0.000055   0.004535
      694 0.000054   0.004528
     1005 0.000054   0.004509
      610 0.000054  -0.004491
      236 0.000054  -0.004478
      608 0.000054   0.004456
      357 0.000053  -0.004446
      545 0.000053  -0.004433
      171 0.000053  -0.004429
      935 0.000053  -0.004394
      913 0.000053  -0.004365
      625 0.000052  -0.004317
      289 0.000052   0.004308
      107 0.000052  -0.004285
      581 0.000051  -0.004275
      780 0.000051   0.004273
      169 0.000051  -0.004260
      274 0.000051  -0.004219
      882 0.000051   0.004202
      895 0.000051   0.004198
       94 0.000050   0.004166
      322 0.000050  -0.004161
      957 0.000050   0.004145
      123 0.000049   0.004056
      830 0.000049   0.004032
       60 0.000048  -0.004016
      128 0.000048   0.004007
      655 0.000048  -0.004007
      407 0.000048  -0.003989
      335 0.000047  -0.003937
      632 0.000047   0.003929
      528 0.000047   0.003894
      425 0.000046   0.003855
      136 0.000046   0.003790
      598 0.000045  -0.003759
      384 0.000045  -0.003736
      283 0.000045   0.003710
      838 0.000044  -0.003678
      964 0.000044   0.003658
      597 0.000044  -0.003642
      244 0.000044  -0.003620
      821 0.000043  -0.003595
       58 0.000043  -0.003593
      623 0.000043  -0.003587
      251 0.000043  -0.003554
      988 0.000043  -0.003542
      831 0.000042   0.003526
      596 0.000042  -0.003501
      270 0.000042  -0.003490
      922 0.000042  -0.003455
       59 0.000041  -0.003422
      535 0.000041   0.003420
      942 0.000041   0.003417
      148 0.000041  -0.003367
      590 0.000040  -0.003366
      144 0.000040  -0.003365
     1096 0.000040   0.003354
      727 0.000040  -0.003334
      356 0.000040  -0.003334
      297 0.000040  -0.003297
      142 0.000039  -0.003276
      833 0.000039  -0.003267
      105 0.000039  -0.003255
      971 0.000039  -0.003249
      950 0.000039  -0.003240
      293 0.000038   0.003195
      792 0.000038   0.003189
      629 0.000038  -0.003189
      955 0.000038   0.003186
      262 0.000038  -0.003182
      395 0.000038  -0.003140
      835 0.000038  -0.003120
      791 0.000037   0.003109
      387 0.000037   0.003085
       78 0.000037   0.003070
       86 0.000037  -0.003066
       73 0.000037   0.003056
      642 0.000037   0.003047
      214 0.000037   0.003043
      120 0.000037  -0.003043
      842 0.000037  -0.003041
      146 0.000036  -0.003025
      839 0.000036   0.003022
      161 0.000036  -0.003014
      374 0.000036   0.002998
      366 0.000035   0.002930
      278 0.000035   0.002917
      130 0.000035   0.002907
      904 0.000035   0.002889
      268 0.000035  -0.002888
      288 0.000035  -0.002884
      852 0.000034  -0.002861
       52 0.000034  -0.002857
      256 0.000034   0.002855
       77 0.000034   0.002848
      921 0.000033  -0.002782
      334 0.000033  -0.002774
      152 0.000033   0.002773
      841 0.000033   0.002751
      875 0.000033  -0.002750
      216 0.000033  -0.002744
      319 0.000033   0.002740
      409 0.000033  -0.002736
      881 0.000033  -0.002725
       92 0.000033  -0.002724
      396 0.000033   0.002723
      640 0.000033  -0.002721
      255 0.000033  -0.002716
      722 0.000033  -0.002715
      685 0.000033  -0.002705
      491 0.000032   0.002685
      837 0.000032  -0.002681
      518 0.000032   0.002664
      876 0.000032  -0.002662
      344 0.000032  -0.002661
      336 0.000031   0.002614
      669 0.000031   0.002612
      556 0.000031   0.002603
       51 0.000031  -0.002573
      811 0.000031   0.002552
      151 0.000031   0.002543
      385 0.000031  -0.002540
      315 0.000031   0.002538
       64 0.000030   0.002521
       45 0.000030   0.002521
      794 0.000030   0.002513
      532 0.000030   0.002495
       79 0.000030  -0.002485
      488 0.000030   0.002481
      352 0.000030  -0.002469
      540 0.000030  -0.002459
      810 0.000029   0.002452
     1073 0.000029  -0.002451
      656 0.000029   0.002439
      983 0.000029   0.002426
      287 0.000029   0.002389
      671 0.000028   0.002365
      637 0.000028  -0.002357
      977 0.000028   0.002352
      343 0.000028  -0.002351
      677 0.000028   0.002309
      375 0.000028   0.002300
      434 0.000028   0.002298
      181 0.000028   0.002296
      448 0.000028   0.002294
      713 0.000028   0.002292
      110 0.000027   0.002275
      691 0.000027   0.002254
      118 0.000027  -0.002252
      188 0.000027  -0.002245
      571 0.000027   0.002240
      296 0.000027  -0.002223
      475 0.000027  -0.002220
      798 0.000027  -0.002219
      310 0.000027  -0.002211
      902 0.000027  -0.002206
      382 0.000026  -0.002189
       87 0.000026  -0.002188
      114 0.000026   0.002171
      644 0.000026   0.002170
      410 0.000026  -0.002169
      147 0.000026  -0.002163
       50 0.000026   0.002162
       12 0.000026   0.002161
      524 0.000026  -0.002133
      360 0.000025   0.002116
      899 0.000025  -0.002109
      542 0.000025   0.002106
      213 0.000025   0.002105
      927 0.000025  -0.002098
      933 0.000025   0.002095
      804 0.000025   0.002091
      879 0.000025  -0.002076
       76 0.000025   0.002069
       11 0.000025  -0.002047
      898 0.000024   0.002023
       53 0.000024   0.002016
      394 0.000024   0.001981
      445 0.000024  -0.001961
       83 0.000024   0.001960
     1009 0.000023  -0.001947
       99 0.000023   0.001944
      139 0.000023   0.001943
      376 0.000023   0.001930
       81 0.000023  -0.001917
      129 0.000023  -0.001914
       38 0.000023   0.001888
      934 0.000022  -0.001869
      309 0.000022  -0.001862
      928 0.000022  -0.001861
     1032 0.000022   0.001855
      348 0.000022   0.001834
      401 0.000022  -0.001825
      145 0.000022   0.001822
      526 0.000022   0.001820
      680 0.000022   0.001817
      856 0.000022   0.001806
       63 0.000022   0.001805
      184 0.000022  -0.001803
      397 0.000022  -0.001801
      565 0.000022  -0.001793
       29 0.000022  -0.001790
      530 0.000021   0.001784
      548 0.000021  -0.001774
      676 0.000021   0.001769
      648 0.000021  -0.001749
       75 0.000021  -0.001744
      238 0.000021  -0.001738
      987 0.000021   0.001734
      345 0.000021   0.001730
      646 0.000021  -0.001714
     1010 0.000021   0.001713
       54 0.000020   0.001703
       36 0.000020  -0.001666
      339 0.000020  -0.001656
     1034 0.000020  -0.001653
      215 0.000020  -0.001651
      479 0.000020   0.001648
      317 0.000020   0.001645
      432 0.000020   0.001638
      916 0.000020  -0.001634
       97 0.000019  -0.001605
      413 0.000019  -0.001594
     1001 0.000019  -0.001589
      959 0.000019  -0.001587
       55 0.000019   0.001587
      868 0.000019   0.001584
      755 0.000019   0.001579
      952 0.000019  -0.001563
      424 0.000019  -0.001547
      814 0.000018   0.001533
      192 0.000018   0.001530
      159 0.000018  -0.001522
      514 0.000018   0.001516
       91 0.000018  -0.001512
      100 0.000018  -0.001510
     1016 0.000018  -0.001505
      832 0.000018   0.001504
      636 0.000018  -0.001496
      195 0.000018  -0.001487
      358 0.000018   0.001483
     1003 0.000018  -0.001482
      746 0.000018   0.001480
        5 0.000018   0.001470
       44 0.000018  -0.001469
     1020 0.000018  -0.001465
      536 0.000018  -0.001457
      338 0.000017  -0.001437
      764 0.000017  -0.001431
      720 0.000017  -0.001430
       61 0.000017   0.001414
      324 0.000017  -0.001412
      554 0.000017  -0.001405
      135 0.000017   0.001405
       43 0.000017  -0.001391
      693 0.000017   0.001388
      150 0.000017  -0.001384
       31 0.000017   0.001375
      308 0.000016  -0.001343
      455 0.000016  -0.001341
       85 0.000016  -0.001340
      133 0.000016  -0.001338
      463 0.000016  -0.001332
      664 0.000016   0.001330
      365 0.000016   0.001326
      705 0.000016   0.001317
      249 0.000016  -0.001311
      572 0.000016  -0.001304
      512 0.000016  -0.001303
      368 0.000016  -0.001295
      714 0.000016  -0.001289
      404 0.000015  -0.001286
      519 0.000015   0.001279
      316 0.000015  -0.001276
      936 0.000015   0.001261
      502 0.000015   0.001252
      558 0.000015  -0.001250
      156 0.000015   0.001244
      437 0.000015   0.001243
     1025 0.000015   0.001239
      101 0.000015  -0.001238
     1040 0.000015  -0.001230
      106 0.000015   0.001229
      134 0.000014  -0.001191
      747 0.000014   0.001184
      559 0.000014  -0.001182
      111 0.000014   0.001172
       74 0.000014  -0.001163
      314 0.000014   0.001159
      489 0.000014   0.001155
     1017 0.000014   0.001155
     1004 0.000014   0.001142
      729 0.000014  -0.001142
      155 0.000014   0.001140
      619 0.000014   0.001136
      695 0.000014   0.001135
       56 0.000014   0.001134
      858 0.000014  -0.001132
      113 0.000014   0.001132
      248 0.000013   0.001119
      903 0.000013   0.001118
      102 0.000013   0.001117
      350 0.000013   0.001105
       19 0.000013   0.001105
      229 0.000013  -0.001105
      347 0.000013   0.001096
     1036 0.000013   0.001089
      561 0.000013   0.001089
      627 0.000013   0.001088
      738 0.000013  -0.001083
      163 0.000013   0.001082
      168 0.000013   0.001080
      224 0.000013  -0.001077
      505 0.000013   0.001077
      140 0.000013   0.001073
      458 0.000013   0.001064
       21 0.000012   0.001036
      662 0.000012  -0.001034
      550 0.000012  -0.001027
      803 0.000012   0.001024
      966 0.000012   0.001024
      717 0.000012  -0.001020
      802 0.000012   0.001009
      141 0.000012   0.001008
      119 0.000012  -0.000998
      951 0.000012   0.000991
      378 0.000012  -0.000989
     1069 0.000012  -0.000979
      450 0.000012  -0.000978
      433 0.000012   0.000976
      994 0.000011  -0.000955
      758 0.000011   0.000953
       27 0.000011   0.000948
      420 0.000011   0.000946
      752 0.000011   0.000944
      732 0.000011   0.000941
      246 0.000011  -0.000934
      233 0.000011   0.000932
      984 0.000011  -0.000931
      767 0.000011   0.000927
      634 0.000011  -0.000916
     1070 0.000011   0.000910
      607 0.000011   0.000904
      972 0.000011   0.000902
      242 0.000011   0.000898
       22 0.000011  -0.000881
      907 0.000011   0.000877
      202 0.000011  -0.000873
      996 0.000010  -0.000870
     1104 0.000010  -0.000866
      391 0.000010  -0.000865
      208 0.000010  -0.000862
      813 0.000010   0.000841
     1081 0.000010  -0.000838
euclid. distance of OLC and linear combination of EV * x_coef: 0.008548345434627637

Generate samples based on objective loadcase 688
nr_to_generate: 25

Parameter variation distribution settings
distribution: uniform
low: 0.7
high: 1.3

Total process runtime: 0:00:01.411471
