Date and Time:2023-05-12 14:25:15.026138

Initial Settings:
similarity_model: <function cosine_similarity at 0x000001D005A6E5E0>
similarity_threshold: 1e-05
nr_eigv_to_select: None
distribution: uniform
deviation: 0.3
nr_to_generate: 25
recompute: False

Selected eigenvectors and similarity score w.r.t objective loadcase:
objective_loadcase_nr: 875
similarity_model: cosine_similarity
similarity_threshold: 1e-05
nr_eigv_to_select: None
nr_eigv_selected: 499
approximation parameter model: lstsq
similarity score and approx. param. value
:  eigv_idx    score      value
        1 0.558488  71.369052
        3 0.533156  68.131855
        2 0.488057 -62.368619
        0 0.402415  51.424489
        6 0.057116   7.298821
       39 0.015795   2.018488
        4 0.009974   1.274513
      639 0.003688   0.471231
       68 0.003154  -0.403108
      186 0.002472  -0.315952
      612 0.002046  -0.261470
      593 0.001998  -0.255316
      586 0.001793   0.229134
      716 0.001669   0.213278
      187 0.001666  -0.212880
      618 0.001565   0.200022
      710 0.001551  -0.198260
      218 0.001473  -0.188207
      663 0.001469  -0.187661
      668 0.001417   0.181040
      595 0.001135   0.144985
      194 0.001123   0.143526
      659 0.001061  -0.135565
      143 0.001005   0.128396
      182 0.000981  -0.125379
      617 0.000955   0.122020
      686 0.000943  -0.120500
      388 0.000867  -0.110804
      688 0.000822  -0.105030
      626 0.000803   0.102567
       71 0.000800  -0.102198
      700 0.000794   0.101453
      599 0.000792   0.101179
      635 0.000763   0.097553
      582 0.000758  -0.096907
      183 0.000755   0.096475
      562 0.000752  -0.096085
      579 0.000746   0.095332
      184 0.000736  -0.094104
      683 0.000719   0.091942
      670 0.000711   0.090844
      749 0.000698  -0.089259
      578 0.000654   0.083580
      698 0.000623  -0.079655
      621 0.000622  -0.079437
       69 0.000618  -0.078985
      733 0.000611   0.078113
      666 0.000583  -0.074503
      228 0.000559  -0.071472
      602 0.000554  -0.070807
      341 0.000540   0.069017
      253 0.000528  -0.067511
       70 0.000525   0.067141
      718 0.000501  -0.064013
      708 0.000491   0.062788
      174 0.000486   0.062106
      153 0.000483   0.061712
      735 0.000466  -0.059556
      704 0.000441  -0.056371
      699 0.000427  -0.054559
      567 0.000425  -0.054334
      606 0.000424  -0.054182
      641 0.000421  -0.053859
      179 0.000398   0.050810
      210 0.000397  -0.050766
      709 0.000393  -0.050162
      575 0.000387   0.049450
      362 0.000380  -0.048624
      577 0.000378  -0.048306
      620 0.000374  -0.047743
      220 0.000364  -0.046488
      171 0.000363  -0.046438
      583 0.000362  -0.046305
      137 0.000352  -0.045032
      756 0.000323  -0.041230
      757 0.000319  -0.040723
      631 0.000317  -0.040515
      267 0.000317  -0.040502
      243 0.000313   0.040058
      576 0.000309  -0.039536
      604 0.000307  -0.039249
      419 0.000303  -0.038664
      848 0.000301  -0.038404
      707 0.000296  -0.037769
      807 0.000293   0.037455
      412 0.000292  -0.037320
      628 0.000290   0.037055
      601 0.000275   0.035182
      403 0.000272   0.034762
      587 0.000265   0.033807
      254 0.000263   0.033662
      400 0.000257  -0.032885
      204 0.000254   0.032456
      741 0.000251   0.032060
      787 0.000248   0.031752
      277 0.000238   0.030369
      815 0.000236  -0.030197
      573 0.000235   0.029968
      580 0.000234  -0.029867
      383 0.000232   0.029684
      853 0.000232  -0.029663
      236 0.000232   0.029626
      377 0.000230  -0.029442
      258 0.000230  -0.029404
      658 0.000226   0.028831
      132 0.000226   0.028830
      271 0.000224   0.028626
      361 0.000220   0.028173
      739 0.000216  -0.027618
      753 0.000214  -0.027302
      234 0.000212   0.027109
      161 0.000210   0.026804
      570 0.000210  -0.026775
      759 0.000209   0.026714
      696 0.000203  -0.025913
      255 0.000199  -0.025388
      941 0.000199  -0.025370
      199 0.000197  -0.025151
      665 0.000193  -0.024619
      564 0.000192  -0.024539
      175 0.000188  -0.024013
      640 0.000181  -0.023167
      148 0.000179   0.022846
      355 0.000178   0.022782
      750 0.000177   0.022634
      828 0.000176  -0.022479
      557 0.000176  -0.022439
      566 0.000175   0.022405
      687 0.000175   0.022338
      427 0.000174  -0.022227
      800 0.000174  -0.022172
      301 0.000173  -0.022078
      549 0.000172  -0.021968
      373 0.000170  -0.021697
      574 0.000169  -0.021619
      367 0.000167   0.021389
      273 0.000165  -0.021040
      820 0.000164  -0.021014
      398 0.000164  -0.021001
      857 0.000160  -0.020423
      667 0.000159   0.020344
      711 0.000159   0.020330
      247 0.000155   0.019795
      380 0.000153   0.019500
      299 0.000152   0.019479
      847 0.000149   0.019055
      743 0.000149  -0.019022
      790 0.000149   0.018999
      798 0.000148   0.018852
       91 0.000145  -0.018548
      257 0.000144  -0.018371
      784 0.000144  -0.018371
      690 0.000141   0.018029
      269 0.000140  -0.017870
      793 0.000137  -0.017487
      294 0.000133  -0.016935
      436 0.000132   0.016872
      392 0.000131   0.016788
      726 0.000131  -0.016781
      353 0.000130  -0.016648
      241 0.000129   0.016540
      908 0.000129  -0.016475
      198 0.000129   0.016428
      629 0.000129  -0.016422
      217 0.000127  -0.016255
      645 0.000127   0.016193
      808 0.000124   0.015836
      295 0.000124  -0.015813
      762 0.000123   0.015781
      859 0.000123   0.015719
      974 0.000123   0.015699
      818 0.000122  -0.015607
      605 0.000122  -0.015593
      855 0.000119  -0.015234
      423 0.000118  -0.015073
      431 0.000117  -0.014966
      740 0.000117  -0.014951
      107 0.000117  -0.014908
      684 0.000117  -0.014907
      251 0.000115  -0.014737
      697 0.000114   0.014567
      281 0.000114   0.014555
      882 0.000113   0.014400
      638 0.000112  -0.014277
      249 0.000110  -0.014022
      262 0.000108  -0.013800
      795 0.000108   0.013763
      312 0.000107  -0.013635
      594 0.000107  -0.013610
      840 0.000106  -0.013605
      600 0.000106  -0.013585
      801 0.000106  -0.013503
      584 0.000105  -0.013397
      581 0.000103  -0.013226
      390 0.000103   0.013188
      354 0.000102   0.013092
      736 0.000102  -0.013073
      222 0.000101  -0.012864
      572 0.000101  -0.012858
      799 0.000099  -0.012667
      266 0.000099  -0.012644
      552 0.000098  -0.012577
      844 0.000098  -0.012542
      553 0.000098  -0.012511
      723 0.000096  -0.012303
      138 0.000096   0.012277
      803 0.000093   0.011912
      824 0.000093   0.011902
      292 0.000092  -0.011761
      611 0.000092  -0.011758
     1095 0.000092  -0.011726
      261 0.000092  -0.011699
      734 0.000091  -0.011654
      308 0.000091  -0.011649
      763 0.000091  -0.011636
      302 0.000090  -0.011562
      742 0.000090  -0.011560
      632 0.000089   0.011407
      829 0.000088   0.011255
      701 0.000087  -0.011117
      832 0.000086   0.011029
      569 0.000084   0.010766
      386 0.000084   0.010748
      955 0.000084   0.010689
      268 0.000083  -0.010668
      805 0.000082  -0.010493
      232 0.000082  -0.010477
      802 0.000081   0.010386
      291 0.000081   0.010367
      428 0.000081   0.010358
      364 0.000081  -0.010320
      407 0.000079  -0.010116
      728 0.000079  -0.010058
      313 0.000078  -0.009944
      414 0.000076   0.009770
      778 0.000076  -0.009727
      369 0.000076   0.009675
      561 0.000075   0.009591
      585 0.000075  -0.009548
      263 0.000074  -0.009471
      744 0.000074  -0.009439
     1005 0.000073   0.009274
      863 0.000072  -0.009232
      209 0.000072  -0.009218
      826 0.000071  -0.009071
      879 0.000071  -0.009031
      913 0.000070  -0.008914
      545 0.000070  -0.008896
      616 0.000069  -0.008827
      235 0.000069  -0.008811
      891 0.000069  -0.008804
      748 0.000069  -0.008801
      343 0.000069  -0.008780
      922 0.000068  -0.008722
      322 0.000068  -0.008711
      597 0.000068  -0.008692
      560 0.000068  -0.008674
      843 0.000068  -0.008669
      374 0.000068   0.008663
      978 0.000067   0.008548
      789 0.000067   0.008521
      937 0.000066  -0.008463
      356 0.000066  -0.008457
      776 0.000066  -0.008434
      425 0.000066   0.008410
      591 0.000065   0.008247
      245 0.000064  -0.008124
      397 0.000062  -0.007942
      275 0.000061  -0.007742
      193 0.000060  -0.007709
      539 0.000059   0.007578
      722 0.000059  -0.007575
      359 0.000059   0.007485
      226 0.000058   0.007366
      770 0.000057   0.007298
      603 0.000057  -0.007243
      782 0.000056  -0.007142
      349 0.000056  -0.007131
      895 0.000055   0.006977
      225 0.000054   0.006907
      654 0.000054   0.006898
      773 0.000054   0.006881
      589 0.000053  -0.006764
      323 0.000053  -0.006761
      780 0.000052  -0.006680
      588 0.000052  -0.006612
      765 0.000051   0.006573
      298 0.000051  -0.006555
      223 0.000050   0.006419
      528 0.000050   0.006361
      542 0.000050   0.006336
      297 0.000049  -0.006298
      870 0.000049  -0.006282
      858 0.000049  -0.006261
      409 0.000049  -0.006248
      289 0.000048   0.006183
      614 0.000048   0.006142
      224 0.000048  -0.006141
      864 0.000048   0.006141
      867 0.000048   0.006140
      821 0.000048  -0.006136
      342 0.000048   0.006112
      357 0.000047  -0.006061
      831 0.000046   0.005914
      948 0.000046   0.005913
      540 0.000046  -0.005895
      366 0.000045   0.005695
      227 0.000044   0.005670
      987 0.000044   0.005614
      677 0.000043   0.005517
      928 0.000043  -0.005479
      319 0.000043   0.005476
      874 0.000043  -0.005433
      650 0.000042  -0.005379
      337 0.000042  -0.005341
      823 0.000042   0.005321
      360 0.000042   0.005317
      904 0.000041   0.005260
      394 0.000041   0.005217
      592 0.000041  -0.005203
      627 0.000040   0.005143
      448 0.000040   0.005129
      535 0.000040   0.005110
      329 0.000039  -0.005027
      881 0.000039  -0.005010
      239 0.000038   0.004814
     1001 0.000037  -0.004768
      608 0.000037  -0.004763
      350 0.000037   0.004700
      860 0.000037  -0.004676
      965 0.000037  -0.004668
      838 0.000036   0.004623
      950 0.000036  -0.004599
      993 0.000036   0.004573
      830 0.000035   0.004530
      894 0.000035  -0.004514
      518 0.000035   0.004513
      413 0.000035   0.004445
      662 0.000034  -0.004392
      610 0.000034  -0.004347
      636 0.000034  -0.004341
      310 0.000034  -0.004314
      933 0.000033   0.004275
     1025 0.000033   0.004249
      240 0.000033  -0.004224
      216 0.000033   0.004214
      530 0.000033   0.004202
      491 0.000033   0.004201
      880 0.000032   0.004142
      169 0.000032  -0.004029
      410 0.000031  -0.004024
      942 0.000031   0.003935
      532 0.000031   0.003924
      488 0.000030   0.003879
     1032 0.000030   0.003806
      445 0.000030  -0.003801
      279 0.000029  -0.003762
      384 0.000029  -0.003646
      332 0.000029  -0.003645
      334 0.000028   0.003609
      432 0.000028   0.003596
      475 0.000028  -0.003590
      900 0.000028  -0.003577
      943 0.000028   0.003575
      382 0.000028  -0.003560
     1017 0.000027   0.003505
      424 0.000027  -0.003467
      814 0.000027   0.003463
      221 0.000027  -0.003457
      524 0.000027  -0.003450
      260 0.000027   0.003442
      884 0.000026  -0.003381
      347 0.000026   0.003341
      792 0.000026   0.003338
      237 0.000026   0.003296
      206 0.000026  -0.003267
      284 0.000025   0.003138
      938 0.000024   0.003087
      839 0.000024  -0.003074
      325 0.000024  -0.003057
      842 0.000024  -0.003031
      215 0.000024   0.003020
      917 0.000024   0.003014
      286 0.000024   0.003009
      104 0.000023   0.002970
      259 0.000023  -0.002966
      321 0.000023  -0.002957
      685 0.000023  -0.002943
      769 0.000023  -0.002926
      214 0.000023  -0.002894
      502 0.000023   0.002888
      351 0.000022   0.002813
      568 0.000022   0.002804
      519 0.000022   0.002800
     1034 0.000022  -0.002770
      680 0.000022   0.002763
      727 0.000022  -0.002751
      646 0.000021   0.002740
      643 0.000021  -0.002737
      505 0.000021   0.002697
      714 0.000021  -0.002676
      242 0.000021  -0.002642
      455 0.000020  -0.002618
      248 0.000020   0.002592
      596 0.000020  -0.002575
      538 0.000020   0.002551
      536 0.000020  -0.002549
      489 0.000020   0.002509
      230 0.000020  -0.002498
      387 0.000019   0.002485
      779 0.000019   0.002484
      949 0.000019   0.002412
      368 0.000019   0.002409
     1052 0.000019   0.002389
      512 0.000019  -0.002387
      526 0.000019   0.002371
      309 0.000018  -0.002328
      402 0.000018   0.002306
      463 0.000018  -0.002276
      458 0.000018   0.002258
      437 0.000018   0.002252
      229 0.000018  -0.002248
      287 0.000018   0.002248
      479 0.000017   0.002222
      233 0.000017  -0.002217
      274 0.000017   0.002205
      713 0.000017   0.002185
      348 0.000017   0.002177
      282 0.000017  -0.002146
      514 0.000017   0.002109
      868 0.000016  -0.002085
      791 0.000016   0.002069
      649 0.000016  -0.002053
      619 0.000016   0.002027
      288 0.000016  -0.002024
      213 0.000016  -0.002023
      178 0.000015   0.001961
      856 0.000015   0.001946
      675 0.000015   0.001900
      317 0.000015  -0.001872
      365 0.000014  -0.001847
      450 0.000014  -0.001830
      265 0.000014   0.001820
      420 0.000014   0.001807
      883 0.000014   0.001792
      903 0.000014  -0.001783
      483 0.000014  -0.001780
      694 0.000014   0.001778
      200 0.000014   0.001767
      964 0.000014   0.001763
      732 0.000014   0.001747
      272 0.000014  -0.001731
      664 0.000014  -0.001727
      327 0.000013   0.001698
      598 0.000013   0.001697
      966 0.000013   0.001659
      565 0.000013  -0.001651
      462 0.000013   0.001651
      534 0.000013  -0.001648
      338 0.000013  -0.001633
      371 0.000013  -0.001626
      609 0.000013   0.001621
      907 0.000013   0.001613
      669 0.000012   0.001586
      195 0.000012   0.001582
     1047 0.000012   0.001576
      314 0.000012   0.001556
      238 0.000012  -0.001555
      811 0.000012   0.001543
      197 0.000012  -0.001526
      816 0.000012   0.001524
      927 0.000012  -0.001507
      590 0.000012  -0.001496
      304 0.000012   0.001478
      810 0.000012   0.001476
      473 0.000011  -0.001428
      510 0.000011  -0.001420
      543 0.000011  -0.001406
      642 0.000011  -0.001401
      634 0.000011  -0.001398
       74 0.000011   0.001395
      426 0.000011   0.001395
      478 0.000011   0.001394
      554 0.000011   0.001392
      452 0.000011  -0.001390
      934 0.000011  -0.001373
      794 0.000011   0.001370
      244 0.000011   0.001368
      335 0.000011   0.001367
      395 0.000011  -0.001364
      837 0.000011   0.001358
       75 0.000011   0.001348
      971 0.000010  -0.001334
      250 0.000010  -0.001316
      177 0.000010  -0.001314
      418 0.000010  -0.001304
     1010 0.000010   0.001292
      487 0.000010  -0.001279
       43 0.000010  -0.001279
euclid. distance of OLC and linear combination of EV * x_coef: 0.011514527297449043

Generate samples based on objective loadcase 875
nr_to_generate: 25

Parameter variation distribution settings
distribution: uniform
low: 0.7
high: 1.3

Total process runtime: 0:00:01.303271
