Date and Time:2023-05-12 14:16:56.832419

Initial Settings:
similarity_model: <function cosine_similarity at 0x000001D005A6E5E0>
similarity_threshold: 1e-05
nr_eigv_to_select: None
distribution: uniform
deviation: 0.3
nr_to_generate: 25
recompute: False

Selected eigenvectors and similarity score w.r.t objective loadcase:
objective_loadcase_nr: 502
similarity_model: cosine_similarity
similarity_threshold: 1e-05
nr_eigv_to_select: None
nr_eigv_selected: 563
approximation parameter model: lstsq
similarity score and approx. param. value
:  eigv_idx    score      value
        1 0.559922  71.677318
        3 0.532937  68.222817
        2 0.485536 -62.154909
        0 0.403914  51.706255
        6 0.056236   7.198942
       39 0.014881   1.905008
        4 0.009893   1.266460
       68 0.003967  -0.507830
      639 0.003625   0.464044
      186 0.002332  -0.298546
      612 0.002018  -0.258352
      593 0.001903  -0.243626
      586 0.001746   0.223500
      716 0.001613   0.206523
      618 0.001570   0.200968
      218 0.001533  -0.196249
      710 0.001516  -0.194098
      187 0.001492  -0.190984
       71 0.001453  -0.186013
      663 0.001447  -0.185245
      668 0.001388   0.177657
      182 0.001187  -0.151900
       69 0.001178  -0.150760
      194 0.001080   0.138248
      595 0.001078   0.137975
      659 0.001031  -0.132009
      617 0.000927   0.118654
      143 0.000916   0.117216
      686 0.000897  -0.114830
      388 0.000832  -0.106540
      688 0.000803  -0.102748
      749 0.000800  -0.102398
      184 0.000779  -0.099749
      700 0.000775   0.099256
      599 0.000771   0.098663
      579 0.000753   0.096354
      626 0.000749   0.095855
      683 0.000748   0.095693
      582 0.000741  -0.094818
      635 0.000726   0.092974
      562 0.000724  -0.092665
       70 0.000659   0.084364
      578 0.000657   0.084090
      670 0.000651   0.083351
      183 0.000632   0.080916
      621 0.000581  -0.074333
      733 0.000573   0.073365
      666 0.000570  -0.072980
      253 0.000564  -0.072246
      698 0.000557  -0.071358
      228 0.000524  -0.067059
      735 0.000521  -0.066752
      602 0.000516  -0.066087
      341 0.000507   0.064931
      174 0.000464   0.059451
      708 0.000460   0.058834
      179 0.000456   0.058316
      606 0.000432  -0.055268
      718 0.000421  -0.053953
      567 0.000413  -0.052812
      641 0.000409  -0.052350
      210 0.000409  -0.052318
      153 0.000408   0.052220
      699 0.000399  -0.051020
      171 0.000397  -0.050840
      575 0.000396   0.050728
      709 0.000383  -0.049006
      362 0.000381  -0.048825
      577 0.000381  -0.048746
      137 0.000373  -0.047703
      620 0.000369  -0.047279
      267 0.000361  -0.046174
      583 0.000361  -0.046151
      756 0.000349  -0.044652
      204 0.000330   0.042197
      604 0.000329  -0.042060
      757 0.000328  -0.041939
      220 0.000324  -0.041507
      631 0.000303  -0.038760
      704 0.000302  -0.038642
      807 0.000301   0.038527
      601 0.000300   0.038407
      628 0.000299   0.038329
      403 0.000297   0.038022
      848 0.000296  -0.037886
      243 0.000291   0.037291
      741 0.000286   0.036587
      419 0.000286  -0.036581
      576 0.000283  -0.036290
      199 0.000281  -0.035927
      412 0.000267  -0.034229
      383 0.000262   0.033514
      739 0.000262  -0.033498
      161 0.000261   0.033455
      400 0.000259  -0.033204
      587 0.000259   0.033170
      132 0.000258   0.033009
      853 0.000255  -0.032605
      573 0.000250   0.031952
      271 0.000246   0.031537
      148 0.000243   0.031082
      254 0.000241   0.030801
      787 0.000236   0.030222
      707 0.000229  -0.029296
      580 0.000225  -0.028843
      570 0.000223  -0.028558
      377 0.000223  -0.028547
      815 0.000214  -0.027409
      658 0.000212   0.027100
      750 0.000211   0.027074
      356 0.000209  -0.026795
      753 0.000201  -0.025722
      564 0.000198  -0.025403
      941 0.000197  -0.025160
      258 0.000196  -0.025129
      759 0.000196   0.025121
      665 0.000196  -0.025097
      640 0.000195  -0.024936
      236 0.000193   0.024658
      255 0.000192  -0.024629
      273 0.000192  -0.024600
      175 0.000189  -0.024196
      217 0.000187  -0.023937
      566 0.000186   0.023785
      828 0.000184  -0.023502
      800 0.000182  -0.023284
      277 0.000180   0.023018
      557 0.000177  -0.022678
       91 0.000173  -0.022085
      234 0.000170   0.021751
      687 0.000169   0.021582
      667 0.000166   0.021300
      301 0.000165  -0.021163
      380 0.000162   0.020743
      820 0.000161  -0.020629
      138 0.000161   0.020576
      369 0.000158   0.020263
      857 0.000158  -0.020244
      427 0.000158  -0.020174
      574 0.000157  -0.020147
      711 0.000155   0.019785
      784 0.000151  -0.019344
      629 0.000146  -0.018725
      605 0.000146  -0.018687
      798 0.000145   0.018610
      793 0.000145  -0.018574
      299 0.000144   0.018493
      855 0.000144  -0.018487
      743 0.000144  -0.018437
      790 0.000144   0.018401
      398 0.000142  -0.018227
      552 0.000142  -0.018115
      818 0.000141  -0.018104
      247 0.000141   0.018064
      690 0.000140   0.017871
      353 0.000139  -0.017734
      847 0.000138   0.017714
      645 0.000137   0.017486
      600 0.000134  -0.017157
      726 0.000134  -0.017098
      241 0.000133   0.017085
      638 0.000130  -0.016683
      257 0.000130  -0.016676
      436 0.000130   0.016615
      354 0.000129   0.016564
      908 0.000128  -0.016444
      107 0.000128  -0.016424
      294 0.000127  -0.016272
      361 0.000127   0.016228
      394 0.000127   0.016222
      808 0.000125   0.016007
      585 0.000123  -0.015685
      291 0.000122   0.015669
      281 0.000121   0.015493
      974 0.000121   0.015464
      696 0.000118  -0.015092
      859 0.000117   0.014989
      193 0.000117  -0.014951
      824 0.000114   0.014646
      553 0.000114  -0.014556
      882 0.000113   0.014512
      373 0.000113  -0.014435
      292 0.000113  -0.014415
      251 0.000112  -0.014299
      423 0.000111  -0.014203
      697 0.000110   0.014107
      736 0.000110  -0.014106
      431 0.000107  -0.013644
      740 0.000106  -0.013608
      840 0.000106  -0.013583
      829 0.000106   0.013519
      209 0.000105  -0.013416
      549 0.000104  -0.013371
      795 0.000104   0.013334
      799 0.000104  -0.013310
      762 0.000104   0.013279
      386 0.000103   0.013160
      295 0.000103  -0.013147
      367 0.000101   0.012890
      832 0.000100   0.012855
      594 0.000097  -0.012424
      266 0.000097  -0.012360
      584 0.000096  -0.012305
      313 0.000095  -0.012098
      355 0.000094   0.012093
      844 0.000094  -0.012082
      597 0.000094  -0.011999
      701 0.000093  -0.011930
      801 0.000092  -0.011786
      302 0.000092  -0.011727
      742 0.000091  -0.011672
     1095 0.000091  -0.011638
      235 0.000091  -0.011609
      581 0.000091  -0.011594
      632 0.000090   0.011566
      611 0.000089  -0.011449
      684 0.000088  -0.011311
      569 0.000088   0.011300
      269 0.000087  -0.011150
      343 0.000086  -0.011051
      560 0.000086  -0.011045
      955 0.000085   0.010868
      279 0.000085  -0.010853
      763 0.000084  -0.010718
      249 0.000084  -0.010711
      312 0.000082  -0.010556
      734 0.000082  -0.010538
      374 0.000082   0.010472
      770 0.000081   0.010363
      428 0.000081   0.010342
      603 0.000081  -0.010331
      782 0.000079  -0.010132
      232 0.000079  -0.010102
      392 0.000078   0.009992
      414 0.000078   0.009979
      803 0.000078   0.009978
      308 0.000078  -0.009974
      773 0.000077   0.009916
      320 0.000076   0.009787
      937 0.000074  -0.009509
      843 0.000074  -0.009424
      333 0.000073  -0.009397
      744 0.000073  -0.009324
      748 0.000073  -0.009285
      406 0.000072  -0.009248
     1005 0.000072   0.009212
      572 0.000072  -0.009207
      879 0.000072  -0.009178
      298 0.000072  -0.009156
      913 0.000071  -0.009141
      335 0.000070  -0.009019
      723 0.000070  -0.008910
      206 0.000070   0.008899
      364 0.000069   0.008878
      561 0.000069   0.008867
      263 0.000068  -0.008760
      978 0.000068   0.008742
      776 0.000068  -0.008726
      325 0.000068  -0.008698
      591 0.000068   0.008695
      778 0.000068  -0.008693
      922 0.000067  -0.008521
      402 0.000066  -0.008490
      390 0.000066   0.008441
      728 0.000066  -0.008410
      863 0.000066  -0.008404
      802 0.000066   0.008393
      545 0.000065  -0.008371
      891 0.000065  -0.008358
      413 0.000065   0.008350
      262 0.000064  -0.008233
      616 0.000063  -0.008008
      831 0.000062   0.007946
      789 0.000062   0.007934
      627 0.000060   0.007683
      539 0.000060   0.007654
      276 0.000059   0.007542
      826 0.000059  -0.007529
      261 0.000059  -0.007518
      264 0.000059  -0.007495
      296 0.000057  -0.007348
      610 0.000057  -0.007279
      222 0.000057  -0.007277
      895 0.000056   0.007224
      654 0.000056   0.007189
      359 0.000056  -0.007105
      722 0.000055  -0.007076
      596 0.000055  -0.007061
      425 0.000055   0.007027
      239 0.000054   0.006960
      214 0.000054   0.006853
      322 0.000053  -0.006822
      948 0.000053   0.006771
      765 0.000053   0.006759
      227 0.000052   0.006701
      275 0.000052  -0.006671
      821 0.000051  -0.006570
      864 0.000051   0.006531
      805 0.000051  -0.006531
      216 0.000051  -0.006525
      407 0.000050  -0.006342
      131 0.000048  -0.006185
      329 0.000048  -0.006180
      542 0.000048   0.006140
      224 0.000048  -0.006115
      528 0.000048   0.006093
      360 0.000047  -0.006071
      318 0.000046  -0.005884
      213 0.000046   0.005867
      347 0.000046  -0.005855
      540 0.000046  -0.005828
      259 0.000044  -0.005570
      987 0.000043   0.005557
      860 0.000043  -0.005494
      867 0.000043   0.005490
      350 0.000043  -0.005441
      409 0.000042  -0.005420
      823 0.000042   0.005405
      589 0.000042  -0.005390
      881 0.000042  -0.005313
      643 0.000041  -0.005261
      928 0.000041  -0.005252
      870 0.000041  -0.005230
      357 0.000041   0.005220
      334 0.000041   0.005219
      399 0.000041  -0.005214
      287 0.000040  -0.005096
      448 0.000039   0.005042
      268 0.000039  -0.004959
      780 0.000038  -0.004922
     1001 0.000038  -0.004908
      965 0.000038  -0.004901
      289 0.000038   0.004870
      215 0.000038  -0.004867
      272 0.000038   0.004835
      858 0.000038  -0.004811
      680 0.000037   0.004680
      535 0.000036   0.004665
      904 0.000036   0.004635
      328 0.000036  -0.004630
      245 0.000036  -0.004619
      993 0.000036   0.004574
      874 0.000036  -0.004558
      274 0.000034  -0.004340
      933 0.000034   0.004301
      943 0.000034   0.004294
      382 0.000034   0.004288
      894 0.000033  -0.004251
      310 0.000033  -0.004231
     1025 0.000033   0.004224
      491 0.000033   0.004195
      518 0.000032   0.004135
      530 0.000032   0.004115
      488 0.000032   0.004055
      317 0.000032  -0.004053
      237 0.000032   0.004044
      351 0.000031  -0.004015
      337 0.000031  -0.004012
      410 0.000031  -0.003996
      792 0.000031   0.003989
      198 0.000031   0.003975
      348 0.000031  -0.003938
      330 0.000031  -0.003924
      614 0.000030   0.003900
     1032 0.000030   0.003893
      223 0.000030   0.003858
      432 0.000030   0.003851
      950 0.000030  -0.003848
      609 0.000030   0.003845
      475 0.000030  -0.003843
      532 0.000030   0.003841
      233 0.000030   0.003834
      681 0.000030  -0.003800
      288 0.000029   0.003692
      837 0.000029  -0.003664
      880 0.000028   0.003597
      226 0.000028  -0.003588
      191 0.000028   0.003575
      524 0.000027  -0.003496
      285 0.000027  -0.003486
      884 0.000027  -0.003472
      942 0.000027   0.003420
      221 0.000027   0.003418
      230 0.000027  -0.003408
     1017 0.000026   0.003370
      590 0.000026  -0.003356
      900 0.000026  -0.003351
      849 0.000026   0.003349
      420 0.000026   0.003339
      324 0.000026  -0.003338
      613 0.000025   0.003248
      338 0.000025  -0.003219
      397 0.000025  -0.003178
      332 0.000024  -0.003130
      636 0.000024  -0.003111
      685 0.000024  -0.003104
      225 0.000024  -0.003104
      385 0.000024  -0.003098
      814 0.000024   0.003072
      349 0.000024   0.003072
      677 0.000024   0.003068
      694 0.000024   0.003053
       93 0.000024   0.003020
      625 0.000023   0.002989
      293 0.000023   0.002951
      917 0.000023   0.002947
      424 0.000023  -0.002944
      842 0.000023  -0.002941
      164 0.000023   0.002883
      192 0.000022  -0.002858
      326 0.000022   0.002856
       88 0.000022   0.002820
      452 0.000022  -0.002805
      323 0.000022  -0.002780
      445 0.000022  -0.002776
     1034 0.000022  -0.002763
      519 0.000022   0.002758
      248 0.000022  -0.002753
      479 0.000021   0.002739
      538 0.000021   0.002728
      196 0.000021   0.002687
      315 0.000021  -0.002673
      344 0.000021   0.002647
      555 0.000021  -0.002646
      502 0.000020   0.002622
      197 0.000020  -0.002617
      169 0.000020  -0.002607
      536 0.000020  -0.002605
      395 0.000020   0.002581
      714 0.000020  -0.002575
      811 0.000020   0.002570
      938 0.000020   0.002566
      240 0.000020  -0.002558
      314 0.000020  -0.002498
      489 0.000019   0.002493
      512 0.000019  -0.002445
      165 0.000019   0.002431
      608 0.000019  -0.002412
      455 0.000019  -0.002386
     1052 0.000019   0.002376
      242 0.000018   0.002367
      458 0.000018   0.002353
      875 0.000018  -0.002350
      345 0.000018  -0.002335
      856 0.000018   0.002302
      526 0.000018   0.002300
      712 0.000018   0.002296
      229 0.000018   0.002276
      463 0.000018  -0.002273
      346 0.000018   0.002243
      852 0.000017  -0.002236
       47 0.000017  -0.002230
       10 0.000017  -0.002214
        9 0.000017  -0.002208
      558 0.000017   0.002207
       46 0.000017   0.002199
      260 0.000017   0.002189
      888 0.000017   0.002175
      705 0.000017  -0.002170
      514 0.000017   0.002165
      375 0.000017  -0.002165
      434 0.000017   0.002162
      336 0.000017   0.002154
      563 0.000017   0.002130
      554 0.000017   0.002128
      724 0.000017   0.002125
      339 0.000016  -0.002087
      505 0.000016   0.002080
      244 0.000016  -0.002076
      876 0.000016  -0.002061
      195 0.000016   0.002056
      238 0.000016   0.002042
      810 0.000016   0.002009
      437 0.000016   0.001992
      650 0.000015  -0.001973
      949 0.000015   0.001969
      286 0.000015   0.001944
      695 0.000015  -0.001944
      340 0.000015   0.001921
      307 0.000015  -0.001880
      907 0.000015   0.001879
      729 0.000014   0.001841
      809 0.000014   0.001829
      669 0.000014   0.001818
      483 0.000014  -0.001817
      839 0.000014   0.001812
      342 0.000014   0.001809
      732 0.000014   0.001796
      200 0.000014   0.001780
      190 0.000014   0.001779
      887 0.000014   0.001765
      935 0.000014  -0.001765
      693 0.000014   0.001753
      358 0.000014   0.001752
      966 0.000014   0.001751
      297 0.000014  -0.001749
       40 0.000014   0.001749
      270 0.000014  -0.001745
      405 0.000013   0.001720
       52 0.000013   0.001718
      178 0.000013  -0.001716
      571 0.000013   0.001707
      644 0.000013   0.001696
       42 0.000013   0.001692
      816 0.000013   0.001682
      543 0.000013  -0.001678
      534 0.000013  -0.001673
      868 0.000013  -0.001673
      387 0.000013   0.001670
      927 0.000013  -0.001653
      450 0.000013  -0.001626
      319 0.000013   0.001618
      964 0.000012   0.001592
      607 0.000012   0.001581
      934 0.000012  -0.001556
      134 0.000012  -0.001547
       49 0.000012   0.001543
      971 0.000012  -0.001538
      177 0.000012   0.001535
      883 0.000012   0.001524
     1047 0.000012   0.001509
      556 0.000012  -0.001508
      327 0.000012  -0.001503
      903 0.000012  -0.001500
      619 0.000012   0.001494
      804 0.000012  -0.001482
      921 0.000012  -0.001480
       19 0.000012  -0.001473
      548 0.000011  -0.001464
      376 0.000011  -0.001462
       35 0.000011  -0.001447
      473 0.000011  -0.001442
      202 0.000011  -0.001440
      592 0.000011  -0.001427
       43 0.000011   0.001425
      691 0.000011   0.001421
      623 0.000011   0.001419
      662 0.000011  -0.001411
      794 0.000011   0.001410
       34 0.000011  -0.001407
      363 0.000011   0.001405
      461 0.000011   0.001404
       50 0.000011  -0.001403
     1010 0.000011   0.001402
      378 0.000011   0.001390
       41 0.000011  -0.001389
      265 0.000011   0.001373
       21 0.000011  -0.001363
      283 0.000011  -0.001360
      440 0.000011  -0.001357
      487 0.000011  -0.001354
       44 0.000010  -0.001344
       13 0.000010   0.001333
      796 0.000010   0.001330
      278 0.000010   0.001322
      769 0.000010  -0.001313
      155 0.000010  -0.001309
       14 0.000010  -0.001309
      368 0.000010  -0.001308
      120 0.000010   0.001297
      449 0.000010   0.001297
      462 0.000010   0.001295
      634 0.000010  -0.001292
euclid. distance of OLC and linear combination of EV * x_coef: 0.01214095444172635

Generate samples based on objective loadcase 502
nr_to_generate: 25

Parameter variation distribution settings
distribution: uniform
low: 0.7
high: 1.3

Total process runtime: 0:00:01.312358
