Date and Time:2023-05-12 14:06:56.502695

Initial Settings:
similarity_model: <function cosine_similarity at 0x000001D005A6E5E0>
similarity_threshold: 1e-05
nr_eigv_to_select: None
distribution: uniform
deviation: 0.3
nr_to_generate: 25
recompute: False

Selected eigenvectors and similarity score w.r.t objective loadcase:
objective_loadcase_nr: 51
similarity_model: cosine_similarity
similarity_threshold: 1e-05
nr_eigv_to_select: None
nr_eigv_selected: 501
approximation parameter model: lstsq
similarity score and approx. param. value
:  eigv_idx    score      value
        1 0.556927  78.212488
        3 0.534347  75.041406
        2 0.489969 -68.809253
        0 0.400712  56.274265
        6 0.056617   7.951091
       39 0.016575   2.327752
        4 0.010073   1.414590
      639 0.003708   0.520759
       68 0.002902  -0.407485
      186 0.002237  -0.314222
      612 0.002073  -0.291067
      593 0.002026  -0.284589
      586 0.001836   0.257772
      716 0.001653   0.232075
      218 0.001605  -0.225371
      187 0.001528  -0.214533
      710 0.001522  -0.213801
      618 0.001503   0.211140
      663 0.001459  -0.204856
      668 0.001386   0.194710
      182 0.001163  -0.163309
      595 0.001162   0.163122
      143 0.001072   0.150560
      659 0.001036  -0.145445
      194 0.001021   0.143354
      617 0.000964   0.135339
      686 0.000934  -0.131224
      184 0.000906  -0.127180
      388 0.000884  -0.124167
      626 0.000841   0.118115
      688 0.000818  -0.114874
      599 0.000816   0.114645
      700 0.000773   0.108512
      635 0.000765   0.107466
      562 0.000761  -0.106895
      582 0.000759  -0.106566
      579 0.000726   0.101974
      683 0.000722   0.101431
      183 0.000714   0.100223
      670 0.000712   0.100044
      749 0.000705  -0.098963
      578 0.000677   0.095027
       71 0.000654  -0.091863
      621 0.000646  -0.090767
      698 0.000623  -0.087494
      733 0.000616   0.086500
      666 0.000568  -0.079776
      602 0.000558  -0.078364
      341 0.000555   0.077975
      253 0.000547  -0.076782
       69 0.000495  -0.069557
      708 0.000488   0.068504
      718 0.000485  -0.068103
       70 0.000480   0.067371
      179 0.000479   0.067278
      228 0.000473  -0.066425
      735 0.000470  -0.065987
      153 0.000450   0.063231
      606 0.000442  -0.062011
      567 0.000439  -0.061685
      171 0.000437  -0.061440
      174 0.000433   0.060805
      641 0.000425  -0.059622
      699 0.000422  -0.059251
      704 0.000416  -0.058442
      137 0.000408  -0.057345
      220 0.000408  -0.057330
      577 0.000405  -0.056820
      575 0.000399   0.056037
      709 0.000383  -0.053756
      583 0.000374  -0.052578
      210 0.000374  -0.052496
      362 0.000372  -0.052292
      620 0.000363  -0.050908
      267 0.000339  -0.047602
      631 0.000335  -0.047091
      756 0.000323  -0.045395
      243 0.000316   0.044369
      757 0.000316  -0.044315
      848 0.000313  -0.043931
      807 0.000312   0.043780
      419 0.000311  -0.043641
      412 0.000304  -0.042645
      604 0.000297  -0.041747
      601 0.000288   0.040461
      576 0.000285  -0.040069
      707 0.000277  -0.038878
      628 0.000273   0.038342
      403 0.000272   0.038233
      587 0.000270   0.037935
      741 0.000266   0.037319
      132 0.000262   0.036807
      258 0.000257  -0.036048
      400 0.000249  -0.034936
      377 0.000242  -0.033939
      573 0.000241   0.033876
      254 0.000239   0.033545
      383 0.000237   0.033305
      853 0.000236  -0.033159
      161 0.000233   0.032714
      361 0.000233   0.032670
      570 0.000231  -0.032474
      815 0.000231  -0.032410
      271 0.000230   0.032271
      580 0.000229  -0.032131
      753 0.000229  -0.032129
      739 0.000224  -0.031451
      787 0.000222   0.031230
      658 0.000220   0.030877
      204 0.000220   0.030842
      148 0.000218   0.030552
      564 0.000205  -0.028830
      696 0.000205  -0.028813
      941 0.000197  -0.027712
      277 0.000195   0.027354
      665 0.000191  -0.026834
      549 0.000190  -0.026743
      759 0.000185   0.026043
      800 0.000185  -0.026026
      355 0.000185   0.025929
      373 0.000185  -0.025924
      828 0.000184  -0.025790
      199 0.000183  -0.025749
      687 0.000181   0.025482
      427 0.000181  -0.025458
      750 0.000181   0.025423
      273 0.000181  -0.025382
      236 0.000179   0.025195
      301 0.000179  -0.025083
      820 0.000175  -0.024511
      175 0.000170  -0.023913
      793 0.000168  -0.023564
      398 0.000167  -0.023452
      234 0.000166   0.023297
      255 0.000165  -0.023151
      299 0.000164   0.023039
      574 0.000163  -0.022831
      640 0.000161  -0.022640
      367 0.000159   0.022317
      667 0.000159   0.022278
      711 0.000158   0.022254
      566 0.000158   0.022160
      743 0.000157  -0.022029
      557 0.000155  -0.021819
      784 0.000152  -0.021409
      198 0.000150   0.021129
      857 0.000148  -0.020725
      247 0.000146   0.020560
       91 0.000145  -0.020433
      380 0.000145   0.020299
      257 0.000144  -0.020187
      847 0.000143   0.020061
      798 0.000143   0.020024
      249 0.000140  -0.019630
      392 0.000140   0.019594
      690 0.000136   0.019091
      295 0.000136  -0.019090
      790 0.000136   0.019066
      294 0.000136  -0.019047
      855 0.000135  -0.018937
      808 0.000135   0.018931
      353 0.000132  -0.018468
      436 0.000129   0.018074
      645 0.000128   0.018045
      908 0.000128  -0.018007
      262 0.000127  -0.017776
      605 0.000125  -0.017534
      818 0.000124  -0.017483
      974 0.000124   0.017455
      312 0.000124  -0.017393
      726 0.000122  -0.017181
      423 0.000121  -0.017031
      431 0.000121  -0.017024
      138 0.000120   0.016885
      107 0.000119  -0.016770
      269 0.000118  -0.016628
      740 0.000118  -0.016514
      795 0.000117   0.016495
      684 0.000116  -0.016288
      882 0.000115   0.016216
      638 0.000115  -0.016206
      629 0.000113  -0.015924
      697 0.000112   0.015777
      762 0.000111   0.015530
      217 0.000110  -0.015505
      859 0.000110   0.015458
      281 0.000110   0.015416
      581 0.000108  -0.015190
      275 0.000108  -0.015159
      594 0.000107  -0.015077
      266 0.000107  -0.015047
      840 0.000107  -0.014978
      561 0.000106   0.014900
      799 0.000106  -0.014849
      390 0.000105   0.014807
      584 0.000103  -0.014492
      736 0.000103  -0.014409
      241 0.000102   0.014388
      600 0.000102  -0.014295
      261 0.000099  -0.013872
      723 0.000099  -0.013841
      235 0.000098  -0.013756
      354 0.000097   0.013672
      222 0.000097  -0.013657
      742 0.000095  -0.013409
      611 0.000095  -0.013376
      308 0.000094  -0.013174
     1095 0.000093  -0.013063
      844 0.000092  -0.012981
      778 0.000092  -0.012958
      553 0.000092  -0.012953
      824 0.000092   0.012907
      572 0.000092  -0.012897
      734 0.000091  -0.012804
      585 0.000091  -0.012759
      552 0.000090  -0.012608
      364 0.000090  -0.012598
      302 0.000088  -0.012366
      230 0.000088  -0.012317
      193 0.000087  -0.012282
      832 0.000086   0.012084
      239 0.000086   0.012051
      955 0.000085   0.011964
      369 0.000084   0.011847
      569 0.000082   0.011583
      407 0.000082  -0.011531
      614 0.000081   0.011323
      829 0.000081   0.011308
      227 0.000080   0.011224
      701 0.000080  -0.011201
      801 0.000080  -0.011192
      843 0.000079  -0.011164
      744 0.000079  -0.011138
      386 0.000079   0.011113
      597 0.000079  -0.011103
      803 0.000079   0.011095
      428 0.000079   0.011054
      591 0.000078   0.010963
      292 0.000076  -0.010622
      728 0.000075  -0.010594
      863 0.000074  -0.010422
     1005 0.000074   0.010384
      232 0.000074  -0.010363
      414 0.000074   0.010359
      937 0.000073  -0.010295
      632 0.000073   0.010247
      879 0.000072  -0.010169
      763 0.000071  -0.009999
      359 0.000071   0.009949
      209 0.000071  -0.009946
      913 0.000070  -0.009872
      891 0.000070  -0.009857
      545 0.000070  -0.009849
      802 0.000069   0.009752
      978 0.000069   0.009736
      748 0.000069  -0.009656
      425 0.000068   0.009607
      349 0.000068  -0.009503
      922 0.000067  -0.009423
      343 0.000066  -0.009268
      826 0.000066  -0.009263
      560 0.000066  -0.009226
      397 0.000065  -0.009162
      805 0.000064  -0.009030
      313 0.000064  -0.008928
      263 0.000063  -0.008889
      616 0.000063  -0.008824
      782 0.000062  -0.008707
      319 0.000062   0.008687
      654 0.000061   0.008561
      539 0.000060   0.008393
      251 0.000059  -0.008326
      770 0.000059   0.008292
      350 0.000058   0.008205
      789 0.000058   0.008175
      291 0.000057   0.008039
      223 0.000057   0.008029
      776 0.000057  -0.007982
      722 0.000056  -0.007916
      298 0.000056  -0.007869
      948 0.000056   0.007813
      337 0.000056  -0.007807
      226 0.000055   0.007755
      357 0.000055  -0.007736
      374 0.000055   0.007689
      289 0.000054   0.007612
      342 0.000054   0.007570
      895 0.000054   0.007550
      297 0.000053  -0.007415
      322 0.000052  -0.007361
      225 0.000052   0.007358
      821 0.000052  -0.007350
      268 0.000052  -0.007323
      773 0.000052   0.007257
      279 0.000052  -0.007242
      356 0.000051  -0.007183
      528 0.000051   0.007180
      765 0.000051   0.007155
      608 0.000050  -0.007012
      542 0.000049   0.006879
      409 0.000049  -0.006867
      366 0.000048   0.006805
      867 0.000048   0.006804
      332 0.000047  -0.006642
      402 0.000046   0.006514
      831 0.000046   0.006439
      540 0.000046  -0.006421
      589 0.000045  -0.006380
      603 0.000045  -0.006311
      216 0.000044   0.006168
      987 0.000044   0.006152
      325 0.000044  -0.006142
      169 0.000044  -0.006118
      870 0.000043  -0.005990
      360 0.000042   0.005962
      823 0.000042   0.005947
      858 0.000042  -0.005883
      864 0.000042   0.005876
      928 0.000042  -0.005846
      335 0.000041   0.005796
      588 0.000041  -0.005777
      535 0.000041   0.005721
      677 0.000041   0.005699
      214 0.000040  -0.005667
      323 0.000040  -0.005632
      874 0.000040  -0.005611
      448 0.000039   0.005525
      965 0.000039  -0.005518
      881 0.000039  -0.005439
     1001 0.000038  -0.005398
      860 0.000038  -0.005394
      904 0.000038   0.005388
      286 0.000037   0.005243
      318 0.000037   0.005182
      780 0.000037  -0.005182
      830 0.000037   0.005180
      518 0.000036   0.005116
      993 0.000036   0.005033
      406 0.000035   0.004977
      894 0.000035  -0.004974
      382 0.000035  -0.004958
      320 0.000035  -0.004896
      310 0.000035  -0.004890
      838 0.000035   0.004887
      933 0.000034   0.004802
      329 0.000034  -0.004788
      224 0.000034  -0.004732
     1025 0.000034   0.004715
      627 0.000033   0.004681
      491 0.000033   0.004667
      650 0.000033  -0.004645
      792 0.000033   0.004587
      215 0.000032   0.004563
      596 0.000032  -0.004503
      530 0.000032   0.004451
      259 0.000032   0.004441
      410 0.000032  -0.004440
      445 0.000031  -0.004394
      532 0.000031   0.004374
      943 0.000031   0.004311
     1032 0.000031   0.004293
      394 0.000030   0.004199
      592 0.000030  -0.004178
      213 0.000029  -0.004142
      488 0.000029   0.004128
      250 0.000029  -0.004123
      206 0.000029  -0.004063
      643 0.000029  -0.004054
      880 0.000029   0.004048
      950 0.000028  -0.003982
      424 0.000028  -0.003945
      384 0.000028  -0.003944
      475 0.000028  -0.003911
      942 0.000028   0.003864
     1017 0.000027   0.003858
      524 0.000027  -0.003807
      347 0.000027   0.003795
      264 0.000027   0.003795
      839 0.000027  -0.003794
      900 0.000027  -0.003764
      814 0.000027   0.003764
      432 0.000026   0.003714
      104 0.000026   0.003699
      662 0.000026  -0.003598
      938 0.000024   0.003432
      727 0.000024  -0.003387
      413 0.000024   0.003380
      260 0.000024  -0.003339
      293 0.000024  -0.003327
      636 0.000024  -0.003307
      131 0.000023  -0.003225
      502 0.000023   0.003214
      283 0.000023   0.003207
      917 0.000023   0.003196
     1034 0.000022  -0.003148
      685 0.000022  -0.003081
      519 0.000022   0.003048
      245 0.000022  -0.003043
      505 0.000022   0.003027
      248 0.000022   0.003024
      713 0.000021   0.002969
      884 0.000020  -0.002878
      455 0.000020  -0.002876
      609 0.000020  -0.002866
      613 0.000020  -0.002843
      489 0.000020   0.002830
      714 0.000020  -0.002816
      526 0.000020   0.002779
      252 0.000020   0.002744
      324 0.000019  -0.002721
      538 0.000019   0.002718
      321 0.000019  -0.002717
     1052 0.000019   0.002652
      536 0.000019  -0.002645
      296 0.000019   0.002607
      437 0.000019   0.002604
      512 0.000018  -0.002586
      387 0.000018   0.002583
      590 0.000018  -0.002578
      598 0.000018   0.002572
      164 0.000018  -0.002545
      463 0.000018  -0.002541
      221 0.000018  -0.002525
      458 0.000018   0.002464
      333 0.000018   0.002463
      856 0.000017   0.002421
      479 0.000017   0.002416
      314 0.000017   0.002416
      514 0.000017   0.002371
      675 0.000017   0.002369
      868 0.000017  -0.002356
      201 0.000017   0.002355
      240 0.000017  -0.002336
      304 0.000016   0.002306
      791 0.000016   0.002298
      315 0.000016   0.002297
      837 0.000016   0.002276
      649 0.000016  -0.002270
      680 0.000016   0.002261
      317 0.000016  -0.002246
      276 0.000016  -0.002236
      309 0.000016  -0.002200
      949 0.000016   0.002184
      284 0.000015   0.002174
      883 0.000015   0.002161
      242 0.000015  -0.002159
      712 0.000015  -0.002152
      842 0.000015  -0.002097
      907 0.000015   0.002095
      229 0.000015  -0.002094
      450 0.000015  -0.002065
      811 0.000015   0.002062
      779 0.000015   0.002056
      619 0.000015   0.002037
      724 0.000014  -0.002018
      755 0.000014  -0.002009
      288 0.000014   0.001997
      966 0.000014   0.001952
      165 0.000014  -0.001949
      646 0.000014   0.001899
      816 0.000013   0.001896
      625 0.000013  -0.001873
      810 0.000013   0.001852
      732 0.000013   0.001833
      278 0.000013   0.001830
      483 0.000013  -0.001825
      478 0.000013   0.001804
       43 0.000013  -0.001803
      769 0.000013  -0.001784
      794 0.000013   0.001772
      903 0.000013  -0.001771
      237 0.000013   0.001763
      927 0.000013  -0.001758
      462 0.000013   0.001757
     1047 0.000012   0.001725
      330 0.000012   0.001704
       81 0.000012   0.001700
      326 0.000012  -0.001685
      405 0.000012  -0.001661
      534 0.000012  -0.001648
      510 0.000012  -0.001623
     1010 0.000011   0.001609
      935 0.000011  -0.001596
      101 0.000011  -0.001584
      752 0.000011   0.001574
      449 0.000011  -0.001570
      634 0.000011  -0.001568
      934 0.000011  -0.001562
      473 0.000011  -0.001531
      418 0.000011  -0.001525
       80 0.000011  -0.001523
      921 0.000011  -0.001519
       40 0.000011  -0.001508
      331 0.000010  -0.001470
      568 0.000010   0.001464
      103 0.000010  -0.001451
      233 0.000010  -0.001445
      452 0.000010  -0.001436
      669 0.000010   0.001426
      379 0.000010  -0.001426
      376 0.000010  -0.001420
euclid. distance of OLC and linear combination of EV * x_coef: 0.012787658387184663

Generate samples based on objective loadcase 51
nr_to_generate: 25

Parameter variation distribution settings
distribution: uniform
low: 0.7
high: 1.3

Total process runtime: 0:00:01.401642
