Date and Time:2023-05-12 14:25:49.531634

Initial Settings:
similarity_model: <function cosine_similarity at 0x000001D005A6E5E0>
similarity_threshold: 1e-05
nr_eigv_to_select: None
distribution: uniform
deviation: 0.3
nr_to_generate: 25
recompute: False

Selected eigenvectors and similarity score w.r.t objective loadcase:
objective_loadcase_nr: 901
similarity_model: cosine_similarity
similarity_threshold: 1e-05
nr_eigv_to_select: None
nr_eigv_selected: 649
approximation parameter model: lstsq
similarity score and approx. param. value
:  eigv_idx    score      value
        1 0.556719  65.171386
        3 0.540602  63.284672
        2 0.484495 -56.716650
        0 0.400073  46.833928
        6 0.051009   5.971252
       39 0.015054   1.762275
        4 0.010130   1.185882
       68 0.004222  -0.494237
      639 0.003397   0.397717
      186 0.002156  -0.252443
      612 0.001906  -0.223069
      593 0.001822  -0.213303
      586 0.001648   0.192913
      218 0.001590  -0.186130
       71 0.001577  -0.184591
      710 0.001522  -0.178115
      716 0.001511   0.176916
      618 0.001499   0.175476
      187 0.001487  -0.174047
      663 0.001347  -0.157662
      668 0.001335   0.156299
       69 0.001278  -0.149581
      182 0.001048  -0.122645
      595 0.001045   0.122335
      194 0.000992   0.116173
      659 0.000973  -0.113919
      143 0.000964   0.112878
      617 0.000948   0.110939
      749 0.000924  -0.108197
      686 0.000882  -0.103198
      184 0.000848  -0.099223
      688 0.000804  -0.094087
      388 0.000789  -0.092353
      579 0.000735   0.086084
      635 0.000732   0.085732
      599 0.000719   0.084220
      626 0.000710   0.083154
      183 0.000709   0.083037
       70 0.000709   0.083027
      700 0.000709   0.083020
      683 0.000699   0.081836
      562 0.000694  -0.081205
      582 0.000648  -0.075912
      578 0.000626   0.073247
      670 0.000597   0.069926
      621 0.000570  -0.066695
      735 0.000570  -0.066694
      666 0.000536  -0.062734
      733 0.000525   0.061416
      698 0.000512  -0.059897
      708 0.000496   0.058039
      341 0.000492   0.057645
      602 0.000490  -0.057319
      253 0.000464  -0.054304
      179 0.000453   0.053075
      153 0.000451   0.052775
      171 0.000436  -0.051049
      137 0.000420  -0.049141
      228 0.000407  -0.047616
      220 0.000398  -0.046639
      174 0.000390   0.045669
      641 0.000390  -0.045612
      210 0.000389  -0.045566
      709 0.000386  -0.045164
      362 0.000384  -0.045009
      567 0.000382  -0.044747
      756 0.000378  -0.044233
      718 0.000369  -0.043160
      583 0.000366  -0.042824
      606 0.000359  -0.042054
      757 0.000344  -0.040324
      243 0.000344   0.040322
      741 0.000340   0.039752
      577 0.000338  -0.039543
      631 0.000334  -0.039092
      699 0.000334  -0.039085
      575 0.000324   0.037967
      576 0.000324  -0.037957
      853 0.000308  -0.036049
      267 0.000298  -0.034941
      628 0.000298   0.034845
      620 0.000296  -0.034653
      258 0.000284  -0.033257
      419 0.000281  -0.032907
      807 0.000278   0.032528
      604 0.000276  -0.032356
      412 0.000276  -0.032337
      848 0.000274  -0.032056
      254 0.000270   0.031658
      739 0.000266  -0.031185
      787 0.000257   0.030107
      400 0.000257  -0.030074
      403 0.000254   0.029692
      132 0.000253   0.029612
      601 0.000251   0.029410
      750 0.000250   0.029235
      704 0.000248  -0.029031
      277 0.000239   0.028033
      587 0.000239   0.027979
      361 0.000236   0.027598
      573 0.000229   0.026799
      658 0.000221   0.025821
      377 0.000212  -0.024852
      549 0.000210  -0.024526
      148 0.000208   0.024348
      204 0.000204   0.023838
      753 0.000201  -0.023539
       91 0.000200  -0.023358
      580 0.000199  -0.023325
      383 0.000199   0.023276
      271 0.000196   0.022890
      815 0.000194  -0.022673
      570 0.000193  -0.022650
      161 0.000193   0.022579
      355 0.000190   0.022248
      640 0.000183  -0.021383
      941 0.000178  -0.020855
      367 0.000177   0.020756
      857 0.000175  -0.020468
      373 0.000173  -0.020205
      564 0.000172  -0.020162
      138 0.000171   0.020035
      234 0.000171   0.020016
      249 0.000169  -0.019839
      427 0.000168  -0.019646
      687 0.000167   0.019519
      828 0.000166  -0.019459
      199 0.000165  -0.019290
      800 0.000164  -0.019211
      707 0.000164  -0.019189
      236 0.000160   0.018770
      255 0.000160  -0.018736
      711 0.000159   0.018592
      818 0.000158  -0.018544
      295 0.000158  -0.018478
      301 0.000156  -0.018296
      743 0.000156  -0.018284
      793 0.000156  -0.018223
      269 0.000155  -0.018117
      665 0.000155  -0.018094
      820 0.000155  -0.018089
      726 0.000153  -0.017946
      262 0.000151  -0.017666
      398 0.000150  -0.017604
      566 0.000149   0.017479
      273 0.000149  -0.017410
      175 0.000147  -0.017258
      257 0.000147  -0.017191
      308 0.000146  -0.017047
      380 0.000144   0.016876
      790 0.000141   0.016488
      855 0.000140  -0.016435
      759 0.000140   0.016359
      198 0.000140   0.016344
      798 0.000138   0.016176
      557 0.000138  -0.016118
      847 0.000137   0.016075
      581 0.000136  -0.015950
      392 0.000135   0.015782
      824 0.000134   0.015725
      574 0.000134  -0.015692
      107 0.000134  -0.015662
      299 0.000133   0.015531
      353 0.000132  -0.015427
      247 0.000132   0.015422
      690 0.000132   0.015408
      230 0.000131  -0.015282
      436 0.000129   0.015119
      784 0.000128  -0.015009
      235 0.000128  -0.014997
      859 0.000128   0.014951
      684 0.000127  -0.014825
      261 0.000124  -0.014479
      808 0.000122   0.014264
      364 0.000120  -0.014081
      390 0.000118   0.013822
      667 0.000118   0.013804
      829 0.000118   0.013791
      908 0.000118  -0.013777
      605 0.000117  -0.013747
      294 0.000117  -0.013706
      241 0.000116   0.013577
      281 0.000115   0.013407
      585 0.000114  -0.013345
      431 0.000113  -0.013243
      423 0.000110  -0.012924
      974 0.000109   0.012808
      770 0.000109   0.012726
      312 0.000108  -0.012624
      275 0.000107  -0.012558
      723 0.000107  -0.012535
      840 0.000107  -0.012496
      795 0.000106   0.012388
      882 0.000105   0.012263
      843 0.000104  -0.012221
      266 0.000104  -0.012158
      561 0.000102   0.011952
      572 0.000101  -0.011852
      594 0.000100  -0.011658
      645 0.000099   0.011647
      734 0.000098  -0.011478
      217 0.000096  -0.011200
      297 0.000095  -0.011136
      801 0.000095  -0.011109
      799 0.000095  -0.011072
      696 0.000094  -0.010986
      222 0.000093  -0.010889
      223 0.000092   0.010723
      611 0.000090  -0.010550
      600 0.000090  -0.010518
      359 0.000089   0.010455
      302 0.000089  -0.010449
      778 0.000089  -0.010443
      292 0.000089  -0.010406
      728 0.000088  -0.010247
      629 0.000088  -0.010246
      264 0.000087   0.010243
      762 0.000087   0.010219
      742 0.000087  -0.010196
      773 0.000087   0.010135
      614 0.000086   0.010070
      335 0.000086   0.010019
      402 0.000085   0.009948
      227 0.000084   0.009846
      320 0.000084  -0.009789
      349 0.000083  -0.009737
      386 0.000083   0.009712
     1095 0.000083  -0.009674
      407 0.000082  -0.009636
      697 0.000082   0.009631
      740 0.000081  -0.009521
      428 0.000080   0.009367
      268 0.000080  -0.009357
      315 0.000080   0.009344
      638 0.000079  -0.009282
      397 0.000079  -0.009224
      319 0.000078   0.009185
      584 0.000078  -0.009170
      553 0.000078  -0.009165
      782 0.000078  -0.009119
      406 0.000078   0.009117
      239 0.000077   0.008980
      955 0.000076   0.008953
      736 0.000076  -0.008946
      744 0.000076  -0.008916
      414 0.000076   0.008869
      276 0.000075  -0.008770
      318 0.000074   0.008699
      360 0.000074   0.008626
      354 0.000074   0.008623
      545 0.000073  -0.008602
      263 0.000073  -0.008567
      844 0.000072  -0.008474
      937 0.000072  -0.008408
      805 0.000072  -0.008402
      357 0.000071  -0.008267
      589 0.000070  -0.008224
      864 0.000070   0.008152
      343 0.000070  -0.008137
      425 0.000069   0.008092
      323 0.000068  -0.008013
      382 0.000068  -0.007943
     1005 0.000066   0.007781
      347 0.000066   0.007748
      296 0.000066   0.007687
      803 0.000066   0.007668
      826 0.000065  -0.007638
      879 0.000065  -0.007629
      978 0.000065   0.007597
      701 0.000065  -0.007582
      913 0.000064  -0.007536
      350 0.000064   0.007456
      597 0.000063  -0.007394
      213 0.000063  -0.007345
      823 0.000061   0.007188
      654 0.000061   0.007150
      922 0.000060  -0.007036
      891 0.000060  -0.007020
      193 0.000059  -0.006925
      214 0.000059  -0.006901
      337 0.000059  -0.006881
      765 0.000059   0.006871
      596 0.000059  -0.006857
      259 0.000058   0.006814
      552 0.000058  -0.006798
      632 0.000058   0.006796
      322 0.000058  -0.006782
      832 0.000058   0.006771
      830 0.000058   0.006744
      342 0.000057   0.006725
      802 0.000057   0.006681
      948 0.000056   0.006528
      169 0.000056  -0.006514
      539 0.000055   0.006494
      374 0.000055   0.006400
      366 0.000054   0.006343
      789 0.000054   0.006280
      287 0.000054   0.006269
      943 0.000053   0.006182
      251 0.000053  -0.006165
      569 0.000053   0.006155
      748 0.000052  -0.006049
      895 0.000052   0.006047
      863 0.000052  -0.006038
      333 0.000051   0.005953
      332 0.000051  -0.005926
      591 0.000050   0.005894
      226 0.000050   0.005864
      369 0.000050   0.005852
      272 0.000050  -0.005832
      409 0.000050  -0.005830
      650 0.000049  -0.005769
      216 0.000048   0.005644
      245 0.000048  -0.005634
      677 0.000047   0.005482
      274 0.000046   0.005432
      351 0.000046   0.005414
      348 0.000046   0.005386
      608 0.000046  -0.005341
      528 0.000045   0.005314
      321 0.000045  -0.005310
      540 0.000045  -0.005243
      763 0.000044  -0.005180
      225 0.000044   0.005151
      870 0.000044  -0.005130
      894 0.000044  -0.005119
      625 0.000044  -0.005113
      860 0.000044  -0.005111
      215 0.000043   0.005078
      542 0.000043   0.005065
      880 0.000043   0.005053
      831 0.000043   0.005024
      560 0.000043  -0.005010
       88 0.000043   0.004977
       93 0.000042   0.004924
      884 0.000041  -0.004810
      821 0.000041  -0.004804
      233 0.000041  -0.004761
      313 0.000041  -0.004756
      330 0.000040   0.004724
      874 0.000040  -0.004713
      904 0.000040   0.004697
      288 0.000040  -0.004675
      136 0.000040  -0.004634
      662 0.000039  -0.004623
      310 0.000039  -0.004574
      155 0.000039   0.004548
      776 0.000039  -0.004548
      987 0.000039   0.004513
      448 0.000038   0.004494
      881 0.000038  -0.004430
      399 0.000037   0.004373
      928 0.000037  -0.004307
      221 0.000037  -0.004273
      289 0.000036   0.004222
      636 0.000036  -0.004189
      649 0.000036  -0.004175
      338 0.000036   0.004162
      535 0.000035   0.004141
      101 0.000035  -0.004126
      103 0.000035  -0.004104
      209 0.000035  -0.004090
      134 0.000035   0.004068
      385 0.000035   0.004062
      158 0.000035   0.004049
       66 0.000035  -0.004049
      131 0.000034  -0.004032
     1001 0.000034  -0.004022
      248 0.000034   0.004012
      613 0.000034  -0.004011
      713 0.000034   0.004006
      867 0.000034   0.003993
      317 0.000034   0.003988
      722 0.000034  -0.003978
      139 0.000034  -0.003969
      445 0.000033  -0.003899
      518 0.000033   0.003848
      965 0.000033  -0.003847
      727 0.000033  -0.003835
       99 0.000032  -0.003797
      839 0.000032  -0.003770
      933 0.000032   0.003769
       10 0.000032   0.003768
        9 0.000032   0.003752
      950 0.000032  -0.003696
      159 0.000032   0.003696
      603 0.000032  -0.003688
      792 0.000031   0.003662
      530 0.000031   0.003662
      242 0.000031  -0.003648
      592 0.000031  -0.003647
      993 0.000031   0.003647
      942 0.000031   0.003629
      329 0.000031  -0.003622
       64 0.000031  -0.003616
      284 0.000031   0.003582
      555 0.000031   0.003573
      675 0.000030   0.003531
       60 0.000030  -0.003507
      491 0.000030   0.003488
     1025 0.000030   0.003483
      105 0.000029  -0.003453
      609 0.000029  -0.003450
      128 0.000029   0.003440
      154 0.000029   0.003431
      191 0.000029  -0.003421
      395 0.000029  -0.003410
      164 0.000029  -0.003358
       65 0.000029   0.003358
      326 0.000028  -0.003330
       94 0.000028  -0.003325
      290 0.000028   0.003322
      410 0.000028  -0.003314
      838 0.000028   0.003283
      424 0.000028  -0.003264
      344 0.000028  -0.003256
      837 0.000028   0.003245
      291 0.000028   0.003242
     1032 0.000027   0.003207
      165 0.000027  -0.003188
      120 0.000027  -0.003178
       74 0.000027  -0.003169
      110 0.000027  -0.003155
      345 0.000027   0.003154
      432 0.000027   0.003148
      119 0.000026  -0.003091
       67 0.000026  -0.003082
      108 0.000026  -0.003068
      694 0.000026  -0.003055
      532 0.000026   0.003052
      556 0.000026   0.003049
      780 0.000026  -0.003048
      488 0.000026   0.003044
      192 0.000026   0.003020
      375 0.000026   0.003013
      327 0.000026   0.002991
      238 0.000025  -0.002976
      252 0.000025  -0.002972
      144 0.000025  -0.002955
      712 0.000025  -0.002948
      142 0.000025  -0.002923
      610 0.000025   0.002922
      935 0.000025  -0.002901
      285 0.000024   0.002858
      336 0.000024  -0.002855
      475 0.000024  -0.002846
      646 0.000024   0.002845
      852 0.000024   0.002810
      449 0.000024  -0.002793
      293 0.000024  -0.002793
     1017 0.000024   0.002785
      623 0.000024  -0.002779
      693 0.000024  -0.002769
      524 0.000023  -0.002724
      339 0.000023   0.002711
      724 0.000023  -0.002704
      563 0.000023  -0.002694
       95 0.000023  -0.002681
      590 0.000023  -0.002672
      229 0.000023  -0.002671
      681 0.000023   0.002664
      178 0.000023   0.002648
      858 0.000023  -0.002637
      964 0.000022   0.002627
      150 0.000022   0.002612
      502 0.000022   0.002609
      900 0.000022  -0.002591
      314 0.000022   0.002568
      298 0.000022  -0.002545
      286 0.000022   0.002543
      554 0.000022  -0.002539
       61 0.000022  -0.002538
      505 0.000022   0.002536
      519 0.000021   0.002496
       87 0.000021  -0.002477
      340 0.000021  -0.002454
       59 0.000021  -0.002454
       96 0.000021   0.002434
       63 0.000021   0.002414
       73 0.000021  -0.002412
      358 0.000020  -0.002397
       52 0.000020  -0.002374
      283 0.000020   0.002374
      112 0.000020   0.002370
      126 0.000020   0.002365
      695 0.000020   0.002362
     1034 0.000020  -0.002359
      814 0.000020   0.002358
      121 0.000020  -0.002351
      260 0.000020  -0.002340
      196 0.000020  -0.002336
      151 0.000020  -0.002331
      224 0.000020  -0.002325
      538 0.000020   0.002324
      197 0.000020   0.002298
      356 0.000020  -0.002295
      835 0.000020  -0.002291
      455 0.000020  -0.002291
       50 0.000020   0.002288
      130 0.000020   0.002287
      971 0.000019  -0.002278
       47 0.000019   0.002276
      181 0.000019   0.002248
      489 0.000019   0.002247
      705 0.000019   0.002239
      917 0.000019   0.002214
       46 0.000019  -0.002213
      938 0.000019   0.002211
      664 0.000019  -0.002198
       75 0.000019  -0.002177
      714 0.000019  -0.002168
      195 0.000018  -0.002160
      190 0.000018  -0.002154
      988 0.000018  -0.002150
       79 0.000018  -0.002125
      921 0.000018  -0.002115
      437 0.000018   0.002081
      856 0.000018   0.002078
      160 0.000018   0.002076
      671 0.000018   0.002067
      384 0.000018  -0.002066
      368 0.000018   0.002053
      565 0.000018  -0.002049
      571 0.000017  -0.002045
      129 0.000017  -0.002043
      396 0.000017   0.002036
       40 0.000017  -0.002030
       43 0.000017  -0.002029
      673 0.000017   0.002024
      157 0.000017  -0.002015
       84 0.000017   0.002006
       82 0.000017   0.001993
      162 0.000017  -0.001991
     1052 0.000017   0.001989
      558 0.000017  -0.001985
       54 0.000017   0.001983
      232 0.000017  -0.001980
      536 0.000017  -0.001971
       77 0.000017   0.001946
      927 0.000016  -0.001920
       42 0.000016  -0.001915
      458 0.000016   0.001909
      463 0.000016  -0.001897
      779 0.000016   0.001890
      526 0.000016   0.001883
      512 0.000016  -0.001855
       90 0.000016  -0.001853
      378 0.000016  -0.001851
      966 0.000016   0.001846
      811 0.000016   0.001845
      619 0.000016   0.001827
      106 0.000016   0.001824
      141 0.000016   0.001823
      887 0.000016  -0.001818
      791 0.000015   0.001814
       56 0.000015  -0.001809
      775 0.000015   0.001804
      270 0.000015   0.001801
      685 0.000015  -0.001762
      810 0.000015   0.001753
      957 0.000015   0.001739
      376 0.000015   0.001737
      642 0.000015  -0.001733
      177 0.000015  -0.001731
      125 0.000015   0.001698
      152 0.000014  -0.001687
      514 0.000014   0.001683
      450 0.000014  -0.001672
      550 0.000014   0.001670
      244 0.000014   0.001664
      934 0.000014  -0.001654
       58 0.000014   0.001641
     1096 0.000014   0.001634
      188 0.000014  -0.001627
      127 0.000014  -0.001616
      755 0.000014  -0.001611
      149 0.000014  -0.001604
      479 0.000014   0.001600
       33 0.000014  -0.001599
      902 0.000014  -0.001589
       83 0.000014   0.001584
      551 0.000014   0.001584
      462 0.000014   0.001583
      114 0.000013  -0.001579
      655 0.000013  -0.001574
      118 0.000013   0.001568
       62 0.000013   0.001561
      328 0.000013   0.001557
      381 0.000013   0.001557
      534 0.000013  -0.001555
       37 0.000013   0.001544
      206 0.000013  -0.001535
      478 0.000013   0.001527
       41 0.000013   0.001520
       86 0.000013  -0.001519
      237 0.000013  -0.001517
       35 0.000013   0.001498
      875 0.000013   0.001479
       31 0.000013   0.001467
       34 0.000012   0.001447
      644 0.000012  -0.001443
      752 0.000012   0.001441
      365 0.000012  -0.001439
      841 0.000012   0.001438
      949 0.000012   0.001434
      648 0.000012  -0.001431
      135 0.000012   0.001431
      483 0.000012  -0.001430
       36 0.000012   0.001427
      983 0.000012   0.001416
      510 0.000012  -0.001390
     1010 0.000012   0.001387
      109 0.000012  -0.001386
      977 0.000012   0.001372
      691 0.000012  -0.001372
      405 0.000012  -0.001368
      907 0.000012   0.001364
       29 0.000012  -0.001355
       19 0.000012   0.001355
      876 0.000012   0.001353
      634 0.000012  -0.001347
       78 0.000011   0.001323
      899 0.000011  -0.001313
      200 0.000011  -0.001305
      732 0.000011   0.001297
      883 0.000011   0.001296
      418 0.000011  -0.001295
       53 0.000011   0.001293
       85 0.000011   0.001289
       21 0.000011   0.001281
      888 0.000011  -0.001279
     1047 0.000011   0.001274
      133 0.000011   0.001271
       48 0.000011  -0.001255
       92 0.000011   0.001253
      656 0.000011   0.001249
      202 0.000011   0.001245
      163 0.000011  -0.001235
      637 0.000011   0.001230
      426 0.000010   0.001225
      729 0.000010  -0.001221
       17 0.000010  -0.001220
      833 0.000010  -0.001217
      473 0.000010  -0.001214
      352 0.000010   0.001213
       44 0.000010   0.001204
      420 0.000010   0.001190
      123 0.000010  -0.001183
      325 0.000010  -0.001179
euclid. distance of OLC and linear combination of EV * x_coef: 0.01047418554902372

Generate samples based on objective loadcase 901
nr_to_generate: 25

Parameter variation distribution settings
distribution: uniform
low: 0.7
high: 1.3

Total process runtime: 0:00:01.390281
