Date and Time:2023-05-12 14:17:50.444786

Initial Settings:
similarity_model: <function cosine_similarity at 0x000001D005A6E5E0>
similarity_threshold: 1e-05
nr_eigv_to_select: None
distribution: uniform
deviation: 0.3
nr_to_generate: 25
recompute: False

Selected eigenvectors and similarity score w.r.t objective loadcase:
objective_loadcase_nr: 543
similarity_model: cosine_similarity
similarity_threshold: 1e-05
nr_eigv_to_select: None
nr_eigv_selected: 529
approximation parameter model: lstsq
similarity score and approx. param. value
:  eigv_idx    score      value
        1 0.549149  52.156375
        3 0.548574  52.101742
        2 0.491216 -46.654077
        0 0.391680  37.200474
        6 0.047606   4.521422
       39 0.018618   1.768260
        4 0.010607   1.007423
      639 0.003380   0.321065
      186 0.002172  -0.206310
      612 0.001926  -0.182958
      593 0.001907  -0.181097
       68 0.001882  -0.178719
      586 0.001752   0.166425
      218 0.001636  -0.155376
      710 0.001590  -0.151054
      716 0.001532   0.145545
      187 0.001417  -0.134545
      618 0.001381   0.131195
      668 0.001281   0.121684
      663 0.001268  -0.120430
      143 0.001268   0.120401
      595 0.001106   0.105037
      194 0.000970   0.092121
      182 0.000966  -0.091739
      686 0.000946  -0.089833
      659 0.000943  -0.089554
      617 0.000870   0.082588
      749 0.000846  -0.080392
      388 0.000836  -0.079434
      688 0.000832  -0.078974
      626 0.000821   0.078018
      599 0.000732   0.069476
      184 0.000721  -0.068495
      635 0.000714   0.067827
      562 0.000712  -0.067633
      183 0.000686   0.065113
      582 0.000673  -0.063949
      578 0.000656   0.062295
      579 0.000653   0.062036
      670 0.000638   0.060627
      700 0.000632   0.060014
      683 0.000607   0.057643
      621 0.000605  -0.057506
      733 0.000554   0.052639
      666 0.000533  -0.050623
      698 0.000530  -0.050334
      735 0.000521  -0.049448
      341 0.000520   0.049370
      153 0.000518   0.049214
      228 0.000517  -0.049118
      253 0.000497  -0.047201
      708 0.000489   0.046488
      174 0.000473   0.044967
      137 0.000472  -0.044862
      602 0.000451  -0.042800
      567 0.000447  -0.042496
      606 0.000435  -0.041278
      718 0.000432  -0.041009
      577 0.000417  -0.039638
      709 0.000406  -0.038586
      220 0.000403  -0.038281
      179 0.000381   0.036230
      704 0.000381  -0.036221
      583 0.000373  -0.035404
      699 0.000369  -0.035071
      641 0.000369  -0.035013
      756 0.000364  -0.034610
      575 0.000364   0.034582
      620 0.000359  -0.034095
      362 0.000338  -0.032084
      601 0.000337   0.032023
      757 0.000332  -0.031571
       70 0.000324   0.030754
      171 0.000318  -0.030186
      267 0.000316  -0.030005
      243 0.000314   0.029793
      741 0.000311   0.029526
      210 0.000310  -0.029472
      204 0.000309   0.029383
      258 0.000309  -0.029374
      848 0.000301  -0.028554
      807 0.000294   0.027924
      403 0.000291   0.027660
      383 0.000291   0.027634
      419 0.000290  -0.027559
      631 0.000287  -0.027215
      412 0.000285  -0.027069
      604 0.000282  -0.026790
      739 0.000279  -0.026515
      199 0.000271  -0.025713
      853 0.000269  -0.025517
      576 0.000263  -0.025021
      570 0.000253  -0.024022
      587 0.000253   0.024011
      707 0.000251  -0.023864
      132 0.000251   0.023798
      787 0.000244   0.023166
      628 0.000243   0.023072
      753 0.000240  -0.022806
      400 0.000228  -0.021617
      750 0.000226   0.021426
      377 0.000222  -0.021091
      356 0.000221  -0.021002
      696 0.000219  -0.020835
      573 0.000209   0.019867
      585 0.000205  -0.019496
      277 0.000205   0.019480
      254 0.000205   0.019447
      658 0.000204   0.019381
      271 0.000203   0.019270
       69 0.000200   0.018992
      235 0.000199  -0.018896
      580 0.000193  -0.018347
      815 0.000190  -0.018002
      175 0.000187  -0.017783
      564 0.000186  -0.017625
      793 0.000182  -0.017313
      273 0.000182  -0.017242
      369 0.000176   0.016688
      665 0.000173  -0.016447
      941 0.000173  -0.016387
      800 0.000172  -0.016360
      301 0.000171  -0.016208
      857 0.000170  -0.016154
      828 0.000170  -0.016146
      269 0.000170  -0.016110
      743 0.000168  -0.015933
      427 0.000167  -0.015839
      726 0.000165  -0.015643
      299 0.000165   0.015634
      257 0.000159  -0.015094
      711 0.000158   0.015002
      557 0.000156  -0.014782
      818 0.000154  -0.014628
      234 0.000154   0.014626
      687 0.000153   0.014578
      247 0.000152   0.014443
      820 0.000152  -0.014429
      241 0.000150   0.014283
      255 0.000147  -0.013981
       71 0.000147   0.013916
      667 0.000146   0.013909
      161 0.000144   0.013717
      790 0.000143   0.013606
      784 0.000143  -0.013602
      380 0.000142   0.013489
      605 0.000141  -0.013412
      222 0.000141  -0.013405
      855 0.000140  -0.013256
      574 0.000139  -0.013234
      217 0.000139  -0.013232
      549 0.000139  -0.013220
      148 0.000137   0.013038
      847 0.000135   0.012856
      353 0.000131  -0.012438
      262 0.000130  -0.012381
      824 0.000130   0.012368
      690 0.000130   0.012355
      209 0.000130  -0.012322
      566 0.000128   0.012198
      859 0.000128   0.012142
      294 0.000128  -0.012116
      354 0.000126   0.011985
      398 0.000126  -0.011927
      263 0.000125  -0.011831
      596 0.000124  -0.011823
      808 0.000121   0.011470
      392 0.000120   0.011441
      640 0.000120  -0.011430
      373 0.000120  -0.011427
      795 0.000120   0.011391
      553 0.000120  -0.011370
      236 0.000119   0.011347
      193 0.000116  -0.011036
      742 0.000115  -0.010889
      436 0.000115   0.010875
      581 0.000114  -0.010845
      361 0.000114   0.010838
      312 0.000114  -0.010784
      423 0.000113  -0.010736
      908 0.000112  -0.010661
      431 0.000111  -0.010528
      697 0.000111   0.010510
      829 0.000111   0.010507
      629 0.000110  -0.010491
      736 0.000110  -0.010434
      239 0.000110   0.010420
      974 0.000110   0.010400
      600 0.000106  -0.010100
      295 0.000105  -0.009957
      798 0.000104   0.009875
      281 0.000104   0.009846
      261 0.000103  -0.009770
      645 0.000102   0.009710
      230 0.000102  -0.009687
      801 0.000102  -0.009648
      107 0.000101  -0.009553
      591 0.000101   0.009552
      552 0.000100  -0.009488
      882 0.000100   0.009452
      799 0.000099  -0.009436
      684 0.000099  -0.009400
       91 0.000099  -0.009396
      770 0.000098   0.009291
      308 0.000098  -0.009288
      364 0.000097   0.009173
      840 0.000096  -0.009159
      268 0.000095  -0.009042
      275 0.000095  -0.009002
      266 0.000092  -0.008752
      759 0.000092   0.008730
      740 0.000091  -0.008670
      638 0.000091  -0.008614
      394 0.000090   0.008584
      832 0.000090   0.008518
      343 0.000090  -0.008509
      249 0.000089  -0.008413
      251 0.000088  -0.008342
      632 0.000088   0.008336
      773 0.000088   0.008334
      611 0.000088  -0.008315
      844 0.000087  -0.008271
      588 0.000086   0.008211
      778 0.000086  -0.008142
      206 0.000085   0.008100
      734 0.000085  -0.008047
      367 0.000084   0.007969
      359 0.000083  -0.007912
      302 0.000082  -0.007763
      744 0.000082  -0.007743
     1095 0.000081  -0.007724
      561 0.000081   0.007673
      616 0.000080  -0.007645
      569 0.000080   0.007555
      843 0.000079  -0.007520
      386 0.000078   0.007378
      584 0.000076  -0.007189
      291 0.000076   0.007173
      782 0.000074  -0.007024
      728 0.000074  -0.006999
      322 0.000073  -0.006945
      292 0.000072  -0.006876
      428 0.000071   0.006728
      723 0.000071  -0.006712
      701 0.000071  -0.006709
      955 0.000070   0.006685
      594 0.000070  -0.006665
      748 0.000070  -0.006654
      289 0.000070   0.006611
      803 0.000069   0.006561
      138 0.000069   0.006539
      597 0.000069  -0.006528
      355 0.000068   0.006495
      937 0.000068  -0.006457
      414 0.000068   0.006441
      169 0.000068  -0.006440
      337 0.000068  -0.006430
      654 0.000067   0.006388
     1005 0.000066   0.006304
      978 0.000066   0.006235
      313 0.000066  -0.006228
      560 0.000064  -0.006118
      826 0.000064  -0.006108
      374 0.000064   0.006037
      226 0.000063  -0.006015
      297 0.000063  -0.005963
      913 0.000062  -0.005931
      776 0.000062  -0.005923
      572 0.000062  -0.005910
      545 0.000062  -0.005886
      590 0.000062  -0.005862
      279 0.000062  -0.005855
      879 0.000061  -0.005810
      864 0.000061   0.005802
      225 0.000061  -0.005770
      948 0.000060   0.005652
      332 0.000059  -0.005629
      765 0.000059   0.005563
      891 0.000058  -0.005535
      922 0.000058  -0.005518
      223 0.000058   0.005465
      863 0.000057  -0.005449
      722 0.000057  -0.005442
      325 0.000057  -0.005412
      589 0.000057  -0.005386
      943 0.000057   0.005372
      425 0.000057   0.005370
      539 0.000056   0.005314
      802 0.000056   0.005293
      831 0.000055   0.005212
      805 0.000054  -0.005175
      870 0.000054  -0.005102
      357 0.000053   0.005081
      286 0.000052   0.004945
      762 0.000050   0.004789
      874 0.000050  -0.004762
      894 0.000050  -0.004753
      350 0.000050  -0.004717
      821 0.000050  -0.004702
      904 0.000048   0.004593
      407 0.000048  -0.004586
      329 0.000048  -0.004583
      528 0.000048   0.004527
      880 0.000048   0.004527
      636 0.000047  -0.004509
      789 0.000047   0.004508
      895 0.000047   0.004480
       93 0.000047  -0.004444
      272 0.000046  -0.004378
      298 0.000045  -0.004287
      250 0.000045   0.004287
      614 0.000045   0.004278
       88 0.000044  -0.004192
      792 0.000044   0.004169
      104 0.000043   0.004068
      860 0.000043  -0.004049
      216 0.000043  -0.004042
      884 0.000042  -0.003994
      542 0.000042   0.003989
      245 0.000042  -0.003945
      321 0.000041  -0.003920
      360 0.000041  -0.003864
      540 0.000040  -0.003846
      274 0.000040   0.003801
      252 0.000040  -0.003786
      867 0.000039   0.003745
      535 0.000039   0.003734
      319 0.000039   0.003714
      409 0.000039  -0.003669
      283 0.000039   0.003662
      987 0.000037   0.003527
      823 0.000037   0.003523
      240 0.000036   0.003456
      627 0.000036   0.003444
      347 0.000036  -0.003422
      942 0.000036   0.003391
      928 0.000036  -0.003381
      650 0.000035  -0.003351
      448 0.000035   0.003313
      881 0.000035  -0.003304
      603 0.000035  -0.003304
      858 0.000034  -0.003221
      649 0.000034  -0.003207
      214 0.000034   0.003207
      333 0.000033  -0.003169
      310 0.000033  -0.003124
      491 0.000033   0.003122
     1001 0.000033  -0.003119
      215 0.000033  -0.003118
      518 0.000033   0.003109
      950 0.000032  -0.003048
      131 0.000032   0.003036
      775 0.000032   0.003020
      397 0.000032  -0.003016
      227 0.000032   0.002995
      328 0.000032  -0.002994
      290 0.000031   0.002953
      488 0.000031   0.002952
      610 0.000031  -0.002936
      532 0.000031   0.002920
      237 0.000031  -0.002916
      933 0.000030   0.002849
      410 0.000030  -0.002825
      334 0.000030   0.002817
      965 0.000029  -0.002779
      677 0.000029   0.002766
      694 0.000029   0.002726
      530 0.000029   0.002710
      213 0.000029   0.002709
      993 0.000028   0.002692
      390 0.000028   0.002690
     1025 0.000028   0.002680
      475 0.000028  -0.002645
      224 0.000028  -0.002638
      413 0.000028   0.002626
     1032 0.000027   0.002594
      524 0.000026  -0.002510
      309 0.000026  -0.002445
      221 0.000025   0.002418
      349 0.000025   0.002416
      335 0.000025  -0.002409
      445 0.000025  -0.002363
      402 0.000025  -0.002361
      432 0.000025   0.002336
      264 0.000024   0.002287
      935 0.000024  -0.002278
      248 0.000024  -0.002277
      363 0.000024   0.002245
      568 0.000023  -0.002227
      270 0.000023   0.002218
      424 0.000023  -0.002218
      780 0.000023  -0.002177
      195 0.000023  -0.002169
     1017 0.000023   0.002148
      900 0.000023  -0.002141
      842 0.000022  -0.002125
      964 0.000022   0.002118
      324 0.000022  -0.002073
     1034 0.000021  -0.002020
      229 0.000020   0.001940
      368 0.000020  -0.001925
      479 0.000020   0.001902
      164 0.000020   0.001872
      351 0.000020  -0.001869
      519 0.000020   0.001865
      988 0.000020  -0.001864
      917 0.000020   0.001863
       98 0.000020  -0.001861
      200 0.000020  -0.001855
      957 0.000019   0.001843
      382 0.000019   0.001839
      304 0.000019   0.001835
      526 0.000019   0.001826
      502 0.000019   0.001818
      643 0.000019  -0.001815
      714 0.000019  -0.001799
      320 0.000019   0.001776
      278 0.000019   0.001769
      680 0.000019   0.001768
      346 0.000019   0.001767
      348 0.000019  -0.001759
      971 0.000018  -0.001750
      198 0.000018   0.001743
      188 0.000018  -0.001721
      455 0.000018  -0.001703
      685 0.000018  -0.001697
      536 0.000018  -0.001685
      514 0.000018   0.001680
      365 0.000017   0.001658
      662 0.000017  -0.001658
      856 0.000017   0.001652
      927 0.000017  -0.001647
      463 0.000017  -0.001641
      315 0.000017   0.001640
      921 0.000017  -0.001632
      512 0.000017  -0.001625
      197 0.000017   0.001624
      489 0.000017   0.001571
      165 0.000017   0.001570
      437 0.000016   0.001566
      938 0.000016   0.001554
      458 0.000016   0.001551
     1052 0.000016   0.001543
      323 0.000016  -0.001541
       53 0.000016   0.001540
      314 0.000016   0.001536
       81 0.000016   0.001515
      406 0.000016  -0.001515
      883 0.000016   0.001513
      505 0.000016   0.001474
      729 0.000016   0.001472
      934 0.000015  -0.001470
      342 0.000015   0.001469
      242 0.000015   0.001464
      276 0.000015  -0.001454
      814 0.000015   0.001453
      318 0.000015  -0.001445
      966 0.000015   0.001443
      794 0.000015   0.001441
      724 0.000015   0.001436
       80 0.000015  -0.001427
      804 0.000015  -0.001419
      637 0.000015   0.001409
      192 0.000015   0.001407
      811 0.000015   0.001407
      317 0.000015  -0.001395
      538 0.000015   0.001395
      420 0.000014   0.001375
      452 0.000014  -0.001375
      647 0.000014   0.001351
      732 0.000014   0.001350
     1096 0.000014   0.001320
      619 0.000014   0.001313
      796 0.000014   0.001311
      830 0.000014   0.001301
      244 0.000014  -0.001297
      344 0.000014   0.001296
      837 0.000014  -0.001286
      746 0.000013  -0.001274
       55 0.000013   0.001271
      681 0.000013  -0.001254
      196 0.000013  -0.001248
      949 0.000013   0.001241
     1010 0.000013   0.001224
      371 0.000013   0.001222
      450 0.000013  -0.001220
      705 0.000013  -0.001218
      755 0.000013  -0.001217
      101 0.000013  -0.001212
      285 0.000013   0.001209
      338 0.000012  -0.001173
      331 0.000012   0.001171
      483 0.000012  -0.001163
      769 0.000012   0.001160
      114 0.000012   0.001154
      810 0.000012   0.001147
      598 0.000012  -0.001136
      816 0.000012   0.001125
      284 0.000012   0.001122
      387 0.000012  -0.001120
      907 0.000012   0.001113
       99 0.000012  -0.001107
      609 0.000011   0.001074
      763 0.000011  -0.001063
      232 0.000011   0.001061
     1073 0.000011  -0.001061
      376 0.000011   0.001053
      384 0.000011   0.001042
      747 0.000011  -0.001042
      634 0.000011  -0.001042
      983 0.000011   0.001038
       43 0.000011   0.001035
      345 0.000011  -0.001032
      712 0.000011   0.001029
      293 0.000011  -0.001027
      868 0.000011  -0.001023
       52 0.000011  -0.001018
      473 0.000011  -0.001014
      160 0.000011  -0.001010
      751 0.000011   0.001008
      487 0.000011  -0.001000
     1047 0.000010   0.000994
      265 0.000010  -0.000993
      841 0.000010   0.000989
      461 0.000010   0.000988
      653 0.000010  -0.000977
      534 0.000010  -0.000976
      977 0.000010   0.000966
      809 0.000010   0.000957
euclid. distance of OLC and linear combination of EV * x_coef: 0.008713618959187805

Generate samples based on objective loadcase 543
nr_to_generate: 25

Parameter variation distribution settings
distribution: uniform
low: 0.7
high: 1.3

Total process runtime: 0:00:01.294024
