Date and Time:2023-05-12 14:15:58.928030

Initial Settings:
similarity_model: <function cosine_similarity at 0x000001D005A6E5E0>
similarity_threshold: 1e-05
nr_eigv_to_select: None
distribution: uniform
deviation: 0.3
nr_to_generate: 25
recompute: False

Selected eigenvectors and similarity score w.r.t objective loadcase:
objective_loadcase_nr: 458
similarity_model: cosine_similarity
similarity_threshold: 1e-05
nr_eigv_to_select: None
nr_eigv_selected: 468
approximation parameter model: lstsq
similarity score and approx. param. value
:  eigv_idx    score      value
        1 0.547172  56.322069
        3 0.546514  56.254282
        2 0.496866 -51.143905
        0 0.389780  40.121204
        6 0.050074   5.154254
       39 0.020595   2.119918
        4 0.010711   1.102567
      639 0.003609   0.371529
      186 0.002378  -0.244768
      593 0.002084  -0.214558
      612 0.002046  -0.210581
      586 0.001894   0.194940
      218 0.001800  -0.185313
      716 0.001612   0.165974
      710 0.001601  -0.164793
      187 0.001576  -0.162233
      618 0.001365   0.140553
      663 0.001335  -0.137455
      668 0.001296   0.133351
      595 0.001203   0.123789
       68 0.001118  -0.115125
      194 0.001069   0.109996
      143 0.000999   0.102854
      686 0.000973  -0.100107
      659 0.000967  -0.099547
      626 0.000939   0.096690
      388 0.000905  -0.093201
      617 0.000886   0.091204
      688 0.000831  -0.085526
      599 0.000806   0.082962
      562 0.000752  -0.077414
      582 0.000751  -0.077265
      635 0.000746   0.076824
      182 0.000739  -0.076074
      183 0.000736   0.075722
      670 0.000724   0.074495
      749 0.000692  -0.071247
      621 0.000676  -0.069549
      578 0.000664   0.068327
      700 0.000650   0.066907
      579 0.000645   0.066364
      733 0.000611   0.062898
      698 0.000600  -0.061715
      683 0.000595   0.061268
      341 0.000577   0.059377
      184 0.000564  -0.058067
      704 0.000537  -0.055230
      666 0.000536  -0.055221
      718 0.000531  -0.054696
      602 0.000527  -0.054210
      253 0.000516  -0.053068
       69 0.000509   0.052435
      153 0.000508   0.052287
      708 0.000502   0.051674
       71 0.000499   0.051374
      606 0.000499  -0.051367
      174 0.000492   0.050626
      567 0.000484  -0.049778
      577 0.000462  -0.047554
      735 0.000443  -0.045637
      575 0.000425   0.043770
      699 0.000414  -0.042638
      641 0.000410  -0.042151
      709 0.000409  -0.042050
      620 0.000403  -0.041465
      220 0.000383  -0.039435
      210 0.000382  -0.039343
      228 0.000379  -0.039019
      267 0.000370  -0.038102
      583 0.000367  -0.037744
      601 0.000340   0.034973
      707 0.000340  -0.034955
      362 0.000335  -0.034471
      848 0.000330  -0.034009
      807 0.000328   0.033761
      696 0.000323  -0.033205
      412 0.000320  -0.032897
      419 0.000316  -0.032576
      756 0.000315  -0.032407
      631 0.000308  -0.031729
      258 0.000307  -0.031632
      179 0.000302   0.031042
      137 0.000299  -0.030760
      403 0.000299   0.030751
      757 0.000295  -0.030331
      243 0.000285   0.029379
      204 0.000283   0.029151
      587 0.000280   0.028859
      753 0.000278  -0.028596
      383 0.000273   0.028068
      171 0.000258  -0.026603
      604 0.000258  -0.026514
      570 0.000246  -0.025290
      741 0.000243   0.025014
      576 0.000239  -0.024628
      377 0.000238  -0.024499
      199 0.000233  -0.023997
      853 0.000231  -0.023767
      580 0.000225  -0.023204
      273 0.000225  -0.023177
      400 0.000220  -0.022686
      628 0.000220   0.022627
      739 0.000219  -0.022544
      793 0.000217  -0.022319
      658 0.000212   0.021824
      564 0.000209  -0.021481
      132 0.000205   0.021087
      815 0.000202  -0.020805
      787 0.000197   0.020287
      175 0.000195  -0.020067
      361 0.000193   0.019915
      573 0.000192   0.019758
      254 0.000191   0.019682
      800 0.000191  -0.019651
      941 0.000191  -0.019646
       70 0.000191   0.019618
      301 0.000188  -0.019309
      427 0.000186  -0.019133
      269 0.000186  -0.019127
      828 0.000185  -0.019069
      271 0.000184   0.018919
      230 0.000184  -0.018893
      665 0.000179  -0.018476
      299 0.000178   0.018290
      255 0.000177  -0.018173
      750 0.000176   0.018130
      549 0.000176  -0.018100
      557 0.000174  -0.017893
      574 0.000173  -0.017844
      820 0.000172  -0.017702
      247 0.000171   0.017595
      373 0.000170  -0.017549
      277 0.000170   0.017472
      784 0.000168  -0.017296
      235 0.000167  -0.017162
      227 0.000164   0.016895
      726 0.000163  -0.016733
      743 0.000163  -0.016727
      667 0.000162   0.016694
      711 0.000161   0.016565
      687 0.000158   0.016270
      566 0.000156   0.016020
      855 0.000152  -0.015619
      605 0.000150  -0.015461
      857 0.000149  -0.015320
      398 0.000147  -0.015107
      234 0.000146   0.014987
      217 0.000145  -0.014966
      257 0.000143  -0.014764
      392 0.000141   0.014521
      369 0.000141   0.014498
      380 0.000140   0.014412
      808 0.000139   0.014319
      553 0.000137  -0.014153
      795 0.000137   0.014063
      818 0.000136  -0.013997
      790 0.000135   0.013935
      263 0.000134  -0.013772
      161 0.000134   0.013765
      690 0.000132   0.013630
      847 0.000132   0.013570
      239 0.000131   0.013533
      236 0.000131   0.013522
      585 0.000130  -0.013388
      355 0.000130   0.013349
      241 0.000129   0.013267
      294 0.000127  -0.013118
      908 0.000125  -0.012865
      356 0.000125  -0.012856
      423 0.000123  -0.012680
      312 0.000122  -0.012602
      697 0.000122   0.012601
      431 0.000122  -0.012569
      353 0.000121  -0.012492
      354 0.000121   0.012490
      645 0.000119   0.012209
      974 0.000118   0.012195
      295 0.000118  -0.012151
      616 0.000118  -0.012116
      742 0.000117  -0.012063
      591 0.000117   0.012061
      736 0.000116  -0.011944
      436 0.000115   0.011805
      367 0.000113   0.011641
      638 0.000113  -0.011591
      629 0.000112  -0.011576
      778 0.000112  -0.011480
      859 0.000111   0.011380
      251 0.000110  -0.011344
      799 0.000110  -0.011339
      882 0.000109   0.011271
      684 0.000109  -0.011265
      275 0.000108  -0.011130
      824 0.000108   0.011068
      840 0.000107  -0.011020
      148 0.000107   0.010964
      581 0.000106  -0.010930
      262 0.000104  -0.010673
      600 0.000102  -0.010526
      584 0.000101  -0.010438
      569 0.000101   0.010416
      640 0.000099  -0.010199
      266 0.000098  -0.010050
      281 0.000097   0.010029
      844 0.000096  -0.009929
      223 0.000096   0.009847
      292 0.000094  -0.009691
      611 0.000092  -0.009482
      261 0.000092  -0.009474
      798 0.000092   0.009438
      829 0.000091   0.009397
      740 0.000090  -0.009228
     1095 0.000089  -0.009112
      734 0.000088  -0.009075
      279 0.000087  -0.008910
      107 0.000086  -0.008835
      723 0.000086  -0.008824
      337 0.000083  -0.008582
      268 0.000083  -0.008561
      832 0.000083   0.008560
      308 0.000083  -0.008513
      572 0.000082  -0.008481
      759 0.000082   0.008413
      594 0.000081  -0.008356
      298 0.000081  -0.008326
      744 0.000081  -0.008300
      206 0.000081   0.008297
      632 0.000080   0.008283
      291 0.000080   0.008280
      728 0.000080  -0.008225
      302 0.000080  -0.008203
      560 0.000078  -0.008022
      561 0.000078   0.007987
      955 0.000077   0.007912
      552 0.000074  -0.007658
      332 0.000073  -0.007549
      701 0.000073  -0.007531
      386 0.000073   0.007507
      937 0.000073  -0.007470
     1005 0.000072   0.007444
       88 0.000072  -0.007427
      978 0.000071   0.007349
      390 0.000071   0.007307
      428 0.000070   0.007173
      843 0.000069  -0.007138
      249 0.000069  -0.007077
      782 0.000068  -0.007043
      913 0.000068  -0.007028
      722 0.000068  -0.006987
      879 0.000068  -0.006985
      329 0.000067  -0.006917
      343 0.000067  -0.006903
      313 0.000067  -0.006888
      209 0.000067  -0.006860
      654 0.000067   0.006847
      748 0.000066  -0.006819
      414 0.000065   0.006719
      597 0.000065  -0.006691
      922 0.000065  -0.006683
       91 0.000064  -0.006631
      891 0.000064  -0.006621
      545 0.000064  -0.006602
      425 0.000064   0.006558
      770 0.000064   0.006551
      803 0.000063   0.006449
      762 0.000062   0.006374
      863 0.000061  -0.006306
      801 0.000061  -0.006290
      948 0.000061   0.006239
       93 0.000061  -0.006237
      826 0.000060  -0.006207
      394 0.000059   0.006101
      539 0.000059   0.006085
      596 0.000058  -0.005978
      323 0.000058  -0.005961
      104 0.000058   0.005947
      222 0.000057  -0.005852
      776 0.000055  -0.005699
      831 0.000055   0.005685
      821 0.000055  -0.005650
      895 0.000055   0.005646
      289 0.000054   0.005563
      374 0.000054   0.005518
      325 0.000052  -0.005394
      614 0.000052   0.005382
      802 0.000052   0.005328
      765 0.000052   0.005324
      528 0.000052   0.005304
      789 0.000052   0.005304
      290 0.000050   0.005185
      773 0.000050   0.005157
      322 0.000050  -0.005100
      407 0.000049  -0.005058
      319 0.000049   0.005036
      245 0.000048  -0.004894
      627 0.000047   0.004866
      860 0.000047  -0.004859
      792 0.000046   0.004777
      864 0.000046   0.004753
      193 0.000046  -0.004741
      589 0.000046  -0.004719
      169 0.000046  -0.004709
      198 0.000045   0.004589
      542 0.000045   0.004586
      775 0.000045   0.004584
      650 0.000044  -0.004541
      823 0.000044   0.004533
      342 0.000044   0.004530
      535 0.000044   0.004524
      870 0.000044  -0.004486
      805 0.000042  -0.004341
      540 0.000040  -0.004156
      232 0.000040  -0.004144
      867 0.000040   0.004121
      904 0.000040   0.004118
      987 0.000040   0.004110
      928 0.000040  -0.004101
      694 0.000039   0.004046
      397 0.000039  -0.004011
      881 0.000039  -0.004005
      590 0.000039  -0.003970
      874 0.000038  -0.003953
      409 0.000038  -0.003943
      943 0.000037   0.003816
      858 0.000037  -0.003799
      894 0.000037  -0.003791
      518 0.000036   0.003698
      448 0.000035   0.003640
     1001 0.000035  -0.003639
      491 0.000035   0.003633
      286 0.000035   0.003591
      297 0.000034  -0.003521
      636 0.000034  -0.003476
      677 0.000034   0.003465
      201 0.000033  -0.003412
      532 0.000033   0.003406
      321 0.000033  -0.003388
      933 0.000033   0.003383
      965 0.000032  -0.003303
      488 0.000032   0.003281
      950 0.000032  -0.003275
      880 0.000031   0.003236
      283 0.000031   0.003226
      310 0.000031  -0.003216
      610 0.000031  -0.003213
      942 0.000031   0.003207
      410 0.000031  -0.003199
      993 0.000031   0.003146
     1025 0.000030   0.003117
     1032 0.000030   0.003062
      445 0.000030  -0.003052
      224 0.000030  -0.003043
      475 0.000029  -0.003013
      530 0.000029   0.003003
      524 0.000028  -0.002896
      366 0.000028   0.002894
      649 0.000027  -0.002788
      131 0.000027   0.002756
      424 0.000026  -0.002700
      333 0.000026  -0.002684
      842 0.000026  -0.002641
      900 0.000025  -0.002591
      643 0.000025  -0.002587
     1017 0.000025   0.002554
      315 0.000025   0.002523
      662 0.000023  -0.002397
     1034 0.000023  -0.002390
      814 0.000023   0.002359
      884 0.000023  -0.002319
      432 0.000022   0.002308
      685 0.000022  -0.002285
      938 0.000022   0.002273
      526 0.000022   0.002258
      917 0.000022   0.002231
      830 0.000022   0.002214
      608 0.000021  -0.002185
      603 0.000021  -0.002117
      794 0.000020   0.002106
      502 0.000020   0.002086
      519 0.000020   0.002069
      714 0.000020  -0.002053
      479 0.000020   0.002043
      285 0.000020   0.002030
      455 0.000020  -0.002025
      284 0.000019   0.001982
      856 0.000019   0.001965
      680 0.000019   0.001957
      514 0.000019   0.001948
      536 0.000019  -0.001942
      646 0.000019   0.001937
      769 0.000019   0.001927
      278 0.000018   0.001883
      463 0.000018  -0.001877
      349 0.000018  -0.001872
      949 0.000018   0.001863
      437 0.000018   0.001850
      512 0.000018  -0.001844
      244 0.000018  -0.001832
      489 0.000018   0.001826
      727 0.000018  -0.001822
      592 0.000018  -0.001815
     1052 0.000018   0.001802
      318 0.000017  -0.001779
      505 0.000017   0.001714
      811 0.000017   0.001700
      346 0.000016   0.001673
      458 0.000016   0.001671
      780 0.000015  -0.001570
      907 0.000015   0.001566
       98 0.000015  -0.001540
      272 0.000015  -0.001526
      274 0.000015   0.001495
      538 0.000014   0.001492
      103 0.000014   0.001479
      883 0.000014   0.001475
      816 0.000014   0.001467
      732 0.000014   0.001461
      450 0.000014  -0.001460
     1010 0.000014   0.001459
      927 0.000014  -0.001416
      128 0.000013   0.001361
      935 0.000013  -0.001347
      320 0.000013   0.001338
      810 0.000013   0.001330
      971 0.000013  -0.001328
       80 0.000013  -0.001320
      105 0.000013   0.001309
     1073 0.000013  -0.001301
      252 0.000013  -0.001296
      483 0.000013  -0.001292
      934 0.000012  -0.001269
       87 0.000012  -0.001267
      966 0.000012   0.001267
      921 0.000012  -0.001265
      114 0.000012  -0.001256
      406 0.000012  -0.001244
      791 0.000012   0.001228
      964 0.000012   0.001211
      138 0.000012   0.001207
      838 0.000012   0.001198
      462 0.000011   0.001174
      669 0.000011   0.001174
      619 0.000011   0.001172
     1047 0.000011   0.001171
      108 0.000011   0.001168
      260 0.000011   0.001147
       95 0.000011  -0.001146
      809 0.000011   0.001144
      130 0.000011   0.001135
      634 0.000011  -0.001134
       86 0.000011  -0.001129
      988 0.000011  -0.001121
       81 0.000011   0.001116
      804 0.000011  -0.001115
      259 0.000011  -0.001115
      868 0.000011  -0.001112
      713 0.000011   0.001109
      384 0.000011  -0.001099
      473 0.000011  -0.001091
      487 0.000011  -0.001087
      478 0.000010   0.001080
      307 0.000010  -0.001066
      250 0.000010   0.001066
      675 0.000010   0.001062
      702 0.000010  -0.001057
      903 0.000010  -0.001048
      609 0.000010   0.001047
      534 0.000010  -0.001039
euclid. distance of OLC and linear combination of EV * x_coef: 0.00874572175464064

Generate samples based on objective loadcase 458
nr_to_generate: 25

Parameter variation distribution settings
distribution: uniform
low: 0.7
high: 1.3

Total process runtime: 0:00:01.248941
