Date and Time:2023-05-12 14:14:48.029858

Initial Settings:
similarity_model: <function cosine_similarity at 0x000001D005A6E5E0>
similarity_threshold: 1e-05
nr_eigv_to_select: None
distribution: uniform
deviation: 0.3
nr_to_generate: 25
recompute: False

Selected eigenvectors and similarity score w.r.t objective loadcase:
objective_loadcase_nr: 405
similarity_model: cosine_similarity
similarity_threshold: 1e-05
nr_eigv_to_select: None
nr_eigv_selected: 473
approximation parameter model: lstsq
similarity score and approx. param. value
:  eigv_idx    score      value
        1 0.559211  66.858534
        3 0.529962  63.361656
        2 0.489609 -58.537032
        0 0.403390  48.228819
        6 0.059587   7.124176
       39 0.015269   1.825485
        4 0.009914   1.185271
       68 0.004157  -0.497025
      639 0.003880   0.463832
      186 0.002526  -0.301981
      612 0.002122  -0.253751
      593 0.002027  -0.242306
      586 0.001852   0.221380
      716 0.001673   0.199979
      187 0.001655  -0.197904
      618 0.001627   0.194558
       71 0.001578  -0.188707
      663 0.001568  -0.187519
      710 0.001502  -0.179545
      218 0.001487  -0.177805
      668 0.001448   0.173134
       69 0.001276  -0.152519
      194 0.001174   0.140382
      595 0.001168   0.139621
      659 0.001094  -0.130840
      182 0.001012  -0.121038
      617 0.000998   0.119316
      686 0.000917  -0.109632
      388 0.000889  -0.106270
      700 0.000846   0.101136
      626 0.000812   0.097046
      599 0.000811   0.096909
      688 0.000798  -0.095468
      635 0.000787   0.094111
      143 0.000781   0.093317
      579 0.000777   0.092864
      562 0.000770  -0.092077
      683 0.000768   0.091788
      582 0.000754  -0.090128
      183 0.000752   0.089872
      670 0.000743   0.088864
      184 0.000740  -0.088464
      578 0.000713   0.085200
       70 0.000691   0.082660
      698 0.000653  -0.078123
      621 0.000644  -0.077041
      733 0.000640   0.076562
      749 0.000633  -0.075664
      666 0.000598  -0.071445
      228 0.000589  -0.070427
      253 0.000567  -0.067748
      341 0.000540   0.064573
      718 0.000537  -0.064243
      602 0.000534  -0.063802
      174 0.000481   0.057503
      708 0.000478   0.057188
      704 0.000477  -0.057030
      153 0.000457   0.054689
      699 0.000453  -0.054149
      735 0.000446  -0.053316
      210 0.000445  -0.053150
      641 0.000437  -0.052299
      567 0.000436  -0.052162
      606 0.000412  -0.049305
      179 0.000410   0.049000
      577 0.000401  -0.047996
      583 0.000401  -0.047912
      362 0.000388  -0.046374
      709 0.000384  -0.045940
      575 0.000379   0.045301
      620 0.000378  -0.045244
      171 0.000368  -0.044030
      220 0.000367  -0.043898
      204 0.000358   0.042812
      267 0.000340  -0.040621
      604 0.000333  -0.039858
      631 0.000332  -0.039655
      848 0.000320  -0.038310
      243 0.000316   0.037765
      576 0.000315  -0.037676
      628 0.000311   0.037137
      403 0.000310   0.037101
      601 0.000309   0.036992
      756 0.000309  -0.036907
      419 0.000307  -0.036712
      707 0.000307  -0.036695
      757 0.000298  -0.035632
      807 0.000298   0.035630
      412 0.000294  -0.035203
      199 0.000294  -0.035187
      137 0.000293  -0.035040
      587 0.000268   0.032072
      400 0.000266  -0.031821
      383 0.000264   0.031606
      573 0.000261   0.031229
      254 0.000259   0.030946
      271 0.000245   0.029315
      815 0.000244  -0.029135
      570 0.000242  -0.028986
      787 0.000237   0.028341
      236 0.000235   0.028081
      377 0.000234  -0.027939
      132 0.000232   0.027710
      258 0.000228  -0.027225
      658 0.000228   0.027213
      580 0.000227  -0.027087
      753 0.000219  -0.026179
      759 0.000219   0.026126
      665 0.000216  -0.025868
      277 0.000216   0.025828
      640 0.000212  -0.025306
      853 0.000211  -0.025274
      741 0.000210   0.025156
      564 0.000210  -0.025141
      941 0.000208  -0.024903
      148 0.000207   0.024794
      161 0.000206   0.024619
      739 0.000200  -0.023876
      696 0.000198  -0.023665
      175 0.000192  -0.022995
       91 0.000192  -0.022968
      356 0.000186  -0.022278
      687 0.000186   0.022266
      667 0.000182   0.021773
      234 0.000182   0.021761
      828 0.000179  -0.021389
      217 0.000175  -0.020894
      427 0.000174  -0.020858
      557 0.000174  -0.020752
      301 0.000173  -0.020703
      800 0.000172  -0.020618
      380 0.000170   0.020297
      255 0.000163  -0.019538
      566 0.000162   0.019353
      273 0.000161  -0.019278
      585 0.000161  -0.019194
      711 0.000159   0.019046
      750 0.000159   0.019010
      798 0.000158   0.018942
      549 0.000158  -0.018930
      820 0.000158  -0.018921
      257 0.000158  -0.018876
      574 0.000157  -0.018764
      295 0.000155  -0.018558
      353 0.000155  -0.018532
      784 0.000153  -0.018254
      369 0.000151   0.018028
      249 0.000150  -0.017993
      857 0.000149  -0.017813
      398 0.000147  -0.017566
      361 0.000147   0.017562
      743 0.000146  -0.017408
      790 0.000145   0.017331
      690 0.000142   0.016995
      247 0.000141   0.016912
      299 0.000141   0.016875
      629 0.000141  -0.016839
      138 0.000140   0.016680
      847 0.000139   0.016612
      793 0.000138  -0.016520
      908 0.000136  -0.016287
      436 0.000135   0.016191
      645 0.000135   0.016187
      107 0.000133  -0.015924
      222 0.000131  -0.015690
      373 0.000130  -0.015537
      974 0.000128   0.015333
      697 0.000126   0.015073
      605 0.000125  -0.014910
      855 0.000123  -0.014750
      638 0.000122  -0.014577
      581 0.000122  -0.014554
      726 0.000122  -0.014532
      808 0.000120   0.014326
      423 0.000119  -0.014286
      281 0.000119   0.014279
      859 0.000118   0.014101
      431 0.000117  -0.014023
      818 0.000117  -0.013988
      740 0.000116  -0.013872
      354 0.000116   0.013870
      266 0.000116  -0.013857
      367 0.000116   0.013810
      882 0.000115   0.013791
      308 0.000115  -0.013731
      600 0.000114  -0.013668
      269 0.000114  -0.013628
      762 0.000114   0.013586
      294 0.000114  -0.013582
      736 0.000113  -0.013550
      355 0.000113   0.013470
      795 0.000109   0.013088
      553 0.000109  -0.013052
      840 0.000109  -0.013048
      594 0.000109  -0.013010
      552 0.000108  -0.012940
      392 0.000108   0.012906
      241 0.000108   0.012858
      561 0.000105   0.012507
      801 0.000104  -0.012486
      684 0.000104  -0.012394
      803 0.000102   0.012233
      844 0.000102  -0.012197
      832 0.000101   0.012132
      763 0.000101  -0.012118
      292 0.000101  -0.012103
      584 0.000099  -0.011855
      312 0.000099  -0.011835
      262 0.000099  -0.011810
      386 0.000099   0.011806
      261 0.000099  -0.011802
      209 0.000098  -0.011725
      611 0.000097  -0.011611
      799 0.000097  -0.011547
      572 0.000096  -0.011463
      829 0.000095   0.011396
      742 0.000095  -0.011387
     1095 0.000095  -0.011339
      302 0.000094  -0.011291
      343 0.000093  -0.011093
      596 0.000092  -0.010953
      394 0.000091   0.010921
      193 0.000090  -0.010754
      824 0.000090   0.010744
      723 0.000090  -0.010711
      632 0.000089   0.010693
      291 0.000089   0.010612
      802 0.000087   0.010408
      955 0.000086   0.010298
      597 0.000085  -0.010115
      374 0.000084   0.010077
      734 0.000084  -0.010038
      428 0.000083   0.009952
      701 0.000081  -0.009722
      776 0.000080  -0.009620
      235 0.000080  -0.009618
      569 0.000080   0.009570
      275 0.000080  -0.009548
      748 0.000079  -0.009486
      414 0.000079   0.009425
      263 0.000078  -0.009294
      805 0.000077  -0.009237
      390 0.000075   0.009006
     1005 0.000075   0.008990
      206 0.000074   0.008877
      560 0.000074  -0.008865
      913 0.000074  -0.008854
      728 0.000074  -0.008852
      879 0.000073  -0.008697
      826 0.000073  -0.008695
      863 0.000072  -0.008649
      654 0.000072   0.008639
      778 0.000072  -0.008575
      922 0.000071  -0.008539
      744 0.000070  -0.008424
      545 0.000070  -0.008365
      937 0.000069  -0.008304
      978 0.000069   0.008278
      313 0.000069  -0.008251
      891 0.000068  -0.008174
      614 0.000068   0.008133
      591 0.000068   0.008110
      722 0.000068  -0.008073
      268 0.000067  -0.008019
      232 0.000067  -0.007975
      425 0.000065   0.007719
      843 0.000063  -0.007507
      539 0.000063   0.007507
      322 0.000061  -0.007336
      780 0.000061  -0.007236
      895 0.000059   0.007078
      603 0.000059  -0.007010
      782 0.000056  -0.006729
      831 0.000056   0.006692
      407 0.000056  -0.006659
      364 0.000054   0.006480
      297 0.000053  -0.006294
      789 0.000052   0.006251
      542 0.000051   0.006101
      397 0.000050  -0.006035
      528 0.000050   0.006022
      858 0.000050  -0.005984
      627 0.000049   0.005900
      765 0.000049   0.005893
      773 0.000049   0.005889
      298 0.000049  -0.005878
      540 0.000048  -0.005731
      821 0.000048  -0.005730
      867 0.000048   0.005710
      251 0.000047  -0.005673
      319 0.000047   0.005633
      325 0.000047  -0.005588
      131 0.000047  -0.005577
      948 0.000046   0.005472
      770 0.000046   0.005459
      987 0.000046   0.005459
      616 0.000045  -0.005400
      870 0.000045  -0.005369
      409 0.000045  -0.005354
      928 0.000045  -0.005351
      413 0.000044   0.005268
      864 0.000044   0.005259
      226 0.000043  -0.005158
      223 0.000043   0.005137
      359 0.000043  -0.005133
      881 0.000042  -0.005036
      589 0.000042  -0.005016
      337 0.000042  -0.004982
      448 0.000041   0.004959
      289 0.000041   0.004895
      225 0.000041  -0.004889
      224 0.000040  -0.004775
      535 0.000040   0.004761
      169 0.000040  -0.004752
      279 0.000039  -0.004646
      860 0.000038  -0.004594
     1001 0.000038  -0.004592
      239 0.000037   0.004437
      965 0.000037  -0.004414
      590 0.000037  -0.004398
      874 0.000037  -0.004393
      993 0.000037   0.004376
      677 0.000036   0.004313
      950 0.000036  -0.004268
      310 0.000035  -0.004224
      933 0.000035   0.004217
      530 0.000035   0.004148
      608 0.000035  -0.004130
      518 0.000035   0.004126
     1025 0.000034   0.004115
      332 0.000034  -0.004087
      491 0.000034   0.004067
       93 0.000034   0.004063
      904 0.000034   0.004028
       88 0.000033   0.003994
      410 0.000033  -0.003938
      323 0.000033  -0.003933
      488 0.000032   0.003838
      823 0.000032   0.003773
      636 0.000031  -0.003764
      532 0.000031   0.003709
      329 0.000031  -0.003707
     1032 0.000031   0.003685
      792 0.000031   0.003653
      357 0.000030   0.003642
      588 0.000030   0.003638
      475 0.000030  -0.003594
      432 0.000029   0.003522
      680 0.000029   0.003498
     1017 0.000029   0.003446
      900 0.000029  -0.003442
      643 0.000028  -0.003390
      360 0.000028  -0.003364
      942 0.000028   0.003342
      650 0.000028  -0.003337
      445 0.000028  -0.003334
      524 0.000028  -0.003326
      894 0.000028  -0.003310
      315 0.000028   0.003310
      814 0.000028   0.003307
      842 0.000028  -0.003298
      424 0.000027  -0.003173
      198 0.000027   0.003172
      880 0.000026   0.003134
      285 0.000026  -0.003069
      350 0.000026  -0.003065
      917 0.000025   0.002973
      592 0.000025  -0.002948
      230 0.000025  -0.002939
      938 0.000024   0.002913
      519 0.000023   0.002796
      538 0.000023   0.002749
      502 0.000023   0.002705
     1034 0.000023  -0.002703
      240 0.000023   0.002696
      884 0.000022  -0.002640
      536 0.000022  -0.002579
      216 0.000022  -0.002572
      685 0.000021  -0.002515
      455 0.000021  -0.002489
      714 0.000021  -0.002484
      949 0.000021   0.002463
      324 0.000021  -0.002455
      838 0.000020   0.002450
      489 0.000020   0.002402
      334 0.000020   0.002388
      694 0.000020   0.002373
      333 0.000020  -0.002350
      479 0.000019   0.002330
      769 0.000019  -0.002322
     1052 0.000019   0.002317
      260 0.000019  -0.002308
      943 0.000019   0.002308
      512 0.000019  -0.002301
      505 0.000019   0.002258
      318 0.000019   0.002252
      458 0.000018   0.002206
      342 0.000018   0.002200
      463 0.000018  -0.002190
      420 0.000018   0.002171
      215 0.000018  -0.002162
      526 0.000018   0.002160
      649 0.000018  -0.002127
      437 0.000018   0.002093
      221 0.000017   0.002079
      214 0.000017   0.002067
      328 0.000017  -0.002064
      347 0.000017  -0.002011
      213 0.000017   0.001990
      514 0.000017   0.001978
      229 0.000016   0.001956
      346 0.000016   0.001896
      278 0.000016  -0.001893
      681 0.000016  -0.001892
      732 0.000016   0.001887
      868 0.000016  -0.001871
       66 0.000015  -0.001845
      242 0.000015   0.001835
      856 0.000015   0.001831
      804 0.000015  -0.001810
      201 0.000015  -0.001800
      245 0.000015  -0.001795
      252 0.000015   0.001759
      727 0.000015  -0.001759
      483 0.000014  -0.001724
      237 0.000014  -0.001723
      713 0.000014   0.001710
      534 0.000014  -0.001709
      452 0.000014  -0.001708
      450 0.000014  -0.001693
      619 0.000014   0.001678
      662 0.000014  -0.001659
      907 0.000014   0.001650
      363 0.000014   0.001647
      233 0.000014   0.001647
      830 0.000013   0.001598
      755 0.000013  -0.001583
      903 0.000013  -0.001546
      321 0.000013  -0.001543
     1047 0.000013   0.001543
      543 0.000013  -0.001534
      779 0.000013   0.001531
      568 0.000013  -0.001527
      816 0.000013   0.001515
      462 0.000013   0.001511
       81 0.000013  -0.001510
      114 0.000012   0.001488
      852 0.000012  -0.001474
      248 0.000012  -0.001470
       80 0.000012   0.001462
      178 0.000012  -0.001461
      351 0.000012  -0.001423
      883 0.000011   0.001373
      634 0.000011  -0.001361
      286 0.000011   0.001352
      473 0.000011  -0.001344
      382 0.000011   0.001342
      283 0.000011  -0.001341
      290 0.000011   0.001311
      399 0.000011  -0.001300
      366 0.000011   0.001287
      609 0.000011  -0.001280
      669 0.000011   0.001277
      177 0.000011   0.001270
      487 0.000011  -0.001269
     1010 0.000011   0.001264
      837 0.000010  -0.001249
      775 0.000010  -0.001233
      653 0.000010  -0.001217
      702 0.000010  -0.001214
      510 0.000010  -0.001213
      966 0.000010   0.001204
      259 0.000010   0.001198
euclid. distance of OLC and linear combination of EV * x_coef: 0.01104269814456459

Generate samples based on objective loadcase 405
nr_to_generate: 25

Parameter variation distribution settings
distribution: uniform
low: 0.7
high: 1.3

Total process runtime: 0:00:01.259365
