Date and Time:2023-05-12 14:15:51.042884

Initial Settings:
similarity_model: <function cosine_similarity at 0x000001D005A6E5E0>
similarity_threshold: 1e-05
nr_eigv_to_select: None
distribution: uniform
deviation: 0.3
nr_to_generate: 25
recompute: False

Selected eigenvectors and similarity score w.r.t objective loadcase:
objective_loadcase_nr: 452
similarity_model: cosine_similarity
similarity_threshold: 1e-05
nr_eigv_to_select: None
nr_eigv_selected: 498
approximation parameter model: lstsq
similarity score and approx. param. value
:  eigv_idx    score      value
        3 0.587689  26.329015
        2 0.516281 -23.129884
        1 0.512535  22.962063
        0 0.351573  15.750801
       39 0.028385   1.271658
        6 0.027215   1.219269
        4 0.012821   0.574411
      639 0.003400   0.152340
      218 0.002522  -0.113006
      593 0.002098  -0.094006
      586 0.001961   0.087868
      612 0.001959  -0.087763
      186 0.001924  -0.086208
      710 0.001571  -0.070361
       68 0.001284  -0.057537
      595 0.001276   0.057177
      187 0.001268  -0.056787
      716 0.001164   0.052153
      663 0.001110  -0.049738
      626 0.001086   0.048645
      618 0.001028   0.046076
      668 0.001003   0.044950
      143 0.000915   0.041001
      388 0.000905  -0.040564
      686 0.000899  -0.040275
      194 0.000844   0.037834
      749 0.000835  -0.037406
      599 0.000771   0.034543
      688 0.000768  -0.034425
      659 0.000731  -0.032758
      621 0.000727  -0.032576
      582 0.000727  -0.032566
      562 0.000724  -0.032422
      635 0.000712   0.031918
      617 0.000704   0.031527
      670 0.000687   0.030766
      704 0.000638  -0.028584
      578 0.000613   0.027480
      341 0.000607   0.027198
      183 0.000587   0.026286
      733 0.000576   0.025814
      718 0.000570  -0.025531
      567 0.000566  -0.025374
      606 0.000559  -0.025064
      577 0.000539  -0.024125
      602 0.000536  -0.024004
       69 0.000498   0.022325
      267 0.000497  -0.022260
      698 0.000488  -0.021850
      735 0.000486  -0.021781
      579 0.000484   0.021700
      708 0.000471   0.021121
      253 0.000466  -0.020868
      153 0.000459   0.020566
      575 0.000457   0.020494
      696 0.000446  -0.020000
      258 0.000442  -0.019784
      220 0.000441  -0.019770
      620 0.000430  -0.019278
       71 0.000424   0.019010
      174 0.000412   0.018465
      666 0.000410  -0.018386
      753 0.000405  -0.018123
      709 0.000397  -0.017807
      707 0.000389  -0.017433
      601 0.000388   0.017382
      230 0.000383  -0.017139
      641 0.000381  -0.017067
      683 0.000381   0.017054
      227 0.000359   0.016076
      848 0.000351  -0.015728
      412 0.000344  -0.015433
      583 0.000341  -0.015295
      700 0.000337   0.015078
      699 0.000335  -0.014990
      273 0.000332  -0.014857
      756 0.000320  -0.014348
      419 0.000318  -0.014240
      793 0.000316  -0.014160
      807 0.000307   0.013732
      210 0.000306  -0.013709
      403 0.000303   0.013587
      631 0.000303  -0.013582
      587 0.000302   0.013518
      235 0.000290  -0.012993
      269 0.000287  -0.012859
      383 0.000285   0.012754
      759 0.000284  -0.012707
      763 0.000283   0.012696
      853 0.000282  -0.012619
      137 0.000281  -0.012580
      243 0.000277   0.012429
      182 0.000276  -0.012350
      239 0.000271   0.012158
      362 0.000270  -0.012105
      263 0.000269  -0.012070
      757 0.000259  -0.011615
      570 0.000251  -0.011259
      299 0.000251   0.011251
      361 0.000248   0.011100
      741 0.000246   0.011011
      726 0.000240  -0.010745
       70 0.000238   0.010676
      739 0.000231  -0.010365
      750 0.000222   0.009928
      377 0.000216  -0.009659
      743 0.000214  -0.009582
      184 0.000207  -0.009272
      301 0.000201  -0.008999
      206 0.000200   0.008949
      132 0.000199   0.008914
      855 0.000196  -0.008780
      373 0.000193  -0.008668
      427 0.000193  -0.008643
      742 0.000193  -0.008628
      787 0.000190   0.008520
      818 0.000188  -0.008437
      247 0.000188   0.008411
      228 0.000187  -0.008368
      312 0.000187  -0.008368
      857 0.000186  -0.008329
      604 0.000186  -0.008312
      564 0.000185  -0.008292
      204 0.000183   0.008217
      576 0.000181  -0.008116
      800 0.000181  -0.008097
      549 0.000181  -0.008097
      795 0.000176   0.007886
      392 0.000175   0.007839
      580 0.000174  -0.007775
      824 0.000173   0.007768
      591 0.000172   0.007703
      400 0.000170  -0.007608
      658 0.000170   0.007596
      223 0.000169   0.007581
      553 0.000169  -0.007568
      199 0.000165  -0.007409
      175 0.000164  -0.007339
      290 0.000164   0.007335
      784 0.000160  -0.007155
      778 0.000157  -0.007047
      337 0.000157  -0.007032
      775 0.000155   0.006942
      828 0.000154  -0.006892
      820 0.000154  -0.006885
      275 0.000154  -0.006885
      332 0.000152  -0.006795
      711 0.000152   0.006788
      667 0.000150   0.006706
      369 0.000148   0.006623
      574 0.000147  -0.006573
      941 0.000146  -0.006545
      859 0.000145   0.006506
      829 0.000145   0.006503
      665 0.000142  -0.006352
      628 0.000141   0.006302
      736 0.000140  -0.006273
      616 0.000137  -0.006156
      808 0.000137   0.006155
      790 0.000134   0.006016
      770 0.000134   0.006007
      605 0.000134  -0.005987
      355 0.000133   0.005941
      179 0.000132   0.005933
      585 0.000132  -0.005909
      557 0.000132  -0.005893
      277 0.000131   0.005881
      329 0.000131  -0.005856
      279 0.000123  -0.005529
      423 0.000123  -0.005527
      298 0.000123  -0.005524
      431 0.000122  -0.005471
      566 0.000122   0.005445
      241 0.000118   0.005274
      294 0.000117  -0.005243
      354 0.000116   0.005190
      217 0.000115  -0.005137
      687 0.000114   0.005122
      257 0.000114  -0.005113
      645 0.000114   0.005103
       88 0.000114  -0.005094
      255 0.000111  -0.004970
      398 0.000110  -0.004950
      769 0.000110   0.004948
      271 0.000110   0.004926
      201 0.000109  -0.004904
      171 0.000109  -0.004902
      697 0.000108   0.004846
      744 0.000108  -0.004845
      380 0.000107   0.004805
      799 0.000107  -0.004796
      690 0.000106   0.004743
      815 0.000105  -0.004682
      908 0.000102  -0.004592
      367 0.000098   0.004382
      684 0.000097  -0.004353
      864 0.000096   0.004320
      728 0.000096  -0.004315
      569 0.000095   0.004242
      251 0.000094  -0.004211
      638 0.000094  -0.004209
      321 0.000092  -0.004143
      600 0.000092  -0.004138
      762 0.000092  -0.004119
       93 0.000091  -0.004090
      285 0.000091   0.004082
      611 0.000090  -0.004030
      292 0.000090  -0.004021
      234 0.000089   0.003994
      943 0.000089   0.003991
      266 0.000088  -0.003963
      436 0.000088   0.003947
      948 0.000088   0.003944
      974 0.000088   0.003940
      782 0.000088  -0.003938
      773 0.000087   0.003903
      573 0.000087   0.003901
      295 0.000087  -0.003899
      325 0.000086  -0.003874
      353 0.000086  -0.003873
      840 0.000085  -0.003816
      937 0.000084  -0.003781
      734 0.000083  -0.003737
      847 0.000083   0.003724
      104 0.000083   0.003697
      844 0.000081  -0.003610
      860 0.000080  -0.003602
      884 0.000078  -0.003502
      261 0.000078  -0.003502
      581 0.000078  -0.003480
      594 0.000076  -0.003409
      723 0.000076  -0.003389
      281 0.000075   0.003364
      342 0.000074   0.003305
      978 0.000074   0.003304
      843 0.000073  -0.003276
      694 0.000071   0.003179
      880 0.000070   0.003127
      823 0.000069   0.003074
      654 0.000068   0.003053
      629 0.000068  -0.003047
      560 0.000067  -0.003011
      552 0.000067  -0.002997
      589 0.000067  -0.002983
      701 0.000066  -0.002941
      262 0.000064  -0.002878
      107 0.000064  -0.002876
      318 0.000064  -0.002870
      283 0.000064   0.002855
      390 0.000063   0.002841
     1095 0.000063  -0.002840
      356 0.000063  -0.002833
      302 0.000063  -0.002809
      870 0.000062  -0.002788
      801 0.000062  -0.002768
      792 0.000061   0.002744
      882 0.000061   0.002743
      138 0.000061  -0.002737
      584 0.000061  -0.002731
     1005 0.000061   0.002724
      539 0.000061   0.002723
      826 0.000060  -0.002708
      780 0.000060   0.002682
      291 0.000060   0.002669
      319 0.000060   0.002668
      913 0.000060  -0.002666
      572 0.000058  -0.002601
      895 0.000057   0.002565
      289 0.000057   0.002550
      323 0.000057  -0.002548
      268 0.000055  -0.002469
      722 0.000055  -0.002458
      765 0.000055   0.002449
      386 0.000054   0.002438
      428 0.000054   0.002407
      632 0.000053   0.002396
      545 0.000053  -0.002360
      590 0.000052  -0.002348
      308 0.000052  -0.002327
      528 0.000052   0.002320
      831 0.000051   0.002295
      414 0.000051   0.002270
      425 0.000051   0.002268
      364 0.000050  -0.002221
      789 0.000049   0.002206
      894 0.000048  -0.002156
      922 0.000047  -0.002111
      874 0.000047  -0.002101
      315 0.000047   0.002095
      535 0.000047   0.002092
      935 0.000047  -0.002091
      821 0.000047  -0.002085
      193 0.000046   0.002079
      343 0.000046  -0.002054
      627 0.000046   0.002046
      169 0.000046  -0.002044
      313 0.000045  -0.002019
      413 0.000045  -0.002005
      955 0.000044   0.001958
      322 0.000043  -0.001938
      278 0.000043   0.001911
      561 0.000043   0.001908
      957 0.000042   0.001893
      244 0.000042  -0.001885
      830 0.000041   0.001856
      614 0.000041   0.001841
      842 0.000040  -0.001809
      643 0.000040  -0.001804
      881 0.000039  -0.001726
      596 0.000038  -0.001721
      748 0.000038  -0.001708
      942 0.000037   0.001667
      988 0.000037  -0.001651
      964 0.000037   0.001637
      833 0.000036  -0.001634
      841 0.000036   0.001630
       91 0.000036  -0.001626
      491 0.000036   0.001613
      374 0.000035   0.001584
      518 0.000035   0.001581
     1096 0.000035   0.001559
      798 0.000035  -0.001553
      650 0.000035  -0.001550
     1073 0.000034  -0.001545
      805 0.000034  -0.001545
      407 0.000034  -0.001544
      950 0.000034  -0.001539
      971 0.000034  -0.001535
      838 0.000034  -0.001506
      226 0.000033   0.001499
      488 0.000033   0.001469
      225 0.000033   0.001469
      532 0.000033   0.001464
      610 0.000032  -0.001448
      879 0.000032  -0.001438
      904 0.000031   0.001410
      284 0.000031   0.001377
      359 0.000030   0.001359
      727 0.000030  -0.001342
      921 0.000030  -0.001324
      597 0.000030  -0.001323
      540 0.000030  -0.001322
      366 0.000029   0.001314
      394 0.000029   0.001311
      333 0.000029  -0.001304
      409 0.000029  -0.001304
      849 0.000029   0.001297
      835 0.000029  -0.001287
      410 0.000029  -0.001285
      933 0.000029   0.001280
      161 0.000028   0.001261
      811 0.000028   0.001252
      832 0.000028   0.001252
      475 0.000028  -0.001246
      357 0.000028  -0.001246
      445 0.000028  -0.001235
      794 0.000028   0.001232
      524 0.000027  -0.001227
      448 0.000027   0.001214
      636 0.000027  -0.001207
      131 0.000027   0.001196
      297 0.000027  -0.001188
      310 0.000026  -0.001177
      983 0.000026   0.001175
      685 0.000026  -0.001163
      264 0.000026   0.001149
      928 0.000026  -0.001145
      406 0.000025  -0.001142
      977 0.000025   0.001140
      237 0.000025   0.001139
      240 0.000025  -0.001127
      791 0.000025   0.001105
      677 0.000024   0.001097
      856 0.000024   0.001093
      542 0.000024   0.001088
     1032 0.000024   0.001087
      810 0.000024   0.001085
      526 0.000024   0.001081
     1034 0.000024  -0.001079
     1010 0.000024   0.001055
      286 0.000023   0.001040
      987 0.000023   0.001016
      927 0.000023  -0.001014
      382 0.000022  -0.001005
      868 0.000022   0.001002
      360 0.000022   0.000983
      320 0.000022   0.000980
      530 0.000021   0.000958
     1009 0.000021  -0.000945
      259 0.000021   0.000939
      959 0.000021  -0.000938
      424 0.000021  -0.000934
      209 0.000020   0.000917
     1001 0.000020  -0.000915
      479 0.000020   0.000901
      934 0.000020  -0.000898
      252 0.000020  -0.000891
      764 0.000020  -0.000886
      514 0.000020   0.000882
      649 0.000019  -0.000869
      592 0.000019   0.000853
      397 0.000019  -0.000837
      568 0.000019   0.000836
      669 0.000019   0.000832
      236 0.000018   0.000817
      898 0.000018   0.000816
      384 0.000018  -0.000803
      609 0.000018   0.000798
      536 0.000018  -0.000796
      809 0.000018   0.000790
       45 0.000018   0.000788
      640 0.000018  -0.000787
      916 0.000018  -0.000785
      655 0.000017  -0.000778
      463 0.000017  -0.000774
      437 0.000017   0.000772
      455 0.000017  -0.000769
      432 0.000017   0.000754
     1016 0.000016  -0.000732
      245 0.000016  -0.000725
     1003 0.000016  -0.000719
     1025 0.000016   0.000719
      876 0.000016  -0.000713
      512 0.000016  -0.000713
      316 0.000016  -0.000704
      625 0.000016  -0.000702
      776 0.000016  -0.000696
      188 0.000015  -0.000691
      519 0.000015   0.000688
      502 0.000015   0.000682
      714 0.000015  -0.000671
      875 0.000015  -0.000669
       51 0.000015  -0.000666
      296 0.000015  -0.000661
     1020 0.000015  -0.000658
      222 0.000015   0.000658
      324 0.000014  -0.000649
      740 0.000014   0.000646
      903 0.000014   0.000640
      250 0.000014   0.000639
     1017 0.000014   0.000638
      680 0.000014   0.000637
      713 0.000014   0.000637
      814 0.000014   0.000621
      984 0.000014  -0.000618
      623 0.000014  -0.000614
      350 0.000014   0.000612
      732 0.000014   0.000609
       38 0.000013   0.000602
      402 0.000013  -0.000595
      899 0.000013  -0.000593
      198 0.000013  -0.000591
      224 0.000013  -0.000591
      662 0.000013  -0.000588
      837 0.000013  -0.000587
     1040 0.000013  -0.000585
      458 0.000013   0.000584
      450 0.000013  -0.000574
      489 0.000013   0.000572
      949 0.000013   0.000569
      839 0.000013   0.000566
      335 0.000013  -0.000564
      256 0.000012   0.000557
      642 0.000012   0.000553
      902 0.000012  -0.000546
      270 0.000012  -0.000532
      779 0.000012  -0.000528
      671 0.000012   0.000527
      891 0.000012  -0.000523
      399 0.000012  -0.000523
      505 0.000012   0.000522
      691 0.000012   0.000517
      803 0.000012   0.000516
      907 0.000012   0.000516
      760 0.000011  -0.000507
       58 0.000011  -0.000500
      648 0.000011  -0.000497
     1052 0.000011   0.000496
      272 0.000011   0.000496
      487 0.000011  -0.000492
       87 0.000011  -0.000492
      634 0.000011  -0.000492
      917 0.000011   0.000491
     1061 0.000011  -0.000483
      260 0.000011  -0.000481
      952 0.000011  -0.000479
      816 0.000011   0.000478
      478 0.000011   0.000478
      938 0.000011   0.000475
      334 0.000010   0.000470
      461 0.000010   0.000468
      802 0.000010   0.000467
      349 0.000010  -0.000466
      966 0.000010   0.000458
       43 0.000010  -0.000454
       48 0.000010   0.000453
       95 0.000010   0.000452
      238 0.000010  -0.000450
euclid. distance of OLC and linear combination of EV * x_coef: 0.004181093289124225

Generate samples based on objective loadcase 452
nr_to_generate: 25

Parameter variation distribution settings
distribution: uniform
low: 0.7
high: 1.3

Total process runtime: 0:00:01.330064
