Date and Time:2023-05-12 14:11:12.597372

Initial Settings:
similarity_model: <function cosine_similarity at 0x000001D005A6E5E0>
similarity_threshold: 1e-05
nr_eigv_to_select: None
distribution: uniform
deviation: 0.3
nr_to_generate: 25
recompute: False

Selected eigenvectors and similarity score w.r.t objective loadcase:
objective_loadcase_nr: 244
similarity_model: cosine_similarity
similarity_threshold: 1e-05
nr_eigv_to_select: None
nr_eigv_selected: 460
approximation parameter model: lstsq
similarity score and approx. param. value
:  eigv_idx    score      value
        1 0.553760  64.438728
        3 0.539890  62.824766
        2 0.490753 -57.106923
        0 0.397049  46.202926
        6 0.054175   6.304138
       39 0.015124   1.759956
        4 0.010293   1.197741
       68 0.005352  -0.622736
      639 0.003743   0.435613
      186 0.002382  -0.277179
       71 0.002222  -0.258528
      612 0.002027  -0.235896
      593 0.001950  -0.226897
       69 0.001820  -0.211733
      586 0.001786   0.207830
      618 0.001609   0.187222
      187 0.001555  -0.180986
      716 0.001545   0.179779
      218 0.001538  -0.179022
      663 0.001516  -0.176448
      710 0.001510  -0.175730
      668 0.001422   0.165525
      595 0.001124   0.130836
      194 0.001102   0.128233
      659 0.001071  -0.124669
      182 0.001004  -0.116880
      617 0.000975   0.113502
      686 0.000913  -0.106259
       70 0.000896   0.104307
      388 0.000849  -0.098761
      143 0.000836   0.097225
      700 0.000797   0.092770
      688 0.000796  -0.092664
      626 0.000795   0.092478
      599 0.000777   0.090434
      579 0.000768   0.089419
      635 0.000765   0.088969
      562 0.000735  -0.085524
      683 0.000726   0.084439
      670 0.000725   0.084373
      582 0.000724  -0.084279
      184 0.000699  -0.081366
      749 0.000686  -0.079778
      183 0.000684   0.079612
      578 0.000664   0.077263
      621 0.000630  -0.073257
      698 0.000629  -0.073246
      228 0.000627  -0.073012
      733 0.000625   0.072765
      666 0.000581  -0.067578
      718 0.000550  -0.063999
      253 0.000547  -0.063691
      602 0.000525  -0.061125
      341 0.000523   0.060864
      704 0.000502  -0.058381
      735 0.000474  -0.055163
      708 0.000473   0.055039
      174 0.000450   0.052419
      699 0.000437  -0.050862
      567 0.000426  -0.049597
      153 0.000425   0.049408
      641 0.000420  -0.048907
      210 0.000413  -0.048044
      179 0.000403   0.046875
      606 0.000394  -0.045795
      362 0.000386  -0.044922
      709 0.000385  -0.044787
      577 0.000385  -0.044768
      575 0.000384   0.044667
      583 0.000380  -0.044178
      620 0.000371  -0.043151
      171 0.000371  -0.043147
      220 0.000366  -0.042621
      137 0.000363  -0.042238
      243 0.000331   0.038507
      267 0.000329  -0.038289
      707 0.000322  -0.037442
      631 0.000319  -0.037080
      756 0.000316  -0.036795
      604 0.000314  -0.036546
      576 0.000313  -0.036374
      628 0.000309   0.036000
      204 0.000306   0.035664
      848 0.000305  -0.035447
      601 0.000301   0.034989
      403 0.000295   0.034322
      757 0.000293  -0.034135
      419 0.000293  -0.034077
      412 0.000283  -0.032931
      400 0.000265  -0.030834
      807 0.000264   0.030718
      787 0.000262   0.030500
      587 0.000261   0.030316
      199 0.000260  -0.030201
      132 0.000256   0.029817
      271 0.000252   0.029357
      383 0.000249   0.028986
      236 0.000244   0.028349
      258 0.000243  -0.028247
      573 0.000236   0.027431
      753 0.000234  -0.027236
      254 0.000232   0.027030
       91 0.000232  -0.027019
      277 0.000232   0.026985
      853 0.000228  -0.026582
      658 0.000225   0.026125
      815 0.000222  -0.025782
      377 0.000220  -0.025564
      570 0.000217  -0.025291
      580 0.000215  -0.025008
      161 0.000214   0.024914
      148 0.000214   0.024854
      741 0.000210   0.024485
      640 0.000210  -0.024445
      696 0.000208  -0.024239
      234 0.000208   0.024233
      665 0.000204  -0.023693
      739 0.000197  -0.022972
      564 0.000196  -0.022807
      941 0.000188  -0.021882
      175 0.000181  -0.021036
      667 0.000180   0.020902
      566 0.000179   0.020841
      361 0.000174   0.020284
      750 0.000174   0.020229
      857 0.000173  -0.020082
      687 0.000167   0.019480
      301 0.000167  -0.019425
      557 0.000167  -0.019397
      427 0.000166  -0.019332
      138 0.000165   0.019162
      273 0.000164  -0.019102
      257 0.000162  -0.018898
      380 0.000158   0.018366
      711 0.000157   0.018311
      790 0.000157   0.018307
      828 0.000156  -0.018134
      217 0.000156  -0.018120
      800 0.000155  -0.018036
      255 0.000152  -0.017693
      743 0.000151  -0.017560
      574 0.000149  -0.017293
      353 0.000147  -0.017116
      690 0.000146   0.016995
      299 0.000146   0.016939
      549 0.000145  -0.016907
      398 0.000145  -0.016872
      726 0.000143  -0.016615
      247 0.000142   0.016581
      859 0.000142   0.016529
      107 0.000142  -0.016489
      356 0.000141  -0.016439
      759 0.000141   0.016371
      367 0.000138   0.016117
      820 0.000138  -0.016025
      784 0.000137  -0.015982
      373 0.000137  -0.015886
      645 0.000136   0.015820
      295 0.000135  -0.015691
      793 0.000134  -0.015604
      436 0.000134   0.015557
      801 0.000133  -0.015531
      629 0.000133  -0.015530
      585 0.000133  -0.015461
      798 0.000133   0.015446
      847 0.000132   0.015331
      355 0.000131   0.015235
      222 0.000128  -0.014892
      249 0.000125  -0.014559
      818 0.000125  -0.014555
      908 0.000124  -0.014441
      697 0.000124   0.014417
      855 0.000120  -0.014019
      829 0.000119   0.013891
      581 0.000119  -0.013851
      281 0.000119   0.013845
      269 0.000119  -0.013844
      605 0.000118  -0.013766
      600 0.000118  -0.013674
      552 0.000117  -0.013617
      638 0.000117  -0.013574
      736 0.000117  -0.013564
      369 0.000116   0.013551
      308 0.000116  -0.013522
      241 0.000116   0.013471
      808 0.000115   0.013377
      974 0.000114   0.013324
      294 0.000114  -0.013285
      423 0.000114  -0.013232
      553 0.000112  -0.012995
      431 0.000111  -0.012916
      824 0.000109   0.012653
      795 0.000108   0.012512
      594 0.000107  -0.012483
      742 0.000107  -0.012412
      266 0.000104  -0.012137
      354 0.000104   0.012072
      263 0.000104  -0.012068
      392 0.000103   0.011993
      684 0.000102  -0.011899
      292 0.000101  -0.011797
      805 0.000099  -0.011567
      803 0.000098   0.011406
      840 0.000098  -0.011365
      386 0.000097   0.011308
      262 0.000096  -0.011184
      844 0.000095  -0.011095
      882 0.000095   0.011062
      740 0.000094  -0.010991
      312 0.000094  -0.010915
      261 0.000093  -0.010867
      302 0.000093  -0.010814
      611 0.000092  -0.010723
      723 0.000092  -0.010684
      632 0.000091   0.010616
      762 0.000090   0.010475
      832 0.000089   0.010409
      291 0.000089   0.010393
      799 0.000089  -0.010357
      572 0.000089  -0.010341
      390 0.000089   0.010331
      394 0.000088   0.010280
      734 0.000088  -0.010234
      701 0.000085  -0.009949
      584 0.000085  -0.009944
      802 0.000084   0.009718
     1095 0.000083  -0.009704
      374 0.000083   0.009658
      428 0.000083   0.009619
      597 0.000081  -0.009480
      343 0.000081  -0.009461
      232 0.000080  -0.009300
      313 0.000080  -0.009270
      193 0.000080  -0.009266
      561 0.000079   0.009232
      826 0.000079  -0.009195
      414 0.000079   0.009179
      728 0.000077  -0.008973
      569 0.000075   0.008714
      209 0.000075  -0.008707
      560 0.000074  -0.008625
      955 0.000074   0.008610
      778 0.000073  -0.008519
      268 0.000072  -0.008428
      744 0.000072  -0.008405
      770 0.000072   0.008400
      235 0.000070  -0.008120
      913 0.000068  -0.007917
     1005 0.000068   0.007902
      545 0.000068  -0.007861
      596 0.000067  -0.007786
      776 0.000066  -0.007698
      251 0.000066  -0.007652
      937 0.000065  -0.007593
      591 0.000065   0.007575
      722 0.000065  -0.007567
      864 0.000065   0.007516
      978 0.000064   0.007496
      275 0.000064  -0.007473
      843 0.000064  -0.007450
      654 0.000064   0.007433
      922 0.000064  -0.007427
      206 0.000063   0.007292
      539 0.000062   0.007222
      748 0.000062  -0.007216
      870 0.000062  -0.007190
      773 0.000062   0.007182
      789 0.000060   0.006962
      425 0.000060   0.006940
      298 0.000058  -0.006765
      879 0.000058  -0.006752
      131 0.000058  -0.006726
      589 0.000058  -0.006711
       88 0.000058   0.006698
      782 0.000057  -0.006674
      407 0.000057  -0.006667
      863 0.000057  -0.006577
      895 0.000056   0.006527
      322 0.000054  -0.006339
      603 0.000054  -0.006314
       93 0.000054   0.006237
      765 0.000052   0.006059
      614 0.000052   0.006044
      884 0.000051  -0.005910
      891 0.000051  -0.005898
      831 0.000051   0.005885
      874 0.000049  -0.005744
      780 0.000049  -0.005717
      858 0.000049  -0.005713
      325 0.000049  -0.005669
      528 0.000048   0.005631
      880 0.000047   0.005526
      540 0.000047  -0.005488
      763 0.000046  -0.005407
      616 0.000046  -0.005355
      224 0.000046  -0.005311
      542 0.000045   0.005289
      337 0.000045  -0.005230
      297 0.000045  -0.005226
      627 0.000045   0.005217
      409 0.000045  -0.005197
      948 0.000044   0.005141
      329 0.000044  -0.005116
      198 0.000044   0.005087
      823 0.000043   0.004961
      950 0.000043  -0.004956
      319 0.000042   0.004890
      821 0.000042  -0.004856
      223 0.000042   0.004843
      279 0.000041  -0.004813
      332 0.000041  -0.004792
      448 0.000041   0.004726
      867 0.000041   0.004719
      860 0.000040  -0.004707
      289 0.000040   0.004700
      397 0.000040  -0.004667
      413 0.000040   0.004645
      239 0.000040   0.004635
      987 0.000040   0.004622
      928 0.000040  -0.004620
      881 0.000039  -0.004585
      943 0.000039   0.004580
      323 0.000039  -0.004556
      535 0.000038   0.004414
      894 0.000037  -0.004337
      904 0.000037   0.004253
      680 0.000035   0.004079
      852 0.000034  -0.003980
      310 0.000034  -0.003967
      530 0.000034   0.003912
      636 0.000033  -0.003896
      942 0.000033   0.003869
      342 0.000033   0.003855
      334 0.000033   0.003836
      518 0.000033   0.003827
      643 0.000033  -0.003785
      491 0.000032   0.003775
     1001 0.000032  -0.003755
      933 0.000032   0.003754
      677 0.000032   0.003702
      410 0.000031  -0.003664
      406 0.000031  -0.003626
      488 0.000031   0.003616
      842 0.000031  -0.003614
      432 0.000030   0.003510
      993 0.000030   0.003481
      169 0.000030  -0.003474
     1025 0.000029   0.003413
      532 0.000029   0.003408
      590 0.000029  -0.003367
      475 0.000029  -0.003357
      849 0.000028   0.003293
      814 0.000028   0.003218
      965 0.000028  -0.003210
     1032 0.000027   0.003183
      608 0.000027  -0.003152
      524 0.000027  -0.003092
      445 0.000026  -0.002976
      650 0.000025  -0.002948
      837 0.000025  -0.002929
      792 0.000025   0.002921
     1017 0.000025   0.002915
      245 0.000025  -0.002879
      964 0.000025   0.002865
      694 0.000025   0.002863
      424 0.000025  -0.002859
      685 0.000024  -0.002837
      216 0.000023  -0.002729
      402 0.000023  -0.002689
      538 0.000023   0.002657
      900 0.000023  -0.002645
      420 0.000023   0.002627
      519 0.000023   0.002620
      214 0.000022   0.002616
      727 0.000022  -0.002586
      290 0.000022   0.002572
      315 0.000022   0.002569
      502 0.000022   0.002536
      333 0.000022  -0.002523
      917 0.000021   0.002472
     1034 0.000021  -0.002462
      536 0.000021  -0.002442
      592 0.000020  -0.002373
      610 0.000020  -0.002344
      988 0.000020  -0.002329
      455 0.000020  -0.002300
      938 0.000020   0.002293
      489 0.000020   0.002289
      328 0.000019  -0.002253
      714 0.000019  -0.002230
      949 0.000019   0.002188
      479 0.000019   0.002185
      681 0.000019  -0.002173
      512 0.000019  -0.002164
      366 0.000019   0.002160
      215 0.000018  -0.002148
      213 0.000018   0.002124
      505 0.000018   0.002124
      713 0.000018   0.002102
      957 0.000018   0.002097
      458 0.000018   0.002088
      830 0.000018   0.002039
      463 0.000017  -0.002018
      201 0.000017  -0.002014
      321 0.000017  -0.001994
      320 0.000017   0.001986
      526 0.000017   0.001979
     1052 0.000017   0.001954
      399 0.000017  -0.001931
      669 0.000017   0.001922
      662 0.000017  -0.001921
      971 0.000017  -0.001920
      324 0.000016  -0.001912
      437 0.000016   0.001888
      514 0.000016   0.001847
      779 0.000016   0.001806
      452 0.000015  -0.001784
      276 0.000015   0.001766
      286 0.000015   0.001749
      534 0.000015  -0.001738
      856 0.000015   0.001711
      732 0.000015   0.001702
      483 0.000014  -0.001672
      619 0.000014   0.001614
      252 0.000014   0.001609
      791 0.000014   0.001598
      335 0.000013  -0.001553
      927 0.000013  -0.001548
      450 0.000013  -0.001538
      296 0.000013  -0.001505
      921 0.000013  -0.001471
      349 0.000013  -0.001463
      839 0.000013   0.001455
     1096 0.000012   0.001422
      462 0.000012   0.001413
      934 0.000012  -0.001408
      543 0.000012  -0.001396
      816 0.000012   0.001381
      875 0.000012  -0.001379
      250 0.000012  -0.001345
      966 0.000012   0.001339
      634 0.000011  -0.001330
     1047 0.000011   0.001317
      935 0.000011  -0.001309
      285 0.000011  -0.001294
     1010 0.000011   0.001290
      473 0.000011  -0.001276
      191 0.000011   0.001273
      876 0.000011  -0.001271
       98 0.000011   0.001258
      796 0.000011   0.001257
      811 0.000011   0.001242
      994 0.000011  -0.001240
      588 0.000011   0.001231
      952 0.000010  -0.001218
      188 0.000010  -0.001206
      487 0.000010  -0.001204
       66 0.000010  -0.001189
      405 0.000010   0.001176
      838 0.000010   0.001173
euclid. distance of OLC and linear combination of EV * x_coef: 0.010177331838792584

Generate samples based on objective loadcase 244
nr_to_generate: 25

Parameter variation distribution settings
distribution: uniform
low: 0.7
high: 1.3

Total process runtime: 0:00:01.351044
