Date and Time:2023-05-12 14:10:32.949676

Initial Settings:
similarity_model: <function cosine_similarity at 0x000001D005A6E5E0>
similarity_threshold: 1e-05
nr_eigv_to_select: None
distribution: uniform
deviation: 0.3
nr_to_generate: 25
recompute: False

Selected eigenvectors and similarity score w.r.t objective loadcase:
objective_loadcase_nr: 214
similarity_model: cosine_similarity
similarity_threshold: 1e-05
nr_eigv_to_select: None
nr_eigv_selected: 618
approximation parameter model: lstsq
similarity score and approx. param. value
:  eigv_idx    score      value
        3 0.556542  39.495752
        1 0.543249  38.552401
        2 0.494404 -35.086068
        0 0.385061  27.326364
        6 0.042893   3.043947
       39 0.020140   1.429228
        4 0.010996   0.780380
      639 0.003313   0.235078
      186 0.001951  -0.138474
      612 0.001902  -0.134956
      593 0.001897  -0.134604
      218 0.001815  -0.128791
       68 0.001808  -0.128325
      586 0.001756   0.124583
      710 0.001564  -0.111000
      716 0.001431   0.101587
      187 0.001349  -0.095724
      143 0.001312   0.093118
      618 0.001282   0.090989
      663 0.001215  -0.086190
      668 0.001212   0.086021
      595 0.001084   0.076903
      182 0.000949  -0.067369
      749 0.000915  -0.064965
      686 0.000915  -0.064960
      659 0.000885  -0.062808
      194 0.000871   0.061794
      617 0.000857   0.060825
      626 0.000840   0.059625
      388 0.000823  -0.058428
      688 0.000814  -0.057745
      599 0.000763   0.054129
      184 0.000760  -0.053921
      582 0.000712  -0.050531
      562 0.000700  -0.049679
      635 0.000657   0.046633
      183 0.000650   0.046144
      579 0.000626   0.044434
      621 0.000615  -0.043611
      670 0.000613   0.043538
      578 0.000594   0.042143
      253 0.000594  -0.042135
      683 0.000567   0.040226
      700 0.000563   0.039981
      602 0.000559  -0.039694
      735 0.000541  -0.038416
      733 0.000535   0.037962
      341 0.000532   0.037757
      698 0.000496  -0.035211
      666 0.000495  -0.035129
      708 0.000493   0.035007
      228 0.000468  -0.033240
      137 0.000464  -0.032894
      606 0.000456  -0.032333
      567 0.000444  -0.031490
      220 0.000438  -0.031081
      153 0.000423   0.030017
      174 0.000420   0.029817
      267 0.000413  -0.029309
      718 0.000409  -0.029035
      709 0.000397  -0.028141
      179 0.000394   0.027956
      577 0.000392  -0.027835
      641 0.000391  -0.027730
      575 0.000372   0.026390
      756 0.000362  -0.025723
      704 0.000345  -0.024513
      171 0.000345  -0.024510
      741 0.000344   0.024414
      620 0.000342  -0.024279
      757 0.000341  -0.024214
      362 0.000338  -0.023976
      699 0.000332  -0.023564
      583 0.000329  -0.023353
      132 0.000319   0.022608
       70 0.000309   0.021959
      243 0.000309   0.021946
      853 0.000307  -0.021814
      631 0.000299  -0.021249
      412 0.000298  -0.021133
      210 0.000293  -0.020794
      419 0.000293  -0.020777
      807 0.000289   0.020537
      848 0.000284  -0.020187
      576 0.000279  -0.019794
      601 0.000277   0.019686
      739 0.000272  -0.019293
      258 0.000270  -0.019189
      587 0.000268   0.019017
      753 0.000263  -0.018673
      403 0.000257   0.018272
      750 0.000246   0.017423
      787 0.000245   0.017359
      361 0.000243   0.017245
      707 0.000242  -0.017139
      273 0.000241  -0.017102
       69 0.000226   0.016061
      628 0.000224   0.015915
      604 0.000224  -0.015907
      400 0.000219  -0.015576
      696 0.000215  -0.015291
      383 0.000215   0.015230
      377 0.000214  -0.015199
      161 0.000210   0.014888
      570 0.000203  -0.014401
      580 0.000200  -0.014180
      793 0.000198  -0.014079
      271 0.000196   0.013885
      549 0.000194  -0.013735
      743 0.000188  -0.013359
      857 0.000188  -0.013321
      658 0.000185   0.013112
      299 0.000185   0.013112
      373 0.000184  -0.013090
      148 0.000177   0.012545
      427 0.000176  -0.012488
       71 0.000175   0.012405
      301 0.000174  -0.012353
      355 0.000174   0.012330
      726 0.000174  -0.012327
      800 0.000173  -0.012250
      564 0.000171  -0.012112
      818 0.000169  -0.012026
      573 0.000168   0.011915
      687 0.000168   0.011905
      815 0.000167  -0.011885
      175 0.000166  -0.011800
      828 0.000165  -0.011726
      204 0.000165   0.011678
      820 0.000163  -0.011542
      941 0.000162  -0.011503
      665 0.000156  -0.011065
      574 0.000153  -0.010840
      855 0.000150  -0.010666
      557 0.000150  -0.010635
      367 0.000149   0.010606
      566 0.000149   0.010555
      711 0.000149   0.010540
      398 0.000147  -0.010406
      277 0.000144   0.010248
      790 0.000141   0.010021
      234 0.000141   0.010008
      247 0.000141   0.010004
      638 0.000139  -0.009868
      199 0.000139  -0.009866
      824 0.000139   0.009838
      859 0.000138   0.009790
      269 0.000137  -0.009758
      392 0.000135   0.009608
      784 0.000135  -0.009594
      239 0.000135   0.009579
      380 0.000133   0.009470
      645 0.000133   0.009428
      198 0.000132   0.009394
      236 0.000132   0.009371
      275 0.000132  -0.009362
      847 0.000130   0.009252
      667 0.000128   0.009076
      795 0.000126   0.008950
      808 0.000125   0.008848
      294 0.000124  -0.008777
      742 0.000123  -0.008696
      235 0.000122  -0.008681
      605 0.000122  -0.008669
      298 0.000122  -0.008624
      263 0.000119  -0.008471
      770 0.000119   0.008433
      255 0.000118  -0.008344
      431 0.000115  -0.008162
      423 0.000114  -0.008103
      553 0.000113  -0.008016
      591 0.000113   0.007994
      436 0.000112   0.007983
      778 0.000112  -0.007966
      312 0.000112  -0.007935
      353 0.000111  -0.007846
      390 0.000110   0.007829
      640 0.000110  -0.007814
      227 0.000110   0.007802
      908 0.000109  -0.007719
      295 0.000108  -0.007692
      829 0.000108   0.007633
      257 0.000107  -0.007601
      629 0.000105  -0.007468
      974 0.000104   0.007357
      266 0.000103  -0.007278
      241 0.000103   0.007277
      600 0.000102  -0.007269
      279 0.000102  -0.007259
      281 0.000102   0.007243
      684 0.000102  -0.007219
      230 0.000102  -0.007205
      222 0.000101  -0.007196
      364 0.000100  -0.007084
      690 0.000100   0.007075
      799 0.000100  -0.007069
      107 0.000100  -0.007068
      614 0.000099   0.006991
      723 0.000098  -0.006953
      744 0.000096  -0.006833
      734 0.000096  -0.006827
       91 0.000095  -0.006724
      308 0.000094  -0.006645
      801 0.000094  -0.006643
      882 0.000091   0.006467
      728 0.000091  -0.006435
      588 0.000090  -0.006416
      354 0.000089   0.006334
      292 0.000089  -0.006291
      337 0.000088  -0.006276
      736 0.000088  -0.006241
      843 0.000088  -0.006234
      572 0.000087  -0.006144
      611 0.000086  -0.006123
      232 0.000084  -0.005984
      581 0.000084  -0.005961
      217 0.000082  -0.005840
      594 0.000081  -0.005770
      701 0.000081  -0.005768
      584 0.000081  -0.005762
      369 0.000081   0.005748
      840 0.000081  -0.005718
      386 0.000079   0.005636
      782 0.000079  -0.005596
      697 0.000079   0.005589
      844 0.000078  -0.005558
      798 0.000078   0.005549
      773 0.000078   0.005534
      332 0.000078  -0.005509
      251 0.000077  -0.005465
      302 0.000077  -0.005461
      254 0.000076   0.005421
     1095 0.000076  -0.005416
      569 0.000076   0.005390
      864 0.000076   0.005360
      608 0.000074  -0.005283
      323 0.000074  -0.005275
      597 0.000074  -0.005249
      359 0.000073   0.005212
      262 0.000073  -0.005182
      937 0.000073  -0.005155
      407 0.000071  -0.005021
      322 0.000070  -0.004975
      428 0.000069   0.004920
      321 0.000069  -0.004908
      313 0.000068  -0.004860
      943 0.000068   0.004856
      948 0.000068   0.004823
      261 0.000067  -0.004764
      978 0.000066   0.004708
      740 0.000066  -0.004656
      414 0.000066   0.004650
      342 0.000065   0.004602
      545 0.000065  -0.004598
      955 0.000065   0.004590
     1005 0.000064   0.004557
      826 0.000064  -0.004547
      349 0.000063  -0.004494
      329 0.000063  -0.004490
      823 0.000063   0.004446
       88 0.000062  -0.004434
      832 0.000062   0.004380
      425 0.000062   0.004366
      763 0.000061   0.004356
      913 0.000061  -0.004317
      360 0.000061   0.004297
      552 0.000060  -0.004269
      561 0.000060   0.004235
      272 0.000060   0.004230
      226 0.000058   0.004129
      343 0.000058  -0.004120
      104 0.000057   0.004071
      860 0.000057  -0.004067
      632 0.000057   0.004046
      223 0.000057   0.004026
      274 0.000057  -0.004017
      616 0.000057  -0.004011
      225 0.000056   0.003994
      319 0.000056   0.003985
      357 0.000056  -0.003950
      789 0.000055   0.003917
      539 0.000055   0.003906
      922 0.000054  -0.003842
      879 0.000054  -0.003828
      748 0.000054  -0.003805
      291 0.000053   0.003784
      803 0.000053   0.003776
      560 0.000053  -0.003767
      347 0.000053   0.003749
      627 0.000053   0.003730
      870 0.000052  -0.003706
      765 0.000052   0.003702
      589 0.000052  -0.003701
      880 0.000052   0.003697
      884 0.000052  -0.003692
      249 0.000052  -0.003685
      895 0.000051   0.003610
      366 0.000050   0.003536
      193 0.000050  -0.003518
      209 0.000049  -0.003509
      331 0.000049  -0.003485
      894 0.000049  -0.003455
      528 0.000048   0.003440
      805 0.000048  -0.003404
      160 0.000048   0.003390
      397 0.000047  -0.003370
      830 0.000047   0.003359
      802 0.000047   0.003356
      821 0.000047  -0.003303
      874 0.000047  -0.003301
      891 0.000047  -0.003300
      775 0.000046   0.003292
      164 0.000046  -0.003279
      290 0.000045   0.003227
      904 0.000045   0.003208
      351 0.000045   0.003194
      643 0.000045  -0.003188
      142 0.000045   0.003187
      278 0.000044   0.003139
      348 0.000044   0.003125
      409 0.000043  -0.003044
      213 0.000043  -0.003036
      315 0.000043   0.003030
      250 0.000042  -0.003010
      350 0.000042   0.002999
      252 0.000042   0.002982
      169 0.000042  -0.002956
      374 0.000041   0.002903
      585 0.000040  -0.002864
      535 0.000040   0.002850
      792 0.000040   0.002847
      722 0.000040  -0.002825
      831 0.000040   0.002825
      214 0.000040  -0.002816
      762 0.000039   0.002800
      128 0.000039   0.002789
      287 0.000039  -0.002779
      540 0.000039  -0.002740
      654 0.000039   0.002734
      216 0.000038   0.002711
      330 0.000038  -0.002694
      542 0.000038   0.002672
       53 0.000037  -0.002652
      382 0.000037  -0.002647
      609 0.000037  -0.002634
      881 0.000037  -0.002628
      559 0.000037   0.002607
      215 0.000037   0.002595
      320 0.000036  -0.002590
      288 0.000036   0.002587
      284 0.000036  -0.002584
       74 0.000036   0.002582
      368 0.000036   0.002569
      776 0.000036  -0.002554
      863 0.000036  -0.002535
      942 0.000035   0.002497
      841 0.000035   0.002489
      727 0.000035  -0.002448
      637 0.000034  -0.002432
       55 0.000034  -0.002432
      105 0.000034  -0.002416
      518 0.000034   0.002400
      144 0.000034   0.002394
      384 0.000034  -0.002393
      448 0.000034   0.002387
      987 0.000034   0.002381
      165 0.000034  -0.002380
      152 0.000034   0.002380
      935 0.000033  -0.002376
      598 0.000033   0.002342
      310 0.000033  -0.002331
      928 0.000033  -0.002322
       86 0.000032   0.002304
      491 0.000032   0.002273
      125 0.000032   0.002257
      769 0.000032   0.002238
      402 0.000031   0.002227
      811 0.000031   0.002223
       73 0.000031   0.002214
      156 0.000031  -0.002206
      445 0.000031  -0.002183
      396 0.000031  -0.002179
      131 0.000031  -0.002170
       66 0.000030   0.002163
      154 0.000030  -0.002153
      224 0.000030  -0.002153
      395 0.000030   0.002151
       67 0.000030   0.002143
      933 0.000030   0.002139
      532 0.000030   0.002134
     1001 0.000030  -0.002113
      387 0.000030   0.002103
      950 0.000030  -0.002100
      613 0.000030  -0.002097
      677 0.000029   0.002091
      150 0.000029  -0.002043
      289 0.000029   0.002038
      644 0.000029   0.002035
      138 0.000028   0.002022
       64 0.000028   0.002021
       87 0.000028   0.002016
      488 0.000028   0.002008
       89 0.000028   0.002008
       95 0.000028   0.002003
      610 0.000028   0.001999
      130 0.000028   0.001998
      410 0.000028  -0.001989
       57 0.000028  -0.001977
       65 0.000028  -0.001968
      103 0.000028  -0.001960
      309 0.000028   0.001952
      123 0.000027  -0.001943
      240 0.000027  -0.001939
      565 0.000027  -0.001914
      685 0.000027  -0.001913
      326 0.000027   0.001909
      405 0.000027  -0.001899
      867 0.000027   0.001897
      195 0.000027   0.001885
      530 0.000027   0.001883
      810 0.000026   0.001863
     1032 0.000026   0.001863
      162 0.000026  -0.001860
      237 0.000026   0.001846
      964 0.000026   0.001835
      424 0.000026  -0.001825
      141 0.000026  -0.001819
      475 0.000026  -0.001813
      356 0.000025  -0.001809
      110 0.000025  -0.001804
      270 0.000025  -0.001797
      155 0.000025  -0.001793
       75 0.000025   0.001792
      524 0.000025  -0.001788
      938 0.000025   0.001783
     1025 0.000025   0.001774
      965 0.000025  -0.001773
      957 0.000025   0.001769
      713 0.000025   0.001766
      335 0.000025   0.001762
      282 0.000025   0.001753
      993 0.000024   0.001737
      988 0.000024  -0.001724
      662 0.000024  -0.001714
      112 0.000024   0.001712
      633 0.000024   0.001686
      244 0.000024  -0.001683
      371 0.000023  -0.001651
      596 0.000023   0.001648
      327 0.000023   0.001638
      260 0.000023  -0.001619
      971 0.000023  -0.001617
      432 0.000023   0.001615
      694 0.000023   0.001610
      192 0.000023  -0.001608
       52 0.000022   0.001588
      314 0.000022  -0.001587
      406 0.000022   0.001587
      921 0.000022  -0.001563
      603 0.000022  -0.001540
       83 0.000022  -0.001539
     1034 0.000022  -0.001539
      185 0.000022  -0.001539
       59 0.000022  -0.001537
      365 0.000022  -0.001534
      809 0.000021   0.001522
      814 0.000021   0.001513
      394 0.000021   0.001503
      109 0.000021  -0.001494
     1017 0.000021   0.001492
       81 0.000021   0.001484
      712 0.000021  -0.001483
       93 0.000021  -0.001481
      434 0.000021   0.001466
      336 0.000021   0.001465
      568 0.000021   0.001462
      200 0.000021   0.001461
      100 0.000021  -0.001461
      858 0.000021  -0.001455
      556 0.000020  -0.001449
      526 0.000020   0.001446
      177 0.000020   0.001446
      555 0.000020   0.001442
      852 0.000020   0.001436
     1096 0.000020   0.001428
      724 0.000020  -0.001418
      180 0.000020   0.001404
      114 0.000020  -0.001397
      675 0.000019   0.001383
      927 0.000019  -0.001375
      158 0.000019   0.001373
      856 0.000019   0.001366
      159 0.000019   0.001364
      178 0.000019  -0.001362
      502 0.000019   0.001360
      833 0.000019  -0.001356
      842 0.000019  -0.001348
      519 0.000019   0.001348
      376 0.000019   0.001335
      650 0.000019  -0.001332
       77 0.000019  -0.001331
      370 0.000019  -0.001327
      505 0.000019   0.001321
      358 0.000019  -0.001313
      197 0.000018  -0.001311
      455 0.000018  -0.001311
      375 0.000018   0.001283
      221 0.000018  -0.001279
      839 0.000018  -0.001257
      714 0.000018  -0.001256
       56 0.000018   0.001255
      837 0.000018   0.001254
      437 0.000017   0.001236
       98 0.000017   0.001236
      325 0.000017  -0.001235
      333 0.000017   0.001223
      791 0.000017   0.001211
      550 0.000017  -0.001209
      838 0.000017   0.001209
      900 0.000017  -0.001199
      489 0.000017   0.001195
      934 0.000017  -0.001192
      463 0.000017  -0.001181
      334 0.000017   0.001180
      108 0.000017  -0.001180
      514 0.000017   0.001175
      917 0.000017   0.001175
      248 0.000017   0.001175
      324 0.000016   0.001159
     1073 0.000016  -0.001139
      983 0.000016   0.001129
      759 0.000016   0.001129
      512 0.000016  -0.001124
      479 0.000016   0.001122
      196 0.000016   0.001118
      170 0.000016  -0.001116
      536 0.000016  -0.001112
       92 0.000016  -0.001111
       97 0.000016  -0.001111
       79 0.000016   0.001107
      695 0.000016   0.001107
       72 0.000016  -0.001102
       43 0.000016  -0.001102
      245 0.000015   0.001095
      548 0.000015  -0.001075
     1052 0.000015   0.001074
      352 0.000015   0.001073
      102 0.000015   0.001070
     1010 0.000015   0.001065
       25 0.000015   0.001064
      966 0.000015   0.001064
       82 0.000015  -0.001064
      259 0.000015   0.001061
      458 0.000015   0.001057
       27 0.000015  -0.001052
      554 0.000015  -0.001048
      835 0.000015  -0.001045
      115 0.000015  -0.001037
      145 0.000015   0.001031
      449 0.000014  -0.001029
      293 0.000014  -0.001028
      977 0.000014   0.001021
      646 0.000014   0.001009
      619 0.000014   0.001004
      794 0.000014   0.001001
       96 0.000014   0.000992
      317 0.000014   0.000985
      450 0.000014  -0.000981
      276 0.000014   0.000980
        9 0.000014  -0.000975
      129 0.000014  -0.000968
      372 0.000013  -0.000950
      755 0.000013  -0.000950
      307 0.000013  -0.000945
       94 0.000013   0.000941
      705 0.000013   0.000938
       10 0.000013  -0.000929
     1009 0.000013  -0.000920
      538 0.000013   0.000915
       41 0.000013   0.000906
       22 0.000013  -0.000902
      229 0.000013  -0.000889
      345 0.000012   0.000884
      433 0.000012   0.000884
      916 0.000012  -0.000863
      304 0.000012  -0.000862
      286 0.000012   0.000851
      590 0.000012  -0.000850
       80 0.000012  -0.000844
      401 0.000012  -0.000843
      379 0.000012   0.000839
      181 0.000012   0.000831
      478 0.000012   0.000831
      167 0.000012  -0.000831
      163 0.000012  -0.000829
      636 0.000012   0.000826
      483 0.000012  -0.000825
      378 0.000012  -0.000825
      139 0.000012   0.000821
      462 0.000012   0.000816
      907 0.000011   0.000806
      647 0.000011  -0.000789
      732 0.000011   0.000789
       62 0.000011  -0.000785
       58 0.000011  -0.000779
      385 0.000011  -0.000769
     1020 0.000011  -0.000764
      816 0.000011   0.000757
       61 0.000011   0.000749
      510 0.000011  -0.000748
      883 0.000011   0.000747
     1016 0.000010  -0.000742
      752 0.000010   0.000741
       29 0.000010   0.000739
       45 0.000010   0.000716
       60 0.000010  -0.000715
      344 0.000010  -0.000711
      126 0.000010   0.000710
euclid. distance of OLC and linear combination of EV * x_coef: 0.0061997249669869395

Generate samples based on objective loadcase 214
nr_to_generate: 25

Parameter variation distribution settings
distribution: uniform
low: 0.7
high: 1.3

Total process runtime: 0:00:01.372926
