Date and Time:2023-05-12 14:10:05.344823

Initial Settings:
similarity_model: <function cosine_similarity at 0x000001D005A6E5E0>
similarity_threshold: 1e-05
nr_eigv_to_select: None
distribution: uniform
deviation: 0.3
nr_to_generate: 25
recompute: False

Selected eigenvectors and similarity score w.r.t objective loadcase:
objective_loadcase_nr: 193
similarity_model: cosine_similarity
similarity_threshold: 1e-05
nr_eigv_to_select: None
nr_eigv_selected: 533
approximation parameter model: lstsq
similarity score and approx. param. value
:  eigv_idx    score      value
        3 0.557050  56.473465
        1 0.541543  54.901361
        2 0.497038 -50.389477
        0 0.383260  38.854694
        6 0.043099   4.369389
       39 0.021038   2.132793
        4 0.011088   1.124099
      639 0.003393   0.344022
      186 0.002054  -0.208187
      593 0.001958  -0.198526
      612 0.001948  -0.197510
      218 0.001848  -0.187396
      586 0.001786   0.181098
      710 0.001562  -0.158355
       68 0.001525  -0.154633
      716 0.001444   0.146347
      187 0.001411  -0.143049
      618 0.001281   0.129837
      663 0.001235  -0.125162
      143 0.001234   0.125123
      668 0.001208   0.122433
      595 0.001147   0.116255
      686 0.000919  -0.093123
      194 0.000917   0.092929
      659 0.000883  -0.089479
      626 0.000876   0.088845
      749 0.000871  -0.088278
      388 0.000850  -0.086161
      617 0.000836   0.084729
      182 0.000836  -0.084724
      688 0.000809  -0.081995
      599 0.000768   0.077872
      582 0.000734  -0.074381
      562 0.000707  -0.071662
      635 0.000678   0.068769
      183 0.000673   0.068263
      184 0.000670  -0.067966
      670 0.000638   0.064720
      621 0.000630  -0.063906
      579 0.000624   0.063213
      578 0.000610   0.061869
      683 0.000564   0.057215
      700 0.000561   0.056905
      733 0.000551   0.055888
      341 0.000550   0.055723
      253 0.000544  -0.055184
      602 0.000539  -0.054620
      735 0.000518  -0.052536
      698 0.000512  -0.051894
      606 0.000498  -0.050528
      708 0.000492   0.049851
      666 0.000490  -0.049653
      228 0.000459  -0.046490
      567 0.000454  -0.046021
      153 0.000447   0.045284
      174 0.000443   0.044912
      718 0.000438  -0.044363
      267 0.000433  -0.043891
      220 0.000428  -0.043375
      577 0.000427  -0.043313
      137 0.000416  -0.042182
      575 0.000409   0.041443
      641 0.000400  -0.040581
      709 0.000397  -0.040224
      704 0.000396  -0.040128
      620 0.000371  -0.037585
       69 0.000356   0.036132
      756 0.000350  -0.035508
      179 0.000348   0.035300
      699 0.000348  -0.035255
      362 0.000333  -0.033753
      757 0.000330  -0.033466
      583 0.000329  -0.033372
       71 0.000321   0.032513
      741 0.000320   0.032480
      243 0.000307   0.031168
      412 0.000306  -0.031072
      848 0.000304  -0.030770
      210 0.000302  -0.030644
      807 0.000301   0.030488
      419 0.000300  -0.030395
      631 0.000300  -0.030375
      171 0.000299  -0.030331
      853 0.000285  -0.028908
      132 0.000282   0.028595
      403 0.000280   0.028396
      753 0.000277  -0.028036
      587 0.000272   0.027621
      258 0.000269  -0.027293
      739 0.000268  -0.027164
      601 0.000265   0.026883
       70 0.000262   0.026602
      707 0.000261  -0.026488
      273 0.000256  -0.025923
      696 0.000249  -0.025283
      361 0.000246   0.024954
      576 0.000246  -0.024915
      787 0.000234   0.023762
      750 0.000230   0.023295
      383 0.000221   0.022391
      604 0.000219  -0.022213
      628 0.000218   0.022142
      400 0.000216  -0.021915
      377 0.000216  -0.021906
      793 0.000209  -0.021212
      570 0.000209  -0.021199
      580 0.000206  -0.020862
      658 0.000195   0.019723
      564 0.000193  -0.019581
      549 0.000190  -0.019215
      743 0.000189  -0.019114
      373 0.000185  -0.018791
      204 0.000184   0.018667
      161 0.000181   0.018347
      800 0.000181  -0.018314
      427 0.000179  -0.018159
      301 0.000179  -0.018102
      175 0.000178  -0.018026
      299 0.000177   0.017937
      857 0.000177  -0.017927
      726 0.000176  -0.017794
      269 0.000173  -0.017560
      355 0.000173   0.017526
      573 0.000171   0.017339
      271 0.000170   0.017231
      815 0.000170  -0.017209
      828 0.000168  -0.017069
      566 0.000166   0.016824
      941 0.000165  -0.016767
      277 0.000163   0.016529
      818 0.000162  -0.016429
      820 0.000160  -0.016208
      605 0.000159  -0.016134
      255 0.000156  -0.015825
      687 0.000155   0.015750
      665 0.000154  -0.015652
      574 0.000154  -0.015632
      855 0.000154  -0.015631
      234 0.000154   0.015618
      247 0.000153   0.015479
      711 0.000153   0.015471
      236 0.000148   0.015046
      557 0.000148  -0.015045
      148 0.000145   0.014685
      199 0.000144  -0.014552
      392 0.000142   0.014423
      784 0.000141  -0.014318
      367 0.000141   0.014293
      667 0.000139   0.014134
      790 0.000139   0.014131
      380 0.000137   0.013876
      398 0.000135  -0.013673
      824 0.000135   0.013659
      227 0.000133   0.013485
      638 0.000133  -0.013435
      742 0.000132  -0.013418
      312 0.000132  -0.013397
      795 0.000132   0.013362
      239 0.000131   0.013297
      859 0.000130   0.013199
      847 0.000128   0.012977
      263 0.000128  -0.012944
      808 0.000127   0.012923
      645 0.000126   0.012791
      553 0.000123  -0.012486
      295 0.000122  -0.012366
      431 0.000118  -0.011918
      423 0.000117  -0.011866
      198 0.000116   0.011769
      235 0.000116  -0.011742
      292 0.000115  -0.011645
      254 0.000115   0.011627
      690 0.000113   0.011457
      829 0.000112   0.011311
      230 0.000111  -0.011276
      275 0.000111  -0.011238
      436 0.000111   0.011220
      629 0.000110  -0.011188
      908 0.000110  -0.011172
      294 0.000110  -0.011130
      353 0.000108  -0.010936
      770 0.000107   0.010877
      390 0.000107   0.010869
      778 0.000107  -0.010868
      241 0.000106   0.010782
      974 0.000105   0.010688
      591 0.000105   0.010616
      640 0.000104  -0.010504
      799 0.000103  -0.010435
      594 0.000102  -0.010386
      736 0.000102  -0.010372
      251 0.000102  -0.010346
      298 0.000101  -0.010240
      684 0.000101  -0.010240
      281 0.000099   0.010042
      354 0.000096   0.009745
      744 0.000096  -0.009694
      364 0.000096  -0.009691
      107 0.000094  -0.009549
      840 0.000094  -0.009539
      734 0.000094  -0.009531
      723 0.000093  -0.009459
      697 0.000093   0.009458
      369 0.000093   0.009454
      308 0.000093  -0.009423
      882 0.000093   0.009413
      266 0.000093  -0.009381
      257 0.000092  -0.009359
      337 0.000092  -0.009347
      217 0.000091  -0.009234
      232 0.000091  -0.009207
      611 0.000089  -0.009014
      222 0.000088  -0.008915
      588 0.000086  -0.008706
      584 0.000086  -0.008705
      801 0.000085  -0.008571
      279 0.000084  -0.008541
      728 0.000084  -0.008540
      332 0.000084  -0.008480
      844 0.000083  -0.008454
      359 0.000083   0.008408
      843 0.000083  -0.008388
      323 0.000080  -0.008161
      572 0.000080  -0.008144
      773 0.000080   0.008086
      569 0.000079   0.008045
      386 0.000079   0.008033
      290 0.000079   0.007970
      616 0.000078  -0.007955
     1095 0.000078  -0.007886
      302 0.000076  -0.007720
       91 0.000076  -0.007704
      614 0.000076   0.007676
      782 0.000075  -0.007629
      581 0.000074  -0.007460
       88 0.000073  -0.007447
      600 0.000073  -0.007413
      701 0.000073  -0.007366
      798 0.000072   0.007332
      329 0.000072  -0.007279
      937 0.000072  -0.007258
      561 0.000070   0.007131
      864 0.000069   0.007027
      948 0.000068   0.006939
      978 0.000068   0.006921
      291 0.000068   0.006919
      428 0.000068   0.006902
      223 0.000068   0.006878
      763 0.000067   0.006776
      740 0.000066  -0.006710
      342 0.000066   0.006658
     1005 0.000065   0.006633
      823 0.000065   0.006611
      943 0.000065   0.006583
      955 0.000065   0.006568
      414 0.000064   0.006522
      552 0.000064  -0.006491
      545 0.000064  -0.006477
      560 0.000063  -0.006416
      826 0.000062  -0.006320
      832 0.000062   0.006267
      913 0.000062  -0.006238
      632 0.000061   0.006233
      589 0.000061  -0.006173
      425 0.000061   0.006168
      319 0.000061   0.006140
      789 0.000060   0.006114
      608 0.000060  -0.006041
      748 0.000059  -0.005950
      104 0.000059   0.005943
      627 0.000058   0.005926
      407 0.000058  -0.005883
      775 0.000058   0.005859
      349 0.000058  -0.005857
      261 0.000058  -0.005839
      226 0.000057   0.005802
      539 0.000056   0.005709
      879 0.000056  -0.005663
      343 0.000056  -0.005652
      922 0.000056  -0.005648
      225 0.000055   0.005538
      860 0.000054  -0.005508
      262 0.000054  -0.005506
      313 0.000054  -0.005483
      272 0.000054   0.005482
      357 0.000054  -0.005478
      765 0.000053   0.005419
      597 0.000053  -0.005400
      870 0.000053  -0.005324
      397 0.000052  -0.005293
      654 0.000052   0.005291
      209 0.000052  -0.005264
      895 0.000050   0.005089
      880 0.000050   0.005072
      803 0.000050   0.005039
      249 0.000050  -0.005036
      891 0.000049  -0.004943
      528 0.000049   0.004941
      894 0.000048  -0.004911
      350 0.000048   0.004904
      722 0.000048  -0.004849
      884 0.000048  -0.004830
      805 0.000048  -0.004817
      366 0.000047   0.004798
      325 0.000047  -0.004777
      274 0.000047  -0.004777
      315 0.000047   0.004774
      874 0.000047  -0.004723
      904 0.000046   0.004710
      585 0.000046  -0.004674
      831 0.000046   0.004672
      821 0.000046  -0.004659
      802 0.000046   0.004654
      216 0.000044   0.004479
      374 0.000044   0.004463
      776 0.000044  -0.004434
      830 0.000043   0.004377
       93 0.000043  -0.004336
      169 0.000042  -0.004273
      863 0.000041  -0.004202
      535 0.000041   0.004195
      250 0.000041  -0.004188
      792 0.000041   0.004116
      409 0.000040  -0.004028
      540 0.000038  -0.003876
      542 0.000038   0.003856
      252 0.000038   0.003828
      347 0.000037   0.003772
      881 0.000036  -0.003698
      942 0.000036   0.003668
      224 0.000035  -0.003556
      762 0.000035   0.003514
      309 0.000034   0.003496
      987 0.000034   0.003486
      518 0.000034   0.003464
      650 0.000034  -0.003445
      928 0.000034  -0.003404
      384 0.000033  -0.003385
      448 0.000033   0.003375
      491 0.000033   0.003374
      240 0.000033  -0.003373
      769 0.000033   0.003362
      643 0.000033  -0.003354
      214 0.000033  -0.003347
      310 0.000032  -0.003276
      215 0.000032   0.003235
      237 0.000032   0.003221
      360 0.000032   0.003218
      402 0.000031   0.003175
      321 0.000031  -0.003117
      445 0.000031  -0.003105
      532 0.000031   0.003104
      933 0.000030   0.003090
      356 0.000030  -0.003087
      727 0.000030  -0.003075
      935 0.000030  -0.003069
     1001 0.000030  -0.003058
      950 0.000030  -0.003046
      193 0.000030  -0.003044
      867 0.000029   0.002991
      488 0.000029   0.002944
      410 0.000029  -0.002913
      382 0.000029  -0.002892
      603 0.000028  -0.002832
      598 0.000028   0.002794
      694 0.000027   0.002762
      530 0.000027   0.002746
     1032 0.000027   0.002745
      387 0.000027   0.002744
      475 0.000027  -0.002730
      304 0.000027  -0.002726
      278 0.000027   0.002726
      270 0.000027  -0.002696
      164 0.000026  -0.002656
      677 0.000026   0.002643
      685 0.000026  -0.002634
      524 0.000026  -0.002608
     1025 0.000025   0.002574
      814 0.000025   0.002560
      993 0.000025   0.002534
      322 0.000025  -0.002527
      858 0.000025  -0.002526
      335 0.000025   0.002519
      424 0.000025  -0.002514
      195 0.000024   0.002480
      568 0.000024   0.002473
      964 0.000024   0.002473
      957 0.000024   0.002442
      938 0.000024   0.002430
      221 0.000024  -0.002410
      965 0.000024  -0.002388
       53 0.000023  -0.002356
      213 0.000023  -0.002348
      314 0.000023  -0.002333
      811 0.000023   0.002328
      637 0.000023  -0.002325
      200 0.000022   0.002265
      713 0.000022   0.002263
      432 0.000022   0.002257
      988 0.000022  -0.002252
      165 0.000022  -0.002248
      842 0.000022  -0.002247
      841 0.000022   0.002237
      368 0.000022   0.002237
      662 0.000022  -0.002228
     1034 0.000022  -0.002224
      971 0.000022  -0.002210
      646 0.000022   0.002194
     1017 0.000021   0.002147
      348 0.000021   0.002121
      206 0.000021   0.002121
      526 0.000021   0.002105
      201 0.000021  -0.002079
      921 0.000020  -0.002057
      264 0.000020  -0.002037
      248 0.000020   0.002020
      365 0.000020  -0.002012
      856 0.000020   0.001995
      791 0.000019   0.001960
      338 0.000019   0.001944
      502 0.000019   0.001942
      297 0.000019  -0.001920
      197 0.000019  -0.001919
      900 0.000019  -0.001913
      244 0.000019  -0.001907
      519 0.000019   0.001906
       55 0.000019  -0.001904
      455 0.000019  -0.001901
      927 0.000019  -0.001899
      276 0.000019   0.001888
      289 0.000019   0.001884
      351 0.000019   0.001878
      724 0.000019  -0.001878
      714 0.000018  -0.001861
      344 0.000018  -0.001854
     1096 0.000018   0.001831
      810 0.000018   0.001805
      394 0.000018   0.001802
      320 0.000018  -0.001790
      371 0.000018  -0.001777
      437 0.000018   0.001777
      285 0.000017   0.001762
      917 0.000017   0.001762
      479 0.000017   0.001762
      376 0.000017  -0.001758
      345 0.000017   0.001750
      268 0.000017  -0.001747
      463 0.000017  -0.001730
      489 0.000017   0.001728
      556 0.000017   0.001727
      514 0.000017   0.001706
      839 0.000017  -0.001693
     1073 0.000017  -0.001690
      505 0.000017   0.001684
       52 0.000017   0.001674
      592 0.000016  -0.001668
      536 0.000016  -0.001665
      559 0.000016  -0.001663
      833 0.000016  -0.001658
      512 0.000016  -0.001651
      712 0.000016  -0.001650
      934 0.000016  -0.001626
      794 0.000016   0.001624
      192 0.000016  -0.001601
     1010 0.000015   0.001565
      644 0.000015   0.001561
     1052 0.000015   0.001552
      196 0.000015   0.001551
      609 0.000015  -0.001527
       64 0.000015   0.001519
      458 0.000015   0.001513
      633 0.000015   0.001508
      596 0.000015   0.001499
      385 0.000015  -0.001492
      229 0.000015  -0.001482
      327 0.000014   0.001464
      334 0.000014   0.001460
      983 0.000014   0.001438
      838 0.000014   0.001433
      450 0.000014  -0.001403
      162 0.000014  -0.001388
      977 0.000014   0.001379
      363 0.000014  -0.001371
      852 0.000013   0.001357
      293 0.000013   0.001347
      340 0.000013  -0.001330
      966 0.000013   0.001318
      358 0.000013   0.001307
      538 0.000013   0.001303
      835 0.000013  -0.001301
      883 0.000013   0.001290
      755 0.000013  -0.001288
      180 0.000012   0.001249
      675 0.000012   0.001247
      331 0.000012  -0.001241
      695 0.000012   0.001239
      339 0.000012   0.001238
      406 0.000012   0.001231
      316 0.000012  -0.001228
      907 0.000012   0.001221
      551 0.000012   0.001221
     1009 0.000012  -0.001220
      816 0.000012   0.001216
      449 0.000012  -0.001212
      732 0.000012   0.001211
      138 0.000012   0.001206
      822 0.000012   0.001201
      379 0.000012  -0.001193
      809 0.000012   0.001186
      625 0.000012   0.001180
      916 0.000012  -0.001172
      478 0.000011   0.001156
      326 0.000011   0.001155
      949 0.000011   0.001149
      375 0.000011  -0.001148
      837 0.000011   0.001135
      669 0.000011   0.001123
      613 0.000011  -0.001118
      483 0.000011  -0.001116
      462 0.000011   0.001116
      242 0.000011  -0.001099
      134 0.000011  -0.001097
      680 0.000011   0.001097
      752 0.000011   0.001094
      395 0.000011  -0.001078
      259 0.000010  -0.001062
      265 0.000010   0.001051
       43 0.000010  -0.001050
      352 0.000010  -0.001045
      649 0.000010  -0.001040
      178 0.000010  -0.001035
       96 0.000010   0.001034
       63 0.000010  -0.001026
euclid. distance of OLC and linear combination of EV * x_coef: 0.009294096054822927

Generate samples based on objective loadcase 193
nr_to_generate: 25

Parameter variation distribution settings
distribution: uniform
low: 0.7
high: 1.3

Total process runtime: 0:00:01.339121
