Date and Time:2023-05-12 14:17:47.809430

Initial Settings:
similarity_model: <function cosine_similarity at 0x000001D005A6E5E0>
similarity_threshold: 1e-05
nr_eigv_to_select: None
distribution: uniform
deviation: 0.3
nr_to_generate: 25
recompute: False

Selected eigenvectors and similarity score w.r.t objective loadcase:
objective_loadcase_nr: 541
similarity_model: cosine_similarity
similarity_threshold: 1e-05
nr_eigv_to_select: None
nr_eigv_selected: 583
approximation parameter model: lstsq
similarity score and approx. param. value
:  eigv_idx    score      value
        3 0.577307  48.972864
        1 0.526187  44.636359
        2 0.503930 -42.748276
        0 0.366172  31.062328
        6 0.031019   2.631367
       39 0.025376   2.152627
        4 0.012038   1.021209
      639 0.003124   0.264986
      218 0.002279  -0.193342
      186 0.002251  -0.190968
      593 0.001913  -0.162264
      612 0.001823  -0.154650
      586 0.001797   0.152418
      710 0.001702  -0.144393
      187 0.001461  -0.123941
      716 0.001310   0.111110
      595 0.001177   0.099817
      618 0.001127   0.095568
      668 0.001093   0.092690
      663 0.001032  -0.087574
      194 0.000993   0.084251
      686 0.000957  -0.081196
      626 0.000955   0.081047
      749 0.000900  -0.076314
       68 0.000898  -0.076205
      388 0.000834  -0.070729
      688 0.000821  -0.069667
      659 0.000789  -0.066889
      143 0.000771   0.065418
      617 0.000733   0.062150
      599 0.000692   0.058704
      582 0.000679  -0.057564
      562 0.000664  -0.056328
      635 0.000663   0.056207
      621 0.000647  -0.054914
       69 0.000639   0.054196
      183 0.000632   0.053654
      670 0.000622   0.052783
       71 0.000615   0.052205
      704 0.000572  -0.048523
      341 0.000555   0.047044
      153 0.000535   0.045362
      578 0.000530   0.044942
      579 0.000526   0.044614
      733 0.000523   0.044350
      735 0.000522  -0.044310
      253 0.000519  -0.044039
      718 0.000518  -0.043947
      708 0.000514   0.043620
      606 0.000500  -0.042447
      567 0.000496  -0.042083
      602 0.000484  -0.041097
      174 0.000466   0.039511
      577 0.000457  -0.038782
      698 0.000452  -0.038348
      575 0.000448   0.038001
      267 0.000446  -0.037840
      709 0.000431  -0.036548
      666 0.000428  -0.036309
      258 0.000413  -0.035040
      230 0.000393  -0.033321
      696 0.000392  -0.033235
      700 0.000388   0.032892
      620 0.000380  -0.032193
      227 0.000377   0.031964
      601 0.000368   0.031215
      210 0.000367  -0.031160
      683 0.000366   0.031021
      707 0.000361  -0.030661
      220 0.000349  -0.029570
      756 0.000347  -0.029477
      641 0.000340  -0.028802
      753 0.000337  -0.028618
      235 0.000325  -0.027587
      699 0.000310  -0.026303
      848 0.000309  -0.026201
      583 0.000307  -0.026022
      631 0.000305  -0.025909
      412 0.000305  -0.025891
      273 0.000300  -0.025443
      853 0.000300  -0.025418
      362 0.000292  -0.024786
      419 0.000290  -0.024570
      757 0.000289  -0.024511
      807 0.000279   0.023685
      587 0.000277   0.023529
      793 0.000267  -0.022686
      243 0.000267   0.022646
      741 0.000267   0.022610
      403 0.000262   0.022204
      726 0.000254  -0.021534
      239 0.000254   0.021505
      739 0.000253  -0.021489
      263 0.000240  -0.020329
      361 0.000239   0.020243
      750 0.000234   0.019888
      383 0.000231   0.019559
      787 0.000219   0.018542
      570 0.000217  -0.018450
      299 0.000215   0.018266
      269 0.000211  -0.017931
      857 0.000201  -0.017059
      576 0.000199  -0.016899
      377 0.000197  -0.016726
      763 0.000196   0.016605
      580 0.000195  -0.016556
      373 0.000195  -0.016500
      818 0.000193  -0.016339
      137 0.000189  -0.016054
      400 0.000187  -0.015901
      175 0.000187  -0.015835
      199 0.000185  -0.015690
      301 0.000181  -0.015362
      824 0.000181   0.015337
      759 0.000181  -0.015330
      132 0.000181   0.015329
      658 0.000180   0.015300
      204 0.000178   0.015129
      855 0.000177  -0.014994
      566 0.000175   0.014837
      564 0.000175  -0.014821
      206 0.000175   0.014809
      275 0.000173  -0.014704
      392 0.000173   0.014701
      427 0.000172  -0.014563
      247 0.000172   0.014561
      312 0.000171  -0.014469
      743 0.000170  -0.014460
      604 0.000170  -0.014380
      628 0.000167   0.014188
       70 0.000167   0.014178
      574 0.000167  -0.014139
      800 0.000163  -0.013866
      290 0.000162   0.013775
      591 0.000161   0.013645
      742 0.000158  -0.013374
      859 0.000157   0.013306
      557 0.000156  -0.013267
      711 0.000154   0.013104
      829 0.000154   0.013067
      553 0.000154  -0.013052
      257 0.000154  -0.013040
      337 0.000154  -0.013023
      241 0.000152   0.012916
      795 0.000150   0.012734
      217 0.000149  -0.012613
      605 0.000148  -0.012558
      828 0.000147  -0.012491
      790 0.000147   0.012448
      784 0.000144  -0.012252
      223 0.000144   0.012205
      941 0.000144  -0.012204
      549 0.000143  -0.012116
      820 0.000142  -0.012038
      332 0.000142  -0.012037
      271 0.000137   0.011604
      770 0.000136   0.011535
      182 0.000135  -0.011435
      778 0.000133  -0.011282
      380 0.000133   0.011251
       88 0.000130  -0.011002
      329 0.000129  -0.010940
      266 0.000127  -0.010740
      355 0.000126   0.010731
      398 0.000126  -0.010710
      616 0.000126  -0.010693
      808 0.000126   0.010653
      292 0.000125  -0.010613
      667 0.000125   0.010596
      775 0.000125   0.010571
      228 0.000125  -0.010571
      369 0.000124   0.010495
      736 0.000122  -0.010366
      684 0.000121  -0.010270
      690 0.000121   0.010245
      294 0.000120  -0.010199
      261 0.000119  -0.010070
      600 0.000116  -0.009813
      665 0.000115  -0.009777
      815 0.000113  -0.009582
      423 0.000112  -0.009531
      645 0.000112   0.009467
      728 0.000111  -0.009457
      277 0.000111   0.009391
      431 0.000110  -0.009373
      367 0.000109   0.009225
      279 0.000108  -0.009152
      569 0.000106   0.009026
      354 0.000106   0.008997
      585 0.000105  -0.008929
      687 0.000104   0.008787
      201 0.000102  -0.008635
      864 0.000100   0.008522
      847 0.000100   0.008476
      594 0.000099  -0.008440
      908 0.000099  -0.008433
      799 0.000099  -0.008374
      573 0.000097   0.008231
      773 0.000097   0.008197
      436 0.000096   0.008184
      262 0.000094  -0.008010
      697 0.000094   0.007943
      353 0.000094  -0.007935
      104 0.000093   0.007908
      581 0.000093  -0.007895
      638 0.000093  -0.007856
      734 0.000092  -0.007807
      782 0.000089  -0.007589
      974 0.000088   0.007493
      943 0.000088   0.007460
      552 0.000087  -0.007412
      744 0.000087  -0.007345
      281 0.000085   0.007234
      723 0.000085  -0.007203
      840 0.000084  -0.007108
      321 0.000083  -0.007017
      222 0.000082   0.006944
      611 0.000082  -0.006932
      295 0.000080  -0.006795
       93 0.000080  -0.006787
      937 0.000079  -0.006726
      844 0.000079  -0.006711
      884 0.000079  -0.006689
      948 0.000078   0.006638
      364 0.000078  -0.006578
      560 0.000077  -0.006530
      801 0.000076  -0.006476
      179 0.000076   0.006470
      843 0.000076  -0.006437
      252 0.000076  -0.006426
      251 0.000075  -0.006378
      769 0.000075   0.006354
      390 0.000075   0.006350
      318 0.000075  -0.006340
      823 0.000075   0.006327
      234 0.000074   0.006297
      297 0.000074  -0.006244
      701 0.000073  -0.006220
      285 0.000073   0.006218
      860 0.000073  -0.006154
      342 0.000072   0.006116
      264 0.000072   0.006072
      584 0.000072  -0.006071
      880 0.000071   0.006038
      291 0.000070   0.005929
      302 0.000069  -0.005864
      226 0.000069   0.005830
      978 0.000069   0.005818
      225 0.000068   0.005803
      359 0.000067   0.005701
      323 0.000067  -0.005700
      138 0.000067  -0.005671
      325 0.000067  -0.005666
      193 0.000066   0.005612
      870 0.000065  -0.005545
     1095 0.000064  -0.005440
      654 0.000064   0.005398
      386 0.000064   0.005397
      765 0.000063   0.005365
      826 0.000063  -0.005361
      610 0.000063  -0.005316
      882 0.000062   0.005264
      250 0.000062   0.005225
      259 0.000061   0.005177
      643 0.000060  -0.005127
      313 0.000060  -0.005111
      589 0.000060  -0.005099
      255 0.000060  -0.005093
      789 0.000059   0.005044
      428 0.000059   0.005031
      333 0.000059  -0.005023
     1005 0.000059   0.004993
      298 0.000059  -0.004972
      356 0.000059  -0.004963
      629 0.000058  -0.004918
      913 0.000057  -0.004865
      414 0.000057   0.004793
      322 0.000056  -0.004772
      539 0.000055   0.004686
      545 0.000055  -0.004670
      169 0.000054  -0.004603
      895 0.000054   0.004596
      320 0.000054   0.004584
      406 0.000054  -0.004557
      107 0.000053  -0.004497
      407 0.000053  -0.004494
      171 0.000052  -0.004449
      240 0.000052  -0.004437
      209 0.000052   0.004435
      805 0.000052  -0.004404
      237 0.000052   0.004392
      425 0.000050   0.004277
      874 0.000049  -0.004183
      609 0.000049   0.004145
      894 0.000049  -0.004120
      821 0.000048  -0.004097
      528 0.000048   0.004055
      366 0.000047   0.003982
      831 0.000047   0.003978
      922 0.000047  -0.003957
      955 0.000047   0.003948
      935 0.000046  -0.003928
      722 0.000046  -0.003909
      780 0.000045   0.003857
      625 0.000045  -0.003823
      590 0.000045  -0.003807
      792 0.000043   0.003677
      568 0.000043   0.003654
      331 0.000043   0.003612
      535 0.000042   0.003602
      762 0.000042  -0.003594
      184 0.000042  -0.003567
      343 0.000041  -0.003498
      278 0.000041   0.003498
      849 0.000041   0.003481
      632 0.000041   0.003441
      382 0.000041  -0.003438
      957 0.000040   0.003427
      572 0.000040  -0.003423
      830 0.000040   0.003419
      694 0.000040   0.003401
      308 0.000040  -0.003383
      244 0.000040  -0.003351
      640 0.000039  -0.003277
      748 0.000038  -0.003241
      348 0.000038   0.003226
      596 0.000037  -0.003163
      245 0.000037  -0.003135
      942 0.000037   0.003118
      833 0.000037  -0.003097
      338 0.000036  -0.003022
      351 0.000036   0.003019
      842 0.000035  -0.002988
      881 0.000035  -0.002981
      964 0.000035   0.002976
      988 0.000035  -0.002968
      409 0.000035  -0.002958
      950 0.000035  -0.002945
      304 0.000034  -0.002922
      357 0.000034  -0.002915
      319 0.000034   0.002902
      232 0.000034   0.002889
      148 0.000034  -0.002871
      879 0.000033  -0.002819
      491 0.000033   0.002796
      971 0.000033  -0.002788
      518 0.000033   0.002768
     1096 0.000033   0.002763
      397 0.000032  -0.002757
      904 0.000032   0.002746
      841 0.000032   0.002727
      791 0.000032   0.002726
      405 0.000032   0.002726
      330 0.000032   0.002706
      655 0.000032  -0.002689
      260 0.000031  -0.002672
      810 0.000031   0.002622
      540 0.000031  -0.002617
      532 0.000030   0.002575
      488 0.000030   0.002565
      921 0.000030  -0.002550
      592 0.000030   0.002542
      727 0.000030  -0.002530
      811 0.000030   0.002515
      642 0.000029   0.002487
      448 0.000029   0.002480
      832 0.000029   0.002471
      542 0.000029   0.002418
      268 0.000028  -0.002358
      214 0.000028   0.002357
      310 0.000028  -0.002356
      933 0.000027   0.002329
     1073 0.000027  -0.002316
       87 0.000027  -0.002314
      374 0.000027   0.002298
      835 0.000027  -0.002269
      410 0.000027  -0.002268
      475 0.000027  -0.002265
      794 0.000027   0.002255
      838 0.000027  -0.002250
      524 0.000026  -0.002246
      293 0.000026   0.002235
      623 0.000026  -0.002234
      335 0.000026  -0.002234
      309 0.000026   0.002215
      928 0.000026  -0.002185
      317 0.000026  -0.002171
      339 0.000025  -0.002141
      876 0.000025  -0.002135
      987 0.000025   0.002123
      296 0.000025  -0.002098
       92 0.000024  -0.002076
      402 0.000024  -0.002058
      445 0.000024  -0.002056
      983 0.000024   0.002046
     1032 0.000024   0.002033
      347 0.000024   0.002032
      161 0.000024  -0.002029
      358 0.000024   0.002024
      875 0.000024  -0.002018
      977 0.000024   0.002009
      216 0.000024  -0.002000
      236 0.000024  -0.001994
      558 0.000023   0.001974
       94 0.000023   0.001940
      677 0.000023   0.001938
      927 0.000023  -0.001928
      530 0.000023   0.001919
     1001 0.000022  -0.001906
       45 0.000022   0.001896
      685 0.000022  -0.001883
      289 0.000022   0.001883
      399 0.000022  -0.001882
      856 0.000022   0.001876
      188 0.000022  -0.001863
     1034 0.000022  -0.001858
      213 0.000022   0.001841
      603 0.000022   0.001828
      286 0.000021  -0.001823
      802 0.000021   0.001821
      837 0.000021  -0.001815
      424 0.000021  -0.001801
      526 0.000021   0.001798
      384 0.000021  -0.001787
      598 0.000021  -0.001741
      934 0.000020  -0.001734
      274 0.000020  -0.001712
     1010 0.000020   0.001695
       63 0.000020   0.001684
      432 0.000020   0.001679
     1009 0.000020  -0.001675
       95 0.000020   0.001668
      803 0.000020   0.001667
      287 0.000020  -0.001660
       84 0.000019   0.001653
      479 0.000019   0.001649
      608 0.000019   0.001625
      346 0.000019   0.001618
      514 0.000019   0.001610
      636 0.000019  -0.001602
      344 0.000019   0.001578
      644 0.000018   0.001541
      536 0.000018  -0.001532
      695 0.000018   0.001527
     1025 0.000018   0.001524
      839 0.000018   0.001520
      272 0.000018   0.001516
       97 0.000018  -0.001511
      916 0.000018  -0.001509
      363 0.000018  -0.001506
      326 0.000017  -0.001476
      401 0.000017   0.001469
      898 0.000017   0.001466
      714 0.000017  -0.001461
      224 0.000017  -0.001457
      370 0.000017   0.001448
       51 0.000017  -0.001443
      340 0.000017   0.001442
      413 0.000017  -0.001440
      868 0.000017   0.001436
      284 0.000017   0.001435
      559 0.000017   0.001425
       60 0.000017  -0.001423
      502 0.000016   0.001396
      238 0.000016  -0.001393
      455 0.000016  -0.001389
      180 0.000016  -0.001387
       55 0.000016   0.001381
      314 0.000016  -0.001381
      681 0.000016   0.001378
      463 0.000016  -0.001374
      231 0.000016  -0.001368
      131 0.000016   0.001366
      671 0.000016   0.001364
      387 0.000016   0.001363
       53 0.000016   0.001349
      556 0.000016  -0.001348
      776 0.000016  -0.001343
      519 0.000016   0.001340
     1017 0.000016   0.001336
      891 0.000016  -0.001336
       38 0.000016   0.001332
       73 0.000016   0.001331
      512 0.000016  -0.001330
      959 0.000016  -0.001316
      437 0.000015   0.001308
      648 0.000015  -0.001307
      656 0.000015   0.001304
      613 0.000015   0.001295
     1016 0.000015  -0.001293
      653 0.000015  -0.001292
      185 0.000015   0.001292
      646 0.000015  -0.001290
      597 0.000015  -0.001281
      637 0.000015  -0.001277
      554 0.000015   0.001259
     1003 0.000015  -0.001258
      647 0.000015   0.001255
       86 0.000015  -0.001254
      371 0.000015   0.001233
      809 0.000014   0.001223
       52 0.000014  -0.001220
      151 0.000014  -0.001220
      345 0.000014  -0.001219
      368 0.000014  -0.001214
     1020 0.000014  -0.001211
      256 0.000014   0.001197
      489 0.000014   0.001197
      669 0.000014   0.001193
      372 0.000014   0.001184
      170 0.000014   0.001182
      458 0.000014   0.001174
      764 0.000014  -0.001170
      283 0.000014   0.001168
      858 0.000014  -0.001159
      550 0.000014   0.001153
      395 0.000014   0.001152
      676 0.000014   0.001150
       43 0.000013  -0.001142
      202 0.000013  -0.001137
      505 0.000013   0.001128
      662 0.000013  -0.001123
      426 0.000013   0.001119
      993 0.000013   0.001112
      349 0.000013  -0.001111
      147 0.000013   0.001092
      907 0.000013   0.001084
       54 0.000013   0.001082
       36 0.000013  -0.001064
      334 0.000013  -0.001064
      588 0.000012  -0.001056
      732 0.000012   0.001051
      215 0.000012  -0.001045
      852 0.000012  -0.001044
      307 0.000012   0.001042
      627 0.000012   0.001038
     1040 0.000012  -0.001031
       74 0.000012   0.001030
      404 0.000012   0.001029
      378 0.000012  -0.001027
      966 0.000012   0.001025
      813 0.000012   0.001024
      282 0.000012   0.001017
      450 0.000012  -0.001008
     1052 0.000012   0.000995
      938 0.000012   0.000993
       90 0.000012  -0.000983
      713 0.000012   0.000983
      614 0.000012   0.000978
      375 0.000012   0.000977
      164 0.000011   0.000975
       89 0.000011   0.000970
      917 0.000011   0.000954
      952 0.000011  -0.000953
      949 0.000011   0.000951
      806 0.000011  -0.000946
       58 0.000011  -0.000946
      396 0.000011  -0.000946
      452 0.000011  -0.000942
      772 0.000011  -0.000941
      105 0.000011  -0.000920
       98 0.000011   0.000915
      229 0.000011  -0.000903
      814 0.000011   0.000897
      394 0.000011   0.000895
      487 0.000011  -0.000894
      381 0.000010   0.000890
      207 0.000010   0.000889
      903 0.000010   0.000889
      327 0.000010   0.000888
      483 0.000010  -0.000886
      146 0.000010   0.000885
      746 0.000010   0.000880
      144 0.000010   0.000879
      634 0.000010  -0.000878
      152 0.000010  -0.000871
      288 0.000010   0.000870
      563 0.000010  -0.000860
      192 0.000010   0.000860
      551 0.000010   0.000858
       44 0.000010  -0.000853
      534 0.000010  -0.000852
      165 0.000010   0.000850
euclid. distance of OLC and linear combination of EV * x_coef: 0.008543045781728128

Generate samples based on objective loadcase 541
nr_to_generate: 25

Parameter variation distribution settings
distribution: uniform
low: 0.7
high: 1.3

Total process runtime: 0:00:01.335115
