Date and Time:2023-05-12 14:07:13.905861

Initial Settings:
similarity_model: <function cosine_similarity at 0x000001D005A6E5E0>
similarity_threshold: 1e-05
nr_eigv_to_select: None
distribution: uniform
deviation: 0.3
nr_to_generate: 25
recompute: False

Selected eigenvectors and similarity score w.r.t objective loadcase:
objective_loadcase_nr: 64
similarity_model: cosine_similarity
similarity_threshold: 1e-05
nr_eigv_to_select: None
nr_eigv_selected: 493
approximation parameter model: lstsq
similarity score and approx. param. value
:  eigv_idx    score      value
        3 0.555357  42.234324
        1 0.540507  41.104960
        2 0.500546 -38.066005
        0 0.382307  29.074013
        6 0.045754   3.479554
       39 0.020791   1.581139
        4 0.011136   0.846894
      639 0.003603   0.274026
       68 0.002199  -0.167204
      186 0.002124  -0.161540
      593 0.002053  -0.156137
      612 0.002039  -0.155034
      586 0.001890   0.143699
      218 0.001853  -0.140895
      710 0.001535  -0.116710
      716 0.001468   0.111658
      187 0.001392  -0.105875
      663 0.001335  -0.101561
      618 0.001331   0.101226
      668 0.001248   0.094921
      595 0.001203   0.091452
      143 0.001192   0.090640
      194 0.000957   0.072748
      686 0.000927  -0.070528
      626 0.000925   0.070371
      659 0.000925  -0.070353
      182 0.000903  -0.068650
      388 0.000898  -0.068263
      617 0.000854   0.064979
      688 0.000805  -0.061183
      599 0.000788   0.059894
      749 0.000756  -0.057504
      562 0.000753  -0.057247
      635 0.000747   0.056787
      582 0.000731  -0.055593
      670 0.000706   0.053688
      578 0.000681   0.051777
      184 0.000671  -0.051047
      621 0.000670  -0.050956
      183 0.000661   0.050291
      579 0.000629   0.047809
      700 0.000614   0.046676
      733 0.000605   0.046005
      683 0.000604   0.045904
      698 0.000578  -0.043934
      341 0.000567   0.043141
      666 0.000514  -0.039091
      718 0.000512  -0.038970
      602 0.000509  -0.038686
      704 0.000495  -0.037660
      567 0.000491  -0.037314
      606 0.000485  -0.036903
      253 0.000483  -0.036729
      153 0.000482   0.036682
      735 0.000477  -0.036287
      708 0.000476   0.036189
      577 0.000462  -0.035160
      228 0.000462  -0.035157
      174 0.000451   0.034306
      137 0.000446  -0.033932
      220 0.000412  -0.031298
      575 0.000406   0.030862
      641 0.000401  -0.030478
      699 0.000400  -0.030447
      620 0.000397  -0.030203
      709 0.000392  -0.029837
      583 0.000383  -0.029089
       70 0.000377   0.028707
      267 0.000377  -0.028643
      179 0.000362   0.027533
      601 0.000352   0.026762
      848 0.000331  -0.025199
      210 0.000329  -0.025035
      756 0.000328  -0.024921
      362 0.000326  -0.024771
      258 0.000322  -0.024503
      243 0.000319   0.024279
      412 0.000313  -0.023841
      707 0.000313  -0.023771
      419 0.000312  -0.023738
      807 0.000311   0.023635
      171 0.000310  -0.023568
      403 0.000308   0.023412
      631 0.000304  -0.023155
      757 0.000300  -0.022830
      383 0.000294   0.022396
      696 0.000292  -0.022241
      753 0.000288  -0.021938
      204 0.000287   0.021807
      587 0.000277   0.021038
      604 0.000276  -0.020973
      741 0.000264   0.020064
      570 0.000259  -0.019715
      132 0.000259   0.019666
      576 0.000249  -0.018938
      199 0.000246  -0.018718
      853 0.000243  -0.018479
      739 0.000243  -0.018475
      377 0.000233  -0.017698
      628 0.000226   0.017167
      787 0.000223   0.016961
      273 0.000222  -0.016859
      400 0.000218  -0.016569
      793 0.000214  -0.016269
      658 0.000200   0.015240
      564 0.000200  -0.015181
      235 0.000198  -0.015026
      750 0.000198   0.015023
      573 0.000196   0.014916
      580 0.000195  -0.014797
      271 0.000194   0.014790
      277 0.000192   0.014607
      815 0.000189  -0.014378
      254 0.000189   0.014357
      269 0.000188  -0.014274
      301 0.000186  -0.014117
      299 0.000183   0.013918
      800 0.000183  -0.013896
      427 0.000182  -0.013815
      743 0.000181  -0.013779
      175 0.000180  -0.013698
      665 0.000179  -0.013627
      585 0.000179  -0.013616
      941 0.000178  -0.013560
      356 0.000176  -0.013397
      828 0.000172  -0.013113
      369 0.000168   0.012810
      247 0.000166   0.012604
      230 0.000162  -0.012289
      687 0.000162   0.012284
      557 0.000161  -0.012274
      726 0.000160  -0.012204
      255 0.000160  -0.012143
      549 0.000160  -0.012137
      857 0.000160  -0.012132
      361 0.000158   0.012035
      667 0.000158   0.012025
      820 0.000157  -0.011943
      784 0.000157  -0.011926
      711 0.000156   0.011831
      855 0.000151  -0.011483
      161 0.000149   0.011350
      234 0.000149   0.011342
      373 0.000147  -0.011212
      574 0.000144  -0.010967
      263 0.000142  -0.010821
      818 0.000140  -0.010676
      790 0.000140   0.010658
      241 0.000139   0.010601
      217 0.000139  -0.010543
      148 0.000137   0.010448
      392 0.000137   0.010446
      380 0.000137   0.010443
      605 0.000137  -0.010435
      795 0.000137   0.010400
      257 0.000136  -0.010374
      742 0.000136  -0.010308
      553 0.000135  -0.010273
      566 0.000134   0.010215
      239 0.000134   0.010177
      312 0.000130  -0.009911
      236 0.000129   0.009820
      808 0.000129   0.009812
      354 0.000127   0.009635
      398 0.000126  -0.009561
      847 0.000125   0.009529
      294 0.000125  -0.009475
      690 0.000125   0.009472
      353 0.000123  -0.009392
      736 0.000123  -0.009335
      859 0.000122   0.009297
      423 0.000121  -0.009239
      697 0.000120   0.009131
      431 0.000120  -0.009088
      824 0.000119   0.009083
      645 0.000117   0.008922
      908 0.000117  -0.008907
      591 0.000116   0.008856
      974 0.000111   0.008479
      436 0.000111   0.008432
      629 0.000111  -0.008420
      227 0.000111   0.008411
       91 0.000110  -0.008386
      640 0.000109  -0.008320
      295 0.000109  -0.008281
      275 0.000107  -0.008156
      262 0.000106  -0.008058
      206 0.000106   0.008043
      829 0.000105   0.008010
      799 0.000105  -0.007988
      222 0.000105  -0.007979
      581 0.000104  -0.007916
      778 0.000104  -0.007878
      638 0.000103  -0.007857
      107 0.000102  -0.007772
      600 0.000101  -0.007659
      840 0.000100  -0.007601
      684 0.000098  -0.007480
      281 0.000098   0.007466
      882 0.000098   0.007439
      355 0.000096   0.007337
      308 0.000095  -0.007213
      801 0.000094  -0.007172
      367 0.000094   0.007128
      611 0.000093  -0.007070
      596 0.000093  -0.007043
      209 0.000092  -0.007021
      616 0.000092  -0.006978
      844 0.000092  -0.006962
      552 0.000091  -0.006949
      251 0.000091  -0.006892
      266 0.000089  -0.006804
      744 0.000089  -0.006765
      770 0.000088   0.006722
      261 0.000087  -0.006641
      223 0.000086   0.006543
      337 0.000085  -0.006451
      832 0.000084   0.006402
      193 0.000084  -0.006361
      734 0.000083  -0.006289
      292 0.000083  -0.006286
      569 0.000082   0.006270
     1095 0.000082  -0.006261
      798 0.000082   0.006260
      632 0.000082   0.006242
      249 0.000080  -0.006114
      740 0.000079  -0.005999
      343 0.000079  -0.005994
      594 0.000078  -0.005943
      302 0.000078  -0.005934
      584 0.000078  -0.005913
      723 0.000077  -0.005862
      728 0.000077  -0.005829
      332 0.000077  -0.005829
      279 0.000077  -0.005824
      561 0.000076   0.005789
      291 0.000076   0.005750
      394 0.000075   0.005737
      386 0.000075   0.005717
      773 0.000074   0.005645
      843 0.000073  -0.005582
      937 0.000073  -0.005538
      268 0.000072  -0.005468
      955 0.000070   0.005337
      782 0.000070  -0.005314
      748 0.000070  -0.005290
      978 0.000069   0.005280
      701 0.000069  -0.005242
     1005 0.000069   0.005216
      428 0.000068   0.005186
      654 0.000068   0.005176
      298 0.000068  -0.005168
      572 0.000068  -0.005161
      560 0.000066  -0.005047
      913 0.000065  -0.004973
      329 0.000065  -0.004945
      414 0.000065   0.004929
      597 0.000064  -0.004855
      803 0.000064   0.004850
      826 0.000064  -0.004845
      948 0.000064   0.004837
      313 0.000063  -0.004759
      325 0.000062  -0.004732
      722 0.000061  -0.004649
      539 0.000060   0.004591
      545 0.000060  -0.004583
      922 0.000060  -0.004553
      879 0.000060  -0.004532
      289 0.000060   0.004526
      374 0.000059   0.004497
       71 0.000059  -0.004494
      138 0.000058   0.004384
      864 0.000057   0.004371
      776 0.000057  -0.004359
      169 0.000057  -0.004336
      290 0.000057   0.004317
      322 0.000057  -0.004310
      425 0.000057   0.004299
      614 0.000056   0.004274
      589 0.000055  -0.004187
      805 0.000055  -0.004160
      775 0.000054   0.004139
      831 0.000054   0.004134
      364 0.000054   0.004128
      590 0.000054  -0.004116
      863 0.000054  -0.004115
      870 0.000054  -0.004091
      891 0.000053  -0.004063
      802 0.000053   0.004021
      765 0.000053   0.004016
      943 0.000052   0.003950
      895 0.000052   0.003937
      528 0.000051   0.003881
      297 0.000050  -0.003782
      821 0.000050  -0.003769
      874 0.000049  -0.003701
      789 0.000048   0.003646
      588 0.000048   0.003617
      860 0.000047  -0.003607
      627 0.000047   0.003599
      792 0.000047   0.003593
      319 0.000047   0.003587
      880 0.000047   0.003546
      407 0.000047  -0.003541
      104 0.000047   0.003541
       88 0.000046  -0.003536
      894 0.000046  -0.003519
      359 0.000046  -0.003464
      390 0.000044   0.003383
      904 0.000044   0.003379
      763 0.000044   0.003373
      535 0.000043   0.003256
      321 0.000043  -0.003246
      884 0.000042  -0.003205
      226 0.000041  -0.003129
       93 0.000041  -0.003100
      542 0.000040   0.003038
      823 0.000040   0.003038
      225 0.000040  -0.003021
      540 0.000040  -0.003014
       69 0.000040   0.003012
      694 0.000040   0.003005
      881 0.000037  -0.002840
      409 0.000037  -0.002827
      650 0.000037  -0.002818
      867 0.000037   0.002802
      987 0.000037   0.002787
      323 0.000037  -0.002782
      636 0.000036  -0.002768
      928 0.000036  -0.002758
      245 0.000035  -0.002680
      491 0.000035   0.002674
      518 0.000035   0.002667
      286 0.000034   0.002611
      858 0.000034  -0.002606
      448 0.000034   0.002582
      397 0.000034  -0.002576
      942 0.000034   0.002566
      950 0.000033  -0.002521
      488 0.000033   0.002493
      532 0.000032   0.002471
      603 0.000032  -0.002461
     1001 0.000032  -0.002455
      933 0.000032   0.002409
      342 0.000032   0.002397
      283 0.000031   0.002389
      350 0.000031  -0.002385
      762 0.000031   0.002381
      769 0.000031   0.002380
      410 0.000031  -0.002376
      310 0.000031  -0.002373
      357 0.000031   0.002366
      475 0.000029  -0.002230
      677 0.000029   0.002230
      759 0.000029   0.002214
      360 0.000029  -0.002210
      250 0.000028   0.002152
      333 0.000028  -0.002142
     1032 0.000028   0.002142
      315 0.000028   0.002126
      524 0.000028  -0.002124
      530 0.000028   0.002118
     1025 0.000028   0.002093
      201 0.000027  -0.002077
      445 0.000027  -0.002076
      216 0.000027  -0.002076
      224 0.000027  -0.002070
      842 0.000027  -0.002034
      965 0.000027  -0.002031
      993 0.000027   0.002028
      334 0.000027   0.002022
      643 0.000026  -0.001956
      649 0.000026  -0.001943
      328 0.000025  -0.001865
      610 0.000024  -0.001853
      214 0.000024   0.001835
      252 0.000024  -0.001813
      432 0.000023   0.001767
      424 0.000023  -0.001764
     1017 0.000023   0.001726
     1034 0.000023  -0.001722
      215 0.000022  -0.001686
      213 0.000022   0.001684
      964 0.000022   0.001670
      935 0.000021  -0.001627
      900 0.000021  -0.001614
      526 0.000021   0.001613
      479 0.000021   0.001575
      347 0.000021  -0.001563
      685 0.000020  -0.001532
      662 0.000020  -0.001498
      814 0.000019   0.001481
      240 0.000019   0.001478
      917 0.000019   0.001476
      988 0.000019  -0.001476
      519 0.000019   0.001460
      244 0.000019  -0.001459
      318 0.000019  -0.001452
      455 0.000019  -0.001447
      502 0.000019   0.001433
      536 0.000019  -0.001431
      856 0.000019   0.001429
      514 0.000019   0.001424
      278 0.000019   0.001419
      198 0.000019   0.001416
      335 0.000018  -0.001406
      714 0.000018  -0.001400
      794 0.000018   0.001383
      463 0.000018  -0.001380
      285 0.000018   0.001378
       81 0.000018   0.001372
      957 0.000018   0.001371
      971 0.000018  -0.001364
      938 0.000018   0.001359
      512 0.000018  -0.001356
      437 0.000018   0.001335
      272 0.000017  -0.001324
      324 0.000017  -0.001302
      830 0.000017   0.001293
       80 0.000017  -0.001289
      402 0.000016  -0.001248
      489 0.000016   0.001238
     1052 0.000016   0.001230
      927 0.000016  -0.001226
      921 0.000016  -0.001221
      680 0.000016   0.001212
      458 0.000016   0.001200
      221 0.000016   0.001186
      406 0.000015  -0.001174
      505 0.000015   0.001157
      732 0.000015   0.001149
      274 0.000015   0.001144
      248 0.000015  -0.001143
      949 0.000015   0.001135
     1073 0.000015  -0.001133
     1010 0.000015   0.001131
      727 0.000015  -0.001129
      320 0.000015   0.001123
      538 0.000015   0.001107
      160 0.000015  -0.001103
      346 0.000014   0.001101
      101 0.000014  -0.001096
      966 0.000014   0.001091
      883 0.000014   0.001080
      934 0.000014  -0.001073
      237 0.000014  -0.001064
      608 0.000014  -0.001047
      811 0.000014   0.001043
      450 0.000014  -0.001036
     1096 0.000014   0.001027
      188 0.000013  -0.001014
      114 0.000013   0.001002
      413 0.000013   0.000996
      229 0.000013   0.000985
      363 0.000013   0.000977
      452 0.000013  -0.000974
      242 0.000013   0.000958
      804 0.000013  -0.000955
      816 0.000012   0.000948
      154 0.000012   0.000942
      351 0.000012  -0.000937
      568 0.000012  -0.000931
       99 0.000012  -0.000926
      103 0.000012  -0.000925
      837 0.000012  -0.000925
      131 0.000012   0.000910
      483 0.000012  -0.000907
      619 0.000012   0.000902
      420 0.000012   0.000888
       86 0.000011   0.000871
      195 0.000011  -0.000861
       64 0.000011   0.000852
      907 0.000011   0.000846
      264 0.000011   0.000844
      780 0.000011  -0.000843
      634 0.000011  -0.000842
      809 0.000011   0.000840
      810 0.000011   0.000830
      487 0.000011  -0.000829
      382 0.000011   0.000828
      755 0.000011  -0.000812
      136 0.000011   0.000808
      461 0.000011   0.000807
      796 0.000011   0.000803
     1047 0.000010   0.000798
      232 0.000010  -0.000796
      112 0.000010  -0.000792
      534 0.000010  -0.000784
      399 0.000010  -0.000778
      473 0.000010  -0.000775
      478 0.000010   0.000769
      983 0.000010   0.000767
      426 0.000010   0.000762
euclid. distance of OLC and linear combination of EV * x_coef: 0.007066592195774549

Generate samples based on objective loadcase 64
nr_to_generate: 25

Parameter variation distribution settings
distribution: uniform
low: 0.7
high: 1.3

Total process runtime: 0:00:01.283344
