Date and Time:2023-05-12 14:12:48.991923

Initial Settings:
similarity_model: <function cosine_similarity at 0x000001D005A6E5E0>
similarity_threshold: 1e-05
nr_eigv_to_select: None
distribution: uniform
deviation: 0.3
nr_to_generate: 25
recompute: False

Selected eigenvectors and similarity score w.r.t objective loadcase:
objective_loadcase_nr: 316
similarity_model: cosine_similarity
similarity_threshold: 1e-05
nr_eigv_to_select: None
nr_eigv_selected: 479
approximation parameter model: lstsq
similarity score and approx. param. value
:  eigv_idx    score      value
        1 0.557136  60.313056
        3 0.535305  57.949799
        2 0.488660 -52.900167
        0 0.400862  43.395533
        6 0.055809   6.041677
       39 0.016525   1.788960
        4 0.010066   1.089741
      639 0.003628   0.392800
       68 0.002520  -0.272767
      186 0.002380  -0.257595
      612 0.002031  -0.219853
      593 0.001985  -0.214931
      586 0.001797   0.194578
      716 0.001665   0.180251
      187 0.001590  -0.172102
      710 0.001565  -0.169437
      618 0.001507   0.163131
      218 0.001487  -0.160929
      663 0.001423  -0.154022
      668 0.001393   0.150826
      595 0.001140   0.123463
      143 0.001114   0.120582
      194 0.001083   0.117254
      659 0.001040  -0.112637
      182 0.001015  -0.109845
      617 0.000959   0.103831
      686 0.000957  -0.103643
      388 0.000870  -0.094164
      688 0.000832  -0.090105
      626 0.000821   0.088917
      184 0.000792  -0.085765
      599 0.000777   0.084151
      700 0.000763   0.082605
      183 0.000762   0.082485
      635 0.000745   0.080621
      562 0.000743  -0.080432
      579 0.000721   0.078085
      582 0.000721  -0.078001
      749 0.000714  -0.077339
      670 0.000701   0.075868
      683 0.000694   0.075174
      578 0.000694   0.075134
      621 0.000632  -0.068400
      698 0.000612  -0.066229
      733 0.000605   0.065450
      666 0.000571  -0.061769
      228 0.000553  -0.059837
      341 0.000537   0.058184
      253 0.000522  -0.056463
      153 0.000511   0.055287
      602 0.000497  -0.053766
      708 0.000493   0.053407
      718 0.000488  -0.052833
      174 0.000481   0.052103
      735 0.000471  -0.050982
      704 0.000437  -0.047319
      606 0.000428  -0.046308
      567 0.000427  -0.046234
      699 0.000424  -0.045866
       70 0.000420   0.045470
      577 0.000418  -0.045215
      179 0.000417   0.045130
      641 0.000408  -0.044148
      137 0.000403  -0.043584
      709 0.000400  -0.043249
      220 0.000389  -0.042084
      583 0.000386  -0.041771
      575 0.000380   0.041190
      210 0.000377  -0.040818
      362 0.000365  -0.039489
      171 0.000362  -0.039142
      620 0.000357  -0.038685
      243 0.000339   0.036688
      756 0.000335  -0.036227
       71 0.000334  -0.036158
      267 0.000330  -0.035712
      631 0.000323  -0.034975
      757 0.000320  -0.034692
      601 0.000318   0.034378
      604 0.000310  -0.033519
      848 0.000308  -0.033343
      419 0.000304  -0.032901
      204 0.000303   0.032825
      807 0.000300   0.032436
      412 0.000296  -0.032084
      403 0.000296   0.032040
      707 0.000283  -0.030620
      576 0.000275  -0.029758
      628 0.000273   0.029585
      132 0.000268   0.028971
      741 0.000263   0.028479
      199 0.000261  -0.028255
      254 0.000260   0.028145
      383 0.000260   0.028120
      587 0.000258   0.027917
      258 0.000255  -0.027562
      400 0.000246  -0.026672
      573 0.000244   0.026394
      787 0.000242   0.026168
      377 0.000239  -0.025862
      570 0.000236  -0.025586
      739 0.000235  -0.025395
      853 0.000232  -0.025164
      271 0.000232   0.025100
      815 0.000230  -0.024945
       69 0.000222  -0.024000
      658 0.000221   0.023968
      753 0.000219  -0.023674
      580 0.000217  -0.023457
      696 0.000216  -0.023330
      564 0.000211  -0.022874
      759 0.000195   0.021160
      941 0.000195  -0.021066
      175 0.000193  -0.020882
      665 0.000191  -0.020686
      750 0.000184   0.019945
      277 0.000184   0.019909
      236 0.000183   0.019783
      273 0.000178  -0.019228
      828 0.000177  -0.019214
      427 0.000176  -0.019059
      148 0.000176   0.019042
      687 0.000176   0.019039
      585 0.000174  -0.018853
      800 0.000174  -0.018822
      549 0.000174  -0.018821
      301 0.000174  -0.018790
      161 0.000172   0.018645
      557 0.000171  -0.018510
      711 0.000165   0.017866
      667 0.000164   0.017777
      234 0.000164   0.017773
      356 0.000164  -0.017770
      820 0.000163  -0.017664
      640 0.000161  -0.017454
      566 0.000160   0.017330
      249 0.000155  -0.016782
      255 0.000155  -0.016774
      857 0.000155  -0.016761
      361 0.000155   0.016757
      380 0.000153   0.016578
      743 0.000153  -0.016546
      793 0.000153  -0.016533
      257 0.000152  -0.016428
      574 0.000149  -0.016182
      295 0.000149  -0.016095
      784 0.000148  -0.016013
      369 0.000147   0.015886
      847 0.000146   0.015810
      373 0.000145  -0.015731
      398 0.000145  -0.015716
      217 0.000144  -0.015620
      790 0.000144   0.015620
      222 0.000144  -0.015610
      798 0.000144   0.015540
      353 0.000142  -0.015399
      299 0.000142   0.015331
      247 0.000142   0.015328
      690 0.000137   0.014867
      605 0.000135  -0.014569
      726 0.000134  -0.014453
      818 0.000127  -0.013719
      436 0.000126   0.013609
      908 0.000125  -0.013574
      235 0.000125  -0.013530
      262 0.000124  -0.013458
      855 0.000123  -0.013364
      645 0.000123   0.013351
      974 0.000121   0.013147
      808 0.000121   0.013141
      241 0.000121   0.013081
      308 0.000120  -0.013043
      697 0.000120   0.013014
      740 0.000120  -0.012944
      275 0.000119  -0.012882
      629 0.000119  -0.012851
      423 0.000119  -0.012842
      859 0.000119   0.012839
      431 0.000118  -0.012771
       91 0.000118  -0.012751
      355 0.000116   0.012590
      638 0.000116  -0.012590
      294 0.000116  -0.012579
      581 0.000115  -0.012503
      269 0.000114  -0.012374
      354 0.000113   0.012266
      882 0.000113   0.012247
      553 0.000113  -0.012206
      392 0.000113   0.012190
      795 0.000112   0.012145
      107 0.000112  -0.012116
      367 0.000112   0.012078
      281 0.000111   0.011970
      266 0.000110  -0.011898
      600 0.000108  -0.011695
      736 0.000108  -0.011638
      209 0.000106  -0.011509
      840 0.000106  -0.011428
      684 0.000105  -0.011381
      261 0.000105  -0.011362
      762 0.000104   0.011310
      561 0.000104   0.011273
      596 0.000104  -0.011259
      801 0.000102  -0.011028
      193 0.000102  -0.010999
      799 0.000099  -0.010676
      824 0.000098   0.010568
      844 0.000096  -0.010380
      832 0.000096   0.010369
      742 0.000096  -0.010349
      312 0.000094  -0.010227
      611 0.000094  -0.010219
      292 0.000094  -0.010176
      584 0.000094  -0.010129
      386 0.000092   0.009929
     1095 0.000091  -0.009842
      138 0.000091   0.009838
      803 0.000091   0.009806
      572 0.000090  -0.009733
      594 0.000090  -0.009699
      829 0.000089   0.009688
      723 0.000088  -0.009526
      302 0.000087  -0.009445
      734 0.000087  -0.009443
      763 0.000086  -0.009316
      343 0.000085  -0.009152
      955 0.000082   0.008886
      778 0.000081  -0.008746
      552 0.000080  -0.008630
      591 0.000078   0.008456
      394 0.000078   0.008395
      428 0.000077   0.008353
      701 0.000077  -0.008309
      802 0.000077   0.008283
      632 0.000076   0.008276
      728 0.000076  -0.008225
      597 0.000075  -0.008143
      863 0.000075  -0.008116
      569 0.000074   0.008048
      744 0.000074  -0.007998
      748 0.000073  -0.007956
      390 0.000073   0.007954
      414 0.000073   0.007888
      805 0.000073  -0.007865
     1005 0.000072   0.007786
      263 0.000072  -0.007767
      313 0.000072  -0.007746
      654 0.000071   0.007724
      843 0.000071  -0.007720
      614 0.000071   0.007696
      891 0.000071  -0.007690
      879 0.000071  -0.007644
      776 0.000069  -0.007501
      826 0.000069  -0.007493
      239 0.000069   0.007470
      198 0.000069   0.007463
      298 0.000068  -0.007414
      913 0.000068  -0.007390
      545 0.000068  -0.007385
      978 0.000067   0.007252
      560 0.000066  -0.007199
      230 0.000066  -0.007189
      937 0.000066  -0.007187
      922 0.000066  -0.007185
      169 0.000066  -0.007151
      291 0.000066   0.007150
      425 0.000065   0.007082
      279 0.000065  -0.007026
      616 0.000062  -0.006728
      770 0.000061   0.006638
      374 0.000061   0.006595
      782 0.000059  -0.006378
      722 0.000059  -0.006351
      539 0.000058   0.006309
      773 0.000058   0.006300
      323 0.000057  -0.006135
      407 0.000057  -0.006121
      319 0.000055   0.005965
      765 0.000054   0.005811
      268 0.000054  -0.005806
      789 0.000052   0.005668
      589 0.000052  -0.005626
      337 0.000052  -0.005585
      895 0.000051   0.005572
      831 0.000051   0.005531
      867 0.000050   0.005385
      528 0.000049   0.005349
      948 0.000049   0.005345
      780 0.000049  -0.005325
      588 0.000049   0.005312
      870 0.000049  -0.005287
      542 0.000049   0.005278
      821 0.000048  -0.005218
      397 0.000048  -0.005175
      603 0.000047  -0.005125
      858 0.000047  -0.005064
      251 0.000046  -0.004991
      590 0.000046  -0.004935
      864 0.000045   0.004915
      874 0.000045  -0.004894
      540 0.000045  -0.004877
      332 0.000045  -0.004866
      904 0.000043   0.004686
      322 0.000043  -0.004662
      987 0.000043   0.004659
      409 0.000043  -0.004630
      928 0.000042  -0.004515
      289 0.000041   0.004452
      223 0.000041   0.004400
      535 0.000040   0.004361
      894 0.000040  -0.004290
      325 0.000039  -0.004234
      297 0.000039  -0.004205
      448 0.000038   0.004147
     1001 0.000037  -0.004052
      206 0.000037   0.004051
      881 0.000037  -0.004028
      259 0.000036   0.003949
      965 0.000036  -0.003923
      627 0.000035   0.003811
      993 0.000035   0.003779
      310 0.000035  -0.003771
      860 0.000035  -0.003764
      104 0.000035   0.003761
      518 0.000035   0.003745
      286 0.000035   0.003735
      880 0.000034   0.003703
      232 0.000034  -0.003699
      329 0.000034  -0.003689
      950 0.000034  -0.003687
      491 0.000033   0.003626
      224 0.000033  -0.003621
      792 0.000033   0.003621
      823 0.000033   0.003604
      933 0.000033   0.003586
     1025 0.000033   0.003553
      364 0.000033   0.003547
      943 0.000032   0.003502
      530 0.000032   0.003474
      942 0.000032   0.003458
      264 0.000031   0.003404
      410 0.000031  -0.003391
      532 0.000031   0.003371
      260 0.000031  -0.003340
       88 0.000031  -0.003332
      643 0.000030  -0.003299
      677 0.000030   0.003298
      488 0.000030   0.003265
      315 0.000030   0.003248
      445 0.000030  -0.003242
     1032 0.000030   0.003217
      838 0.000029   0.003132
      475 0.000029  -0.003113
      900 0.000028  -0.003007
      636 0.000027  -0.002932
     1017 0.000027   0.002922
      524 0.000027  -0.002921
      413 0.000027   0.002918
      424 0.000027  -0.002916
      592 0.000027  -0.002910
      342 0.000027   0.002872
      318 0.000026   0.002850
      650 0.000026  -0.002827
      432 0.000026   0.002818
      884 0.000025  -0.002709
      240 0.000024   0.002614
      917 0.000023   0.002528
      608 0.000023  -0.002512
      649 0.000023  -0.002501
      360 0.000023  -0.002483
      814 0.000023   0.002482
      278 0.000023   0.002471
      293 0.000023  -0.002470
      830 0.000023   0.002468
      288 0.000022   0.002420
      694 0.000022   0.002414
      842 0.000022  -0.002381
      502 0.000022   0.002375
      519 0.000022   0.002352
     1034 0.000022  -0.002348
      226 0.000021  -0.002322
      714 0.000021  -0.002267
      680 0.000021   0.002246
      225 0.000021  -0.002244
      200 0.000021  -0.002241
      195 0.000021  -0.002234
      320 0.000020  -0.002197
      455 0.000020  -0.002189
      359 0.000020  -0.002179
      245 0.000020  -0.002174
      237 0.000020  -0.002136
      357 0.000020   0.002134
      489 0.000019   0.002110
      685 0.000019  -0.002093
      197 0.000019   0.002072
      526 0.000019   0.002070
      536 0.000019  -0.002046
      938 0.000019   0.002033
      479 0.000019   0.002020
      505 0.000019   0.002004
     1052 0.000019   0.002004
      538 0.000018   0.002001
      868 0.000018  -0.001980
      287 0.000018  -0.001979
      512 0.000018  -0.001963
       93 0.000018  -0.001950
      463 0.000018  -0.001943
      437 0.000018   0.001932
      568 0.000018  -0.001920
      949 0.000018   0.001905
      296 0.000018   0.001895
      276 0.000017  -0.001849
      458 0.000017   0.001848
      514 0.000017   0.001843
      366 0.000017   0.001832
      755 0.000017  -0.001821
      131 0.000017  -0.001817
      265 0.000017  -0.001795
      334 0.000016   0.001776
      769 0.000016  -0.001758
      883 0.000016   0.001755
      283 0.000016   0.001734
      192 0.000016   0.001687
      856 0.000016   0.001683
      285 0.000016  -0.001678
      839 0.000015  -0.001672
      350 0.000015  -0.001635
      732 0.000015   0.001635
      188 0.000015  -0.001634
      196 0.000015  -0.001631
      328 0.000015  -0.001574
      619 0.000015   0.001570
      450 0.000014  -0.001548
      903 0.000014  -0.001547
      349 0.000014  -0.001539
      662 0.000014  -0.001501
      964 0.000014   0.001490
      609 0.000014  -0.001487
      966 0.000014   0.001475
      346 0.000014   0.001470
      613 0.000013  -0.001450
      907 0.000013   0.001438
      282 0.000013   0.001424
      221 0.000013   0.001419
      483 0.000013  -0.001418
      653 0.000013  -0.001417
      727 0.000013  -0.001399
      927 0.000013  -0.001388
      406 0.000012   0.001337
      462 0.000012   0.001334
     1047 0.000012   0.001306
      794 0.000012   0.001275
       76 0.000012   0.001270
      534 0.000012  -0.001267
       75 0.000012  -0.001251
      713 0.000011   0.001230
      420 0.000011   0.001220
      934 0.000011  -0.001211
      971 0.000011  -0.001190
      816 0.000011   0.001187
      331 0.000011  -0.001187
      473 0.000011  -0.001172
      634 0.000011  -0.001167
      227 0.000011   0.001159
      307 0.000011  -0.001155
     1010 0.000011   0.001152
      681 0.000011  -0.001141
      647 0.000010   0.001133
      779 0.000010   0.001132
      478 0.000010   0.001127
      804 0.000010  -0.001120
      811 0.000010   0.001114
      426 0.000010   0.001110
      988 0.000010  -0.001104
      902 0.000010  -0.001101
      510 0.000010  -0.001101
      418 0.000010  -0.001091
      921 0.000010  -0.001090
      543 0.000010  -0.001083
euclid. distance of OLC and linear combination of EV * x_coef: 0.009879778259221816

Generate samples based on objective loadcase 316
nr_to_generate: 25

Parameter variation distribution settings
distribution: uniform
low: 0.7
high: 1.3

Total process runtime: 0:00:01.392056
