Date and Time:2023-05-12 14:11:50.314042

Initial Settings:
similarity_model: <function cosine_similarity at 0x000001D005A6E5E0>
similarity_threshold: 1e-05
nr_eigv_to_select: None
distribution: uniform
deviation: 0.3
nr_to_generate: 25
recompute: False

Selected eigenvectors and similarity score w.r.t objective loadcase:
objective_loadcase_nr: 272
similarity_model: cosine_similarity
similarity_threshold: 1e-05
nr_eigv_to_select: None
nr_eigv_selected: 523
approximation parameter model: lstsq
similarity score and approx. param. value
:  eigv_idx    score      value
        3 0.561065  42.603552
        1 0.538921  40.922059
        2 0.497799 -37.799548
        0 0.380297  28.877183
        6 0.040290   3.059352
       39 0.022859   1.735762
        4 0.011256   0.854690
      639 0.003264   0.247842
      186 0.002414  -0.183317
      593 0.001968  -0.149460
      218 0.001952  -0.148218
      612 0.001887  -0.143310
      586 0.001785   0.135564
      710 0.001677  -0.127322
      187 0.001602  -0.121665
      716 0.001481   0.112432
      618 0.001242   0.094275
      668 0.001177   0.089373
      663 0.001134  -0.086135
      595 0.001128   0.085670
      194 0.001061   0.080561
      686 0.000970  -0.073652
       71 0.000962   0.073077
      143 0.000924   0.070174
      626 0.000916   0.069591
       69 0.000916   0.069543
      659 0.000867  -0.065832
      749 0.000849  -0.064464
      388 0.000845  -0.064129
      688 0.000835  -0.063396
      617 0.000795   0.060400
      599 0.000755   0.057308
      183 0.000749   0.056900
      582 0.000701  -0.053209
      562 0.000688  -0.052224
      635 0.000687   0.052132
      670 0.000640   0.048616
      621 0.000633  -0.048029
      579 0.000589   0.044748
      578 0.000577   0.043794
      341 0.000552   0.041902
      733 0.000539   0.040894
      708 0.000523   0.039703
      153 0.000521   0.039547
      174 0.000511   0.038782
      704 0.000508  -0.038600
      602 0.000507  -0.038519
      666 0.000506  -0.038422
      606 0.000501  -0.038014
      700 0.000500   0.037998
      735 0.000498  -0.037780
      253 0.000497  -0.037759
      698 0.000495  -0.037570
      718 0.000484  -0.036777
      567 0.000475  -0.036045
      683 0.000461   0.035015
      577 0.000450  -0.034154
      709 0.000429  -0.032586
      575 0.000427   0.032461
      620 0.000396  -0.030104
      210 0.000377  -0.028614
      641 0.000376  -0.028565
       68 0.000376  -0.028548
      220 0.000368  -0.027938
      267 0.000361  -0.027439
      258 0.000358  -0.027199
      699 0.000341  -0.025873
      756 0.000339  -0.025761
      696 0.000335  -0.025418
      601 0.000327   0.024828
      707 0.000319  -0.024192
      583 0.000318  -0.024147
      362 0.000316  -0.024008
      848 0.000311  -0.023628
      757 0.000309  -0.023457
      182 0.000308  -0.023393
      412 0.000308  -0.023388
      807 0.000302   0.022928
      419 0.000297  -0.022551
      753 0.000294  -0.022306
      853 0.000282  -0.021410
      741 0.000281   0.021367
      631 0.000273  -0.020732
      587 0.000272   0.020655
      227 0.000270   0.020503
      243 0.000269   0.020444
      403 0.000264   0.020077
      228 0.000258  -0.019581
      204 0.000256   0.019444
      230 0.000255  -0.019331
      184 0.000252  -0.019136
      739 0.000250  -0.018976
      383 0.000249   0.018904
      273 0.000248  -0.018839
      793 0.000235  -0.017862
      269 0.000229  -0.017372
      570 0.000221  -0.016797
      361 0.000220   0.016687
      750 0.000219   0.016618
      726 0.000218  -0.016542
      580 0.000216  -0.016429
      576 0.000216  -0.016418
      377 0.000215  -0.016354
      787 0.000213   0.016151
      137 0.000210  -0.015928
      400 0.000204  -0.015486
      199 0.000199  -0.015113
      299 0.000197   0.014939
      175 0.000194  -0.014759
      658 0.000193   0.014650
      628 0.000191   0.014513
      564 0.000189  -0.014344
      373 0.000184  -0.013996
      604 0.000183  -0.013903
      263 0.000181  -0.013740
      301 0.000181  -0.013724
      247 0.000179   0.013623
      857 0.000179  -0.013574
      818 0.000177  -0.013475
      427 0.000177  -0.013470
      255 0.000176  -0.013360
      800 0.000175  -0.013319
      235 0.000175  -0.013278
      574 0.000173  -0.013119
      549 0.000171  -0.013011
      251 0.000170  -0.012929
      828 0.000169  -0.012814
      941 0.000167  -0.012705
      566 0.000166   0.012581
      743 0.000165  -0.012557
      239 0.000165   0.012554
      605 0.000163  -0.012383
      665 0.000163  -0.012370
      277 0.000162   0.012284
      855 0.000160  -0.012184
      711 0.000160   0.012131
      820 0.000160  -0.012127
      557 0.000158  -0.012025
      784 0.000154  -0.011712
      271 0.000154   0.011680
      815 0.000153  -0.011645
      392 0.000153   0.011605
      132 0.000151   0.011486
      824 0.000148   0.011247
      398 0.000147  -0.011128
      234 0.000143   0.010896
      241 0.000143   0.010876
      667 0.000142   0.010799
      553 0.000141  -0.010730
      790 0.000141   0.010711
      257 0.000141  -0.010701
      795 0.000141   0.010672
      573 0.000138   0.010516
      223 0.000138   0.010480
      687 0.000138   0.010470
      355 0.000136   0.010330
      859 0.000133   0.010120
      179 0.000132   0.010029
      808 0.000132   0.010011
      742 0.000132  -0.009996
      217 0.000131  -0.009930
      616 0.000131  -0.009913
      591 0.000129   0.009769
      380 0.000127   0.009642
      367 0.000124   0.009444
      312 0.000124  -0.009394
      294 0.000123  -0.009367
      829 0.000123   0.009316
      847 0.000119   0.009024
      206 0.000117   0.008864
      254 0.000116   0.008841
      171 0.000116  -0.008836
      423 0.000115  -0.008768
      431 0.000115  -0.008719
      337 0.000114  -0.008642
      778 0.000114  -0.008636
      908 0.000113  -0.008562
      369 0.000113   0.008553
      354 0.000111   0.008460
      268 0.000110  -0.008390
      690 0.000110   0.008330
      262 0.000107  -0.008121
      279 0.000107  -0.008112
      436 0.000106   0.008041
      736 0.000105  -0.008002
      684 0.000105  -0.007980
      629 0.000105  -0.007970
      770 0.000104   0.007914
      569 0.000103   0.007858
      799 0.000103  -0.007794
      974 0.000102   0.007768
      353 0.000102  -0.007719
      600 0.000101  -0.007671
      298 0.000100  -0.007581
      332 0.000100  -0.007558
       88 0.000099  -0.007522
      236 0.000098   0.007443
      638 0.000097  -0.007365
      728 0.000097  -0.007360
      840 0.000096  -0.007326
      697 0.000096   0.007310
      275 0.000096  -0.007287
      645 0.000095   0.007226
       93 0.000095  -0.007217
      763 0.000095   0.007186
      734 0.000094  -0.007130
      581 0.000094  -0.007109
      295 0.000093  -0.007076
      584 0.000092  -0.007001
      329 0.000091  -0.006931
      281 0.000090   0.006850
      882 0.000089   0.006772
      723 0.000089  -0.006740
      292 0.000088  -0.006653
      844 0.000086  -0.006556
      291 0.000084   0.006345
      744 0.000083  -0.006332
      782 0.000083  -0.006319
      290 0.000082   0.006261
      773 0.000082   0.006227
      261 0.000082  -0.006213
      775 0.000081   0.006184
      611 0.000081  -0.006182
      632 0.000079   0.005965
      390 0.000078   0.005892
     1095 0.000076  -0.005796
      864 0.000076   0.005763
      560 0.000076  -0.005757
      356 0.000076  -0.005739
      323 0.000075  -0.005672
      313 0.000075  -0.005670
       70 0.000074   0.005653
      266 0.000074  -0.005644
      843 0.000074  -0.005630
      302 0.000074  -0.005604
      937 0.000074  -0.005599
      201 0.000073  -0.005555
      138 0.000073  -0.005508
      161 0.000072   0.005500
      701 0.000071  -0.005409
      585 0.000071  -0.005362
      245 0.000070  -0.005308
      107 0.000069  -0.005255
      978 0.000069   0.005221
      131 0.000068   0.005199
      308 0.000068  -0.005147
      948 0.000067   0.005089
      289 0.000067   0.005079
      104 0.000066   0.005040
      572 0.000066  -0.005020
      283 0.000066   0.005015
      594 0.000066  -0.005012
      552 0.000066  -0.005006
     1005 0.000065   0.004967
      428 0.000065   0.004904
      801 0.000064  -0.004880
      823 0.000064   0.004877
      640 0.000063  -0.004797
      955 0.000063   0.004779
      386 0.000063   0.004765
      913 0.000063  -0.004761
      589 0.000062  -0.004711
      545 0.000061  -0.004659
      943 0.000061   0.004657
      826 0.000061  -0.004634
      860 0.000061  -0.004628
      414 0.000061   0.004612
      425 0.000060   0.004545
      597 0.000059  -0.004511
      650 0.000059  -0.004476
      748 0.000058  -0.004420
      342 0.000058   0.004400
      722 0.000058  -0.004381
      588 0.000058  -0.004380
      654 0.000058   0.004376
      765 0.000057   0.004358
      922 0.000057  -0.004336
      343 0.000057  -0.004321
      610 0.000057  -0.004303
      286 0.000056   0.004222
      539 0.000055   0.004161
      832 0.000055   0.004157
      407 0.000055  -0.004156
      895 0.000055   0.004150
      285 0.000055   0.004147
      789 0.000055   0.004141
      325 0.000054  -0.004084
      879 0.000054  -0.004081
      821 0.000053  -0.004043
      364 0.000053  -0.004016
      831 0.000053   0.004015
      792 0.000051   0.003906
      232 0.000051  -0.003885
      561 0.000050   0.003819
      870 0.000050  -0.003801
      259 0.000050  -0.003767
      321 0.000049  -0.003710
      528 0.000049   0.003698
      880 0.000048   0.003663
      694 0.000048   0.003658
      260 0.000048   0.003632
      359 0.000047   0.003589
      884 0.000047  -0.003551
      319 0.000046   0.003522
      627 0.000046   0.003505
      769 0.000046   0.003466
      798 0.000045   0.003447
      274 0.000045   0.003439
      272 0.000044  -0.003377
      284 0.000044   0.003326
      891 0.000044  -0.003309
      366 0.000043   0.003276
      535 0.000043   0.003258
      803 0.000043   0.003239
      776 0.000043  -0.003229
      740 0.000043  -0.003228
      894 0.000042  -0.003202
      322 0.000041  -0.003115
      636 0.000040  -0.003072
      904 0.000040   0.003035
      874 0.000039  -0.002980
      805 0.000039  -0.002977
      318 0.000039  -0.002932
      374 0.000038   0.002915
      881 0.000038  -0.002871
      409 0.000037  -0.002847
      649 0.000037  -0.002825
      278 0.000037   0.002820
      646 0.000037   0.002810
      677 0.000037   0.002794
      542 0.000037   0.002791
      950 0.000035  -0.002682
      759 0.000035  -0.002667
      540 0.000035  -0.002658
      830 0.000035   0.002633
      942 0.000035   0.002624
      518 0.000034   0.002598
      802 0.000034   0.002583
      928 0.000034  -0.002548
      394 0.000033   0.002531
      491 0.000033   0.002508
      309 0.000032  -0.002464
      448 0.000032   0.002450
      987 0.000032   0.002429
      532 0.000031   0.002382
      614 0.000031   0.002347
      397 0.000031  -0.002327
      842 0.000030  -0.002307
      226 0.000030   0.002297
      933 0.000030   0.002295
      349 0.000030  -0.002285
      609 0.000030   0.002256
      382 0.000030  -0.002253
      488 0.000029   0.002227
      310 0.000029  -0.002222
       98 0.000029  -0.002222
      304 0.000029   0.002189
      935 0.000029  -0.002167
     1001 0.000028  -0.002162
      938 0.000028   0.002147
      445 0.000028  -0.002132
      169 0.000028  -0.002124
      410 0.000028  -0.002124
      863 0.000028  -0.002123
      225 0.000028   0.002112
      333 0.000027  -0.002088
      357 0.000027  -0.002084
      193 0.000027   0.002073
      240 0.000027  -0.002045
      475 0.000027  -0.002030
     1032 0.000026   0.002010
      524 0.000026  -0.001999
      727 0.000026  -0.001988
      530 0.000026   0.001966
      613 0.000026   0.001945
      568 0.000025   0.001928
      424 0.000025  -0.001903
      662 0.000025  -0.001886
     1025 0.000024   0.001842
      330 0.000024  -0.001839
      685 0.000024  -0.001829
      296 0.000024  -0.001808
      221 0.000024  -0.001808
      195 0.000024   0.001794
      348 0.000024   0.001786
      811 0.000024   0.001785
      347 0.000023   0.001784
      224 0.000023  -0.001778
      964 0.000023   0.001774
      971 0.000023  -0.001762
      192 0.000023  -0.001757
     1034 0.000023  -0.001751
      590 0.000023  -0.001751
      988 0.000023  -0.001744
      965 0.000023  -0.001712
      794 0.000022   0.001701
      282 0.000022  -0.001700
      993 0.000022   0.001676
      957 0.000022   0.001666
       91 0.000022  -0.001661
      320 0.000022   0.001651
      526 0.000022   0.001649
      608 0.000022  -0.001641
      297 0.000021  -0.001630
      858 0.000021  -0.001611
      197 0.000021  -0.001608
      867 0.000021   0.001592
      200 0.000021   0.001591
      376 0.000021  -0.001578
      191 0.000021   0.001573
      432 0.000021   0.001557
      856 0.000020   0.001549
      196 0.000020   0.001539
      921 0.000020  -0.001522
      331 0.000020  -0.001514
     1073 0.000020  -0.001502
      835 0.000020  -0.001499
     1017 0.000020   0.001493
      242 0.000020  -0.001490
      237 0.000020   0.001482
      198 0.000019   0.001468
      841 0.000019   0.001457
      244 0.000019  -0.001440
      148 0.000019   0.001429
      502 0.000019   0.001426
      833 0.000019  -0.001418
      514 0.000018   0.001404
      209 0.000018  -0.001402
      479 0.000018   0.001401
      558 0.000018   0.001391
      927 0.000018  -0.001383
      351 0.000018   0.001383
      714 0.000018  -0.001381
      900 0.000018  -0.001375
     1096 0.000018   0.001372
      810 0.000018   0.001367
      519 0.000018   0.001367
      814 0.000018   0.001365
       73 0.000018  -0.001357
      455 0.000018  -0.001346
      536 0.000018  -0.001338
      233 0.000018  -0.001334
      379 0.000018  -0.001333
      265 0.000017   0.001314
      917 0.000017   0.001309
      270 0.000017   0.001285
     1010 0.000017   0.001282
      178 0.000017   0.001281
      336 0.000017   0.001279
      463 0.000017  -0.001272
      949 0.000017   0.001270
      437 0.000017   0.001269
      489 0.000017   0.001264
      216 0.000017   0.001263
      406 0.000016  -0.001248
      512 0.000016  -0.001241
      934 0.000016  -0.001233
      505 0.000016   0.001220
      346 0.000016   0.001219
      264 0.000016  -0.001213
      983 0.000016   0.001212
      713 0.000016   0.001206
      724 0.000016  -0.001182
      762 0.000015   0.001148
      977 0.000015   0.001147
      238 0.000015  -0.001146
      458 0.000015   0.001130
       59 0.000015   0.001127
      385 0.000015   0.001111
      664 0.000015  -0.001110
     1052 0.000015   0.001109
      358 0.000014   0.001095
      248 0.000014   0.001094
      315 0.000014   0.001093
      401 0.000014  -0.001081
      852 0.000014   0.001079
      335 0.000014  -0.001078
       74 0.000014  -0.001072
      816 0.000014   0.001060
      307 0.000014  -0.001055
       60 0.000014   0.001053
      907 0.000014   0.001052
      350 0.000014   0.001042
      966 0.000014   0.001026
      413 0.000013  -0.001019
      598 0.000013   0.001017
      434 0.000013   0.001011
      680 0.000013   0.001005
      450 0.000013  -0.000994
      603 0.000013   0.000982
      555 0.000013   0.000973
     1009 0.000013  -0.000963
      384 0.000013  -0.000959
      916 0.000012  -0.000944
      215 0.000012   0.000924
      791 0.000012   0.000915
      592 0.000012  -0.000915
      702 0.000012  -0.000915
      249 0.000012   0.000913
      669 0.000012   0.000897
      177 0.000012  -0.000897
       66 0.000012  -0.000894
      365 0.000012  -0.000891
      675 0.000011   0.000868
      483 0.000011  -0.000867
       45 0.000011   0.000859
      712 0.000011  -0.000858
      375 0.000011  -0.000852
      327 0.000011   0.000851
      732 0.000011   0.000847
      326 0.000011   0.000818
      809 0.000011   0.000814
      229 0.000011  -0.000813
      462 0.000011   0.000806
      796 0.000010   0.000790
      642 0.000010  -0.000782
      634 0.000010  -0.000782
      888 0.000010   0.000774
     1016 0.000010  -0.000771
      538 0.000010   0.000768
      164 0.000010   0.000765
      478 0.000010   0.000763
      314 0.000010   0.000760
euclid. distance of OLC and linear combination of EV * x_coef: 0.0073241902297747135

Generate samples based on objective loadcase 272
nr_to_generate: 25

Parameter variation distribution settings
distribution: uniform
low: 0.7
high: 1.3

Total process runtime: 0:00:01.241167
