Date and Time:2023-05-12 14:22:15.813733

Initial Settings:
similarity_model: <function cosine_similarity at 0x000001D005A6E5E0>
similarity_threshold: 1e-05
nr_eigv_to_select: None
distribution: uniform
deviation: 0.3
nr_to_generate: 25
recompute: False

Selected eigenvectors and similarity score w.r.t objective loadcase:
objective_loadcase_nr: 742
similarity_model: cosine_similarity
similarity_threshold: 1e-05
nr_eigv_to_select: None
nr_eigv_selected: 675
approximation parameter model: lstsq
similarity score and approx. param. value
:  eigv_idx    score      value
        1 0.568280  66.913957
        3 0.525182  61.839208
        2 0.476201 -56.071835
        0 0.413140  48.646496
        6 0.058871   6.932015
       39 0.011279   1.328066
        4 0.009344   1.100289
       68 0.005290  -0.622924
      639 0.003515   0.413878
      186 0.002586  -0.304499
       71 0.002381  -0.280346
       69 0.001976  -0.232698
      612 0.001943  -0.228778
      593 0.001767  -0.208088
      618 0.001671   0.196702
      187 0.001637  -0.192731
      716 0.001628   0.191691
      586 0.001582   0.186274
      710 0.001518  -0.178767
      663 0.001455  -0.171306
      668 0.001438   0.169263
      218 0.001239  -0.145856
      194 0.001198   0.141065
      182 0.001114  -0.131166
      659 0.001066  -0.125491
      595 0.000988   0.116361
      617 0.000986   0.116089
      749 0.000911  -0.107307
       70 0.000884   0.104037
      686 0.000874  -0.102862
      700 0.000821   0.096625
      579 0.000817   0.096225
      683 0.000805   0.094811
      688 0.000803  -0.094511
      143 0.000771   0.090820
      388 0.000761  -0.089630
      599 0.000754   0.088795
      635 0.000725   0.085384
      582 0.000688  -0.080973
      228 0.000680  -0.080014
      184 0.000679  -0.080003
      562 0.000677  -0.079662
      183 0.000671   0.078976
      626 0.000614   0.072331
      253 0.000601  -0.070733
      666 0.000595  -0.070110
      578 0.000588   0.069258
      670 0.000582   0.068544
      735 0.000572  -0.067390
      602 0.000535  -0.062958
      621 0.000521  -0.061327
      733 0.000516   0.060767
      698 0.000510  -0.060033
      174 0.000508   0.059805
      210 0.000475  -0.055967
      708 0.000463   0.054483
      341 0.000452   0.053263
      179 0.000421   0.049620
      362 0.000413  -0.048670
      153 0.000383   0.045137
      709 0.000381  -0.044892
      756 0.000377  -0.044443
      137 0.000370  -0.043588
      699 0.000369  -0.043425
      171 0.000364  -0.042902
      606 0.000364  -0.042809
      641 0.000363  -0.042698
      243 0.000354   0.041707
      576 0.000353  -0.041621
      757 0.000352  -0.041399
      575 0.000351   0.041297
      204 0.000350   0.041164
      567 0.000349  -0.041072
      199 0.000346  -0.040704
      628 0.000345   0.040602
      583 0.000341  -0.040183
      718 0.000336  -0.039532
      741 0.000331   0.038988
      604 0.000321  -0.037752
      620 0.000310  -0.036541
       91 0.000302  -0.035558
      403 0.000302   0.035516
      807 0.000301   0.035455
      236 0.000298   0.035135
      271 0.000289   0.033980
      161 0.000287   0.033833
      400 0.000286  -0.033617
      631 0.000285  -0.033506
      739 0.000282  -0.033256
      148 0.000281   0.033095
      254 0.000278   0.032768
      577 0.000277  -0.032601
      853 0.000276  -0.032513
      759 0.000275   0.032432
      267 0.000267  -0.031484
      848 0.000267  -0.031388
      787 0.000261   0.030718
      573 0.000260   0.030560
      132 0.000259   0.030506
      419 0.000257  -0.030219
      220 0.000254  -0.029966
      383 0.000252   0.029635
      750 0.000244   0.028777
      356 0.000240  -0.028293
      640 0.000240  -0.028278
      138 0.000238   0.027986
      587 0.000235   0.027694
      580 0.000234  -0.027592
      601 0.000234   0.027586
      217 0.000230  -0.027108
      412 0.000228  -0.026818
      566 0.000227   0.026782
      277 0.000226   0.026608
      815 0.000222  -0.026159
      658 0.000213   0.025029
      175 0.000210  -0.024764
      665 0.000207  -0.024392
      377 0.000206  -0.024222
      557 0.000199  -0.023429
      941 0.000195  -0.022970
      258 0.000188  -0.022179
      257 0.000188  -0.022145
      232 0.000187  -0.021969
      828 0.000185  -0.021806
      798 0.000182   0.021426
      234 0.000182   0.021422
      564 0.000181  -0.021353
      570 0.000180  -0.021193
      667 0.000179   0.021076
      800 0.000172  -0.020285
      380 0.000171   0.020117
      704 0.000168  -0.019826
      711 0.000167   0.019689
      574 0.000165  -0.019467
      857 0.000165  -0.019406
      690 0.000161   0.018952
      552 0.000160  -0.018883
      107 0.000157  -0.018513
      291 0.000154   0.018173
      820 0.000153  -0.018036
      273 0.000153  -0.017964
      790 0.000152   0.017844
      249 0.000151  -0.017818
      687 0.000151   0.017725
      394 0.000150   0.017643
      847 0.000149   0.017487
      753 0.000148  -0.017405
      629 0.000147  -0.017268
      763 0.000146  -0.017211
      301 0.000143  -0.016882
      294 0.000143  -0.016788
      784 0.000142  -0.016739
      369 0.000142   0.016707
      762 0.000141   0.016565
      436 0.000139   0.016413
      354 0.000137   0.016137
      707 0.000137  -0.016105
      353 0.000137  -0.016081
      600 0.000136  -0.016066
      726 0.000136  -0.016056
      427 0.000136  -0.016021
      281 0.000136   0.015961
      855 0.000135  -0.015955
      818 0.000135  -0.015950
      645 0.000133   0.015665
      320 0.000133   0.015636
      605 0.000133  -0.015618
      255 0.000131  -0.015397
      594 0.000129  -0.015232
      398 0.000129  -0.015164
      193 0.000129  -0.015156
      292 0.000128  -0.015101
       88 0.000127   0.015010
      908 0.000127  -0.014987
       10 0.000126  -0.014862
        9 0.000126  -0.014843
       93 0.000126   0.014813
      882 0.000125   0.014719
      743 0.000123  -0.014495
      974 0.000122   0.014418
      230 0.000122   0.014307
      581 0.000121  -0.014234
      824 0.000119   0.014038
      859 0.000118   0.013898
      808 0.000117   0.013832
      793 0.000116  -0.013611
      406 0.000115  -0.013590
      632 0.000115   0.013578
      553 0.000113  -0.013333
      367 0.000113   0.013326
      386 0.000113   0.013325
      597 0.000112  -0.013193
      276 0.000111   0.013075
      832 0.000108   0.012766
      697 0.000108   0.012731
      740 0.000108  -0.012709
      308 0.000107  -0.012621
      262 0.000106  -0.012510
      638 0.000106  -0.012490
      241 0.000104   0.012297
      840 0.000102  -0.012028
      296 0.000102  -0.011966
      374 0.000100   0.011736
      584 0.000100  -0.011729
      302 0.000099  -0.011702
      423 0.000099  -0.011701
      829 0.000099   0.011687
      799 0.000099  -0.011633
      299 0.000098   0.011549
      247 0.000097   0.011407
      801 0.000097  -0.011369
      844 0.000096  -0.011331
      402 0.000095  -0.011187
      560 0.000094  -0.011036
      431 0.000094  -0.011030
      361 0.000093   0.010992
      770 0.000093   0.010945
      364 0.000093   0.010932
      252 0.000093   0.010928
      333 0.000093  -0.010926
      206 0.000092   0.010891
      413 0.000092   0.010847
     1095 0.000091  -0.010749
      734 0.000088  -0.010398
      773 0.000088   0.010391
      428 0.000088   0.010349
      795 0.000087   0.010249
      414 0.000086   0.010149
      955 0.000086   0.010147
      569 0.000086   0.010106
      264 0.000085  -0.010047
      335 0.000085  -0.009954
      736 0.000084  -0.009888
      611 0.000084  -0.009880
      355 0.000084   0.009864
      684 0.000082  -0.009648
      701 0.000082  -0.009598
      359 0.000081  -0.009559
      879 0.000081  -0.009537
      803 0.000081   0.009513
      603 0.000081  -0.009500
      782 0.000080  -0.009470
      350 0.000080  -0.009462
      343 0.000080  -0.009449
      891 0.000080  -0.009434
      313 0.000080  -0.009387
      373 0.000079  -0.009315
      723 0.000079  -0.009273
      233 0.000078   0.009178
      209 0.000077  -0.009108
      572 0.000076  -0.009002
      863 0.000076  -0.008954
      213 0.000076   0.008951
      131 0.000076  -0.008943
      728 0.000075  -0.008872
       53 0.000075  -0.008863
      843 0.000072  -0.008458
     1005 0.000070   0.008300
      224 0.000070  -0.008250
      237 0.000069   0.008168
      334 0.000069   0.008165
      654 0.000069   0.008094
      268 0.000069  -0.008081
      748 0.000068  -0.008041
      913 0.000068  -0.008035
      922 0.000068  -0.008033
      545 0.000068  -0.007974
      295 0.000067  -0.007908
       52 0.000067   0.007901
      266 0.000067  -0.007883
      802 0.000067   0.007855
      399 0.000066  -0.007802
      279 0.000066  -0.007796
      589 0.000066  -0.007768
      776 0.000065  -0.007684
      588 0.000065  -0.007611
      549 0.000064  -0.007536
      978 0.000064   0.007480
      331 0.000063   0.007439
      297 0.000063  -0.007395
      744 0.000062  -0.007340
      937 0.000062  -0.007335
      222 0.000062  -0.007313
      260 0.000062  -0.007309
      191 0.000062   0.007303
      152 0.000062   0.007301
      742 0.000062  -0.007294
      150 0.000061  -0.007221
      318 0.000061  -0.007179
      805 0.000060  -0.007104
      614 0.000060   0.007096
      235 0.000060   0.007070
      221 0.000060   0.007056
      357 0.000060   0.007052
       76 0.000059  -0.006970
      680 0.000059   0.006934
       55 0.000059  -0.006898
      643 0.000058  -0.006826
      146 0.000058   0.006817
      780 0.000058  -0.006804
      608 0.000058  -0.006800
      539 0.000058   0.006789
      826 0.000058  -0.006777
      142 0.000057  -0.006765
      390 0.000057   0.006717
      789 0.000057   0.006712
      765 0.000057   0.006700
       59 0.000057  -0.006700
      214 0.000057   0.006696
      250 0.000057  -0.006665
      778 0.000056  -0.006648
      627 0.000056   0.006596
      145 0.000056  -0.006571
       46 0.000056   0.006556
      821 0.000056  -0.006541
       62 0.000056  -0.006535
      636 0.000055  -0.006493
       57 0.000055  -0.006458
      312 0.000055  -0.006449
      831 0.000055   0.006430
       99 0.000055  -0.006430
      322 0.000055  -0.006424
      136 0.000055  -0.006423
       56 0.000054   0.006347
      895 0.000053   0.006249
       94 0.000052  -0.006129
      592 0.000052  -0.006126
      223 0.000052  -0.006110
      904 0.000052   0.006088
       63 0.000051   0.006057
      329 0.000051  -0.006056
      392 0.000051   0.006054
      405 0.000051   0.006050
       47 0.000051  -0.005971
      425 0.000051   0.005962
      323 0.000051  -0.005949
      864 0.000050   0.005933
       75 0.000050   0.005910
      101 0.000050  -0.005906
       87 0.000050  -0.005890
      542 0.000049   0.005820
      681 0.000049  -0.005808
       50 0.000049  -0.005779
      287 0.000049  -0.005752
      540 0.000048  -0.005638
      585 0.000047  -0.005546
      867 0.000046   0.005474
       95 0.000046  -0.005461
      987 0.000045   0.005334
      269 0.000045  -0.005316
       13 0.000045   0.005290
      192 0.000045  -0.005265
       60 0.000045  -0.005258
      103 0.000045  -0.005248
      289 0.000045   0.005243
       81 0.000044  -0.005180
      653 0.000044  -0.005178
      948 0.000043   0.005113
       14 0.000043  -0.005109
      928 0.000043  -0.005081
       72 0.000043  -0.005072
      144 0.000043  -0.005068
      528 0.000042   0.005002
       19 0.000042  -0.004997
      238 0.000042   0.004995
       67 0.000042   0.004967
      409 0.000042  -0.004953
       58 0.000042  -0.004949
      293 0.000042   0.004945
      139 0.000042  -0.004937
      216 0.000042  -0.004929
      147 0.000042   0.004921
      215 0.000042  -0.004913
      240 0.000042  -0.004900
      448 0.000042   0.004888
      360 0.000041  -0.004852
      965 0.000041  -0.004826
       65 0.000041  -0.004818
       77 0.000041   0.004786
      823 0.000041   0.004778
      178 0.000041  -0.004777
       83 0.000040   0.004763
      119 0.000040  -0.004721
       44 0.000040  -0.004715
      261 0.000040  -0.004694
      894 0.000040  -0.004691
       11 0.000040  -0.004683
      309 0.000040  -0.004676
       42 0.000039   0.004632
      881 0.000039  -0.004628
      325 0.000039  -0.004623
       48 0.000039   0.004598
       80 0.000039   0.004595
     1001 0.000039  -0.004565
      993 0.000039   0.004549
       40 0.000039   0.004546
      242 0.000038   0.004526
       66 0.000038  -0.004524
      349 0.000038   0.004521
      420 0.000038   0.004488
      155 0.000038  -0.004479
       82 0.000038   0.004451
       86 0.000037  -0.004346
      120 0.000037  -0.004341
      870 0.000037  -0.004341
      245 0.000037   0.004320
      561 0.000037   0.004313
       21 0.000037  -0.004311
      407 0.000037  -0.004304
       49 0.000036   0.004263
       12 0.000036   0.004256
      858 0.000036  -0.004241
      310 0.000036  -0.004232
      860 0.000036  -0.004203
      722 0.000036  -0.004201
       17 0.000035   0.004147
      642 0.000035   0.004128
       61 0.000035   0.004120
      943 0.000035   0.004113
      530 0.000035   0.004107
     1025 0.000035   0.004105
      190 0.000035   0.004095
       73 0.000035  -0.004092
      432 0.000035   0.004064
      874 0.000034  -0.004058
      646 0.000034  -0.004020
      814 0.000034   0.003984
      157 0.000034   0.003966
      177 0.000034   0.003947
       23 0.000033  -0.003908
      933 0.000033   0.003884
      288 0.000033   0.003863
      196 0.000033   0.003853
      950 0.000033  -0.003843
       34 0.000032  -0.003809
      942 0.000032   0.003794
      263 0.000032  -0.003762
      647 0.000032   0.003761
       37 0.000032  -0.003742
      401 0.000032   0.003725
      110 0.000032  -0.003724
      488 0.000032   0.003724
      656 0.000031  -0.003700
       15 0.000031  -0.003688
      769 0.000031  -0.003687
      105 0.000031  -0.003686
      535 0.000031   0.003678
      664 0.000031   0.003656
      159 0.000031  -0.003655
      675 0.000031  -0.003653
       35 0.000031  -0.003641
      491 0.000031   0.003637
      837 0.000031  -0.003635
       98 0.000031   0.003625
      900 0.000031  -0.003623
       79 0.000031  -0.003616
      151 0.000031   0.003615
      229 0.000030   0.003576
      849 0.000030   0.003562
      410 0.000030  -0.003533
       64 0.000030  -0.003530
      475 0.000030  -0.003525
      396 0.000030   0.003522
      108 0.000030  -0.003512
       54 0.000030  -0.003494
       24 0.000030   0.003493
      347 0.000030  -0.003484
       84 0.000030   0.003480
       26 0.000029  -0.003448
     1032 0.000029   0.003440
      338 0.000029   0.003417
      284 0.000029   0.003403
      239 0.000029  -0.003362
      518 0.000028   0.003343
       32 0.000028  -0.003296
      244 0.000028  -0.003288
       28 0.000028   0.003285
     1017 0.000028   0.003281
       78 0.000028  -0.003272
      129 0.000028  -0.003240
      888 0.000027   0.003236
      104 0.000027  -0.003233
      532 0.000027   0.003220
      568 0.000027   0.003171
       30 0.000027  -0.003133
      328 0.000026  -0.003116
      286 0.000026   0.003096
       90 0.000026  -0.003094
      156 0.000026  -0.003081
      275 0.000026   0.003075
      792 0.000026   0.003068
      880 0.000026   0.003062
      434 0.000026   0.003062
      248 0.000026  -0.003035
       96 0.000026   0.003033
      524 0.000025  -0.003002
      397 0.000025  -0.002999
      197 0.000025  -0.002988
      695 0.000025  -0.002988
      625 0.000025   0.002981
      265 0.000025  -0.002956
      141 0.000025   0.002943
      382 0.000025   0.002935
      610 0.000025  -0.002915
      875 0.000025  -0.002914
      315 0.000025   0.002914
      336 0.000025  -0.002898
      917 0.000025   0.002897
      538 0.000024   0.002872
      842 0.000024  -0.002839
      387 0.000024  -0.002837
      452 0.000024  -0.002795
      219 0.000024  -0.002778
      669 0.000023   0.002751
      164 0.000023   0.002728
      571 0.000023   0.002716
      251 0.000023  -0.002706
      227 0.000023  -0.002685
      876 0.000023  -0.002685
      938 0.000023   0.002680
      685 0.000023  -0.002680
      195 0.000023   0.002654
      134 0.000022   0.002645
      519 0.000022   0.002629
       92 0.000022   0.002612
      887 0.000022   0.002608
       20 0.000022   0.002603
      558 0.000022   0.002573
      375 0.000022   0.002565
      598 0.000022   0.002563
      479 0.000022   0.002556
      154 0.000022  -0.002541
      852 0.000022  -0.002532
      133 0.000021   0.002509
      648 0.000021  -0.002495
      121 0.000021  -0.002489
      714 0.000021  -0.002481
      424 0.000021  -0.002457
       85 0.000021   0.002457
      661 0.000021  -0.002442
      536 0.000021  -0.002438
      181 0.000021  -0.002437
      127 0.000021  -0.002422
      884 0.000021  -0.002422
      563 0.000021   0.002422
      345 0.000021   0.002418
      404 0.000021   0.002418
      775 0.000020  -0.002406
      344 0.000020  -0.002403
      321 0.000020   0.002382
     1034 0.000020  -0.002376
      502 0.000020   0.002343
      633 0.000020  -0.002342
       16 0.000020   0.002338
      489 0.000020   0.002313
      112 0.000019   0.002280
      304 0.000019   0.002278
      712 0.000019   0.002274
      548 0.000019  -0.002271
     1052 0.000019   0.002268
      903 0.000019  -0.002251
      458 0.000019   0.002236
      811 0.000019   0.002218
      662 0.000019   0.002214
      282 0.000019  -0.002208
      512 0.000019  -0.002193
      202 0.000019  -0.002192
      149 0.000019   0.002191
      162 0.000019   0.002190
      339 0.000019   0.002185
      868 0.000019  -0.002185
      556 0.000019  -0.002184
      376 0.000019   0.002180
      332 0.000018   0.002177
      270 0.000018   0.002160
      128 0.000018   0.002141
      384 0.000018   0.002140
      693 0.000018   0.002128
      455 0.000018  -0.002124
      172 0.000018   0.002093
      130 0.000018   0.002086
      363 0.000018   0.002083
      445 0.000018  -0.002076
       89 0.000018  -0.002076
      106 0.000017   0.002057
      839 0.000017   0.002048
      705 0.000017  -0.002047
      816 0.000017   0.002026
      856 0.000017   0.002008
      158 0.000017  -0.002002
      346 0.000017   0.001997
      352 0.000017   0.001992
      463 0.000017  -0.001981
      126 0.000017   0.001976
      650 0.000017   0.001953
      395 0.000016  -0.001940
      779 0.000016   0.001928
      342 0.000016   0.001921
      165 0.000016   0.001908
      285 0.000016  -0.001898
      118 0.000016   0.001876
      677 0.000016   0.001865
      883 0.000016   0.001856
      964 0.000016   0.001841
      514 0.000016   0.001840
      724 0.000016   0.001832
      483 0.000016  -0.001825
      198 0.000015   0.001814
      316 0.000015  -0.001796
      559 0.000015   0.001790
      140 0.000015   0.001790
      543 0.000015  -0.001787
      534 0.000015  -0.001772
      124 0.000015  -0.001771
      117 0.000015   0.001749
      526 0.000015   0.001737
      651 0.000015   0.001732
      966 0.000015   0.001732
      673 0.000015  -0.001730
      505 0.000015   0.001717
      949 0.000014   0.001688
      838 0.000014   0.001683
      167 0.000014  -0.001673
      796 0.000014   0.001669
       25 0.000014   0.001655
      449 0.000014   0.001651
      114 0.000014  -0.001624
      555 0.000014  -0.001620
      379 0.000014  -0.001614
      226 0.000014  -0.001603
       74 0.000014  -0.001602
      180 0.000013   0.001586
      437 0.000013   0.001586
       22 0.000013  -0.001568
      550 0.000013  -0.001563
      385 0.000013   0.001547
      634 0.000013  -0.001541
      619 0.000013   0.001529
      109 0.000013  -0.001523
      290 0.000013  -0.001507
      927 0.000013  -0.001501
      317 0.000013   0.001487
     1047 0.000013   0.001485
      440 0.000013  -0.001485
      729 0.000013   0.001483
      208 0.000013  -0.001474
      168 0.000012  -0.001469
      607 0.000012   0.001468
      732 0.000012   0.001463
      330 0.000012   0.001417
      591 0.000012   0.001397
      125 0.000012   0.001392
      450 0.000012  -0.001383
      473 0.000012  -0.001379
      189 0.000012   0.001367
      959 0.000011   0.001353
      971 0.000011  -0.001348
      934 0.000011  -0.001344
      691 0.000011   0.001331
      170 0.000011   0.001321
      988 0.000011  -0.001320
      760 0.000011   0.001317
      755 0.000011  -0.001287
      462 0.000011   0.001265
      810 0.000011   0.001264
      389 0.000011   0.001258
      487 0.000011  -0.001255
      340 0.000011  -0.001240
      433 0.000010   0.001227
      393 0.000010  -0.001206
      207 0.000010   0.001193
      185 0.000010   0.001193
      211 0.000010  -0.001189
      907 0.000010   0.001182
      461 0.000010   0.001181
euclid. distance of OLC and linear combination of EV * x_coef: 0.009510032503593538

Generate samples based on objective loadcase 742
nr_to_generate: 25

Parameter variation distribution settings
distribution: uniform
low: 0.7
high: 1.3

Total process runtime: 0:00:01.412596
