Date and Time:2023-05-12 14:24:57.396189

Initial Settings:
similarity_model: <function cosine_similarity at 0x000001D005A6E5E0>
similarity_threshold: 1e-05
nr_eigv_to_select: None
distribution: uniform
deviation: 0.3
nr_to_generate: 25
recompute: False

Selected eigenvectors and similarity score w.r.t objective loadcase:
objective_loadcase_nr: 862
similarity_model: cosine_similarity
similarity_threshold: 1e-05
nr_eigv_to_select: None
nr_eigv_selected: 470
approximation parameter model: lstsq
similarity score and approx. param. value
:  eigv_idx    score      value
        3 0.573529  46.504888
        1 0.525572  42.616292
        2 0.508842 -41.259750
        0 0.365784  29.659826
        6 0.035443   2.873931
       39 0.025447   2.063368
        4 0.012057   0.977670
      639 0.003445   0.279372
      218 0.002239  -0.181556
      593 0.002081  -0.168719
      186 0.002078  -0.168501
      612 0.001962  -0.159113
      586 0.001936   0.157010
      710 0.001608  -0.130380
      187 0.001367  -0.110826
      716 0.001340   0.108685
      595 0.001259   0.102112
      663 0.001174  -0.095212
       68 0.001171  -0.094923
      618 0.001137   0.092198
      668 0.001119   0.090724
      626 0.001059   0.085859
      143 0.000974   0.078965
      686 0.000957  -0.077632
      194 0.000926   0.075119
      388 0.000905  -0.073394
      659 0.000832  -0.067451
      688 0.000808  -0.065484
      617 0.000798   0.064720
      599 0.000771   0.062501
      749 0.000752  -0.060938
      562 0.000726  -0.058834
      582 0.000723  -0.058603
      621 0.000722  -0.058531
      670 0.000718   0.058235
      635 0.000710   0.057576
      183 0.000668   0.054193
      704 0.000660  -0.053493
      578 0.000645   0.052270
      733 0.000599   0.048547
      341 0.000596   0.048301
       69 0.000593   0.048120
      718 0.000583  -0.047289
       71 0.000551   0.044713
      567 0.000546  -0.044245
      698 0.000544  -0.044082
      606 0.000539  -0.043717
      579 0.000535   0.043363
      577 0.000529  -0.042909
      602 0.000522  -0.042312
      708 0.000495   0.040167
      253 0.000487  -0.039528
      153 0.000472   0.038270
      666 0.000470  -0.038121
      735 0.000456  -0.036947
      267 0.000451  -0.036561
      700 0.000444   0.035978
      696 0.000441  -0.035788
      174 0.000439   0.035572
      220 0.000435  -0.035281
      683 0.000432   0.035044
      575 0.000428   0.034719
      620 0.000424  -0.034379
      182 0.000423  -0.034330
      709 0.000411  -0.033349
      641 0.000395  -0.031996
      707 0.000394  -0.031928
      258 0.000386  -0.031276
      601 0.000382   0.031005
      699 0.000376  -0.030473
      753 0.000370  -0.030030
      184 0.000356  -0.028852
      583 0.000354  -0.028740
      848 0.000354  -0.028710
      210 0.000349  -0.028308
      412 0.000340  -0.027530
      230 0.000334  -0.027052
      807 0.000321   0.026045
      419 0.000317  -0.025740
      756 0.000305  -0.024747
      403 0.000302   0.024449
      793 0.000296  -0.023971
      383 0.000295   0.023944
      137 0.000295  -0.023941
      243 0.000293   0.023766
      227 0.000292   0.023698
      273 0.000292  -0.023688
      587 0.000292   0.023661
      362 0.000290  -0.023485
      631 0.000287  -0.023271
      204 0.000267   0.021613
      570 0.000266  -0.021585
      269 0.000260  -0.021050
      757 0.000259  -0.021014
      853 0.000255  -0.020695
      228 0.000237  -0.019187
      239 0.000230   0.018654
      235 0.000227  -0.018390
      299 0.000226   0.018305
      741 0.000226   0.018303
       70 0.000218   0.017680
      726 0.000218  -0.017669
      199 0.000217  -0.017615
      377 0.000216  -0.017540
      263 0.000216  -0.017517
      739 0.000214  -0.017326
      132 0.000209   0.016981
      604 0.000206  -0.016708
      361 0.000200   0.016233
      576 0.000199  -0.016119
      564 0.000198  -0.016073
      301 0.000196  -0.015930
      763 0.000194   0.015723
      427 0.000192  -0.015557
      580 0.000191  -0.015494
      743 0.000191  -0.015481
      750 0.000190   0.015442
      206 0.000189   0.015290
      800 0.000185  -0.015023
      549 0.000185  -0.014997
      400 0.000184  -0.014936
      658 0.000184   0.014928
      179 0.000184   0.014920
      247 0.000182   0.014747
      369 0.000177   0.014316
      787 0.000176   0.014269
      855 0.000176  -0.014232
      175 0.000175  -0.014224
      373 0.000171  -0.013888
      818 0.000171  -0.013861
      784 0.000170  -0.013820
      312 0.000169  -0.013732
      742 0.000169  -0.013720
      759 0.000169  -0.013666
      392 0.000168   0.013641
      665 0.000167  -0.013580
      795 0.000167   0.013561
      857 0.000167  -0.013551
      828 0.000166  -0.013423
      223 0.000165   0.013408
      667 0.000163   0.013223
      553 0.000163  -0.013218
      585 0.000163  -0.013193
      171 0.000162  -0.013142
      941 0.000162  -0.013105
      591 0.000161   0.013038
      820 0.000159  -0.012907
      574 0.000158  -0.012825
      628 0.000156   0.012626
      711 0.000153   0.012432
      824 0.000150   0.012163
      778 0.000146  -0.011810
      255 0.000146  -0.011805
      277 0.000143   0.011597
      605 0.000143  -0.011578
      337 0.000140  -0.011353
      616 0.000139  -0.011299
      557 0.000139  -0.011276
      275 0.000137  -0.011076
      815 0.000135  -0.010978
      808 0.000135   0.010953
      687 0.000134   0.010855
      790 0.000132   0.010734
      271 0.000132   0.010706
      332 0.000132  -0.010666
      859 0.000130   0.010537
      356 0.000129  -0.010463
      736 0.000129  -0.010428
      380 0.000127   0.010258
      398 0.000126  -0.010227
      829 0.000126   0.010227
      775 0.000124   0.010083
      697 0.000124   0.010069
      423 0.000123  -0.010001
      290 0.000123   0.009954
      431 0.000122  -0.009920
      217 0.000121  -0.009804
      354 0.000120   0.009754
      573 0.000116   0.009396
      566 0.000116   0.009383
      257 0.000114  -0.009275
      279 0.000114  -0.009256
      690 0.000114   0.009228
      241 0.000113   0.009157
      295 0.000112  -0.009079
      294 0.000112  -0.009043
      908 0.000111  -0.008968
      638 0.000109  -0.008815
      645 0.000109   0.008812
      251 0.000108  -0.008785
      234 0.000108   0.008752
      353 0.000108  -0.008717
      298 0.000107  -0.008714
      799 0.000107  -0.008659
      770 0.000103   0.008384
      569 0.000102   0.008282
      600 0.000101  -0.008166
      355 0.000100   0.008118
      974 0.000099   0.008005
      436 0.000097   0.007846
      629 0.000096  -0.007824
      329 0.000096  -0.007763
      847 0.000095   0.007727
       88 0.000095  -0.007681
      840 0.000092  -0.007481
      201 0.000092  -0.007459
      744 0.000092  -0.007427
      728 0.000091  -0.007352
      611 0.000090  -0.007284
      684 0.000090  -0.007282
      581 0.000088  -0.007156
      734 0.000088  -0.007101
      844 0.000087  -0.007017
       93 0.000083  -0.006770
      782 0.000083  -0.006727
      292 0.000082  -0.006683
      769 0.000082   0.006673
      594 0.000082  -0.006644
      266 0.000081  -0.006573
      281 0.000081   0.006529
      937 0.000079  -0.006445
      882 0.000079   0.006414
      723 0.000078  -0.006322
      367 0.000078   0.006314
      596 0.000078  -0.006312
      864 0.000077   0.006225
      107 0.000077  -0.006222
      948 0.000076   0.006192
      321 0.000075  -0.006104
      561 0.000075   0.006085
      261 0.000074  -0.006013
      584 0.000074  -0.006001
      773 0.000074   0.005981
      325 0.000074  -0.005971
      560 0.000074  -0.005966
      722 0.000073  -0.005913
      262 0.000073  -0.005903
      978 0.000072   0.005856
     1095 0.000072  -0.005826
      632 0.000072   0.005803
      694 0.000072   0.005802
      614 0.000071   0.005770
      268 0.000071  -0.005766
      308 0.000071  -0.005728
      843 0.000071  -0.005722
      572 0.000070  -0.005706
      254 0.000070   0.005664
      104 0.000069   0.005589
      943 0.000069   0.005584
      302 0.000068  -0.005551
      161 0.000067   0.005412
      654 0.000066   0.005369
      860 0.000066  -0.005358
      319 0.000066   0.005358
      291 0.000066   0.005348
     1005 0.000065   0.005237
      792 0.000063   0.005103
      913 0.000063  -0.005073
      627 0.000062   0.005058
      289 0.000062   0.004996
      236 0.000060   0.004895
      343 0.000060  -0.004872
      826 0.000060  -0.004844
      539 0.000060   0.004832
      701 0.000059  -0.004762
      425 0.000059   0.004746
      428 0.000058   0.004737
      590 0.000058  -0.004731
      552 0.000058  -0.004704
      545 0.000057  -0.004657
      884 0.000057  -0.004607
      342 0.000057   0.004600
      589 0.000057  -0.004586
      895 0.000056   0.004579
      831 0.000056   0.004563
      880 0.000056   0.004551
      765 0.000056   0.004541
      748 0.000055  -0.004488
      955 0.000055   0.004469
      823 0.000055   0.004468
      386 0.000055   0.004465
      414 0.000054   0.004415
      870 0.000054  -0.004398
      832 0.000054   0.004364
      922 0.000054  -0.004346
      283 0.000053   0.004325
      801 0.000053  -0.004282
      285 0.000052   0.004250
       91 0.000052  -0.004231
      528 0.000051   0.004173
      323 0.000050  -0.004092
      650 0.000050  -0.004042
      394 0.000048   0.003916
      322 0.000048  -0.003901
      374 0.000048   0.003890
      821 0.000047  -0.003851
      315 0.000047   0.003842
      390 0.000047   0.003841
      169 0.000047  -0.003803
      762 0.000046  -0.003756
      879 0.000046  -0.003741
      535 0.000046   0.003734
      148 0.000046   0.003708
      894 0.000044  -0.003548
      138 0.000043  -0.003480
      874 0.000043  -0.003456
      313 0.000042  -0.003442
      789 0.000039   0.003163
      881 0.000039  -0.003138
      597 0.000038  -0.003068
      222 0.000037  -0.003013
      780 0.000037   0.003003
      198 0.000036  -0.002946
      413 0.000036  -0.002931
      842 0.000036  -0.002929
      491 0.000036   0.002881
      244 0.000035  -0.002870
      518 0.000035   0.002866
      950 0.000035  -0.002825
      904 0.000035   0.002812
      942 0.000034   0.002796
      540 0.000034  -0.002742
      407 0.000033  -0.002714
      935 0.000033  -0.002702
      286 0.000033   0.002659
      532 0.000033   0.002657
      278 0.000032   0.002625
      488 0.000032   0.002602
      891 0.000032  -0.002588
      297 0.000032  -0.002585
      318 0.000031  -0.002551
      542 0.000031   0.002550
      776 0.000031  -0.002531
      409 0.000031  -0.002498
      928 0.000031  -0.002490
      448 0.000030   0.002446
      933 0.000030   0.002439
      649 0.000030  -0.002437
      640 0.000030  -0.002427
      957 0.000029   0.002391
      636 0.000029  -0.002388
      410 0.000029  -0.002371
      310 0.000029  -0.002342
      232 0.000029  -0.002339
      445 0.000029  -0.002319
      987 0.000029   0.002314
      794 0.000028   0.002291
      475 0.000028  -0.002265
      727 0.000028  -0.002257
      988 0.000028  -0.002237
      524 0.000027  -0.002220
      964 0.000027   0.002205
      803 0.000027   0.002185
      608 0.000027  -0.002170
     1073 0.000027  -0.002170
      971 0.000026  -0.002123
     1032 0.000026   0.002111
      805 0.000026  -0.002092
      646 0.000026   0.002088
     1001 0.000026  -0.002074
      131 0.000025   0.002065
      530 0.000024   0.001982
      833 0.000024  -0.001947
      424 0.000024  -0.001944
      838 0.000024  -0.001936
      588 0.000024   0.001936
     1034 0.000024  -0.001932
      526 0.000024   0.001928
      830 0.000024   0.001920
     1096 0.000024   0.001918
      841 0.000023   0.001876
      835 0.000023  -0.001872
      921 0.000023  -0.001856
      811 0.000022   0.001810
      685 0.000022  -0.001806
      226 0.000022  -0.001799
      225 0.000022  -0.001796
      856 0.000022   0.001777
      802 0.000022   0.001755
      740 0.000021  -0.001724
      364 0.000021   0.001721
      677 0.000021   0.001718
      938 0.000021   0.001693
     1025 0.000021   0.001690
      366 0.000021   0.001684
     1010 0.000020   0.001630
      479 0.000020   0.001625
      863 0.000020  -0.001584
      240 0.000019   0.001575
      397 0.000019  -0.001569
      514 0.000019   0.001569
      927 0.000019  -0.001549
      209 0.000019  -0.001546
      643 0.000019  -0.001526
      237 0.000019  -0.001514
      359 0.000019  -0.001504
      346 0.000018   0.001480
      983 0.000018   0.001479
      809 0.000018   0.001476
     1017 0.000018   0.001462
      680 0.000018   0.001461
      455 0.000018  -0.001437
      536 0.000018  -0.001427
      432 0.000018   0.001426
      437 0.000018   0.001424
      977 0.000018   0.001420
      519 0.000017   0.001419
      463 0.000017  -0.001408
      502 0.000017   0.001402
      858 0.000017  -0.001378
      714 0.000017  -0.001376
      934 0.000017  -0.001374
      810 0.000017   0.001374
      993 0.000017   0.001343
      512 0.000016  -0.001310
      814 0.000016   0.001303
      949 0.000016   0.001267
      867 0.000015   0.001238
      662 0.000015  -0.001237
      284 0.000015   0.001233
     1009 0.000015  -0.001230
      324 0.000015  -0.001215
      917 0.000015   0.001213
      489 0.000015   0.001197
      965 0.000015  -0.001179
      458 0.000014   0.001166
      732 0.000014   0.001165
       98 0.000014  -0.001163
      245 0.000014  -0.001159
      791 0.000014   0.001132
      252 0.000014   0.001112
      837 0.000014  -0.001097
      609 0.000014  -0.001096
      505 0.000013   0.001094
      916 0.000013  -0.001093
      900 0.000013  -0.001085
     1052 0.000013   0.001074
      450 0.000013  -0.001066
      779 0.000013  -0.001055
      333 0.000013  -0.001050
      681 0.000013  -0.001045
      907 0.000013   0.001032
      592 0.000013   0.001030
      887 0.000013  -0.001030
      852 0.000013   0.001015
      360 0.000012  -0.001010
      328 0.000012  -0.001007
      959 0.000012  -0.000998
      249 0.000012  -0.000989
      713 0.000012   0.000985
      357 0.000012   0.000983
     1016 0.000012  -0.000951
     1003 0.000012  -0.000949
      966 0.000012   0.000936
      250 0.000011  -0.000930
      816 0.000011   0.000928
     1020 0.000011  -0.000915
      702 0.000011  -0.000910
      804 0.000011  -0.000893
      350 0.000011  -0.000891
      888 0.000011  -0.000885
      478 0.000011   0.000883
      898 0.000011   0.000878
      483 0.000011  -0.000869
      669 0.000011   0.000866
      487 0.000011  -0.000863
     1061 0.000010  -0.000835
      461 0.000010   0.000821
      634 0.000010  -0.000820
      619 0.000010   0.000819
euclid. distance of OLC and linear combination of EV * x_coef: 0.0067015887597794005

Generate samples based on objective loadcase 862
nr_to_generate: 25

Parameter variation distribution settings
distribution: uniform
low: 0.7
high: 1.3

Total process runtime: 0:00:01.281856
