Date and Time:2023-05-12 14:24:47.866884

Initial Settings:
similarity_model: <function cosine_similarity at 0x000001D005A6E5E0>
similarity_threshold: 1e-05
nr_eigv_to_select: None
distribution: uniform
deviation: 0.3
nr_to_generate: 25
recompute: False

Selected eigenvectors and similarity score w.r.t objective loadcase:
objective_loadcase_nr: 855
similarity_model: cosine_similarity
similarity_threshold: 1e-05
nr_eigv_to_select: None
nr_eigv_selected: 608
approximation parameter model: lstsq
similarity score and approx. param. value
:  eigv_idx    score      value
        3 0.557314  39.623487
        1 0.542479  38.568782
        2 0.495063 -35.197612
        0 0.384215  27.316669
        6 0.042738   3.038584
       39 0.019739   1.403358
        4 0.011042   0.785073
      639 0.003348   0.238037
       68 0.002439  -0.173398
      186 0.001918  -0.136397
      612 0.001912  -0.135941
      593 0.001885  -0.134033
      218 0.001833  -0.130318
      586 0.001745   0.124063
      710 0.001541  -0.109555
      716 0.001401   0.099598
      618 0.001337   0.095025
      143 0.001307   0.092909
      187 0.001241  -0.088258
      663 0.001238  -0.088019
      668 0.001214   0.086306
      595 0.001124   0.079899
      182 0.001075  -0.076434
      749 0.000923  -0.065595
      686 0.000898  -0.063853
      659 0.000878  -0.062441
      194 0.000850   0.060419
      388 0.000829  -0.058910
      626 0.000820   0.058286
      688 0.000801  -0.056929
      617 0.000792   0.056311
      184 0.000769  -0.054660
      599 0.000734   0.052160
      635 0.000705   0.050104
      582 0.000698  -0.049607
      562 0.000691  -0.049158
      578 0.000646   0.045930
      579 0.000631   0.044850
      670 0.000608   0.043257
      683 0.000598   0.042516
      621 0.000588  -0.041805
      183 0.000587   0.041708
      700 0.000572   0.040657
      735 0.000555  -0.039474
      137 0.000537  -0.038210
      733 0.000537   0.038161
      341 0.000520   0.036957
      253 0.000505  -0.035932
      666 0.000487  -0.034594
      698 0.000483  -0.034348
      153 0.000473   0.033603
      708 0.000462   0.032826
      228 0.000456  -0.032403
      602 0.000449  -0.031909
      567 0.000441  -0.031329
      174 0.000440   0.031308
      606 0.000436  -0.031002
      577 0.000434  -0.030882
       70 0.000420   0.029876
      179 0.000416   0.029543
      220 0.000413  -0.029395
      718 0.000403  -0.028676
      709 0.000391  -0.027795
      575 0.000387   0.027487
      620 0.000383  -0.027245
      756 0.000368  -0.026131
      641 0.000367  -0.026091
      583 0.000354  -0.025138
      267 0.000353  -0.025085
      699 0.000346  -0.024588
      171 0.000340  -0.024202
      757 0.000338  -0.024016
      601 0.000337   0.023954
      741 0.000333   0.023641
      704 0.000332  -0.023583
      362 0.000330  -0.023450
      403 0.000317   0.022512
      258 0.000304  -0.021636
      739 0.000302  -0.021499
      853 0.000296  -0.021054
      848 0.000292  -0.020764
      807 0.000288   0.020495
      243 0.000287   0.020428
      419 0.000286  -0.020301
      412 0.000284  -0.020171
      383 0.000281   0.019990
      631 0.000277  -0.019699
      604 0.000272  -0.019346
      132 0.000260   0.018519
      753 0.000260  -0.018467
      587 0.000258   0.018357
      204 0.000258   0.018351
      210 0.000256  -0.018235
      787 0.000248   0.017661
      750 0.000245   0.017438
      277 0.000241   0.017152
      576 0.000239  -0.017015
      628 0.000238   0.016932
      235 0.000230  -0.016317
       71 0.000224  -0.015928
      199 0.000221  -0.015740
      570 0.000221  -0.015710
      400 0.000220  -0.015672
      707 0.000218  -0.015534
      377 0.000211  -0.014967
      658 0.000205   0.014569
      356 0.000198  -0.014093
      564 0.000195  -0.013878
      271 0.000195   0.013864
      696 0.000194  -0.013822
      793 0.000194  -0.013767
      273 0.000193  -0.013746
      585 0.000190  -0.013518
      573 0.000190   0.013479
      269 0.000189  -0.013416
      857 0.000184  -0.013085
      743 0.000184  -0.013056
      580 0.000182  -0.012974
      800 0.000176  -0.012496
      255 0.000174  -0.012395
      369 0.000173   0.012272
      726 0.000173  -0.012269
      301 0.000170  -0.012113
      161 0.000166   0.011832
      175 0.000166  -0.011811
      818 0.000166  -0.011772
      566 0.000165   0.011746
      427 0.000165  -0.011712
      828 0.000164  -0.011675
      815 0.000164  -0.011671
      941 0.000164  -0.011656
      247 0.000164   0.011648
      299 0.000162   0.011543
      711 0.000160   0.011387
      239 0.000160   0.011377
      241 0.000160   0.011344
      557 0.000159  -0.011329
      855 0.000158  -0.011250
      148 0.000155   0.011051
      234 0.000152   0.010805
      251 0.000151  -0.010752
      665 0.000151  -0.010750
      254 0.000149   0.010587
      824 0.000149   0.010571
      667 0.000148   0.010537
      820 0.000144  -0.010260
      790 0.000144   0.010212
      380 0.000141   0.010035
      553 0.000140  -0.009935
      263 0.000138  -0.009843
      784 0.000137  -0.009774
      690 0.000137   0.009713
      742 0.000136  -0.009675
      859 0.000136   0.009634
      312 0.000135  -0.009577
      605 0.000134  -0.009514
      361 0.000134   0.009511
      687 0.000133   0.009438
      230 0.000131  -0.009328
      574 0.000130  -0.009253
      209 0.000128  -0.009131
      549 0.000128  -0.009104
      847 0.000127   0.009029
      354 0.000126   0.008981
      829 0.000126   0.008940
      795 0.000124   0.008800
      257 0.000124  -0.008781
      770 0.000122   0.008689
      808 0.000122   0.008672
      217 0.000121  -0.008592
      353 0.000120  -0.008517
      373 0.000120  -0.008516
      640 0.000118  -0.008423
      193 0.000118  -0.008375
      392 0.000118   0.008364
      736 0.000118  -0.008354
      629 0.000117  -0.008308
      292 0.000116  -0.008272
      697 0.000114   0.008083
      423 0.000111  -0.007894
      294 0.000109  -0.007773
      436 0.000109   0.007718
      908 0.000109  -0.007717
      431 0.000108  -0.007705
       69 0.000107  -0.007635
      596 0.000107  -0.007628
       91 0.000106  -0.007569
      295 0.000106  -0.007528
      801 0.000105  -0.007494
      773 0.000105   0.007458
      107 0.000105  -0.007430
      974 0.000103   0.007346
      281 0.000102   0.007284
      138 0.000102   0.007255
      799 0.000102  -0.007236
      262 0.000100  -0.007134
      552 0.000099  -0.007039
      398 0.000099  -0.007025
      591 0.000099   0.007019
      227 0.000098   0.006994
      645 0.000097   0.006901
      600 0.000096  -0.006805
      616 0.000095  -0.006722
      308 0.000094  -0.006685
      222 0.000093  -0.006640
      291 0.000091   0.006470
      594 0.000090  -0.006372
      882 0.000089   0.006343
      744 0.000089  -0.006308
      778 0.000089  -0.006300
      840 0.000088  -0.006285
      394 0.000087   0.006187
      632 0.000087   0.006184
      638 0.000086  -0.006134
      843 0.000086  -0.006094
      268 0.000085  -0.006039
      290 0.000085   0.006024
      734 0.000084  -0.005993
      782 0.000084  -0.005958
      611 0.000083  -0.005886
      367 0.000082   0.005858
      844 0.000082  -0.005842
      684 0.000082  -0.005830
      386 0.000082   0.005806
      832 0.000080   0.005693
      343 0.000080  -0.005686
      610 0.000079  -0.005608
      266 0.000079  -0.005595
      302 0.000079  -0.005583
      798 0.000078   0.005540
      654 0.000078   0.005519
      355 0.000077   0.005474
     1095 0.000076  -0.005399
      364 0.000075   0.005352
      588 0.000075   0.005339
      864 0.000075   0.005334
      337 0.000075  -0.005306
      937 0.000075  -0.005297
      581 0.000074  -0.005249
      261 0.000074  -0.005226
      329 0.000073  -0.005208
      728 0.000072  -0.005095
      223 0.000071   0.005060
      560 0.000071  -0.005045
      569 0.000070   0.004967
      597 0.000069  -0.004937
      740 0.000069  -0.004931
      572 0.000069  -0.004886
      236 0.000069   0.004881
      943 0.000068   0.004857
      206 0.000068   0.004852
      332 0.000068  -0.004847
      428 0.000068   0.004827
      323 0.000068  -0.004804
      948 0.000067   0.004768
      748 0.000067  -0.004742
      584 0.000066  -0.004693
      414 0.000066   0.004688
      955 0.000066   0.004684
      374 0.000066   0.004682
      978 0.000066   0.004657
      723 0.000065  -0.004637
      701 0.000065  -0.004634
      325 0.000065  -0.004630
     1005 0.000064   0.004540
      561 0.000062   0.004437
      589 0.000062  -0.004425
      826 0.000062  -0.004404
      913 0.000062  -0.004375
      169 0.000061  -0.004350
      360 0.000060  -0.004289
      245 0.000059  -0.004229
      545 0.000059  -0.004204
      789 0.000059   0.004168
      765 0.000058   0.004145
      775 0.000058   0.004089
      539 0.000057   0.004036
      590 0.000057  -0.004035
      884 0.000057  -0.004034
      636 0.000056  -0.003967
      333 0.000055  -0.003926
      298 0.000055  -0.003915
      297 0.000055  -0.003899
      870 0.000055  -0.003895
      922 0.000055  -0.003883
      879 0.000054  -0.003862
      860 0.000054  -0.003847
      880 0.000054   0.003838
      763 0.000054   0.003833
      803 0.000054   0.003810
      357 0.000053   0.003777
       93 0.000053  -0.003749
      216 0.000052  -0.003705
      320 0.000052   0.003668
      350 0.000051  -0.003651
      894 0.000051  -0.003606
      831 0.000051   0.003604
      776 0.000051  -0.003591
      425 0.000050   0.003567
      609 0.000050   0.003567
      275 0.000050  -0.003564
      895 0.000049   0.003519
      164 0.000049   0.003507
      821 0.000049  -0.003489
      288 0.000049  -0.003460
      874 0.000048  -0.003436
      823 0.000048   0.003415
      315 0.000048   0.003399
      627 0.000048   0.003386
      318 0.000047  -0.003355
      805 0.000047  -0.003342
      528 0.000047   0.003309
      331 0.000046   0.003290
      722 0.000046  -0.003241
      359 0.000046  -0.003240
      802 0.000045   0.003227
      650 0.000045  -0.003176
      891 0.000044  -0.003160
      287 0.000044   0.003129
      904 0.000044   0.003100
      649 0.000043  -0.003082
      406 0.000043  -0.003034
      313 0.000042  -0.002988
      792 0.000042   0.002977
      165 0.000042   0.002962
      293 0.000041   0.002915
      334 0.000041   0.002890
      250 0.000041   0.002885
      214 0.000040   0.002851
      863 0.000039  -0.002780
      252 0.000039  -0.002775
       88 0.000039  -0.002753
      540 0.000039  -0.002748
      198 0.000039   0.002739
      402 0.000038  -0.002719
      613 0.000038   0.002716
      535 0.000038   0.002705
      319 0.000038   0.002688
      881 0.000037  -0.002662
      335 0.000037  -0.002651
      542 0.000037   0.002636
       75 0.000036  -0.002591
      104 0.000036   0.002590
      226 0.000036  -0.002525
      390 0.000035   0.002517
      225 0.000035  -0.002507
      694 0.000035   0.002466
      152 0.000034   0.002444
      942 0.000034   0.002439
      382 0.000034   0.002432
      399 0.000034  -0.002402
      935 0.000034  -0.002394
      491 0.000034   0.002394
      328 0.000034  -0.002382
      260 0.000033   0.002377
      987 0.000033   0.002369
      259 0.000033  -0.002362
      136 0.000033   0.002356
      215 0.000033  -0.002340
      409 0.000033  -0.002332
       59 0.000033   0.002327
      274 0.000033   0.002325
      448 0.000033   0.002320
      680 0.000032   0.002307
      338 0.000032   0.002299
      310 0.000032  -0.002298
      928 0.000032  -0.002289
      349 0.000032   0.002255
      397 0.000032  -0.002253
      279 0.000032  -0.002244
      488 0.000031   0.002222
      518 0.000031   0.002203
      289 0.000031   0.002185
      769 0.000031   0.002182
      224 0.000030  -0.002160
      933 0.000030   0.002157
      950 0.000030  -0.002150
      272 0.000030  -0.002145
      532 0.000030   0.002135
      282 0.000030  -0.002127
      131 0.000030   0.002123
      123 0.000030  -0.002121
     1001 0.000030  -0.002115
       57 0.000030   0.002109
      358 0.000029   0.002087
      114 0.000029   0.002086
      410 0.000029  -0.002076
      336 0.000029  -0.002051
      475 0.000029  -0.002049
      681 0.000029  -0.002032
       74 0.000028  -0.002022
      603 0.000028  -0.002010
      347 0.000028  -0.002002
       99 0.000028  -0.001999
       55 0.000028   0.001988
      867 0.000028   0.001985
       76 0.000028   0.001962
      118 0.000028   0.001958
      964 0.000027   0.001946
      112 0.000027  -0.001923
      530 0.000027   0.001909
      101 0.000027  -0.001896
     1032 0.000026   0.001881
      762 0.000026   0.001873
      965 0.000026  -0.001870
       67 0.000026  -0.001869
       53 0.000026   0.001868
       98 0.000026  -0.001867
      407 0.000026  -0.001864
      524 0.000026  -0.001860
      988 0.000026  -0.001845
       94 0.000026  -0.001842
      160 0.000026   0.001838
      837 0.000025  -0.001808
      385 0.000025  -0.001800
     1025 0.000025   0.001797
       60 0.000025   0.001794
      285 0.000025   0.001778
       95 0.000025  -0.001762
      316 0.000025  -0.001753
      957 0.000025   0.001748
      342 0.000025   0.001745
      170 0.000024   0.001730
      139 0.000024   0.001728
      432 0.000024   0.001723
      158 0.000024   0.001706
      405 0.000024   0.001703
      993 0.000024   0.001700
      858 0.000024  -0.001682
       78 0.000024   0.001680
      445 0.000023  -0.001661
      146 0.000023   0.001622
      849 0.000023   0.001621
       65 0.000023   0.001618
      811 0.000023   0.001613
      971 0.000023  -0.001612
      304 0.000022  -0.001562
      921 0.000022  -0.001549
      413 0.000022   0.001533
      712 0.000021   0.001520
      162 0.000021   0.001520
      479 0.000021   0.001519
     1096 0.000021   0.001515
      188 0.000021  -0.001507
      159 0.000021   0.001506
      151 0.000021   0.001500
      181 0.000021   0.001500
      833 0.000021  -0.001494
      339 0.000021   0.001492
     1034 0.000021  -0.001482
      157 0.000021  -0.001470
      195 0.000021  -0.001468
       72 0.000021   0.001466
      842 0.000021  -0.001460
      296 0.000020  -0.001451
      424 0.000020  -0.001451
      351 0.000020  -0.001447
      554 0.000020  -0.001438
      841 0.000020   0.001437
     1017 0.000020   0.001429
      598 0.000020  -0.001421
      856 0.000020   0.001399
      150 0.000020  -0.001398
      608 0.000019   0.001384
      637 0.000019   0.001377
      685 0.000019  -0.001376
      526 0.000019   0.001376
      724 0.000019   0.001368
      213 0.000019   0.001368
      134 0.000019  -0.001360
      927 0.000019  -0.001359
      519 0.000019   0.001348
      839 0.000019   0.001345
      555 0.000019   0.001341
       80 0.000019  -0.001333
      330 0.000019   0.001330
      420 0.000019   0.001327
       62 0.000019   0.001321
      644 0.000019  -0.001320
      648 0.000018  -0.001314
      113 0.000018   0.001308
      695 0.000018  -0.001297
       84 0.000018   0.001277
      705 0.000018  -0.001269
      900 0.000018  -0.001262
      565 0.000018  -0.001262
       79 0.000018  -0.001255
      810 0.000018   0.001255
      244 0.000018  -0.001251
      559 0.000018   0.001250
      714 0.000018  -0.001248
      455 0.000018  -0.001245
      814 0.000017   0.001244
      375 0.000017  -0.001243
      966 0.000017   0.001230
      463 0.000017  -0.001217
       82 0.000017   0.001215
      249 0.000017  -0.001213
      502 0.000017   0.001210
      536 0.000017  -0.001206
      514 0.000017   0.001204
      809 0.000017   0.001196
      633 0.000017  -0.001193
       92 0.000017   0.001185
      512 0.000017  -0.001184
      180 0.000017  -0.001181
      345 0.000017   0.001181
      163 0.000017   0.001178
      322 0.000017  -0.001176
      125 0.000017   0.001176
      934 0.000016  -0.001173
      917 0.000016   0.001170
      983 0.000016   0.001170
      434 0.000016   0.001165
      142 0.000016   0.001160
      344 0.000016  -0.001159
       87 0.000016  -0.001158
      120 0.000016   0.001150
      154 0.000016  -0.001132
      437 0.000016   0.001125
      489 0.000016   0.001124
      794 0.000016   0.001124
     1073 0.000016  -0.001114
       63 0.000016  -0.001112
      647 0.000015   0.001087
      458 0.000015   0.001086
      669 0.000015   0.001079
      111 0.000015   0.001070
     1052 0.000015   0.001065
       56 0.000015  -0.001050
      655 0.000015  -0.001049
     1010 0.000015   0.001047
       10 0.000015   0.001043
      192 0.000015   0.001040
      977 0.000015   0.001032
      538 0.000014   0.001027
        9 0.000014   0.001026
      109 0.000014   0.001012
      452 0.000014  -0.001008
       66 0.000014  -0.001000
      401 0.000014   0.000991
      346 0.000014   0.000982
      619 0.000014   0.000982
      759 0.000014   0.000979
      147 0.000014   0.000978
      732 0.000014   0.000976
      830 0.000014   0.000961
      178 0.000014   0.000960
       52 0.000013  -0.000944
      387 0.000013   0.000943
     1009 0.000013  -0.000943
      265 0.000013   0.000938
      816 0.000013   0.000935
      643 0.000013  -0.000932
      278 0.000013  -0.000931
      729 0.000013   0.000928
       85 0.000013   0.000922
       81 0.000013   0.000920
      646 0.000013   0.000916
      133 0.000013  -0.000915
       23 0.000013  -0.000904
       73 0.000013  -0.000903
      916 0.000013  -0.000898
      309 0.000013   0.000891
       96 0.000013   0.000891
      145 0.000012  -0.000887
      221 0.000012   0.000886
      450 0.000012  -0.000885
      340 0.000012  -0.000877
      662 0.000012  -0.000862
      902 0.000012  -0.000861
      938 0.000012   0.000855
      106 0.000012   0.000848
      248 0.000012  -0.000844
       21 0.000012  -0.000840
      677 0.000012   0.000838
      314 0.000012  -0.000837
      804 0.000012  -0.000831
      883 0.000012   0.000828
      505 0.000011   0.000814
     1016 0.000011  -0.000812
      129 0.000011   0.000812
      103 0.000011  -0.000808
       90 0.000011  -0.000808
      144 0.000011   0.000804
      284 0.000011   0.000803
      395 0.000011   0.000802
      483 0.000011  -0.000801
      548 0.000011  -0.000796
      634 0.000011  -0.000787
      378 0.000011   0.000786
      404 0.000011   0.000785
     1020 0.000011  -0.000784
       77 0.000011   0.000780
      907 0.000011   0.000778
      197 0.000011   0.000775
      653 0.000011  -0.000772
      487 0.000011  -0.000765
      796 0.000011   0.000752
      166 0.000011   0.000748
      461 0.000011   0.000748
      994 0.000010  -0.000740
      898 0.000010   0.000739
      371 0.000010  -0.000728
       24 0.000010   0.000726
      200 0.000010  -0.000725
      835 0.000010  -0.000723
      791 0.000010   0.000718
euclid. distance of OLC and linear combination of EV * x_coef: 0.0063235133966041785

Generate samples based on objective loadcase 855
nr_to_generate: 25

Parameter variation distribution settings
distribution: uniform
low: 0.7
high: 1.3

Total process runtime: 0:00:01.399175
