Date and Time:2023-05-12 14:26:42.041748

Initial Settings:
similarity_model: <function cosine_similarity at 0x000001D005A6E5E0>
similarity_threshold: 1e-05
nr_eigv_to_select: None
distribution: uniform
deviation: 0.3
nr_to_generate: 25
recompute: False

Selected eigenvectors and similarity score w.r.t objective loadcase:
objective_loadcase_nr: 940
similarity_model: cosine_similarity
similarity_threshold: 1e-05
nr_eigv_to_select: None
nr_eigv_selected: 528
approximation parameter model: lstsq
similarity score and approx. param. value
:  eigv_idx    score      value
        1 0.550800  76.467090
        3 0.544402  75.578844
        2 0.492118 -68.320323
        0 0.393671  54.653049
        6 0.050588   7.023055
       39 0.018533   2.572858
        4 0.010490   1.456349
      639 0.003520   0.488629
      186 0.002423  -0.336351
       68 0.002202  -0.305756
      612 0.001991  -0.276436
      593 0.001959  -0.271939
      586 0.001799   0.249733
      218 0.001696  -0.235519
      710 0.001622  -0.225224
      716 0.001609   0.223330
      187 0.001596  -0.221639
      618 0.001418   0.196911
      663 0.001333  -0.185028
      668 0.001332   0.184969
      595 0.001161   0.161149
      194 0.001106   0.153509
      659 0.000995  -0.138196
      686 0.000974  -0.135204
      617 0.000924   0.128213
      143 0.000920   0.127738
      388 0.000866  -0.120177
      626 0.000850   0.118048
      688 0.000837  -0.116251
      183 0.000782   0.108589
      599 0.000746   0.103607
      749 0.000728  -0.101030
      562 0.000721  -0.100102
      582 0.000717  -0.099516
      635 0.000711   0.098677
      182 0.000705  -0.097827
      670 0.000690   0.095733
      700 0.000688   0.095548
      578 0.000680   0.094357
      579 0.000675   0.093749
      621 0.000637  -0.088415
      683 0.000607   0.084249
      733 0.000595   0.082547
      698 0.000585  -0.081276
      253 0.000583  -0.080896
      184 0.000580  -0.080493
      666 0.000572  -0.079378
      341 0.000540   0.075003
      718 0.000520  -0.072174
      704 0.000513  -0.071232
      602 0.000509  -0.070732
      708 0.000509   0.070616
      174 0.000490   0.068021
      153 0.000482   0.066945
      735 0.000476  -0.066090
      606 0.000451  -0.062543
      567 0.000448  -0.062141
      210 0.000439  -0.060974
      577 0.000432  -0.059998
      709 0.000418  -0.057990
      699 0.000406  -0.056401
      641 0.000406  -0.056351
       70 0.000388   0.053922
      204 0.000374   0.051858
      220 0.000372  -0.051687
      583 0.000371  -0.051529
      620 0.000369  -0.051255
      267 0.000365  -0.050730
      575 0.000360   0.050029
      228 0.000356  -0.049419
      362 0.000345  -0.047961
      601 0.000338   0.046981
      756 0.000335  -0.046570
      848 0.000319  -0.044327
      243 0.000318   0.044173
      707 0.000315  -0.043760
      412 0.000304  -0.042167
      419 0.000303  -0.042125
      757 0.000303  -0.042013
      807 0.000294   0.040824
      403 0.000291   0.040451
      383 0.000289   0.040063
      179 0.000287   0.039820
      199 0.000283  -0.039356
      137 0.000280  -0.038854
      576 0.000278  -0.038591
      631 0.000274  -0.038083
      696 0.000271  -0.037571
      570 0.000262  -0.036402
      587 0.000261   0.036289
      171 0.000261  -0.036174
      604 0.000251  -0.034794
      628 0.000248   0.034387
      258 0.000247  -0.034324
      753 0.000244  -0.033915
      741 0.000241   0.033439
      853 0.000240  -0.033333
      787 0.000232   0.032243
      400 0.000232  -0.032165
      739 0.000228  -0.031658
      377 0.000220  -0.030583
      564 0.000218  -0.030196
      658 0.000217   0.030123
      277 0.000215   0.029876
      573 0.000215   0.029795
      580 0.000208  -0.028905
      356 0.000208  -0.028860
      269 0.000207  -0.028762
      132 0.000207   0.028689
       71 0.000206  -0.028564
      815 0.000203  -0.028134
      230 0.000203  -0.028132
      665 0.000197  -0.027341
      175 0.000196  -0.027233
      273 0.000194  -0.026986
      750 0.000190   0.026319
      941 0.000184  -0.025555
      549 0.000183  -0.025409
      255 0.000181  -0.025166
      369 0.000179   0.024818
      427 0.000179  -0.024784
      299 0.000178   0.024668
      301 0.000178  -0.024656
      793 0.000175  -0.024340
      585 0.000173  -0.023956
      800 0.000170  -0.023662
      667 0.000170   0.023639
      711 0.000169   0.023487
      271 0.000169   0.023441
      726 0.000168  -0.023387
      828 0.000168  -0.023325
      857 0.000164  -0.022766
      687 0.000163   0.022562
      217 0.000159  -0.022067
      557 0.000157  -0.021757
      380 0.000156   0.021634
      254 0.000154   0.021356
      784 0.000153  -0.021262
      247 0.000151   0.020996
      161 0.000151   0.020988
      574 0.000151  -0.020921
      605 0.000149  -0.020745
      227 0.000148   0.020598
      820 0.000148  -0.020551
      790 0.000145   0.020163
      743 0.000145  -0.020095
      818 0.000145  -0.020061
      398 0.000142  -0.019773
      206 0.000142   0.019708
      295 0.000141  -0.019603
      566 0.000140   0.019419
      353 0.000138  -0.019187
      629 0.000138  -0.019137
      640 0.000136  -0.018884
      236 0.000134   0.018618
      234 0.000132   0.018378
      239 0.000132   0.018361
      847 0.000131   0.018165
      235 0.000130  -0.018044
      148 0.000129   0.017884
      600 0.000129  -0.017844
      859 0.000128   0.017802
      392 0.000127   0.017646
      638 0.000126  -0.017495
      553 0.000126  -0.017488
      855 0.000125  -0.017409
      361 0.000125   0.017359
      690 0.000125   0.017351
      223 0.000125   0.017335
      908 0.000121  -0.016853
      354 0.000121   0.016852
      561 0.000121   0.016834
      373 0.000120  -0.016686
      697 0.000120   0.016614
      795 0.000120   0.016597
      436 0.000119   0.016473
      423 0.000118  -0.016448
      431 0.000118  -0.016441
      263 0.000117  -0.016191
      257 0.000116  -0.016158
      759 0.000116   0.016115
      974 0.000116   0.016087
      645 0.000116   0.016046
      824 0.000115   0.016010
      736 0.000113  -0.015675
      251 0.000113  -0.015652
      808 0.000112   0.015565
       91 0.000112  -0.015533
      107 0.000112  -0.015487
      294 0.000109  -0.015196
      241 0.000109   0.015103
      829 0.000109   0.015064
      801 0.000108  -0.014931
      798 0.000107   0.014893
      742 0.000105  -0.014544
      312 0.000105  -0.014538
      594 0.000104  -0.014408
      281 0.000103   0.014350
      308 0.000103  -0.014283
      596 0.000102  -0.014144
      632 0.000102   0.014141
      840 0.000101  -0.014062
      591 0.000101   0.014060
      882 0.000099   0.013722
      581 0.000097  -0.013500
      268 0.000096  -0.013387
      799 0.000095  -0.013228
      844 0.000094  -0.013087
      778 0.000094  -0.013028
      684 0.000093  -0.012908
      266 0.000091  -0.012671
      740 0.000091  -0.012651
      614 0.000091   0.012638
      611 0.000090  -0.012561
      364 0.000089   0.012406
      832 0.000089   0.012337
      584 0.000087  -0.012142
      343 0.000087  -0.012082
      298 0.000087  -0.012016
      734 0.000086  -0.011887
     1095 0.000085  -0.011852
      367 0.000085   0.011848
      394 0.000084   0.011715
      723 0.000084  -0.011707
      302 0.000083  -0.011590
      222 0.000082  -0.011426
      803 0.000082   0.011319
      355 0.000081   0.011281
      728 0.000081  -0.011234
      332 0.000080  -0.011084
      337 0.000080  -0.011049
      291 0.000080   0.011042
      569 0.000079   0.011004
      289 0.000079   0.011002
      770 0.000078   0.010835
      386 0.000078   0.010820
       69 0.000077  -0.010621
      572 0.000076  -0.010498
      226 0.000075  -0.010446
      374 0.000075   0.010422
      627 0.000075   0.010406
      955 0.000075   0.010355
      701 0.000074  -0.010332
      225 0.000074  -0.010256
      275 0.000073  -0.010102
      748 0.000073  -0.010090
      209 0.000073  -0.010076
      937 0.000073  -0.010073
      428 0.000073   0.010072
      262 0.000072  -0.009931
      826 0.000071  -0.009914
      744 0.000071  -0.009894
      782 0.000071  -0.009821
     1005 0.000069   0.009647
      843 0.000069  -0.009642
      802 0.000069   0.009561
      261 0.000069  -0.009539
      414 0.000068   0.009474
      722 0.000068  -0.009447
      978 0.000067   0.009342
      913 0.000067  -0.009327
      545 0.000067  -0.009259
      560 0.000066  -0.009216
      359 0.000066  -0.009130
      425 0.000065   0.009078
      654 0.000065   0.009077
      776 0.000065  -0.009064
      773 0.000065   0.009039
      313 0.000065  -0.009019
      616 0.000064  -0.008917
      292 0.000062  -0.008649
      922 0.000062  -0.008635
      319 0.000061   0.008525
      879 0.000060  -0.008367
      552 0.000060  -0.008355
      325 0.000060  -0.008318
      249 0.000059  -0.008234
      864 0.000059   0.008206
      650 0.000058  -0.008035
      539 0.000057   0.007978
      762 0.000057   0.007974
      863 0.000057  -0.007875
      805 0.000057  -0.007847
      948 0.000056   0.007794
      891 0.000055  -0.007591
      765 0.000054   0.007542
      895 0.000054   0.007523
      279 0.000054  -0.007476
      870 0.000054  -0.007428
      201 0.000053  -0.007393
      597 0.000053  -0.007309
      831 0.000053   0.007301
      240 0.000052   0.007243
      193 0.000052  -0.007230
      232 0.000051  -0.007143
      694 0.000051   0.007020
      286 0.000051   0.007016
      589 0.000050  -0.006993
      329 0.000050  -0.006992
      407 0.000050  -0.006945
      608 0.000050  -0.006903
      315 0.000049   0.006842
      528 0.000049   0.006823
      590 0.000049  -0.006810
      357 0.000048   0.006696
      821 0.000048  -0.006675
      360 0.000046  -0.006374
      874 0.000045  -0.006280
      322 0.000045  -0.006199
      542 0.000045   0.006195
      323 0.000044  -0.006126
      943 0.000043   0.005987
      237 0.000043  -0.005980
      880 0.000043   0.005946
      860 0.000043  -0.005923
      792 0.000042   0.005883
      252 0.000042   0.005881
      540 0.000042  -0.005845
      588 0.000041   0.005757
      535 0.000041   0.005694
       93 0.000041  -0.005663
      858 0.000041  -0.005640
      823 0.000041   0.005633
      409 0.000040  -0.005507
      884 0.000039  -0.005479
      987 0.000039   0.005469
      390 0.000039   0.005429
      789 0.000039   0.005427
      264 0.000039  -0.005422
      867 0.000039   0.005366
      894 0.000038  -0.005301
      881 0.000038  -0.005282
      169 0.000038  -0.005258
      928 0.000038  -0.005251
      904 0.000037   0.005099
      448 0.000036   0.005028
      649 0.000035  -0.004856
      677 0.000035   0.004856
      397 0.000035  -0.004794
      625 0.000034   0.004788
      636 0.000034  -0.004787
     1001 0.000034  -0.004778
      568 0.000034  -0.004776
      518 0.000034   0.004764
      950 0.000034  -0.004701
      138 0.000034   0.004680
      310 0.000033  -0.004647
      646 0.000033   0.004642
      287 0.000033   0.004613
      609 0.000033  -0.004583
      491 0.000033   0.004582
      350 0.000033  -0.004518
      309 0.000032  -0.004482
      933 0.000032   0.004474
      321 0.000032  -0.004466
      965 0.000032  -0.004443
      331 0.000032  -0.004406
      288 0.000031  -0.004293
      532 0.000031   0.004256
      993 0.000030   0.004230
      445 0.000030  -0.004229
      410 0.000030  -0.004228
      530 0.000030   0.004199
      942 0.000030   0.004171
      283 0.000030   0.004150
      259 0.000030  -0.004147
      763 0.000030  -0.004140
      680 0.000030   0.004137
      198 0.000030  -0.004131
     1025 0.000030   0.004107
      488 0.000029   0.004071
      780 0.000029  -0.004041
      244 0.000029  -0.004015
     1032 0.000028   0.003952
      382 0.000028   0.003944
      475 0.000028  -0.003906
       98 0.000028  -0.003890
      842 0.000028  -0.003885
      297 0.000028  -0.003885
      424 0.000027  -0.003801
      524 0.000027  -0.003736
      290 0.000027   0.003730
      250 0.000026  -0.003645
      351 0.000026  -0.003620
      314 0.000026   0.003582
      304 0.000025   0.003517
       88 0.000025  -0.003473
      368 0.000025  -0.003469
      342 0.000025   0.003446
     1017 0.000025   0.003444
      363 0.000025   0.003412
      681 0.000024  -0.003385
       87 0.000024   0.003367
      432 0.000024   0.003265
      365 0.000023   0.003209
      330 0.000023  -0.003174
      685 0.000023  -0.003149
      938 0.000023   0.003147
      900 0.000022  -0.003107
      104 0.000022   0.003089
      324 0.000022  -0.003047
      558 0.000022   0.003037
     1034 0.000022  -0.003035
      376 0.000022   0.002998
      320 0.000022  -0.002995
      406 0.000021   0.002984
      804 0.000021  -0.002950
      642 0.000021  -0.002920
      502 0.000021   0.002902
      755 0.000021  -0.002886
      519 0.000021   0.002884
      242 0.000021   0.002852
      917 0.000020   0.002838
      714 0.000020  -0.002801
      345 0.000020   0.002766
      248 0.000020  -0.002724
      455 0.000020  -0.002716
      526 0.000019   0.002700
      229 0.000019   0.002698
       45 0.000019  -0.002686
      662 0.000019  -0.002670
      296 0.000019   0.002660
      346 0.000019   0.002658
      814 0.000019   0.002655
      479 0.000019   0.002643
      489 0.000019   0.002637
      317 0.000019   0.002634
      536 0.000019  -0.002618
       84 0.000019  -0.002578
      830 0.000019   0.002573
      775 0.000018   0.002568
      385 0.000018  -0.002557
      505 0.000018   0.002529
      437 0.000018   0.002467
      935 0.000018  -0.002456
      463 0.000018  -0.002430
      949 0.000017   0.002413
      512 0.000017  -0.002412
      794 0.000017   0.002387
      284 0.000017   0.002377
      514 0.000017   0.002360
     1052 0.000017   0.002343
      964 0.000016   0.002283
      538 0.000016   0.002280
      458 0.000016   0.002251
      610 0.000016   0.002216
      613 0.000016  -0.002209
      318 0.000016   0.002195
      598 0.000016   0.002181
      856 0.000016   0.002179
       90 0.000015   0.002128
      988 0.000015  -0.002109
      849 0.000015  -0.002089
      344 0.000015  -0.002067
      603 0.000015  -0.002063
      921 0.000015  -0.002061
       43 0.000015   0.002060
      347 0.000015  -0.002057
      838 0.000015   0.002055
      732 0.000015   0.002051
      927 0.000015  -0.002033
      352 0.000015  -0.002029
      971 0.000014  -0.001998
      656 0.000014  -0.001972
      705 0.000014  -0.001951
      336 0.000014   0.001950
      450 0.000014  -0.001948
      623 0.000014   0.001938
      966 0.000014   0.001920
      402 0.000014   0.001915
      556 0.000014  -0.001885
      702 0.000014  -0.001875
      695 0.000013  -0.001872
      565 0.000013   0.001858
      123 0.000013   0.001857
      371 0.000013   0.001854
      907 0.000013   0.001830
      934 0.000013  -0.001821
       92 0.000013   0.001819
      426 0.000013   0.001802
       81 0.000013  -0.001794
      339 0.000013   0.001794
      957 0.000013   0.001773
      839 0.000013  -0.001767
      375 0.000013   0.001749
       97 0.000013   0.001749
       51 0.000013   0.001741
      746 0.000013  -0.001739
     1010 0.000013   0.001736
      571 0.000012  -0.001731
      282 0.000012  -0.001729
      875 0.000012   0.001722
      727 0.000012  -0.001719
       86 0.000012   0.001714
      852 0.000012   0.001712
      328 0.000012  -0.001700
      816 0.000012   0.001694
      462 0.000012   0.001689
      348 0.000012  -0.001688
      483 0.000012  -0.001685
      307 0.000012  -0.001680
      358 0.000012   0.001679
      224 0.000012  -0.001668
      713 0.000012   0.001656
      534 0.000012  -0.001638
      387 0.000012   0.001632
      876 0.000012   0.001610
      180 0.000012   0.001603
       54 0.000011  -0.001582
     1047 0.000011   0.001567
      125 0.000011  -0.001536
       57 0.000011  -0.001532
      449 0.000011  -0.001500
      478 0.000011   0.001499
      272 0.000011   0.001499
      883 0.000011   0.001495
      238 0.000011   0.001479
      396 0.000011   0.001479
       55 0.000010  -0.001457
      473 0.000010  -0.001457
      655 0.000010   0.001437
      379 0.000010   0.001437
      796 0.000010   0.001432
      510 0.000010  -0.001430
      152 0.000010  -0.001423
     1073 0.000010  -0.001420
      664 0.000010  -0.001413
      418 0.000010  -0.001413
euclid. distance of OLC and linear combination of EV * x_coef: 0.013322350976997186

Generate samples based on objective loadcase 940
nr_to_generate: 25

Parameter variation distribution settings
distribution: uniform
low: 0.7
high: 1.3

Total process runtime: 0:00:01.318710
