Date and Time:2023-05-12 14:22:38.461319

Initial Settings:
similarity_model: <function cosine_similarity at 0x000001D005A6E5E0>
similarity_threshold: 1e-05
nr_eigv_to_select: None
distribution: uniform
deviation: 0.3
nr_to_generate: 25
recompute: False

Selected eigenvectors and similarity score w.r.t objective loadcase:
objective_loadcase_nr: 759
similarity_model: cosine_similarity
similarity_threshold: 1e-05
nr_eigv_to_select: None
nr_eigv_selected: 506
approximation parameter model: lstsq
similarity score and approx. param. value
:  eigv_idx    score      value
        3 0.564855  30.369810
        1 0.532239  28.616166
        2 0.505966 -27.203608
        0 0.373177  20.064123
        6 0.040212   2.162032
       39 0.023946   1.287488
        4 0.011647   0.626227
      639 0.003537   0.190183
      186 0.002160  -0.116144
      593 0.002101  -0.112968
      218 0.002083  -0.112017
      612 0.002022  -0.108697
      586 0.001924   0.103421
      710 0.001567  -0.084265
      187 0.001446  -0.077769
      716 0.001406   0.075580
      663 0.001248  -0.067118
      595 0.001239   0.066616
      618 0.001217   0.065459
       68 0.001178  -0.063326
      668 0.001162   0.062484
      143 0.001057   0.056840
      626 0.000997   0.053606
      194 0.000956   0.051376
      686 0.000929  -0.049933
      388 0.000908  -0.048841
      659 0.000859  -0.046164
      617 0.000799   0.042983
      688 0.000798  -0.042890
      599 0.000795   0.042735
      749 0.000772  -0.041482
      582 0.000762  -0.040962
      562 0.000749  -0.040270
      635 0.000738   0.039699
      670 0.000704   0.037870
      621 0.000695  -0.037368
      183 0.000672   0.036113
      578 0.000638   0.034278
      341 0.000594   0.031918
      733 0.000593   0.031895
      182 0.000580  -0.031189
      579 0.000577   0.030999
      602 0.000557  -0.029940
      704 0.000552  -0.029704
      698 0.000547  -0.029436
       69 0.000541   0.029063
      718 0.000532  -0.028620
      606 0.000527  -0.028333
      567 0.000519  -0.027913
      683 0.000516   0.027766
      700 0.000514   0.027617
       71 0.000510   0.027441
      577 0.000484  -0.026037
      153 0.000482   0.025904
      708 0.000481   0.025838
      666 0.000480  -0.025813
      253 0.000477  -0.025646
      735 0.000467  -0.025086
      174 0.000461   0.024782
      184 0.000446  -0.024005
      575 0.000437   0.023494
      267 0.000422  -0.022706
      620 0.000416  -0.022377
      220 0.000415  -0.022291
      641 0.000402  -0.021618
      709 0.000395  -0.021233
      699 0.000377  -0.020278
      696 0.000360  -0.019359
      258 0.000354  -0.019058
      583 0.000348  -0.018721
      707 0.000344  -0.018499
      601 0.000341   0.018352
      848 0.000338  -0.018173
      228 0.000338  -0.018158
      210 0.000331  -0.017806
      753 0.000331  -0.017776
      412 0.000330  -0.017761
      137 0.000328  -0.017643
      807 0.000321   0.017259
      756 0.000320  -0.017187
      419 0.000319  -0.017137
      362 0.000309  -0.016637
      631 0.000305  -0.016380
      587 0.000292   0.015714
      243 0.000291   0.015626
      403 0.000288   0.015483
      757 0.000287  -0.015416
      273 0.000270  -0.014497
      383 0.000268   0.014411
      741 0.000259   0.013909
      793 0.000258  -0.013854
      853 0.000257  -0.013808
      227 0.000244   0.013114
      361 0.000243   0.013062
      179 0.000243   0.013039
      570 0.000239  -0.012850
      604 0.000234  -0.012601
      269 0.000232  -0.012487
      739 0.000232  -0.012469
      230 0.000228  -0.012273
      377 0.000226  -0.012168
      576 0.000226  -0.012164
      299 0.000214   0.011496
       70 0.000210   0.011276
      171 0.000208  -0.011192
      132 0.000207   0.011143
      580 0.000204  -0.010946
      204 0.000203   0.010927
      787 0.000200   0.010775
      750 0.000200   0.010773
      400 0.000200  -0.010767
      301 0.000194  -0.010434
      373 0.000191  -0.010294
      743 0.000191  -0.010290
      564 0.000190  -0.010220
      726 0.000190  -0.010206
      427 0.000190  -0.010202
      658 0.000189   0.010143
      628 0.000189   0.010141
      235 0.000188  -0.010090
      800 0.000187  -0.010052
      549 0.000182  -0.009802
      247 0.000182   0.009759
      175 0.000179  -0.009634
      263 0.000179  -0.009629
      239 0.000176   0.009489
      828 0.000173  -0.009301
      277 0.000173   0.009280
      941 0.000172  -0.009265
      855 0.000170  -0.009166
      255 0.000170  -0.009139
      820 0.000169  -0.009098
      199 0.000169  -0.009092
      392 0.000168   0.009009
      665 0.000165  -0.008869
      857 0.000164  -0.008812
      815 0.000164  -0.008798
      574 0.000163  -0.008753
      784 0.000161  -0.008650
      312 0.000159  -0.008551
      711 0.000158   0.008510
      818 0.000157  -0.008444
      355 0.000156   0.008411
      557 0.000156  -0.008394
      795 0.000154   0.008280
      271 0.000153   0.008252
      667 0.000152   0.008187
      742 0.000151  -0.008144
      573 0.000146   0.007860
      234 0.000145   0.007792
      687 0.000145   0.007769
      553 0.000141  -0.007600
      566 0.000141   0.007555
      398 0.000138  -0.007424
      808 0.000137   0.007380
      790 0.000134   0.007225
      591 0.000133   0.007146
      605 0.000132  -0.007120
      778 0.000132  -0.007078
      824 0.000132   0.007076
      294 0.000131  -0.007033
      241 0.000129   0.006916
      254 0.000128   0.006880
      251 0.000127  -0.006827
      367 0.000127   0.006817
      380 0.000126   0.006765
      423 0.000124  -0.006666
      859 0.000124   0.006645
      763 0.000123   0.006628
      736 0.000123  -0.006622
      431 0.000123  -0.006618
      616 0.000121  -0.006527
      369 0.000118   0.006358
      223 0.000118   0.006344
      690 0.000118   0.006340
      257 0.000118  -0.006329
      645 0.000117   0.006286
      354 0.000116   0.006258
      908 0.000116  -0.006229
      697 0.000116   0.006225
      847 0.000114   0.006109
      337 0.000113  -0.006049
      275 0.000111  -0.005987
      217 0.000110  -0.005941
      161 0.000110   0.005893
      236 0.000110   0.005888
      799 0.000108  -0.005821
      829 0.000108   0.005812
      974 0.000106   0.005688
      436 0.000104   0.005602
      638 0.000101  -0.005455
      684 0.000100  -0.005353
      332 0.000098  -0.005295
      353 0.000098  -0.005261
      744 0.000097  -0.005200
      840 0.000096  -0.005173
      569 0.000096   0.005148
      629 0.000095  -0.005090
      585 0.000094  -0.005057
      770 0.000094   0.005042
      600 0.000094  -0.005035
      775 0.000093   0.005026
      295 0.000093  -0.005023
      298 0.000093  -0.005014
      882 0.000092   0.004966
      290 0.000092   0.004964
       88 0.000092  -0.004929
      279 0.000091  -0.004917
      329 0.000091  -0.004894
      611 0.000091  -0.004882
      292 0.000089  -0.004775
      281 0.000089   0.004760
      728 0.000088  -0.004743
      844 0.000088  -0.004735
      206 0.000087   0.004694
      262 0.000086  -0.004609
      734 0.000086  -0.004609
      594 0.000086  -0.004607
      584 0.000085  -0.004579
      266 0.000082  -0.004419
      723 0.000081  -0.004353
      581 0.000079  -0.004248
     1095 0.000078  -0.004205
       93 0.000078  -0.004176
      572 0.000077  -0.004145
      107 0.000076  -0.004103
      390 0.000076   0.004088
      937 0.000076  -0.004070
      552 0.000076  -0.004066
      261 0.000074  -0.003986
      843 0.000074  -0.003968
      782 0.000073  -0.003948
      302 0.000072  -0.003888
      978 0.000072   0.003862
      632 0.000072   0.003860
      759 0.000071  -0.003817
      948 0.000071   0.003803
      148 0.000071   0.003802
      291 0.000071   0.003802
      104 0.000070   0.003783
      773 0.000070   0.003760
      268 0.000070  -0.003741
      701 0.000068  -0.003670
      364 0.000068  -0.003650
     1005 0.000068   0.003630
      560 0.000067  -0.003629
      342 0.000067   0.003616
      640 0.000067  -0.003610
      864 0.000066   0.003529
      913 0.000064  -0.003468
      321 0.000064  -0.003445
      955 0.000064   0.003440
      428 0.000064   0.003415
      801 0.000063  -0.003414
      308 0.000062  -0.003345
      198 0.000061   0.003306
      386 0.000061   0.003306
      860 0.000060  -0.003246
      539 0.000060   0.003228
      826 0.000060  -0.003227
      414 0.000060   0.003206
      545 0.000059  -0.003184
      832 0.000059   0.003182
      943 0.000058   0.003137
      425 0.000058   0.003121
      922 0.000058  -0.003120
      323 0.000058  -0.003119
      654 0.000058   0.003112
      589 0.000058  -0.003096
      313 0.000057  -0.003081
      356 0.000057  -0.003079
      407 0.000057  -0.003071
      748 0.000056  -0.003029
      325 0.000056  -0.003027
      322 0.000056  -0.003018
      201 0.000056  -0.003011
      722 0.000056  -0.003006
      895 0.000055   0.002979
      879 0.000055  -0.002962
      289 0.000055   0.002955
      769 0.000055   0.002936
      823 0.000055   0.002932
      765 0.000054   0.002925
      232 0.000054  -0.002898
      285 0.000053   0.002872
      561 0.000053   0.002851
      694 0.000053   0.002839
      319 0.000052   0.002807
      528 0.000052   0.002804
      792 0.000052   0.002775
      226 0.000052   0.002773
       91 0.000052  -0.002772
      831 0.000052   0.002770
      343 0.000051  -0.002759
      789 0.000051   0.002746
      821 0.000051  -0.002726
      870 0.000050  -0.002702
      627 0.000049   0.002641
      225 0.000049   0.002626
      614 0.000049   0.002623
      359 0.000049   0.002611
      880 0.000047   0.002530
      245 0.000047  -0.002519
      740 0.000047  -0.002511
      535 0.000045   0.002446
      891 0.000045  -0.002437
      374 0.000045   0.002429
      884 0.000044  -0.002358
      650 0.000044  -0.002358
      894 0.000044  -0.002357
      798 0.000043   0.002301
      874 0.000042  -0.002283
      805 0.000042  -0.002279
      597 0.000042  -0.002276
      588 0.000042  -0.002272
      904 0.000042   0.002259
      803 0.000042   0.002248
      283 0.000041   0.002209
      366 0.000040   0.002169
      357 0.000040  -0.002163
      397 0.000039  -0.002102
      240 0.000039  -0.002100
      169 0.000039  -0.002097
      131 0.000039   0.002071
      881 0.000039  -0.002071
      318 0.000038  -0.002038
      409 0.000038  -0.002023
      802 0.000037   0.001966
      518 0.000036   0.001962
      349 0.000036  -0.001948
      776 0.000036  -0.001927
      542 0.000036   0.001925
      540 0.000036  -0.001919
      491 0.000035   0.001906
      863 0.000035  -0.001904
      610 0.000035  -0.001900
      237 0.000035   0.001877
      297 0.000035  -0.001861
      942 0.000034   0.001854
      928 0.000034  -0.001851
      830 0.000034   0.001846
      950 0.000034  -0.001816
      532 0.000033   0.001780
      987 0.000033   0.001777
      488 0.000032   0.001734
      360 0.000032   0.001719
      448 0.000032   0.001718
      590 0.000031  -0.001680
      933 0.000031   0.001678
      224 0.000031  -0.001660
      636 0.000031  -0.001657
      410 0.000030  -0.001625
      222 0.000030  -0.001603
      842 0.000030  -0.001597
      677 0.000030   0.001595
      445 0.000029  -0.001582
     1001 0.000029  -0.001570
      310 0.000029  -0.001557
      350 0.000029   0.001553
      475 0.000028  -0.001519
      249 0.000028  -0.001511
      524 0.000028  -0.001499
      643 0.000028  -0.001490
     1032 0.000027   0.001473
      382 0.000027  -0.001432
      394 0.000026   0.001418
      284 0.000026   0.001396
      662 0.000026  -0.001382
      935 0.000026  -0.001379
      530 0.000026   0.001378
      867 0.000025   0.001349
      286 0.000025   0.001339
      608 0.000025  -0.001332
     1025 0.000025   0.001323
      278 0.000025   0.001322
      315 0.000024   0.001306
      424 0.000024  -0.001286
      964 0.000024   0.001268
      685 0.000024  -0.001265
     1034 0.000023  -0.001262
      209 0.000023  -0.001257
      727 0.000023  -0.001255
      526 0.000023   0.001235
      858 0.000023  -0.001232
      384 0.000023  -0.001222
      811 0.000022   0.001200
      993 0.000022   0.001194
      138 0.000022  -0.001192
      988 0.000022  -0.001184
      938 0.000022   0.001173
      971 0.000022  -0.001168
      244 0.000022  -0.001161
      568 0.000022   0.001161
      856 0.000022   0.001157
      957 0.000022   0.001157
      794 0.000021   0.001144
     1073 0.000021  -0.001135
      965 0.000021  -0.001134
      260 0.000021   0.001116
     1017 0.000021   0.001104
      432 0.000020   0.001102
      646 0.000020   0.001094
      791 0.000020   0.001063
      596 0.000020  -0.001055
      603 0.000020  -0.001054
      649 0.000019  -0.001042
      479 0.000019   0.001038
      810 0.000019   0.001038
      514 0.000019   0.001027
      814 0.000019   0.001026
       81 0.000019   0.001019
      455 0.000019  -0.001009
      259 0.000019  -0.001006
      536 0.000018  -0.000991
      921 0.000018  -0.000990
      900 0.000018  -0.000986
      502 0.000018   0.000982
      841 0.000018   0.000978
      714 0.000018  -0.000967
      437 0.000018   0.000964
      463 0.000018  -0.000962
      519 0.000018   0.000956
      917 0.000018   0.000951
     1010 0.000018   0.000950
      216 0.000018   0.000943
      334 0.000017   0.000937
      347 0.000017   0.000936
     1096 0.000017   0.000934
      512 0.000017  -0.000931
      927 0.000017  -0.000928
      221 0.000017  -0.000898
      248 0.000017   0.000887
      835 0.000016  -0.000880
      101 0.000016  -0.000870
      333 0.000016  -0.000869
       74 0.000016   0.000867
      242 0.000016  -0.000866
      505 0.000016   0.000861
       99 0.000016  -0.000852
      949 0.000016   0.000845
      833 0.000016  -0.000842
      489 0.000015   0.000830
      934 0.000015  -0.000816
     1052 0.000015   0.000802
      680 0.000015   0.000800
      609 0.000015   0.000800
      458 0.000015   0.000798
      296 0.000015  -0.000784
      229 0.000015  -0.000782
      780 0.000014   0.000777
      809 0.000014   0.000769
      152 0.000014   0.000769
       80 0.000014  -0.000764
      983 0.000014   0.000754
      320 0.000014   0.000749
      450 0.000014  -0.000743
      387 0.000014   0.000737
      669 0.000014   0.000736
       75 0.000014   0.000731
      732 0.000014   0.000731
      977 0.000013   0.000719
       98 0.000013  -0.000718
      136 0.000013  -0.000713
      351 0.000013   0.000712
      158 0.000013   0.000711
      413 0.000013  -0.000704
      215 0.000013   0.000703
      966 0.000013   0.000697
       73 0.000013   0.000696
      123 0.000013   0.000695
      265 0.000013   0.000674
      317 0.000012  -0.000664
      282 0.000012  -0.000659
      849 0.000012   0.000647
      197 0.000012  -0.000646
      619 0.000012   0.000641
      907 0.000012   0.000633
      816 0.000012   0.000632
      713 0.000012   0.000631
      112 0.000012  -0.000620
     1009 0.000011  -0.000617
      478 0.000011   0.000615
      144 0.000011   0.000615
      483 0.000011  -0.000607
      196 0.000011   0.000607
      538 0.000011   0.000601
      150 0.000011  -0.000599
      125 0.000011  -0.000596
      368 0.000011   0.000593
      883 0.000011   0.000583
      634 0.000011  -0.000578
      487 0.000011  -0.000577
      916 0.000011  -0.000575
      200 0.000011   0.000572
      142 0.000011   0.000572
      231 0.000010  -0.000563
      160 0.000010  -0.000560
      592 0.000010  -0.000560
      110 0.000010   0.000559
      195 0.000010   0.000559
       83 0.000010  -0.000551
      274 0.000010   0.000544
      462 0.000010   0.000541
      461 0.000010   0.000539
     1061 0.000010  -0.000539
      348 0.000010   0.000539
euclid. distance of OLC and linear combination of EV * x_coef: 0.004877811581917803

Generate samples based on objective loadcase 759
nr_to_generate: 25

Parameter variation distribution settings
distribution: uniform
low: 0.7
high: 1.3

Total process runtime: 0:00:01.282425
