Date and Time:2023-05-12 14:27:47.911689

Initial Settings:
similarity_model: <function cosine_similarity at 0x000001D005A6E5E0>
similarity_threshold: 1e-05
nr_eigv_to_select: None
distribution: uniform
deviation: 0.3
nr_to_generate: 25
recompute: False

Selected eigenvectors and similarity score w.r.t objective loadcase:
objective_loadcase_nr: 989
similarity_model: cosine_similarity
similarity_threshold: 1e-05
nr_eigv_to_select: None
nr_eigv_selected: 488
approximation parameter model: lstsq
similarity score and approx. param. value
:  eigv_idx    score      value
        3 0.549031  59.153651
        1 0.543476  58.555092
        2 0.501244 -54.004958
        0 0.385795  41.566241
        6 0.049311   5.312833
       39 0.022096   2.380672
        4 0.010935   1.178130
      639 0.003706   0.399327
      186 0.002336  -0.251672
      593 0.002166  -0.233366
      612 0.002098  -0.225994
      586 0.001970   0.212286
      218 0.001946  -0.209673
      716 0.001597   0.172020
      710 0.001582  -0.170442
      187 0.001565  -0.168635
      663 0.001354  -0.145851
      618 0.001329   0.143138
      668 0.001270   0.136859
      595 0.001260   0.135702
      194 0.001045   0.112556
      626 0.001003   0.108116
      686 0.000965  -0.104011
      659 0.000952  -0.102522
      388 0.000938  -0.101094
      143 0.000924   0.099506
       68 0.000878  -0.094647
      617 0.000875   0.094319
      599 0.000832   0.089691
      688 0.000818  -0.088182
      582 0.000789  -0.085053
      562 0.000778  -0.083800
      635 0.000770   0.083000
      670 0.000754   0.081265
      183 0.000718   0.077339
      621 0.000712  -0.076723
      182 0.000710  -0.076523
      578 0.000665   0.071663
      749 0.000647  -0.069753
      733 0.000632   0.068082
      700 0.000631   0.068002
      579 0.000625   0.067314
      698 0.000615  -0.066313
      341 0.000607   0.065363
       69 0.000593   0.063937
       71 0.000590   0.063534
      704 0.000586  -0.063137
      683 0.000585   0.063063
      602 0.000568  -0.061249
      718 0.000565  -0.060853
      184 0.000545  -0.058724
      606 0.000527  -0.056833
      666 0.000523  -0.056303
      567 0.000515  -0.055532
      253 0.000515  -0.055446
      153 0.000494   0.053192
      708 0.000492   0.052983
      174 0.000483   0.052048
      577 0.000480  -0.051721
      575 0.000444   0.047881
      699 0.000425  -0.045745
      620 0.000423  -0.045527
      641 0.000420  -0.045275
      735 0.000419  -0.045125
      220 0.000403  -0.043388
      267 0.000401  -0.043203
      709 0.000398  -0.042834
      210 0.000376  -0.040533
      707 0.000366  -0.039442
      583 0.000364  -0.039243
      696 0.000363  -0.039073
      807 0.000345   0.037145
      848 0.000344  -0.037115
      601 0.000343   0.036936
      412 0.000336  -0.036162
      228 0.000333  -0.035877
      362 0.000329  -0.035493
      419 0.000329  -0.035405
      258 0.000326  -0.035137
      631 0.000319  -0.034334
      753 0.000307  -0.033059
      587 0.000296   0.031945
      403 0.000296   0.031893
      756 0.000295  -0.031824
      179 0.000293   0.031601
      757 0.000279  -0.030058
      383 0.000269   0.028965
      243 0.000260   0.028022
      604 0.000259  -0.027899
      137 0.000257  -0.027695
      273 0.000251  -0.027019
      171 0.000250  -0.026971
      570 0.000247  -0.026654
      793 0.000245  -0.026360
      361 0.000242   0.026099
      377 0.000241  -0.025912
      576 0.000237  -0.025531
      580 0.000233  -0.025079
      204 0.000227   0.024437
      741 0.000223   0.024070
      853 0.000223  -0.024057
      227 0.000219   0.023598
      400 0.000214  -0.023047
      269 0.000211  -0.022739
      658 0.000208   0.022358
      230 0.000206  -0.022203
      564 0.000204  -0.022025
      628 0.000204   0.021999
      739 0.000203  -0.021836
      800 0.000201  -0.021677
      815 0.000199  -0.021440
      299 0.000198   0.021348
      301 0.000197  -0.021208
      373 0.000195  -0.021043
      427 0.000194  -0.020931
      941 0.000194  -0.020873
      828 0.000191  -0.020580
      199 0.000189  -0.020364
      549 0.000188  -0.020303
      175 0.000188  -0.020299
      574 0.000186  -0.020086
      820 0.000184  -0.019814
      255 0.000183  -0.019739
      247 0.000182   0.019578
      132 0.000180   0.019416
      665 0.000179  -0.019310
      784 0.000176  -0.018921
      573 0.000175   0.018883
      254 0.000174   0.018715
      787 0.000173   0.018620
      743 0.000171  -0.018410
      557 0.000171  -0.018394
      235 0.000168  -0.018071
      355 0.000167   0.017992
      711 0.000166   0.017920
      667 0.000166   0.017859
      855 0.000166  -0.017848
      392 0.000164   0.017715
      277 0.000164   0.017636
      271 0.000162   0.017489
      750 0.000162   0.017442
      726 0.000161  -0.017375
      687 0.000158   0.017063
      398 0.000155  -0.016726
      239 0.000155   0.016649
      263 0.000149  -0.016084
      795 0.000149   0.016047
       70 0.000149   0.016003
      312 0.000148  -0.015996
      566 0.000147   0.015833
      808 0.000147   0.015820
      234 0.000142   0.015271
      857 0.000141  -0.015234
      605 0.000139  -0.014951
      294 0.000138  -0.014918
      553 0.000137  -0.014793
      257 0.000137  -0.014783
      616 0.000136  -0.014645
      380 0.000136   0.014623
      818 0.000135  -0.014575
      161 0.000134   0.014430
      367 0.000133   0.014332
      690 0.000131   0.014096
      697 0.000129   0.013860
      591 0.000128   0.013828
      742 0.000128  -0.013804
      908 0.000128  -0.013794
      423 0.000128  -0.013776
      778 0.000127  -0.013722
      790 0.000127   0.013705
      431 0.000127  -0.013685
      217 0.000126  -0.013584
      645 0.000125   0.013518
      847 0.000125   0.013479
      736 0.000123  -0.013199
      236 0.000122   0.013189
      354 0.000120   0.012971
      974 0.000120   0.012954
      241 0.000118   0.012703
      799 0.000116  -0.012512
      251 0.000116  -0.012491
      369 0.000116   0.012470
      436 0.000113   0.012184
      275 0.000112  -0.012082
      569 0.000112   0.012060
      638 0.000111  -0.011982
      295 0.000111  -0.011950
      882 0.000110   0.011853
      353 0.000109  -0.011728
      840 0.000109  -0.011728
      584 0.000108  -0.011661
      684 0.000107  -0.011540
      824 0.000105   0.011297
      223 0.000104   0.011211
      629 0.000104  -0.011208
      859 0.000104   0.011199
      600 0.000099  -0.010716
      581 0.000098  -0.010535
      266 0.000097  -0.010488
      844 0.000097  -0.010459
      585 0.000097  -0.010450
      148 0.000096   0.010388
      292 0.000096  -0.010365
      337 0.000095  -0.010281
      262 0.000095  -0.010198
      611 0.000094  -0.010154
      281 0.000093   0.009984
      572 0.000091  -0.009790
      594 0.000090  -0.009735
     1095 0.000090  -0.009661
       88 0.000089  -0.009625
      261 0.000089  -0.009601
      723 0.000088  -0.009477
      744 0.000087  -0.009320
      734 0.000086  -0.009319
      198 0.000086   0.009273
      298 0.000086  -0.009260
      829 0.000086   0.009236
      279 0.000086  -0.009234
      728 0.000085  -0.009146
      390 0.000085   0.009131
      640 0.000082  -0.008871
      268 0.000082  -0.008802
      740 0.000082  -0.008788
      332 0.000081  -0.008734
      560 0.000079  -0.008534
      632 0.000079   0.008471
      329 0.000078  -0.008417
      302 0.000078  -0.008396
      798 0.000077   0.008310
      937 0.000077  -0.008292
      955 0.000077   0.008244
      552 0.000076  -0.008149
      107 0.000075  -0.008132
      832 0.000075   0.008111
      978 0.000075   0.008082
     1005 0.000074   0.008001
      291 0.000074   0.007994
       93 0.000074  -0.007937
      701 0.000073  -0.007858
      561 0.000070   0.007595
      364 0.000070  -0.007552
      913 0.000070  -0.007548
      428 0.000068   0.007350
      843 0.000068  -0.007326
      879 0.000068  -0.007317
      104 0.000068   0.007310
      782 0.000067  -0.007248
      948 0.000067   0.007192
      922 0.000066  -0.007095
      290 0.000065   0.007033
      425 0.000065   0.007029
      342 0.000065   0.006999
      775 0.000065   0.006950
      545 0.000064  -0.006884
      748 0.000064  -0.006881
      414 0.000063   0.006820
      386 0.000063   0.006799
      356 0.000063  -0.006777
      654 0.000063   0.006766
      722 0.000062  -0.006704
      891 0.000062  -0.006695
      232 0.000062  -0.006662
      539 0.000061   0.006580
      308 0.000061  -0.006523
      322 0.000060  -0.006439
      895 0.000058   0.006247
      323 0.000058  -0.006221
      313 0.000058  -0.006210
      826 0.000057  -0.006194
      407 0.000057  -0.006161
      226 0.000057   0.006123
      863 0.000056  -0.006087
      831 0.000056   0.006004
      821 0.000055  -0.005968
      770 0.000055   0.005901
      249 0.000055  -0.005891
      789 0.000055   0.005885
      225 0.000054   0.005859
      206 0.000054   0.005858
      528 0.000054   0.005777
      597 0.000053  -0.005742
      860 0.000053  -0.005736
      319 0.000053   0.005666
      762 0.000052   0.005615
      374 0.000052   0.005563
      803 0.000052   0.005555
      614 0.000051   0.005492
      359 0.000051   0.005491
      325 0.000051  -0.005481
      245 0.000051  -0.005475
      343 0.000051  -0.005447
      289 0.000050   0.005409
      765 0.000050   0.005387
      694 0.000049   0.005324
      321 0.000049  -0.005298
      792 0.000049   0.005254
      627 0.000048   0.005203
      397 0.000047  -0.005059
      776 0.000046  -0.004988
      535 0.000046   0.004970
      823 0.000046   0.004921
      366 0.000044   0.004780
      802 0.000044   0.004773
       91 0.000044  -0.004742
      542 0.000044   0.004732
      349 0.000044  -0.004712
      864 0.000044   0.004692
      650 0.000043  -0.004606
      588 0.000042  -0.004550
      357 0.000042  -0.004544
      763 0.000042   0.004475
      759 0.000041   0.004466
      881 0.000040  -0.004346
      773 0.000040   0.004342
      928 0.000040  -0.004315
      987 0.000040   0.004299
      589 0.000040  -0.004274
      240 0.000040  -0.004273
      540 0.000040  -0.004258
      409 0.000040  -0.004257
      870 0.000039  -0.004225
      169 0.000038  -0.004136
      518 0.000038   0.004055
      209 0.000038  -0.004052
      867 0.000037   0.003981
      285 0.000037   0.003974
      131 0.000036   0.003924
      491 0.000036   0.003916
      201 0.000036  -0.003897
      801 0.000036  -0.003895
      610 0.000036  -0.003886
      904 0.000035   0.003815
     1001 0.000035  -0.003795
      943 0.000035   0.003794
      448 0.000035   0.003787
      237 0.000035   0.003773
      297 0.000034  -0.003713
      532 0.000034   0.003680
      360 0.000034   0.003677
      933 0.000034   0.003655
      858 0.000034  -0.003622
      805 0.000034  -0.003617
      874 0.000033  -0.003574
      224 0.000033  -0.003546
      488 0.000033   0.003539
      284 0.000033   0.003521
      350 0.000033   0.003510
      677 0.000032   0.003473
      894 0.000032  -0.003461
      636 0.000032  -0.003444
      410 0.000032  -0.003412
      394 0.000031   0.003362
      445 0.000031  -0.003329
      965 0.000031  -0.003322
     1032 0.000030   0.003284
      590 0.000030  -0.003278
      310 0.000030  -0.003258
     1025 0.000030   0.003239
      283 0.000030   0.003238
      643 0.000030  -0.003238
      993 0.000030   0.003209
      942 0.000029   0.003173
      475 0.000029  -0.003165
      769 0.000029   0.003128
      950 0.000029  -0.003123
      524 0.000029  -0.003111
      530 0.000029   0.003080
      830 0.000028   0.003054
      596 0.000028  -0.003014
      382 0.000028  -0.002972
      842 0.000027  -0.002905
      424 0.000027  -0.002891
      880 0.000027   0.002882
      662 0.000026  -0.002835
      222 0.000025  -0.002704
      608 0.000025  -0.002696
     1017 0.000025   0.002665
      318 0.000025  -0.002662
      900 0.000024  -0.002628
     1034 0.000024  -0.002619
      685 0.000024  -0.002612
      603 0.000024  -0.002612
      384 0.000023  -0.002531
      938 0.000023   0.002529
      526 0.000023   0.002495
      193 0.000023  -0.002487
      814 0.000023   0.002480
      315 0.000023   0.002471
      794 0.000022   0.002420
      286 0.000022   0.002418
      568 0.000022   0.002340
      917 0.000021   0.002310
      432 0.000021   0.002309
      727 0.000021  -0.002265
      856 0.000021   0.002263
      502 0.000020   0.002183
      714 0.000020  -0.002156
      455 0.000020  -0.002155
      519 0.000020   0.002131
      479 0.000020   0.002109
      649 0.000020  -0.002107
      514 0.000019   0.002099
      536 0.000019  -0.002071
      244 0.000019  -0.002058
      791 0.000019   0.002048
      680 0.000019   0.002047
      347 0.000019   0.002027
      592 0.000019  -0.002023
      216 0.000019   0.002021
      437 0.000019   0.002007
      463 0.000019  -0.002006
      512 0.000018  -0.001960
      333 0.000018  -0.001959
      949 0.000018   0.001950
      811 0.000018   0.001948
      884 0.000018  -0.001919
       81 0.000018   0.001901
     1052 0.000018   0.001894
      646 0.000018   0.001886
      505 0.000018   0.001886
      242 0.000017  -0.001868
      489 0.000017   0.001854
      907 0.000017   0.001834
      260 0.000017   0.001804
      458 0.000016   0.001751
      248 0.000016   0.001721
     1010 0.000016   0.001709
      810 0.000016   0.001693
     1073 0.000016  -0.001690
      221 0.000016  -0.001683
       98 0.000015  -0.001650
      609 0.000015   0.001639
      215 0.000015   0.001636
      229 0.000015  -0.001582
      450 0.000015  -0.001567
      387 0.000015   0.001567
       80 0.000015  -0.001566
      669 0.000014   0.001560
      732 0.000014   0.001537
      259 0.000014  -0.001519
      538 0.000014   0.001501
      351 0.000014   0.001470
      927 0.000013  -0.001440
      935 0.000013  -0.001439
      816 0.000013   0.001434
      883 0.000013   0.001413
      346 0.000013   0.001403
       74 0.000013   0.001388
      619 0.000013   0.001384
      296 0.000013  -0.001373
      483 0.000013  -0.001350
      278 0.000012   0.001346
       73 0.000012   0.001343
      921 0.000012  -0.001326
      971 0.000012  -0.001323
      888 0.000012   0.001323
      214 0.000012  -0.001321
      478 0.000012   0.001275
      934 0.000012  -0.001273
       99 0.000012  -0.001252
      462 0.000011   0.001233
      849 0.000011   0.001233
     1047 0.000011   0.001226
      713 0.000011   0.001223
      368 0.000011   0.001211
      634 0.000011  -0.001209
      809 0.000011   0.001188
      875 0.000011  -0.001187
      839 0.000011  -0.001187
      487 0.000011  -0.001173
      197 0.000011  -0.001156
      101 0.000011  -0.001151
      473 0.000011  -0.001140
      320 0.000010   0.001130
      838 0.000010   0.001120
      196 0.000010   0.001117
     1061 0.000010  -0.001110
      282 0.000010  -0.001107
      418 0.000010  -0.001094
      461 0.000010   0.001091
       75 0.000010   0.001082
      426 0.000010   0.001081
      274 0.000010   0.001081
      966 0.000010   0.001081
      188 0.000010  -0.001080
      510 0.000010  -0.001079
      876 0.000010  -0.001078
euclid. distance of OLC and linear combination of EV * x_coef: 0.009477414777657648

Generate samples based on objective loadcase 989
nr_to_generate: 25

Parameter variation distribution settings
distribution: uniform
low: 0.7
high: 1.3

Total process runtime: 0:00:01.302786
