Date and Time:2023-05-12 14:11:04.548355

Initial Settings:
similarity_model: <function cosine_similarity at 0x000001D005A6E5E0>
similarity_threshold: 1e-05
nr_eigv_to_select: None
distribution: uniform
deviation: 0.3
nr_to_generate: 25
recompute: False

Selected eigenvectors and similarity score w.r.t objective loadcase:
objective_loadcase_nr: 238
similarity_model: cosine_similarity
similarity_threshold: 1e-05
nr_eigv_to_select: None
nr_eigv_selected: 498
approximation parameter model: lstsq
similarity score and approx. param. value
:  eigv_idx    score      value
        3 0.581349  46.204925
        1 0.519083  41.256106
        2 0.511932 -40.687737
        0 0.358650  28.505053
        6 0.030126   2.394405
       39 0.027429   2.179991
        4 0.012445   0.989079
      639 0.003358   0.266920
      218 0.002430  -0.193107
      593 0.002048  -0.162787
      186 0.002029  -0.161235
      612 0.001951  -0.155064
      586 0.001927   0.153145
      710 0.001606  -0.127624
      187 0.001339  -0.106443
      595 0.001257   0.099913
      716 0.001247   0.099080
      663 0.001102  -0.087611
      618 0.001057   0.084049
      626 0.001045   0.083025
      668 0.001037   0.082421
       68 0.000975  -0.077477
      686 0.000921  -0.073210
      194 0.000901   0.071574
      388 0.000892  -0.070885
      749 0.000830  -0.065946
      143 0.000809   0.064328
      688 0.000785  -0.062420
      659 0.000762  -0.060525
      599 0.000751   0.059719
      617 0.000736   0.058518
      562 0.000715  -0.056858
      621 0.000704  -0.055976
      582 0.000695  -0.055222
      635 0.000690   0.054813
      670 0.000673   0.053518
      183 0.000671   0.053314
      578 0.000638   0.050732
      704 0.000627  -0.049812
      341 0.000591   0.046935
       69 0.000578   0.045904
      733 0.000569   0.045220
      567 0.000558  -0.044343
      718 0.000555  -0.044148
      577 0.000548  -0.043566
      606 0.000544  -0.043252
      602 0.000534  -0.042419
       71 0.000530   0.042099
      579 0.000511   0.040597
      253 0.000502  -0.039935
      708 0.000491   0.039059
      735 0.000487  -0.038710
      698 0.000485  -0.038561
      267 0.000460  -0.036538
      220 0.000459  -0.036474
      153 0.000446   0.035486
      666 0.000446  -0.035471
      258 0.000436  -0.034637
      575 0.000429   0.034087
      696 0.000428  -0.034004
      174 0.000427   0.033933
      620 0.000422  -0.033567
      709 0.000410  -0.032594
      641 0.000388  -0.030829
      230 0.000387  -0.030721
      683 0.000384   0.030508
      753 0.000383  -0.030408
      601 0.000379   0.030119
      700 0.000372   0.029559
      707 0.000366  -0.029121
      227 0.000359   0.028508
      848 0.000355  -0.028186
      210 0.000354  -0.028127
      583 0.000354  -0.028096
      412 0.000342  -0.027143
      699 0.000335  -0.026592
      756 0.000323  -0.025701
      273 0.000317  -0.025165
      419 0.000314  -0.024978
      807 0.000311   0.024734
      793 0.000300  -0.023848
      403 0.000300   0.023836
      269 0.000292  -0.023226
      383 0.000292   0.023216
      587 0.000290   0.023088
      853 0.000282  -0.022382
      362 0.000277  -0.021998
      631 0.000272  -0.021647
      204 0.000271   0.021571
      239 0.000266   0.021117
      757 0.000266  -0.021116
      570 0.000256  -0.020307
      243 0.000255   0.020269
      263 0.000251  -0.019958
      741 0.000245   0.019508
      763 0.000245   0.019474
      235 0.000242  -0.019223
      206 0.000241   0.019174
      759 0.000239  -0.018984
      726 0.000239  -0.018967
      299 0.000236   0.018739
      739 0.000233  -0.018525
      184 0.000233  -0.018483
      750 0.000217   0.017274
      182 0.000215  -0.017083
      199 0.000215  -0.017082
      377 0.000214  -0.017027
      743 0.000201  -0.015965
      137 0.000199  -0.015815
      818 0.000197  -0.015688
      223 0.000197   0.015654
      301 0.000196  -0.015606
      549 0.000193  -0.015354
      427 0.000192  -0.015275
      361 0.000192   0.015264
      312 0.000188  -0.014946
      247 0.000187   0.014865
      787 0.000186   0.014751
      564 0.000184  -0.014653
      857 0.000182  -0.014492
      800 0.000181  -0.014351
      742 0.000181  -0.014348
      369 0.000180   0.014339
       70 0.000180   0.014317
      604 0.000179  -0.014215
      373 0.000178  -0.014120
      580 0.000177  -0.014028
      576 0.000176  -0.013999
      855 0.000176  -0.013990
      400 0.000175  -0.013898
      591 0.000172   0.013684
      392 0.000172   0.013648
      824 0.000171   0.013631
      658 0.000170   0.013526
      795 0.000170   0.013516
      175 0.000168  -0.013358
      665 0.000163  -0.012978
      132 0.000162   0.012892
      553 0.000161  -0.012822
      337 0.000161  -0.012815
      784 0.000160  -0.012696
      828 0.000157  -0.012445
      778 0.000155  -0.012329
      585 0.000154  -0.012236
      290 0.000153   0.012137
      667 0.000152   0.012096
      711 0.000152   0.012060
      628 0.000149   0.011869
      275 0.000149  -0.011841
      820 0.000148  -0.011796
      941 0.000148  -0.011793
      574 0.000145  -0.011551
      829 0.000145   0.011518
      859 0.000142   0.011290
      228 0.000142  -0.011274
      605 0.000140  -0.011110
      775 0.000139   0.011022
      279 0.000139  -0.011022
      332 0.000138  -0.010975
      356 0.000137  -0.010904
      255 0.000137  -0.010901
      790 0.000130   0.010330
      251 0.000129  -0.010287
      687 0.000129   0.010239
      354 0.000126   0.009978
      770 0.000125   0.009950
      736 0.000125  -0.009940
      201 0.000122  -0.009733
      298 0.000122  -0.009724
      423 0.000122  -0.009714
      431 0.000122  -0.009683
      808 0.000120   0.009559
      295 0.000120  -0.009528
      380 0.000120   0.009511
      257 0.000118  -0.009355
      557 0.000117  -0.009325
      398 0.000117  -0.009318
      277 0.000117   0.009264
      697 0.000113   0.008976
      616 0.000112  -0.008931
      217 0.000112  -0.008923
      179 0.000110   0.008750
      815 0.000110  -0.008734
      271 0.000109   0.008624
      241 0.000108   0.008581
      908 0.000105  -0.008307
      638 0.000103  -0.008193
      799 0.000102  -0.008124
      769 0.000102   0.008076
      600 0.000102  -0.008068
       88 0.000101  -0.007993
      171 0.000100  -0.007987
      744 0.000100  -0.007974
      629 0.000100  -0.007967
      329 0.000099  -0.007873
      690 0.000099   0.007870
      728 0.000099  -0.007866
      645 0.000099   0.007844
      294 0.000098  -0.007769
      353 0.000097  -0.007705
      569 0.000095   0.007569
      566 0.000095   0.007565
       93 0.000095  -0.007514
      864 0.000093   0.007431
      581 0.000092  -0.007350
      573 0.000092   0.007339
      436 0.000092   0.007284
      974 0.000091   0.007247
      782 0.000091  -0.007216
      762 0.000090  -0.007185
      268 0.000090  -0.007139
      611 0.000089  -0.007085
      234 0.000089   0.007042
      773 0.000088   0.007013
      321 0.000088  -0.007005
      840 0.000088  -0.006971
      948 0.000086   0.006821
      292 0.000085  -0.006784
      847 0.000085   0.006741
      355 0.000084   0.006704
      594 0.000084  -0.006703
      943 0.000084   0.006687
      937 0.000084  -0.006675
      614 0.000082   0.006528
      844 0.000082  -0.006522
      684 0.000082  -0.006487
      734 0.000081  -0.006449
      572 0.000081  -0.006405
      138 0.000080  -0.006347
      262 0.000079  -0.006252
      281 0.000077   0.006136
      860 0.000076  -0.006075
      325 0.000076  -0.006056
      561 0.000076   0.006038
      319 0.000075   0.005945
      694 0.000074   0.005915
      367 0.000074   0.005900
      843 0.000074  -0.005872
      283 0.000073   0.005834
      261 0.000073  -0.005829
      198 0.000073  -0.005827
      978 0.000073   0.005818
      107 0.000073  -0.005799
      884 0.000072  -0.005698
      632 0.000071   0.005672
      627 0.000070   0.005573
      308 0.000070  -0.005564
      266 0.000070  -0.005529
      792 0.000069   0.005487
      596 0.000069  -0.005476
      723 0.000068  -0.005419
      343 0.000067  -0.005319
      560 0.000067  -0.005303
      654 0.000066   0.005245
      722 0.000066  -0.005232
     1095 0.000066  -0.005229
      880 0.000065   0.005176
      882 0.000065   0.005175
      302 0.000065  -0.005171
      291 0.000065   0.005131
      826 0.000064  -0.005074
      104 0.000064   0.005050
      823 0.000063   0.005006
      801 0.000062  -0.004961
     1005 0.000062   0.004948
      584 0.000062  -0.004936
      289 0.000062   0.004936
      285 0.000061   0.004879
      913 0.000060  -0.004805
      589 0.000060  -0.004789
      539 0.000059   0.004702
      650 0.000059  -0.004677
      590 0.000059  -0.004674
      748 0.000058  -0.004645
      765 0.000058   0.004619
      870 0.000058  -0.004591
      895 0.000057   0.004560
      425 0.000057   0.004521
      545 0.000056  -0.004471
      315 0.000056   0.004468
      428 0.000055   0.004405
      831 0.000054   0.004313
      386 0.000054   0.004280
      342 0.000054   0.004257
      552 0.000053  -0.004219
      414 0.000052   0.004108
      528 0.000051   0.004061
      701 0.000051  -0.004057
      413 0.000050  -0.003978
      780 0.000050   0.003960
      322 0.000050  -0.003942
      390 0.000049   0.003857
      922 0.000048  -0.003850
      323 0.000047  -0.003726
      821 0.000047  -0.003707
      278 0.000046   0.003688
      955 0.000046   0.003684
      535 0.000046   0.003664
      608 0.000045  -0.003613
      935 0.000045  -0.003567
      894 0.000044  -0.003526
      161 0.000044   0.003495
      244 0.000043  -0.003420
      874 0.000043  -0.003396
      286 0.000042   0.003376
      249 0.000041   0.003285
      131 0.000041   0.003228
      852 0.000040   0.003212
      232 0.000040  -0.003154
      832 0.000039   0.003136
      842 0.000039  -0.003122
      881 0.000039  -0.003105
      957 0.000039   0.003083
      394 0.000039   0.003063
      193 0.000038   0.003044
      841 0.000038   0.003004
      169 0.000038  -0.002993
      649 0.000037  -0.002972
      364 0.000037   0.002940
       91 0.000037  -0.002908
      833 0.000036  -0.002840
      879 0.000036  -0.002839
      942 0.000035   0.002803
      491 0.000035   0.002802
      518 0.000035   0.002781
      374 0.000035   0.002773
      226 0.000035  -0.002749
      225 0.000034  -0.002713
      646 0.000034   0.002663
      988 0.000033  -0.002621
      835 0.000033  -0.002615
      950 0.000033  -0.002604
      252 0.000032   0.002577
      789 0.000032   0.002572
     1073 0.000032  -0.002566
      318 0.000032  -0.002563
      532 0.000032   0.002537
      830 0.000032   0.002533
      488 0.000032   0.002517
      407 0.000032  -0.002513
      964 0.000032   0.002512
      971 0.000032  -0.002506
      540 0.000031  -0.002441
      259 0.000031  -0.002440
      838 0.000031  -0.002438
      904 0.000031   0.002431
     1096 0.000031   0.002427
      636 0.000031  -0.002424
      409 0.000029  -0.002341
      933 0.000029   0.002311
      445 0.000029  -0.002290
      310 0.000029  -0.002287
      921 0.000029  -0.002280
      448 0.000029   0.002266
      410 0.000028  -0.002255
      359 0.000028  -0.002225
      640 0.000028  -0.002198
      250 0.000028  -0.002195
      597 0.000027  -0.002170
      542 0.000027   0.002163
      236 0.000027   0.002147
      475 0.000027  -0.002133
      524 0.000027  -0.002123
      928 0.000027  -0.002108
      794 0.000026   0.002080
      592 0.000026   0.002059
      938 0.000025   0.002019
      237 0.000025  -0.002013
      240 0.000025   0.002009
      776 0.000025  -0.001991
      313 0.000025  -0.001984
      297 0.000025  -0.001977
     1034 0.000025  -0.001970
     1032 0.000025   0.001954
      987 0.000024   0.001937
      983 0.000024   0.001913
      366 0.000024   0.001894
      346 0.000024   0.001886
      526 0.000024   0.001879
      977 0.000024   0.001875
      424 0.000023  -0.001858
      609 0.000023  -0.001835
      677 0.000023   0.001832
      727 0.000023  -0.001796
      530 0.000023   0.001794
     1010 0.000022   0.001785
      798 0.000022  -0.001783
       98 0.000022  -0.001773
      856 0.000022   0.001763
     1001 0.000022  -0.001757
      320 0.000022  -0.001748
      568 0.000022  -0.001748
      927 0.000022  -0.001743
      804 0.000022  -0.001720
      406 0.000022   0.001719
      755 0.000022  -0.001718
      803 0.000022   0.001714
      685 0.000021  -0.001650
      779 0.000020  -0.001619
      868 0.000020   0.001591
      934 0.000019  -0.001543
     1009 0.000019  -0.001540
      809 0.000019   0.001539
      625 0.000019   0.001533
      479 0.000019   0.001525
      811 0.000019   0.001520
      802 0.000019   0.001520
      514 0.000019   0.001512
      284 0.000019   0.001507
      264 0.000019  -0.001496
      959 0.000019  -0.001492
      598 0.000019   0.001483
      357 0.000018   0.001432
      397 0.000018  -0.001427
      402 0.000018   0.001421
      437 0.000018   0.001399
      536 0.000017  -0.001387
     1025 0.000017   0.001386
      916 0.000017  -0.001363
      455 0.000017  -0.001353
      463 0.000017  -0.001346
      147 0.000017  -0.001339
      260 0.000017   0.001328
      139 0.000016   0.001308
      432 0.000016   0.001304
      502 0.000016   0.001302
      519 0.000016   0.001300
      714 0.000016  -0.001288
      891 0.000016  -0.001281
      136 0.000016   0.001252
      849 0.000016  -0.001236
      360 0.000016  -0.001233
      272 0.000016  -0.001233
      512 0.000015  -0.001227
     1017 0.000015   0.001222
      875 0.000015   0.001221
      130 0.000015   0.001215
      123 0.000015   0.001215
      324 0.000015  -0.001178
     1016 0.000015  -0.001174
      144 0.000015  -0.001174
      180 0.000015   0.001172
      148 0.000015   0.001168
      662 0.000015  -0.001166
     1003 0.000015  -0.001161
      732 0.000014   0.001142
      274 0.000014   0.001139
      125 0.000014  -0.001130
      764 0.000014  -0.001120
      949 0.000014   0.001120
      810 0.000014   0.001118
      293 0.000014  -0.001114
      898 0.000014   0.001110
      458 0.000014   0.001092
      876 0.000014   0.001092
      680 0.000014   0.001091
      489 0.000014   0.001082
      296 0.000014   0.001080
      114 0.000013   0.001058
      907 0.000013   0.001044
     1020 0.000013  -0.001039
      335 0.000013   0.001038
      681 0.000013  -0.001034
      642 0.000013  -0.001025
      450 0.000013  -0.001022
       64 0.000013   0.001022
      185 0.000013  -0.001020
      903 0.000013   0.001007
      505 0.000013   0.001005
      984 0.000012  -0.000988
      656 0.000012  -0.000962
      146 0.000012  -0.000951
      702 0.000012  -0.000949
     1040 0.000012  -0.000948
      917 0.000012   0.000944
     1052 0.000012   0.000938
      588 0.000012   0.000933
      170 0.000012  -0.000931
      993 0.000012   0.000921
      151 0.000012   0.000921
      603 0.000012   0.000919
      222 0.000012  -0.000917
      478 0.000012   0.000916
      128 0.000011   0.000898
      245 0.000011  -0.000888
      112 0.000011  -0.000873
      805 0.000011  -0.000866
      316 0.000011  -0.000843
      816 0.000011   0.000841
      487 0.000011  -0.000837
      142 0.000011  -0.000835
      426 0.000010   0.000829
      328 0.000010  -0.000828
      214 0.000010  -0.000823
     1061 0.000010  -0.000812
      129 0.000010  -0.000811
      483 0.000010  -0.000799
      461 0.000010   0.000798
euclid. distance of OLC and linear combination of EV * x_coef: 0.007419285142516362

Generate samples based on objective loadcase 238
nr_to_generate: 25

Parameter variation distribution settings
distribution: uniform
low: 0.7
high: 1.3

Total process runtime: 0:00:01.299253
