Date and Time:2023-05-12 14:07:28.579510

Initial Settings:
similarity_model: <function cosine_similarity at 0x000001D005A6E5E0>
similarity_threshold: 1e-05
nr_eigv_to_select: None
distribution: uniform
deviation: 0.3
nr_to_generate: 25
recompute: False

Selected eigenvectors and similarity score w.r.t objective loadcase:
objective_loadcase_nr: 75
similarity_model: cosine_similarity
similarity_threshold: 1e-05
nr_eigv_to_select: None
nr_eigv_selected: 638
approximation parameter model: lstsq
similarity score and approx. param. value
:  eigv_idx    score      value
        1 0.569804  73.775878
        3 0.520368  67.375152
        2 0.477491 -61.823618
        0 0.415082  53.743184
        6 0.062707   8.119059
       39 0.010751   1.391947
        4 0.009200   1.191201
       68 0.005569  -0.721048
      639 0.003680   0.476457
       71 0.002474  -0.320381
      186 0.002389  -0.309355
       69 0.002065  -0.267311
      612 0.002021  -0.261656
      593 0.001824  -0.236101
      618 0.001720   0.222690
      716 0.001677   0.217162
      586 0.001654   0.214204
      187 0.001629  -0.210906
      663 0.001557  -0.201628
      668 0.001498   0.194009
      710 0.001471  -0.190446
      182 0.001306  -0.169078
      218 0.001242  -0.160777
      194 0.001127   0.145943
      659 0.001106  -0.143140
      595 0.001036   0.134107
      617 0.001034   0.133891
      184 0.001013  -0.131182
       70 0.000923   0.119550
      143 0.000908   0.117539
      700 0.000900   0.116474
      686 0.000884  -0.114470
      683 0.000848   0.109741
      579 0.000841   0.108946
      388 0.000809  -0.104714
      688 0.000806  -0.104344
      749 0.000798  -0.103350
      635 0.000775   0.100386
      599 0.000762   0.098679
      183 0.000755   0.097798
      562 0.000737  -0.095411
      578 0.000692   0.089612
      582 0.000688  -0.089133
      670 0.000654   0.084674
      626 0.000648   0.083873
      698 0.000601  -0.077825
      228 0.000595  -0.076996
      666 0.000590  -0.076442
      733 0.000575   0.074434
      621 0.000559  -0.072360
      179 0.000549   0.071069
      735 0.000534  -0.069142
      171 0.000530  -0.068608
      602 0.000496  -0.064239
      341 0.000485   0.062807
      708 0.000484   0.062670
      253 0.000482  -0.062354
      153 0.000451   0.058383
      210 0.000439  -0.056871
      641 0.000439  -0.056803
      362 0.000422  -0.054651
      137 0.000416  -0.053911
      174 0.000412   0.053408
      699 0.000398  -0.051538
      718 0.000394  -0.050970
      583 0.000392  -0.050808
      709 0.000372  -0.048210
      756 0.000372  -0.048165
      220 0.000369  -0.047773
      254 0.000367   0.047495
      604 0.000362  -0.046815
      631 0.000359  -0.046509
      567 0.000358  -0.046348
      628 0.000357   0.046237
      606 0.000353  -0.045680
      576 0.000340  -0.044064
      243 0.000339   0.043912
      757 0.000338  -0.043810
      575 0.000330   0.042724
      577 0.000326  -0.042225
      759 0.000311   0.040295
      573 0.000305   0.039514
      741 0.000304   0.039414
      620 0.000304  -0.039368
      807 0.000289   0.037457
      204 0.000289   0.037438
      400 0.000288  -0.037232
      419 0.000287  -0.037145
      848 0.000281  -0.036420
      277 0.000274   0.035532
      601 0.000274   0.035496
      148 0.000274   0.035486
      267 0.000270  -0.034894
      412 0.000268  -0.034724
      787 0.000267   0.034575
      132 0.000264   0.034129
      403 0.000258   0.033377
      161 0.000256   0.033100
      853 0.000254  -0.032888
      640 0.000254  -0.032859
      236 0.000254   0.032841
      815 0.000250  -0.032377
      658 0.000247   0.031952
       91 0.000240  -0.031089
      271 0.000236   0.030578
      587 0.000235   0.030462
      138 0.000235   0.030409
      739 0.000235  -0.030373
      704 0.000233  -0.030184
      234 0.000233   0.030145
      377 0.000226  -0.029284
      750 0.000218   0.028228
      580 0.000216  -0.027946
      570 0.000215  -0.027779
      199 0.000209  -0.027072
      687 0.000208   0.026977
      255 0.000207  -0.026760
      549 0.000206  -0.026619
      941 0.000204  -0.026365
      295 0.000203  -0.026341
      249 0.000203  -0.026298
      361 0.000201   0.026024
      383 0.000200   0.025937
      798 0.000197   0.025487
      258 0.000190  -0.024567
      763 0.000185  -0.023972
      355 0.000183   0.023641
      564 0.000183  -0.023630
      828 0.000180  -0.023252
      367 0.000175   0.022714
      665 0.000174  -0.022481
      800 0.000173  -0.022434
      707 0.000173  -0.022385
      398 0.000169  -0.021946
      427 0.000167  -0.021621
      308 0.000166  -0.021513
      380 0.000164   0.021236
      820 0.000160  -0.020718
      222 0.000157  -0.020378
      107 0.000157  -0.020326
      857 0.000157  -0.020317
      557 0.000157  -0.020294
      175 0.000155  -0.020028
      847 0.000154   0.019994
      711 0.000154   0.019878
      301 0.000153  -0.019815
      585 0.000153  -0.019799
      353 0.000153  -0.019770
      373 0.000152  -0.019663
      566 0.000151   0.019497
      257 0.000150  -0.019459
      790 0.000150   0.019366
      753 0.000147  -0.019059
      762 0.000146   0.018909
      436 0.000145   0.018824
      261 0.000141  -0.018248
      198 0.000137   0.017748
      743 0.000136  -0.017641
      784 0.000135  -0.017505
      690 0.000135   0.017442
      600 0.000135  -0.017438
      241 0.000134   0.017379
      247 0.000133   0.017186
      908 0.000132  -0.017048
      605 0.000131  -0.016927
      266 0.000131  -0.016922
      581 0.000130  -0.016893
      262 0.000130  -0.016820
      281 0.000130   0.016783
      574 0.000129  -0.016699
      740 0.000129  -0.016648
      974 0.000126   0.016275
      667 0.000125   0.016167
      684 0.000124  -0.016118
      390 0.000124   0.016111
      882 0.000124   0.016007
      561 0.000123   0.015927
      217 0.000123  -0.015898
      808 0.000120   0.015541
      594 0.000120  -0.015539
      818 0.000118  -0.015292
      859 0.000117   0.015092
      629 0.000116  -0.014998
      431 0.000114  -0.014771
      801 0.000114  -0.014766
      423 0.000113  -0.014568
      597 0.000112  -0.014441
      645 0.000111   0.014404
      855 0.000110  -0.014219
      269 0.000109  -0.014145
      840 0.000108  -0.013952
      392 0.000107   0.013848
      318 0.000106   0.013756
      723 0.000104  -0.013502
      726 0.000103  -0.013350
      299 0.000101   0.013043
      386 0.000101   0.013019
      292 0.000099  -0.012842
      302 0.000099  -0.012835
      799 0.000099  -0.012827
      803 0.000099   0.012806
      596 0.000098  -0.012630
      294 0.000097  -0.012583
      611 0.000097  -0.012545
      193 0.000097  -0.012520
      572 0.000097  -0.012517
      638 0.000097  -0.012516
     1095 0.000095  -0.012308
      844 0.000095  -0.012293
      407 0.000094  -0.012183
      824 0.000094   0.012172
      832 0.000093   0.012089
      320 0.000093  -0.012061
      734 0.000093  -0.012006
      793 0.000092  -0.011949
      955 0.000092   0.011883
      275 0.000091  -0.011826
      697 0.000091   0.011732
      428 0.000090   0.011658
      584 0.000090  -0.011619
      402 0.000090   0.011603
      245 0.000089  -0.011581
      343 0.000089  -0.011525
      209 0.000088  -0.011455
      273 0.000088  -0.011376
      603 0.000087  -0.011222
      313 0.000086  -0.011189
      268 0.000086  -0.011127
      863 0.000085  -0.011060
      414 0.000085   0.011026
      795 0.000085   0.011005
      773 0.000084   0.010912
      802 0.000084   0.010869
      829 0.000083   0.010777
      276 0.000083  -0.010731
      397 0.000083  -0.010726
      354 0.000082   0.010679
      235 0.000082  -0.010654
      406 0.000082   0.010638
      701 0.000082  -0.010603
       88 0.000082   0.010583
      879 0.000081  -0.010456
      891 0.000080  -0.010373
      843 0.000080  -0.010335
      805 0.000080  -0.010302
      545 0.000078  -0.010103
      364 0.000078  -0.010055
      251 0.000077  -0.010019
      728 0.000076  -0.009795
      552 0.000075  -0.009737
        9 0.000075   0.009728
      296 0.000075   0.009693
      349 0.000075  -0.009674
      264 0.000074   0.009614
      776 0.000074  -0.009528
      736 0.000073  -0.009510
      425 0.000073   0.009475
       10 0.000073   0.009464
      322 0.000073  -0.009453
      374 0.000073   0.009412
     1005 0.000072   0.009322
      614 0.000072   0.009312
      356 0.000072  -0.009281
      227 0.000071  -0.009214
      913 0.000071  -0.009187
       93 0.000070   0.009004
      770 0.000069   0.008953
      922 0.000069  -0.008928
      826 0.000069  -0.008877
      319 0.000068   0.008865
      780 0.000068  -0.008786
      789 0.000068   0.008751
      335 0.000067   0.008691
      297 0.000066  -0.008555
      937 0.000066  -0.008549
      782 0.000066  -0.008494
      123 0.000065   0.008480
      978 0.000065   0.008414
      369 0.000064   0.008311
      744 0.000064  -0.008228
      650 0.000063  -0.008219
      131 0.000061  -0.007892
      632 0.000061   0.007879
      223 0.000061   0.007865
      287 0.000060   0.007795
      748 0.000060  -0.007791
      765 0.000060   0.007729
      553 0.000059  -0.007678
      360 0.000059   0.007665
      539 0.000058   0.007550
      128 0.000057  -0.007423
      662 0.000057  -0.007396
      654 0.000056   0.007251
      409 0.000056  -0.007245
      312 0.000056  -0.007235
      252 0.000056  -0.007207
      589 0.000056  -0.007201
      216 0.000055   0.007163
       75 0.000055  -0.007090
      125 0.000054  -0.007052
      357 0.000054  -0.007033
      114 0.000054  -0.006962
      112 0.000053   0.006890
      867 0.000053   0.006866
      542 0.000053   0.006810
      742 0.000053  -0.006798
      895 0.000052   0.006739
      540 0.000051  -0.006661
       67 0.000051  -0.006581
      130 0.000051  -0.006565
       65 0.000051   0.006545
      206 0.000050  -0.006491
      169 0.000050  -0.006420
      288 0.000049  -0.006337
      769 0.000049  -0.006297
      569 0.000048   0.006249
      987 0.000048   0.006239
      838 0.000048   0.006230
      350 0.000048   0.006223
      677 0.000048   0.006210
       76 0.000048   0.006186
      528 0.000047   0.006085
      233 0.000047  -0.006024
      333 0.000046   0.006019
      821 0.000046  -0.006012
       80 0.000046  -0.005953
      155 0.000046  -0.005928
      722 0.000046  -0.005901
      152 0.000046   0.005899
      858 0.000045  -0.005881
      359 0.000045   0.005819
      778 0.000045  -0.005815
      864 0.000045   0.005805
      928 0.000044  -0.005750
       81 0.000044   0.005701
      120 0.000043  -0.005631
      448 0.000043   0.005628
      244 0.000043   0.005562
      965 0.000043  -0.005536
      347 0.000043   0.005508
      560 0.000042  -0.005487
      150 0.000042  -0.005473
      366 0.000042   0.005471
      904 0.000042   0.005467
      993 0.000042   0.005429
      646 0.000042   0.005428
      413 0.000041   0.005318
      118 0.000041  -0.005312
      823 0.000041   0.005312
      870 0.000041  -0.005303
     1001 0.000041  -0.005289
      291 0.000041   0.005276
      830 0.000040   0.005237
      310 0.000040  -0.005231
      881 0.000040  -0.005161
      948 0.000040   0.005150
      279 0.000040   0.005147
      147 0.000040   0.005119
      105 0.000039  -0.005094
      221 0.000039  -0.005080
      675 0.000039   0.005065
      642 0.000039  -0.005018
       52 0.000039  -0.005016
      831 0.000039   0.005006
      874 0.000039  -0.004994
      588 0.000038   0.004973
      298 0.000038  -0.004885
       53 0.000038   0.004862
      592 0.000037  -0.004853
      159 0.000037  -0.004822
      214 0.000037  -0.004798
     1025 0.000037   0.004786
       78 0.000037   0.004782
      894 0.000037  -0.004772
      625 0.000036  -0.004685
      530 0.000036   0.004639
       72 0.000035   0.004584
       66 0.000035  -0.004542
      309 0.000035   0.004525
      535 0.000035   0.004494
      285 0.000035  -0.004487
      151 0.000035   0.004484
      323 0.000035  -0.004479
      109 0.000034  -0.004466
      394 0.000034   0.004463
       61 0.000034  -0.004457
      933 0.000034   0.004453
      839 0.000034  -0.004420
      518 0.000034   0.004402
      649 0.000034  -0.004402
      445 0.000034  -0.004373
      191 0.000034  -0.004372
      342 0.000034   0.004367
      694 0.000034  -0.004363
      950 0.000034  -0.004343
      608 0.000033  -0.004309
      224 0.000033  -0.004280
      164 0.000033  -0.004262
       62 0.000033   0.004262
       56 0.000033  -0.004242
      331 0.000033  -0.004240
       74 0.000033  -0.004231
      900 0.000032  -0.004151
      263 0.000032  -0.004143
      154 0.000032  -0.004129
      103 0.000032  -0.004091
      133 0.000031  -0.004059
      432 0.000031   0.004054
      158 0.000031  -0.004040
      237 0.000031  -0.004035
      405 0.000031  -0.004031
      146 0.000031   0.004006
      410 0.000031  -0.003986
      242 0.000031  -0.003985
      315 0.000031   0.003978
       86 0.000031   0.003975
     1032 0.000031   0.003974
      351 0.000030   0.003946
      384 0.000030  -0.003940
      424 0.000030  -0.003915
      278 0.000030  -0.003888
      696 0.000030  -0.003886
      272 0.000030  -0.003878
      491 0.000030   0.003854
      110 0.000030  -0.003850
      379 0.000030  -0.003845
      382 0.000030  -0.003843
      775 0.000030  -0.003842
       50 0.000030   0.003832
      274 0.000030   0.003823
       46 0.000030  -0.003820
      358 0.000029  -0.003796
      238 0.000029  -0.003775
     1017 0.000029   0.003764
      283 0.000029  -0.003736
      192 0.000028   0.003670
      814 0.000028   0.003663
       58 0.000028   0.003658
      590 0.000028  -0.003647
      942 0.000028   0.003621
      713 0.000028   0.003618
      860 0.000028  -0.003600
       47 0.000028   0.003590
      664 0.000028  -0.003576
      880 0.000028   0.003573
      250 0.000027   0.003548
      348 0.000027   0.003540
      532 0.000027   0.003502
      167 0.000027  -0.003492
      488 0.000027   0.003456
      157 0.000027   0.003438
      316 0.000026   0.003417
      104 0.000026  -0.003345
      145 0.000026  -0.003339
      475 0.000026  -0.003320
      113 0.000026  -0.003318
      502 0.000025   0.003296
      538 0.000025   0.003294
       64 0.000025  -0.003260
      376 0.000025  -0.003248
      917 0.000025   0.003235
      260 0.000025   0.003213
      505 0.000025   0.003194
      779 0.000025   0.003190
      943 0.000024   0.003166
      524 0.000024  -0.003144
      111 0.000024  -0.003138
      693 0.000024  -0.003105
      837 0.000024   0.003104
      248 0.000024   0.003099
      215 0.000024   0.003092
       96 0.000024   0.003092
      368 0.000024  -0.003087
       55 0.000024   0.003074
      387 0.000024   0.003071
      519 0.000024   0.003058
      636 0.000024  -0.003050
      127 0.000023  -0.003033
      449 0.000023  -0.003010
      239 0.000023  -0.003002
       89 0.000023   0.002993
       11 0.000023   0.002976
      304 0.000023  -0.002968
       48 0.000023  -0.002958
      712 0.000023  -0.002925
      727 0.000023  -0.002919
      938 0.000022   0.002869
      321 0.000022  -0.002867
      489 0.000022   0.002853
      371 0.000022   0.002850
      681 0.000022   0.002837
      884 0.000022  -0.002830
      868 0.000022  -0.002825
      792 0.000022   0.002800
      100 0.000021  -0.002783
      119 0.000021  -0.002767
      455 0.000021  -0.002738
      656 0.000021   0.002730
      102 0.000021   0.002699
       54 0.000021   0.002697
      290 0.000021  -0.002697
      190 0.000021  -0.002684
      201 0.000021   0.002677
      714 0.000021  -0.002673
       12 0.000021  -0.002673
      141 0.000020   0.002623
     1052 0.000020   0.002618
       87 0.000020   0.002608
      613 0.000020  -0.002588
      653 0.000020   0.002574
      724 0.000020  -0.002571
       49 0.000020  -0.002565
      170 0.000020  -0.002557
      434 0.000020   0.002550
      172 0.000020  -0.002533
     1034 0.000019  -0.002490
      695 0.000019   0.002475
      536 0.000019  -0.002462
      289 0.000019   0.002443
       44 0.000019   0.002431
      568 0.000019  -0.002427
      591 0.000019   0.002400
      165 0.000019  -0.002398
      139 0.000019   0.002397
      136 0.000018   0.002390
      437 0.000018   0.002378
      458 0.000018   0.002369
      673 0.000018   0.002351
      363 0.000018   0.002350
      293 0.000018  -0.002345
      512 0.000018  -0.002339
      240 0.000018   0.002322
      903 0.000018  -0.002319
      661 0.000018   0.002295
      550 0.000018  -0.002280
      156 0.000017  -0.002248
      142 0.000017  -0.002241
      259 0.000017   0.002240
      140 0.000017  -0.002229
      337 0.000017  -0.002223
      463 0.000017  -0.002214
       57 0.000017   0.002193
      134 0.000017  -0.002140
      526 0.000016   0.002119
      196 0.000016  -0.002119
      178 0.000016   0.002116
      231 0.000016  -0.002110
       42 0.000016  -0.002102
      949 0.000016   0.002094
      623 0.000016  -0.002063
      883 0.000016   0.002062
       17 0.000016  -0.002044
      609 0.000016  -0.002042
      327 0.000016   0.002033
      334 0.000016   0.002026
      876 0.000016   0.002026
      370 0.000016   0.002019
      959 0.000016   0.002019
      685 0.000016  -0.002017
      420 0.000015   0.002006
       94 0.000015  -0.002003
      555 0.000015  -0.002002
      875 0.000015   0.001987
      534 0.000015  -0.001960
      324 0.000015  -0.001958
      450 0.000015  -0.001955
       40 0.000015  -0.001952
      462 0.000015   0.001940
      619 0.000015   0.001895
      887 0.000015  -0.001894
      548 0.000015  -0.001889
      372 0.000014   0.001868
      229 0.000014  -0.001857
      655 0.000014  -0.001853
      849 0.000014  -0.001849
      966 0.000014   0.001847
      705 0.000014   0.001845
      483 0.000014  -0.001840
      764 0.000014   0.001839
      563 0.000014   0.001828
       19 0.000014   0.001819
      856 0.000014   0.001807
      479 0.000014   0.001779
      230 0.000014   0.001775
      842 0.000014  -0.001770
      514 0.000014   0.001756
       73 0.000013  -0.001746
      732 0.000013   0.001740
      129 0.000013   0.001736
      964 0.000013   0.001734
      185 0.000013   0.001717
      478 0.000013   0.001701
      760 0.000013   0.001684
       21 0.000013   0.001672
      173 0.000013   0.001667
      644 0.000013  -0.001663
      816 0.000013   0.001662
      510 0.000013  -0.001637
      755 0.000013  -0.001635
       83 0.000013  -0.001627
     1047 0.000012   0.001617
      796 0.000012   0.001616
      115 0.000012  -0.001614
      325 0.000012  -0.001609
      691 0.000012  -0.001605
      181 0.000012  -0.001590
      395 0.000012  -0.001586
       79 0.000012  -0.001548
       15 0.000012   0.001534
      556 0.000012  -0.001519
      365 0.000012   0.001518
      543 0.000012  -0.001518
      418 0.000012  -0.001516
      902 0.000012  -0.001511
      907 0.000012   0.001496
      473 0.000012  -0.001493
      811 0.000011   0.001486
       37 0.000011   0.001476
      927 0.000011  -0.001448
      738 0.000011  -0.001448
      188 0.000011  -0.001442
      391 0.000011  -0.001442
      671 0.000011   0.001413
     1074 0.000011   0.001406
      433 0.000011   0.001395
      558 0.000011   0.001389
      984 0.000011   0.001380
       35 0.000011   0.001367
      385 0.000011  -0.001363
      305 0.000010   0.001353
      197 0.000010   0.001352
      737 0.000010   0.001342
      725 0.000010  -0.001341
      332 0.000010  -0.001336
      682 0.000010  -0.001326
      108 0.000010  -0.001311
      934 0.000010  -0.001305
      634 0.000010  -0.001304
euclid. distance of OLC and linear combination of EV * x_coef: 0.011005197004606856

Generate samples based on objective loadcase 75
nr_to_generate: 25

Parameter variation distribution settings
distribution: uniform
low: 0.7
high: 1.3

Total process runtime: 0:00:01.589796
