Date and Time:2023-05-12 14:20:03.412407

Initial Settings:
similarity_model: <function cosine_similarity at 0x000001D005A6E5E0>
similarity_threshold: 1e-05
nr_eigv_to_select: None
distribution: uniform
deviation: 0.3
nr_to_generate: 25
recompute: False

Selected eigenvectors and similarity score w.r.t objective loadcase:
objective_loadcase_nr: 644
similarity_model: cosine_similarity
similarity_threshold: 1e-05
nr_eigv_to_select: None
nr_eigv_selected: 562
approximation parameter model: lstsq
similarity score and approx. param. value
:  eigv_idx    score      value
        1 0.552255  63.044345
        3 0.541205  61.782960
        2 0.492418 -56.213510
        0 0.395402  45.138291
        6 0.052552   5.999256
       39 0.018665   2.130710
        4 0.010394   1.186515
      639 0.003586   0.409397
      186 0.002195  -0.250547
      612 0.002031  -0.231839
      593 0.002018  -0.230404
      586 0.001853   0.211503
      218 0.001675  -0.191223
      716 0.001627   0.185749
       68 0.001588  -0.181270
      710 0.001566  -0.178827
      187 0.001488  -0.169909
      618 0.001399   0.159734
      663 0.001361  -0.155321
      668 0.001327   0.151453
      143 0.001187   0.135519
      595 0.001153   0.131629
      182 0.001039  -0.118564
      194 0.000998   0.113904
      659 0.000989  -0.112872
      686 0.000958  -0.109367
      617 0.000930   0.106115
      388 0.000883  -0.100825
      626 0.000879   0.100391
      688 0.000832  -0.094986
      184 0.000822  -0.093881
      599 0.000809   0.092396
      562 0.000749  -0.085507
      582 0.000749  -0.085496
      749 0.000736  -0.083997
      635 0.000716   0.081735
      183 0.000715   0.081647
      670 0.000698   0.079727
      700 0.000693   0.079092
      579 0.000671   0.076551
      578 0.000661   0.075496
      621 0.000653  -0.074501
      683 0.000645   0.073631
      733 0.000600   0.068447
      698 0.000597  -0.068108
      253 0.000589  -0.067287
      341 0.000558   0.063645
      602 0.000553  -0.063096
      666 0.000549  -0.062664
      708 0.000502   0.057344
      718 0.000480  -0.054819
      606 0.000470  -0.053664
      735 0.000469  -0.053587
      228 0.000469  -0.053539
      567 0.000458  -0.052267
      153 0.000456   0.052094
      174 0.000456   0.052014
      704 0.000438  -0.049990
      179 0.000425   0.048544
      641 0.000419  -0.047787
      577 0.000418  -0.047771
      220 0.000417  -0.047608
      699 0.000405  -0.046182
      137 0.000403  -0.046062
      709 0.000401  -0.045801
      267 0.000388  -0.044325
      575 0.000386   0.044120
      171 0.000370  -0.042291
      620 0.000369  -0.042126
      583 0.000366  -0.041783
      210 0.000355  -0.040499
      362 0.000350  -0.039980
      756 0.000326  -0.037163
      807 0.000321   0.036663
      757 0.000319  -0.036381
      631 0.000314  -0.035901
      419 0.000311  -0.035459
      848 0.000310  -0.035407
      412 0.000310  -0.035406
      601 0.000304   0.034736
      243 0.000301   0.034371
      707 0.000293  -0.033433
      403 0.000289   0.032952
       69 0.000286   0.032599
      132 0.000285   0.032547
      741 0.000281   0.032073
      576 0.000279  -0.031838
      587 0.000275   0.031395
      604 0.000266  -0.030382
       70 0.000264   0.030182
      204 0.000258   0.029425
       71 0.000255   0.029084
      696 0.000251  -0.028668
      853 0.000250  -0.028518
      753 0.000248  -0.028363
      258 0.000248  -0.028350
      383 0.000246   0.028079
      628 0.000239   0.027239
      570 0.000235  -0.026861
      377 0.000234  -0.026715
      739 0.000233  -0.026588
      400 0.000231  -0.026356
      580 0.000223  -0.025419
      273 0.000216  -0.024621
      787 0.000214   0.024383
      161 0.000213   0.024340
      815 0.000212  -0.024149
      573 0.000208   0.023779
      658 0.000208   0.023765
      199 0.000208  -0.023765
      271 0.000205   0.023418
      361 0.000200   0.022818
      564 0.000198  -0.022617
      793 0.000191  -0.021784
      549 0.000190  -0.021687
      750 0.000190   0.021676
      941 0.000190  -0.021664
      800 0.000189  -0.021624
      148 0.000189   0.021556
      828 0.000185  -0.021161
      665 0.000184  -0.021057
      427 0.000183  -0.020938
      687 0.000183   0.020854
      301 0.000181  -0.020714
      175 0.000181  -0.020680
      820 0.000176  -0.020060
      373 0.000169  -0.019258
      574 0.000169  -0.019243
      299 0.000168   0.019137
      557 0.000167  -0.019098
      743 0.000165  -0.018890
      254 0.000162   0.018467
      784 0.000159  -0.018114
      277 0.000155   0.017720
      667 0.000155   0.017652
      857 0.000155  -0.017639
      236 0.000154   0.017636
      711 0.000154   0.017589
      255 0.000151  -0.017244
      398 0.000151  -0.017213
      380 0.000149   0.016975
      247 0.000148   0.016925
      566 0.000146   0.016702
      355 0.000145   0.016536
      234 0.000142   0.016201
      855 0.000141  -0.016125
      726 0.000141  -0.016085
      847 0.000141   0.016076
      638 0.000140  -0.015954
      818 0.000136  -0.015492
      790 0.000135   0.015459
      605 0.000135  -0.015457
      759 0.000135   0.015410
      269 0.000134  -0.015282
      645 0.000133   0.015193
      808 0.000133   0.015168
      295 0.000132  -0.015072
      392 0.000132   0.015029
      353 0.000129  -0.014719
      369 0.000126   0.014374
      795 0.000125   0.014281
      294 0.000125  -0.014227
      275 0.000125  -0.014218
      640 0.000124  -0.014190
      257 0.000124  -0.014183
      908 0.000124  -0.014164
      367 0.000123   0.014054
      217 0.000122  -0.013898
      423 0.000121  -0.013826
      431 0.000121  -0.013825
      974 0.000121   0.013809
      629 0.000120  -0.013722
      436 0.000120   0.013668
      235 0.000119  -0.013638
      553 0.000118  -0.013465
      690 0.000117   0.013384
      798 0.000115   0.013126
      222 0.000113  -0.012881
      859 0.000113   0.012859
      882 0.000113   0.012843
      266 0.000111  -0.012671
      591 0.000110   0.012552
      239 0.000109   0.012439
      312 0.000109  -0.012392
      684 0.000108  -0.012379
      354 0.000108   0.012325
      799 0.000108  -0.012313
      230 0.000107  -0.012254
      740 0.000106  -0.012088
      107 0.000105  -0.012007
      600 0.000105  -0.011945
      742 0.000105  -0.011944
      281 0.000105   0.011940
      581 0.000104  -0.011867
      697 0.000104   0.011862
      778 0.000104  -0.011838
      356 0.000103  -0.011811
      241 0.000103   0.011761
      824 0.000102   0.011619
      584 0.000100  -0.011436
      585 0.000100  -0.011406
      723 0.000099  -0.011296
      840 0.000099  -0.011265
      308 0.000099  -0.011249
       91 0.000098  -0.011214
      736 0.000098  -0.011160
      298 0.000095  -0.010898
      198 0.000095   0.010797
      614 0.000094   0.010786
      572 0.000093  -0.010666
      263 0.000093  -0.010645
      734 0.000093  -0.010613
      611 0.000093  -0.010575
      844 0.000092  -0.010524
      292 0.000092  -0.010470
      249 0.000091  -0.010425
      390 0.000091   0.010396
      569 0.000090   0.010300
     1095 0.000090  -0.010270
      832 0.000089   0.010122
      561 0.000088   0.010031
      279 0.000088  -0.010018
      594 0.000087  -0.009946
      209 0.000087  -0.009890
      762 0.000087   0.009884
      262 0.000084  -0.009634
      386 0.000083   0.009430
      744 0.000082  -0.009390
      302 0.000082  -0.009387
      728 0.000082  -0.009337
      261 0.000082  -0.009331
      701 0.000081  -0.009289
      597 0.000081  -0.009200
      829 0.000080   0.009170
      193 0.000080  -0.009152
      227 0.000080   0.009089
      955 0.000080   0.009083
      616 0.000078  -0.008923
      843 0.000076  -0.008685
      801 0.000074  -0.008465
      428 0.000073   0.008336
      937 0.000073  -0.008280
     1005 0.000072   0.008265
      251 0.000072  -0.008227
      343 0.000072  -0.008207
      337 0.000071  -0.008105
      748 0.000070  -0.008041
      770 0.000070   0.008009
      632 0.000070   0.008005
      879 0.000070  -0.007989
      978 0.000070   0.007974
      803 0.000069   0.007906
      782 0.000069  -0.007822
      414 0.000068   0.007808
      552 0.000068  -0.007755
      913 0.000068  -0.007755
      232 0.000068  -0.007746
      891 0.000068  -0.007726
      545 0.000067  -0.007693
      322 0.000067  -0.007676
      560 0.000067  -0.007639
      425 0.000067   0.007603
      291 0.000066   0.007517
      863 0.000066  -0.007482
      313 0.000065  -0.007427
      922 0.000065  -0.007365
      826 0.000062  -0.007036
      332 0.000061  -0.006984
      323 0.000061  -0.006973
      223 0.000061   0.006930
      948 0.000060   0.006881
      608 0.000060  -0.006829
      407 0.000060  -0.006804
      802 0.000059   0.006777
      722 0.000058  -0.006639
      539 0.000058   0.006610
      776 0.000057  -0.006492
      319 0.000056   0.006402
      627 0.000056   0.006388
      654 0.000056   0.006362
      374 0.000055   0.006227
      895 0.000053   0.006096
       88 0.000053  -0.006038
      821 0.000052  -0.005922
      789 0.000052   0.005913
      397 0.000051  -0.005836
      528 0.000051   0.005806
      773 0.000050   0.005706
      138 0.000050   0.005700
      831 0.000049   0.005613
      765 0.000048   0.005493
      394 0.000048   0.005491
      104 0.000048   0.005459
      169 0.000048  -0.005435
      864 0.000046   0.005292
      542 0.000046   0.005281
      329 0.000046  -0.005276
      860 0.000045  -0.005100
      805 0.000044  -0.005073
      321 0.000044  -0.005022
      342 0.000044   0.004973
      823 0.000043   0.004899
      867 0.000043   0.004885
      540 0.000043  -0.004864
      870 0.000042  -0.004812
      535 0.000042   0.004796
      409 0.000042  -0.004789
      904 0.000042   0.004782
      987 0.000042   0.004739
      792 0.000041   0.004671
      272 0.000040   0.004619
      928 0.000040  -0.004566
      315 0.000040   0.004556
      274 0.000040  -0.004532
      874 0.000039  -0.004472
      349 0.000039  -0.004455
      881 0.000039  -0.004438
      943 0.000038   0.004377
      894 0.000038  -0.004337
      589 0.000037  -0.004206
     1001 0.000037  -0.004198
      448 0.000037   0.004177
      289 0.000036   0.004136
      858 0.000036  -0.004113
      588 0.000036  -0.004107
      965 0.000036  -0.004071
      643 0.000035  -0.004045
      518 0.000035   0.004037
      164 0.000035  -0.004012
      677 0.000035   0.003995
      160 0.000034   0.003937
      491 0.000034   0.003910
      310 0.000034  -0.003849
      366 0.000033   0.003812
      933 0.000033   0.003801
      993 0.000033   0.003773
      268 0.000033  -0.003750
      609 0.000033  -0.003724
      331 0.000032  -0.003675
      532 0.000032   0.003663
      596 0.000032  -0.003607
     1025 0.000031   0.003589
      445 0.000031  -0.003571
      603 0.000031  -0.003546
      880 0.000031   0.003522
      410 0.000031  -0.003505
      488 0.000031   0.003491
      942 0.000030   0.003434
      650 0.000030  -0.003431
     1032 0.000030   0.003417
      530 0.000030   0.003408
      830 0.000030   0.003392
      252 0.000029   0.003333
      320 0.000029  -0.003283
      206 0.000029   0.003271
      590 0.000028  -0.003223
      475 0.000028  -0.003216
      763 0.000028  -0.003205
      838 0.000028   0.003198
      950 0.000028  -0.003191
      224 0.000028  -0.003178
      727 0.000028  -0.003164
      424 0.000028  -0.003154
      142 0.000027   0.003109
      524 0.000027  -0.003104
      325 0.000027  -0.003049
      938 0.000026   0.003025
     1017 0.000026   0.002974
      287 0.000026  -0.002963
      780 0.000026  -0.002962
      165 0.000026  -0.002957
      128 0.000026   0.002921
      284 0.000025  -0.002911
      694 0.000025   0.002887
      330 0.000025  -0.002882
      900 0.000025  -0.002881
      814 0.000025   0.002833
      598 0.000025   0.002830
      685 0.000024  -0.002787
      288 0.000024   0.002785
      250 0.000024  -0.002776
      348 0.000024   0.002697
      432 0.000024   0.002695
      347 0.000024   0.002685
      290 0.000023   0.002636
      278 0.000023   0.002622
      613 0.000023  -0.002618
     1034 0.000023  -0.002602
      105 0.000023  -0.002598
      559 0.000023   0.002595
      213 0.000023  -0.002583
      125 0.000023   0.002582
      156 0.000023  -0.002576
       53 0.000023  -0.002574
      884 0.000022  -0.002549
       93 0.000022  -0.002535
      351 0.000022   0.002509
      364 0.000022  -0.002506
      131 0.000022  -0.002486
      917 0.000022   0.002477
      662 0.000022  -0.002459
      637 0.000021  -0.002435
      154 0.000021  -0.002433
      713 0.000021   0.002420
      519 0.000021   0.002401
      526 0.000021   0.002396
      502 0.000021   0.002382
      839 0.000021  -0.002372
       55 0.000021  -0.002371
      244 0.000021  -0.002370
      395 0.000021   0.002349
      123 0.000021  -0.002345
       86 0.000020   0.002335
      110 0.000020  -0.002313
      285 0.000020  -0.002291
      714 0.000020  -0.002282
      455 0.000020  -0.002277
      384 0.000020  -0.002274
      842 0.000020  -0.002271
       87 0.000020   0.002269
      402 0.000020   0.002260
      260 0.000020  -0.002257
      610 0.000020   0.002227
      282 0.000019   0.002212
      775 0.000019   0.002199
      162 0.000019  -0.002181
       65 0.000019  -0.002179
      112 0.000019   0.002175
      811 0.000019   0.002173
      144 0.000019   0.002141
      214 0.000019  -0.002136
      387 0.000019   0.002128
       67 0.000019   0.002121
      505 0.000019   0.002115
       64 0.000018   0.002101
      309 0.000018   0.002093
      437 0.000018   0.002088
      396 0.000018  -0.002084
      489 0.000018   0.002078
     1052 0.000018   0.002076
      360 0.000018   0.002071
      130 0.000018   0.002062
       74 0.000018   0.002060
      856 0.000018   0.002055
      463 0.000018  -0.002051
      479 0.000018   0.002045
      368 0.000018   0.002042
       95 0.000018   0.002034
      565 0.000018  -0.002025
      180 0.000018   0.002015
      514 0.000018   0.002012
      536 0.000018  -0.002004
       57 0.000017  -0.001996
      152 0.000017   0.001993
      675 0.000017   0.001992
      512 0.000017  -0.001980
      405 0.000017  -0.001973
      406 0.000017   0.001970
      644 0.000017   0.001969
      185 0.000017  -0.001951
      286 0.000017   0.001930
      326 0.000017   0.001929
      646 0.000017   0.001916
      794 0.000017   0.001905
      633 0.000017   0.001888
      458 0.000016   0.001879
      155 0.000016  -0.001846
      177 0.000016   0.001839
      178 0.000016  -0.001828
      434 0.000016   0.001820
      538 0.000016   0.001814
      150 0.000016  -0.001813
      109 0.000016  -0.001805
      103 0.000016  -0.001792
      755 0.000016  -0.001787
       89 0.000015   0.001756
      712 0.000015  -0.001749
      810 0.000015   0.001742
      359 0.000015   0.001734
      215 0.000015   0.001733
       66 0.000015   0.001731
       52 0.000015   0.001728
      270 0.000015  -0.001726
      195 0.000015   0.001725
      141 0.000015  -0.001722
      297 0.000015  -0.001716
      935 0.000015  -0.001715
      883 0.000015   0.001705
      907 0.000015   0.001703
       73 0.000015   0.001701
      949 0.000015   0.001696
      376 0.000015   0.001677
      450 0.000015  -0.001660
      100 0.000014  -0.001647
      809 0.000014   0.001622
      927 0.000014  -0.001599
      335 0.000014   0.001599
      619 0.000014   0.001596
      216 0.000014   0.001593
      192 0.000014  -0.001582
      327 0.000014   0.001574
      732 0.000014   0.001549
      293 0.000014  -0.001542
      724 0.000013  -0.001534
      114 0.000013  -0.001530
      868 0.000013  -0.001518
      382 0.000013  -0.001515
      966 0.000013   0.001508
      307 0.000013  -0.001507
      852 0.000013   0.001505
      170 0.000013  -0.001504
      314 0.000013  -0.001490
      336 0.000013   0.001487
     1010 0.000013   0.001463
      921 0.000013  -0.001460
      483 0.000013  -0.001454
      816 0.000013   0.001427
      934 0.000012  -0.001398
      462 0.000012   0.001394
      371 0.000012  -0.001392
      556 0.000012  -0.001389
      555 0.000012   0.001388
      837 0.000012   0.001386
       56 0.000012   0.001384
      108 0.000012  -0.001378
      200 0.000012   0.001370
      317 0.000012   0.001352
      346 0.000012   0.001351
      903 0.000012  -0.001350
      804 0.000012  -0.001343
      357 0.000012  -0.001342
      478 0.000012   0.001333
       75 0.000012   0.001324
      296 0.000012   0.001324
      791 0.000012   0.001322
     1047 0.000012   0.001322
      971 0.000011  -0.001297
      449 0.000011  -0.001294
      375 0.000011   0.001288
       77 0.000011  -0.001286
      370 0.000011  -0.001285
      550 0.000011  -0.001267
      548 0.000011  -0.001253
       59 0.000011  -0.001250
      102 0.000011   0.001248
      695 0.000011   0.001237
      259 0.000011   0.001230
      510 0.000011  -0.001224
      139 0.000011   0.001213
      473 0.000011  -0.001209
      841 0.000011   0.001206
      964 0.000011   0.001199
      159 0.000010   0.001198
      418 0.000010  -0.001194
      649 0.000010  -0.001192
      487 0.000010  -0.001184
      352 0.000010   0.001180
       79 0.000010   0.001180
       27 0.000010  -0.001179
       99 0.000010   0.001176
      136 0.000010   0.001158
       83 0.000010  -0.001149
euclid. distance of OLC and linear combination of EV * x_coef: 0.01019562299391382

Generate samples based on objective loadcase 644
nr_to_generate: 25

Parameter variation distribution settings
distribution: uniform
low: 0.7
high: 1.3

Total process runtime: 0:00:01.345224
