Date and Time:2023-05-12 14:16:37.210746

Initial Settings:
similarity_model: <function cosine_similarity at 0x000001D005A6E5E0>
similarity_threshold: 1e-05
nr_eigv_to_select: None
distribution: uniform
deviation: 0.3
nr_to_generate: 25
recompute: False

Selected eigenvectors and similarity score w.r.t objective loadcase:
objective_loadcase_nr: 487
similarity_model: cosine_similarity
similarity_threshold: 1e-05
nr_eigv_to_select: None
nr_eigv_selected: 517
approximation parameter model: lstsq
similarity score and approx. param. value
:  eigv_idx    score      value
        3 0.560402  41.344521
        1 0.537315  39.641248
        2 0.501360 -36.988621
        0 0.378690  27.938422
        6 0.041758   3.080791
       39 0.023066   1.701722
        4 0.011346   0.837062
      639 0.003448   0.254364
      186 0.002232  -0.164659
      593 0.002018  -0.148893
      218 0.001979  -0.145992
      612 0.001979  -0.145991
      586 0.001877   0.138492
      710 0.001605  -0.118412
      187 0.001474  -0.108725
      716 0.001462   0.107896
      618 0.001234   0.091027
      663 0.001216  -0.089747
      595 0.001198   0.088421
      668 0.001184   0.087363
      194 0.001005   0.074135
      143 0.000984   0.072604
      626 0.000957   0.070610
      686 0.000947  -0.069860
      388 0.000886  -0.065375
      659 0.000876  -0.064613
       68 0.000861  -0.063544
      617 0.000837   0.061733
      688 0.000815  -0.060109
      749 0.000791  -0.058375
      599 0.000776   0.057257
      183 0.000732   0.053970
      562 0.000723  -0.053351
      635 0.000703   0.051868
      582 0.000697  -0.051437
      670 0.000677   0.049972
      621 0.000675  -0.049812
      578 0.000667   0.049230
       69 0.000660   0.048689
       71 0.000656   0.048381
      579 0.000587   0.043316
      733 0.000575   0.042398
      341 0.000567   0.041801
      182 0.000531  -0.039168
      698 0.000531  -0.039163
      700 0.000529   0.039005
      704 0.000524  -0.038629
      153 0.000513   0.037814
      683 0.000509   0.037554
      718 0.000506  -0.037315
      606 0.000506  -0.037315
      253 0.000505  -0.037224
      567 0.000501  -0.036937
      708 0.000500   0.036910
      666 0.000496  -0.036626
      577 0.000490  -0.036140
      602 0.000479  -0.035355
      735 0.000478  -0.035291
      174 0.000472   0.034788
      184 0.000455  -0.033540
      267 0.000425  -0.031324
      220 0.000424  -0.031269
      709 0.000412  -0.030386
      575 0.000400   0.029531
      641 0.000390  -0.028806
      620 0.000390  -0.028745
      583 0.000373  -0.027518
      699 0.000367  -0.027091
      601 0.000363   0.026765
      210 0.000361  -0.026657
      258 0.000345  -0.025458
      696 0.000339  -0.024996
      756 0.000334  -0.024619
      848 0.000333  -0.024598
      228 0.000325  -0.023984
      412 0.000322  -0.023763
      707 0.000321  -0.023679
      807 0.000318   0.023476
      204 0.000316   0.023304
      403 0.000313   0.023119
      419 0.000310  -0.022879
      362 0.000310  -0.022853
      753 0.000309  -0.022785
      243 0.000308   0.022724
      631 0.000299  -0.022058
      757 0.000295  -0.021763
      383 0.000286   0.021090
      137 0.000283  -0.020912
      587 0.000277   0.020445
      570 0.000271  -0.020023
      741 0.000266   0.019608
      199 0.000265  -0.019548
      230 0.000264  -0.019501
      853 0.000262  -0.019323
      273 0.000257  -0.018988
      739 0.000246  -0.018143
      793 0.000245  -0.018052
      179 0.000233   0.017162
      377 0.000225  -0.016609
      604 0.000222  -0.016411
      576 0.000221  -0.016291
      132 0.000219   0.016165
      235 0.000216  -0.015900
      564 0.000208  -0.015336
      750 0.000207   0.015269
      400 0.000202  -0.014898
      269 0.000201  -0.014794
      787 0.000200   0.014756
      369 0.000199   0.014702
      585 0.000195  -0.014407
      726 0.000195  -0.014386
      628 0.000194   0.014298
      658 0.000193   0.014257
      580 0.000193  -0.014225
      175 0.000192  -0.014140
      299 0.000189   0.013953
      356 0.000189  -0.013948
      171 0.000189  -0.013927
      301 0.000186  -0.013753
      427 0.000185  -0.013677
      800 0.000184  -0.013602
      227 0.000183   0.013485
      549 0.000181  -0.013368
      743 0.000180  -0.013281
      239 0.000180   0.013243
      206 0.000176   0.012966
      828 0.000174  -0.012837
      941 0.000172  -0.012718
      665 0.000172  -0.012690
      573 0.000168   0.012414
      818 0.000167  -0.012293
      857 0.000165  -0.012190
      605 0.000162  -0.011957
      784 0.000162  -0.011920
      263 0.000161  -0.011900
      815 0.000161  -0.011894
      271 0.000161   0.011881
      855 0.000161  -0.011843
      820 0.000159  -0.011749
      247 0.000159   0.011748
      667 0.000158   0.011624
       70 0.000156   0.011521
      711 0.000156   0.011475
      275 0.000152  -0.011235
      687 0.000149   0.011003
      361 0.000149   0.010996
      373 0.000148  -0.010928
      574 0.000147  -0.010840
      795 0.000147   0.010837
      553 0.000145  -0.010733
      217 0.000144  -0.010643
      312 0.000144  -0.010637
      742 0.000142  -0.010500
      591 0.000142   0.010468
      380 0.000141   0.010421
      392 0.000141   0.010410
      557 0.000141  -0.010368
      824 0.000139   0.010255
      295 0.000136  -0.010011
      277 0.000135   0.009964
      790 0.000134   0.009853
      255 0.000132  -0.009760
      808 0.000130   0.009558
      254 0.000126   0.009311
      353 0.000125  -0.009226
      859 0.000124   0.009116
      257 0.000123  -0.009073
      354 0.000122   0.009025
      778 0.000122  -0.008967
      423 0.000121  -0.008914
      431 0.000120  -0.008865
      566 0.000119   0.008743
      223 0.000118   0.008701
      736 0.000118  -0.008685
      398 0.000117  -0.008624
      829 0.000116   0.008566
      847 0.000115   0.008501
      908 0.000115  -0.008483
      337 0.000115  -0.008457
      638 0.000115  -0.008450
      690 0.000114   0.008426
      241 0.000113   0.008329
      697 0.000113   0.008307
      645 0.000109   0.008073
      581 0.000109  -0.008051
      596 0.000109  -0.008015
      332 0.000108  -0.007955
      974 0.000106   0.007812
      799 0.000105  -0.007746
      294 0.000105  -0.007737
      436 0.000104   0.007681
      629 0.000104  -0.007674
      279 0.000103  -0.007614
      561 0.000102   0.007560
      616 0.000100  -0.007348
      266 0.000100  -0.007347
      840 0.000100  -0.007346
      308 0.000099  -0.007277
      234 0.000098   0.007202
      684 0.000095  -0.007026
       88 0.000095  -0.007012
      770 0.000095   0.006976
      292 0.000094  -0.006911
      882 0.000093   0.006887
      763 0.000093   0.006879
      290 0.000093   0.006869
      600 0.000093  -0.006834
      611 0.000092  -0.006763
      262 0.000092  -0.006760
      281 0.000091   0.006727
      844 0.000090  -0.006607
      298 0.000089  -0.006588
      744 0.000089  -0.006553
      569 0.000088   0.006511
      261 0.000087  -0.006450
      222 0.000086  -0.006356
      728 0.000085  -0.006273
      734 0.000084  -0.006223
      236 0.000083   0.006103
      107 0.000081  -0.006006
      782 0.000080  -0.005910
      364 0.000080   0.005877
      614 0.000079   0.005800
      775 0.000079   0.005799
     1095 0.000079  -0.005792
      343 0.000078  -0.005782
      654 0.000078   0.005778
      584 0.000078  -0.005740
      249 0.000077  -0.005666
       93 0.000076  -0.005579
      723 0.000075  -0.005537
      386 0.000075   0.005536
      937 0.000075  -0.005532
      773 0.000075   0.005531
      325 0.000075  -0.005511
      355 0.000075   0.005497
      594 0.000074  -0.005474
      302 0.000074  -0.005464
      640 0.000073  -0.005387
      843 0.000073  -0.005358
      978 0.000071   0.005223
      329 0.000071  -0.005205
      832 0.000070   0.005190
      948 0.000069   0.005098
      560 0.000069  -0.005067
      161 0.000068   0.005050
      169 0.000068  -0.005009
      597 0.000068  -0.004996
      748 0.000067  -0.004967
     1005 0.000067   0.004956
      201 0.000067  -0.004944
      864 0.000066   0.004889
      319 0.000066   0.004887
      632 0.000066   0.004883
      722 0.000066  -0.004863
      148 0.000066   0.004849
      394 0.000066   0.004840
      572 0.000065  -0.004805
      801 0.000065  -0.004791
      209 0.000064  -0.004754
      955 0.000064   0.004739
      590 0.000064  -0.004736
      913 0.000064  -0.004735
      428 0.000063   0.004679
      104 0.000063   0.004656
      367 0.000063   0.004646
      291 0.000062   0.004587
      588 0.000061   0.004531
      545 0.000061  -0.004519
      701 0.000061  -0.004516
      226 0.000061  -0.004473
      425 0.000061   0.004467
      552 0.000060  -0.004441
      826 0.000060  -0.004416
      359 0.000060  -0.004400
      414 0.000060   0.004397
      251 0.000059  -0.004348
      315 0.000059   0.004328
      831 0.000058   0.004297
      860 0.000058  -0.004295
      225 0.000058  -0.004276
      539 0.000058   0.004267
      922 0.000058  -0.004267
      943 0.000058   0.004260
      792 0.000057   0.004212
      879 0.000056  -0.004156
      765 0.000056   0.004123
      895 0.000054   0.003998
      627 0.000054   0.003949
      740 0.000051  -0.003788
      769 0.000051   0.003779
      821 0.000050  -0.003715
      798 0.000050   0.003706
      823 0.000050   0.003700
      528 0.000050   0.003689
      321 0.000050  -0.003680
      776 0.000049  -0.003650
      694 0.000049   0.003600
      589 0.000049  -0.003587
      374 0.000048   0.003566
      870 0.000048  -0.003562
      891 0.000048  -0.003526
      240 0.000047   0.003500
      268 0.000047  -0.003482
      803 0.000047   0.003478
      289 0.000046   0.003383
      880 0.000046   0.003362
      390 0.000045   0.003349
      357 0.000044   0.003247
      535 0.000044   0.003234
      894 0.000043  -0.003138
      322 0.000042  -0.003078
      884 0.000042  -0.003071
      360 0.000041  -0.003051
       91 0.000041  -0.003012
      297 0.000040  -0.002982
      323 0.000040  -0.002976
      789 0.000040   0.002974
      874 0.000040  -0.002973
      237 0.000040  -0.002951
      313 0.000040  -0.002923
      904 0.000039   0.002909
      759 0.000039  -0.002841
      802 0.000039   0.002841
      881 0.000038  -0.002821
      244 0.000038  -0.002780
      542 0.000037   0.002763
      198 0.000037  -0.002746
      863 0.000037  -0.002709
      540 0.000036  -0.002681
      650 0.000036  -0.002664
      491 0.000035   0.002583
      649 0.000035  -0.002575
      942 0.000034   0.002540
      928 0.000034  -0.002537
      518 0.000034   0.002519
      342 0.000034   0.002498
      987 0.000033   0.002455
      950 0.000033  -0.002446
      260 0.000033  -0.002414
      409 0.000032  -0.002386
      532 0.000032   0.002371
      448 0.000032   0.002369
      310 0.000032  -0.002367
      397 0.000032  -0.002354
      278 0.000032   0.002342
      350 0.000032  -0.002333
      488 0.000031   0.002303
      842 0.000031  -0.002288
      407 0.000031  -0.002280
      933 0.000031   0.002279
     1001 0.000030  -0.002213
      193 0.000030  -0.002203
      410 0.000030  -0.002185
      445 0.000029  -0.002134
      259 0.000029   0.002119
      475 0.000028  -0.002088
      568 0.000028  -0.002074
      283 0.000028   0.002064
     1032 0.000027   0.002020
      524 0.000027  -0.001989
      530 0.000027   0.001970
      138 0.000026  -0.001949
      805 0.000026  -0.001927
      935 0.000026  -0.001922
      867 0.000025   0.001879
      677 0.000025   0.001854
     1025 0.000025   0.001842
      424 0.000025  -0.001831
      636 0.000025  -0.001818
      608 0.000024  -0.001801
      643 0.000024  -0.001769
      286 0.000024   0.001757
      324 0.000024  -0.001750
      858 0.000024  -0.001740
     1034 0.000023  -0.001721
      993 0.000023   0.001685
      346 0.000022   0.001659
      830 0.000022   0.001650
      965 0.000022  -0.001642
      296 0.000022   0.001637
      526 0.000022   0.001635
      221 0.000022   0.001630
      609 0.000022  -0.001615
      852 0.000022   0.001595
      957 0.000021   0.001580
      964 0.000021   0.001574
      971 0.000021  -0.001559
      794 0.000021   0.001554
      347 0.000021  -0.001546
     1017 0.000021   0.001544
      988 0.000021  -0.001537
       81 0.000020  -0.001510
      242 0.000020   0.001505
      856 0.000020   0.001493
      320 0.000020  -0.001489
      216 0.000020  -0.001480
      248 0.000020  -0.001477
     1073 0.000020  -0.001468
      479 0.000020   0.001467
      685 0.000020  -0.001461
      432 0.000020   0.001460
      229 0.000020   0.001454
      804 0.000020  -0.001444
      938 0.000019   0.001432
      900 0.000019  -0.001405
      519 0.000019   0.001401
      264 0.000019   0.001392
      921 0.000019  -0.001388
      351 0.000019  -0.001384
      514 0.000018   0.001363
      502 0.000018   0.001358
      455 0.000018  -0.001351
      328 0.000018  -0.001350
      755 0.000018  -0.001347
      285 0.000018   0.001341
      917 0.000018   0.001338
      714 0.000018  -0.001332
      197 0.000018   0.001327
      265 0.000018  -0.001315
      437 0.000018   0.001308
      536 0.000018  -0.001305
      368 0.000018  -0.001301
      463 0.000018  -0.001296
      101 0.000018   0.001295
      927 0.000017  -0.001290
       99 0.000017   0.001286
      814 0.000017   0.001285
      195 0.000017  -0.001273
     1010 0.000017   0.001268
      811 0.000017   0.001261
      949 0.000017   0.001243
      200 0.000017  -0.001236
      413 0.000016  -0.001207
      512 0.000016  -0.001194
      841 0.000016   0.001189
      282 0.000016   0.001180
      363 0.000016   0.001178
      489 0.000016   0.001177
       74 0.000016  -0.001177
     1096 0.000016   0.001173
      196 0.000016  -0.001151
      152 0.000016  -0.001150
      934 0.000015  -0.001140
      727 0.000015  -0.001135
       80 0.000015   0.001133
      833 0.000015  -0.001122
     1052 0.000015   0.001116
      458 0.000015   0.001111
      309 0.000015   0.001096
      215 0.000015  -0.001086
      613 0.000015  -0.001076
      158 0.000015  -0.001076
      382 0.000015   0.001074
      809 0.000015   0.001071
      680 0.000014   0.001064
       75 0.000014  -0.001063
      274 0.000014  -0.001054
      907 0.000014   0.001049
      732 0.000014   0.001047
      835 0.000014  -0.001041
      136 0.000014   0.001035
      293 0.000014  -0.001027
      983 0.000014   0.001025
      702 0.000014  -0.001012
      505 0.000014   0.001009
      977 0.000014   0.001003
      450 0.000013  -0.000995
      365 0.000013   0.000995
      123 0.000013  -0.000991
      348 0.000013  -0.000988
      131 0.000013   0.000973
      653 0.000013  -0.000968
      816 0.000013   0.000958
      592 0.000013   0.000950
       98 0.000013  -0.000941
      333 0.000013  -0.000937
       73 0.000013  -0.000934
      125 0.000012   0.000910
      112 0.000012   0.000887
      966 0.000012   0.000886
      288 0.000012   0.000880
      160 0.000012   0.000874
      144 0.000012  -0.000865
      192 0.000012   0.000864
      406 0.000012   0.000863
      150 0.000012   0.000863
      538 0.000012   0.000857
      287 0.000012  -0.000855
      110 0.000012  -0.000852
     1009 0.000011  -0.000847
       83 0.000011   0.000843
      349 0.000011   0.000838
       22 0.000011   0.000831
      810 0.000011   0.000827
      646 0.000011   0.000822
      338 0.000011   0.000822
      916 0.000011  -0.000813
      231 0.000011   0.000813
      478 0.000011   0.000813
      276 0.000011  -0.000804
      483 0.000011  -0.000801
      656 0.000011  -0.000798
       20 0.000011  -0.000789
      434 0.000011   0.000782
      233 0.000011   0.000775
      883 0.000010   0.000775
      188 0.000010  -0.000766
      224 0.000010  -0.000763
      487 0.000010  -0.000758
      461 0.000010   0.000753
      371 0.000010   0.000748
      634 0.000010  -0.000746
       45 0.000010  -0.000744
       86 0.000010  -0.000744
      746 0.000010  -0.000744
      462 0.000010   0.000738
euclid. distance of OLC and linear combination of EV * x_coef: 0.0069817126138862085

Generate samples based on objective loadcase 487
nr_to_generate: 25

Parameter variation distribution settings
distribution: uniform
low: 0.7
high: 1.3

Total process runtime: 0:00:01.313782
