Date and Time:2023-05-12 14:22:37.152770

Initial Settings:
similarity_model: <function cosine_similarity at 0x000001D005A6E5E0>
similarity_threshold: 1e-05
nr_eigv_to_select: None
distribution: uniform
deviation: 0.3
nr_to_generate: 25
recompute: False

Selected eigenvectors and similarity score w.r.t objective loadcase:
objective_loadcase_nr: 758
similarity_model: cosine_similarity
similarity_threshold: 1e-05
nr_eigv_to_select: None
nr_eigv_selected: 459
approximation parameter model: lstsq
similarity score and approx. param. value
:  eigv_idx    score      value
        1 0.551125  53.456606
        3 0.538826  52.263665
        2 0.496785 -48.185895
        0 0.394394  38.254409
        6 0.055202   5.354305
       39 0.018307   1.775677
        4 0.010443   1.012882
      639 0.003911   0.379354
       68 0.003539  -0.343288
      186 0.002410  -0.233741
      612 0.002154  -0.208946
      593 0.002115  -0.205191
      586 0.001936   0.187746
      218 0.001778  -0.172442
      716 0.001602   0.155385
      187 0.001576  -0.152836
      663 0.001526  -0.148053
      618 0.001523   0.147747
      710 0.001491  -0.144595
      668 0.001366   0.132523
       71 0.001275  -0.123653
      595 0.001228   0.119101
      194 0.001110   0.107670
      659 0.001031  -0.099998
       69 0.001004  -0.097351
      617 0.000943   0.091420
      182 0.000923  -0.089563
      388 0.000919  -0.089181
      626 0.000903   0.087585
      686 0.000903  -0.087547
      599 0.000836   0.081066
      635 0.000802   0.077828
      562 0.000782  -0.075830
      688 0.000781  -0.075731
      582 0.000776  -0.075252
      700 0.000766   0.074254
      670 0.000759   0.073588
      579 0.000724   0.070183
      683 0.000713   0.069206
      578 0.000694   0.067333
      183 0.000689   0.066860
      621 0.000683  -0.066282
      143 0.000674   0.065412
      733 0.000649   0.062970
      184 0.000648  -0.062817
      698 0.000639  -0.061977
      749 0.000622  -0.060349
       70 0.000587   0.056982
      341 0.000575   0.055755
      602 0.000567  -0.055021
      718 0.000563  -0.054575
      666 0.000559  -0.054264
      253 0.000554  -0.053743
      704 0.000525  -0.050920
      228 0.000479  -0.046446
      567 0.000476  -0.046175
      708 0.000466   0.045202
      606 0.000464  -0.045004
      174 0.000459   0.044518
      699 0.000445  -0.043130
      641 0.000439  -0.042569
      153 0.000436   0.042304
      577 0.000436  -0.042267
      735 0.000432  -0.041881
      210 0.000425  -0.041215
      575 0.000421   0.040883
      620 0.000409  -0.039701
      583 0.000393  -0.038113
      220 0.000380  -0.036890
      267 0.000378  -0.036624
      709 0.000377  -0.036587
      179 0.000374   0.036255
      362 0.000368  -0.035691
      631 0.000338  -0.032797
      707 0.000336  -0.032578
      848 0.000336  -0.032549
      171 0.000335  -0.032446
      601 0.000333   0.032315
      419 0.000319  -0.030898
      807 0.000316   0.030652
      412 0.000314  -0.030431
      403 0.000313   0.030317
      604 0.000309  -0.029984
      204 0.000295   0.028612
      756 0.000294  -0.028556
      258 0.000287  -0.027881
      587 0.000287   0.027808
      576 0.000285  -0.027663
      757 0.000280  -0.027166
      628 0.000275   0.026702
      383 0.000271   0.026290
      753 0.000268  -0.026030
      243 0.000264   0.025576
      696 0.000257  -0.024938
      199 0.000252  -0.024454
      400 0.000248  -0.024066
      570 0.000240  -0.023292
      137 0.000239  -0.023199
      377 0.000239  -0.023181
      580 0.000231  -0.022396
      573 0.000226   0.021896
      815 0.000219  -0.021288
      658 0.000218   0.021110
      271 0.000216   0.020969
      853 0.000216  -0.020957
      254 0.000213   0.020697
      564 0.000211  -0.020422
      273 0.000209  -0.020226
      665 0.000205  -0.019857
      941 0.000204  -0.019780
      787 0.000203   0.019649
      741 0.000201   0.019455
      132 0.000197   0.019061
      361 0.000193   0.018767
      236 0.000189   0.018368
      739 0.000189  -0.018346
      161 0.000189   0.018311
      800 0.000187  -0.018131
      793 0.000186  -0.018056
      301 0.000185  -0.017927
      828 0.000185  -0.017897
      277 0.000184   0.017864
      175 0.000184  -0.017861
      427 0.000183  -0.017767
      667 0.000179   0.017351
      148 0.000178   0.017313
      687 0.000177   0.017205
      557 0.000177  -0.017205
      640 0.000172  -0.016667
      574 0.000171  -0.016595
      299 0.000170   0.016526
      820 0.000170  -0.016451
      566 0.000167   0.016235
      217 0.000165  -0.016012
      257 0.000164  -0.015870
      549 0.000163  -0.015843
      743 0.000163  -0.015826
      234 0.000163   0.015800
      784 0.000163  -0.015786
      247 0.000161   0.015606
      373 0.000160  -0.015498
      711 0.000160   0.015481
       91 0.000159  -0.015425
      255 0.000159  -0.015411
      750 0.000156   0.015179
      380 0.000155   0.015009
      269 0.000151  -0.014673
      855 0.000151  -0.014654
      398 0.000149  -0.014497
      857 0.000146  -0.014155
      369 0.000139   0.013438
      353 0.000138  -0.013354
      355 0.000137   0.013323
      690 0.000136   0.013198
      908 0.000135  -0.013133
      726 0.000135  -0.013124
      645 0.000135   0.013072
      790 0.000134   0.013035
      356 0.000134  -0.012957
      808 0.000133   0.012937
      295 0.000132  -0.012788
      818 0.000131  -0.012714
      392 0.000129   0.012560
      585 0.000129  -0.012532
      795 0.000129   0.012486
      697 0.000128   0.012369
      436 0.000128   0.012367
      553 0.000127  -0.012365
      235 0.000127  -0.012305
      294 0.000126  -0.012252
      629 0.000126  -0.012215
      974 0.000126   0.012181
      605 0.000125  -0.012170
      847 0.000125   0.012160
      263 0.000125  -0.012091
      423 0.000124  -0.012007
      736 0.000123  -0.011890
      367 0.000122   0.011878
      581 0.000122  -0.011843
      431 0.000121  -0.011782
      354 0.000119   0.011518
      312 0.000119  -0.011514
      798 0.000118   0.011430
      759 0.000117   0.011333
      600 0.000117  -0.011320
      742 0.000116  -0.011247
      107 0.000115  -0.011126
      638 0.000114  -0.011013
      859 0.000113   0.011004
      138 0.000113   0.010996
      266 0.000112  -0.010861
      840 0.000111  -0.010785
      281 0.000110   0.010655
      241 0.000109   0.010593
      882 0.000109   0.010582
      594 0.000108  -0.010472
      249 0.000107  -0.010377
      799 0.000107  -0.010376
      292 0.000104  -0.010087
      552 0.000104  -0.010067
      584 0.000103  -0.010020
      684 0.000102  -0.009889
      829 0.000102   0.009869
      824 0.000101   0.009838
      227 0.000100   0.009722
      844 0.000099  -0.009639
      261 0.000099  -0.009583
      611 0.000097  -0.009424
      778 0.000096  -0.009327
      569 0.000095   0.009236
      572 0.000095  -0.009204
      262 0.000095  -0.009176
      230 0.000093  -0.009020
      291 0.000093   0.009003
     1095 0.000093  -0.008984
      275 0.000091  -0.008854
      591 0.000091   0.008793
      740 0.000090  -0.008773
      302 0.000089  -0.008624
      308 0.000086  -0.008390
      239 0.000086   0.008378
      832 0.000085   0.008242
      386 0.000085   0.008236
      723 0.000084  -0.008182
      632 0.000083   0.008027
      561 0.000082   0.007978
      560 0.000082  -0.007934
      744 0.000082  -0.007911
      734 0.000082  -0.007909
      616 0.000081  -0.007877
      390 0.000081   0.007865
      955 0.000081   0.007859
      701 0.000081  -0.007825
      206 0.000080   0.007780
      762 0.000078   0.007613
      803 0.000078   0.007585
      428 0.000078   0.007562
      937 0.000078  -0.007555
      728 0.000077  -0.007441
     1005 0.000076   0.007353
      597 0.000075  -0.007279
      913 0.000074  -0.007226
      978 0.000074   0.007202
      268 0.000074  -0.007160
      394 0.000074   0.007150
      414 0.000074   0.007131
      654 0.000072   0.007031
      374 0.000072   0.007029
      343 0.000070  -0.006829
      748 0.000069  -0.006722
      922 0.000069  -0.006705
      801 0.000069  -0.006662
      337 0.000068  -0.006608
      879 0.000068  -0.006577
      313 0.000068  -0.006553
      545 0.000067  -0.006513
      232 0.000067  -0.006469
      802 0.000066   0.006419
      279 0.000066  -0.006414
      826 0.000066  -0.006381
      223 0.000065   0.006312
      722 0.000065  -0.006296
      776 0.000065  -0.006266
      539 0.000065   0.006261
      843 0.000064  -0.006246
      298 0.000064  -0.006244
      782 0.000064  -0.006171
      251 0.000063  -0.006130
      425 0.000063   0.006105
      329 0.000063  -0.006100
      209 0.000063  -0.006096
      895 0.000062   0.006059
      222 0.000062  -0.006016
      193 0.000062  -0.006007
      831 0.000061   0.005958
      948 0.000059   0.005768
      789 0.000059   0.005749
      891 0.000058  -0.005660
      322 0.000058  -0.005593
      596 0.000057  -0.005564
      332 0.000057  -0.005556
      863 0.000056  -0.005451
      325 0.000055  -0.005362
      805 0.000055  -0.005323
      821 0.000053  -0.005097
      528 0.000052   0.005077
      407 0.000052  -0.005073
      614 0.000052   0.005026
      860 0.000051  -0.004976
      770 0.000049   0.004756
      864 0.000048   0.004662
      765 0.000047   0.004603
      323 0.000047  -0.004593
      542 0.000047   0.004592
      627 0.000047   0.004534
      603 0.000047  -0.004529
      198 0.000046   0.004465
      289 0.000046   0.004456
      397 0.000045  -0.004391
      297 0.000045  -0.004352
      540 0.000045  -0.004333
      319 0.000044   0.004274
      881 0.000044  -0.004267
      773 0.000044   0.004234
      290 0.000044   0.004227
      987 0.000043   0.004161
      535 0.000042   0.004109
      928 0.000042  -0.004105
      342 0.000042   0.004085
      409 0.000042  -0.004079
      224 0.000041  -0.004006
      870 0.000041  -0.003962
      823 0.000041   0.003930
      858 0.000041  -0.003928
      589 0.000040  -0.003859
      448 0.000039   0.003808
      867 0.000038   0.003721
      792 0.000038   0.003705
     1001 0.000037  -0.003544
      643 0.000036  -0.003493
      518 0.000036   0.003480
      933 0.000035   0.003440
      491 0.000035   0.003440
      677 0.000034   0.003311
      636 0.000034  -0.003296
      333 0.000034  -0.003259
      488 0.000033   0.003228
      694 0.000033   0.003218
      410 0.000033  -0.003198
      310 0.000033  -0.003161
      993 0.000032   0.003150
      530 0.000032   0.003143
      532 0.000032   0.003139
      965 0.000032  -0.003121
     1025 0.000032   0.003112
      610 0.000032  -0.003063
      590 0.000031  -0.003042
      780 0.000031  -0.003020
     1032 0.000031   0.003007
      874 0.000031  -0.002979
      475 0.000031  -0.002968
      131 0.000031  -0.002966
      950 0.000030  -0.002954
      245 0.000030  -0.002949
      650 0.000030  -0.002904
      775 0.000030   0.002863
      201 0.000029  -0.002857
      169 0.000029  -0.002833
      842 0.000029  -0.002824
      524 0.000029  -0.002785
      445 0.000028  -0.002745
      413 0.000028   0.002739
      321 0.000028  -0.002693
      608 0.000027  -0.002659
      432 0.000027   0.002618
     1017 0.000027   0.002589
      943 0.000026   0.002568
      942 0.000026   0.002560
      680 0.000026   0.002535
      424 0.000026  -0.002510
      406 0.000026  -0.002488
      814 0.000026   0.002484
      904 0.000025   0.002460
      320 0.000025   0.002442
      880 0.000025   0.002399
      900 0.000025  -0.002395
      315 0.000024   0.002370
     1034 0.000024  -0.002335
      366 0.000024   0.002331
      237 0.000024   0.002309
      894 0.000024  -0.002298
      884 0.000024  -0.002284
      592 0.000023  -0.002251
      917 0.000023   0.002200
      685 0.000022  -0.002181
      938 0.000022   0.002160
      519 0.000022   0.002135
      536 0.000021  -0.002081
      502 0.000021   0.002081
      216 0.000021  -0.002036
      240 0.000021  -0.002020
      538 0.000021   0.002012
      455 0.000021  -0.002006
      479 0.000020   0.001970
      104 0.000020   0.001957
      526 0.000020   0.001940
      714 0.000020  -0.001927
      512 0.000019  -0.001872
      489 0.000019   0.001847
      214 0.000019   0.001831
      856 0.000019   0.001827
      949 0.000019   0.001823
      463 0.000019  -0.001809
      402 0.000019  -0.001804
      763 0.000019  -0.001796
     1052 0.000019   0.001796
      849 0.000018   0.001771
      296 0.000018  -0.001769
      514 0.000018   0.001748
      437 0.000018   0.001724
      830 0.000018   0.001721
      505 0.000018   0.001719
      458 0.000018   0.001718
      907 0.000017   0.001648
      284 0.000017   0.001642
      662 0.000017  -0.001634
      649 0.000017  -0.001629
      324 0.000017  -0.001625
      335 0.000017  -0.001604
      349 0.000016  -0.001587
      346 0.000016   0.001538
      276 0.000016   0.001526
      837 0.000015  -0.001498
      732 0.000015   0.001492
      727 0.000015  -0.001478
      420 0.000015   0.001419
      669 0.000015   0.001418
      450 0.000014  -0.001382
     1010 0.000014   0.001372
      483 0.000014  -0.001355
      452 0.000014  -0.001344
      811 0.000014   0.001340
      875 0.000014  -0.001337
      794 0.000014   0.001315
      852 0.000014  -0.001312
      791 0.000013   0.001309
      816 0.000013   0.001307
      399 0.000013  -0.001299
      619 0.000013   0.001295
      534 0.000013  -0.001272
      286 0.000013   0.001260
      888 0.000013   0.001242
      215 0.000013  -0.001238
      191 0.000012   0.001212
      681 0.000012  -0.001209
     1047 0.000012   0.001182
      876 0.000012  -0.001171
      462 0.000012   0.001166
      634 0.000012  -0.001162
      213 0.000012   0.001149
      318 0.000012  -0.001130
     1073 0.000012  -0.001116
      810 0.000011   0.001098
      927 0.000011  -0.001097
       93 0.000011   0.001078
      487 0.000011  -0.001072
      334 0.000011   0.001070
      609 0.000011   0.001069
      473 0.000011  -0.001066
      713 0.000011   0.001062
      244 0.000011  -0.001060
       66 0.000011  -0.001049
      188 0.000011  -0.001039
      921 0.000010  -0.001010
      934 0.000010  -0.001004
     1061 0.000010  -0.000996
      384 0.000010  -0.000987
      971 0.000010  -0.000975
      543 0.000010  -0.000970
euclid. distance of OLC and linear combination of EV * x_coef: 0.008544257497653697

Generate samples based on objective loadcase 758
nr_to_generate: 25

Parameter variation distribution settings
distribution: uniform
low: 0.7
high: 1.3

Total process runtime: 0:00:01.308549
