Date and Time:2023-05-12 14:13:53.742996

Initial Settings:
similarity_model: <function cosine_similarity at 0x000001D005A6E5E0>
similarity_threshold: 1e-05
nr_eigv_to_select: None
distribution: uniform
deviation: 0.3
nr_to_generate: 25
recompute: False

Selected eigenvectors and similarity score w.r.t objective loadcase:
objective_loadcase_nr: 365
similarity_model: cosine_similarity
similarity_threshold: 1e-05
nr_eigv_to_select: None
nr_eigv_selected: 633
approximation parameter model: lstsq
similarity score and approx. param. value
:  eigv_idx    score      value
        3 0.553060  63.733810
        1 0.547278  63.067516
        2 0.490339 -56.505927
        0 0.389453  44.880043
        6 0.044171   5.090207
       39 0.019339   2.228569
        4 0.010746   1.238330
      639 0.003211   0.370062
      186 0.002120  -0.244346
      612 0.001847  -0.212851
      593 0.001842  -0.212223
      586 0.001698   0.195710
      218 0.001665  -0.191899
      710 0.001628  -0.187599
      716 0.001493   0.172091
      187 0.001381  -0.159198
      618 0.001338   0.154205
       68 0.001329  -0.153175
      143 0.001313   0.151258
      668 0.001233   0.142146
      663 0.001177  -0.135662
      595 0.001076   0.123990
      686 0.000944  -0.108830
      194 0.000926   0.106764
      749 0.000920  -0.106044
      659 0.000903  -0.104032
      182 0.000899  -0.103619
      617 0.000836   0.096339
      688 0.000834  -0.096113
      388 0.000807  -0.092952
      626 0.000805   0.092766
      635 0.000704   0.081181
      599 0.000695   0.080110
      562 0.000685  -0.078915
      183 0.000672   0.077426
      184 0.000669  -0.077072
      582 0.000641  -0.073902
      579 0.000629   0.072449
      578 0.000628   0.072378
      670 0.000593   0.068335
      621 0.000585  -0.067431
      700 0.000572   0.065928
      683 0.000563   0.064839
      153 0.000549   0.063280
      735 0.000547  -0.063052
      228 0.000528  -0.060839
      666 0.000525  -0.060485
      733 0.000519   0.059832
       69 0.000513   0.059107
       71 0.000511   0.058869
      341 0.000506   0.058306
      253 0.000504  -0.058024
      137 0.000487  -0.056135
      708 0.000482   0.055498
      174 0.000479   0.055158
      698 0.000475  -0.054684
      567 0.000442  -0.050943
      606 0.000421  -0.048518
      220 0.000417  -0.048020
      577 0.000411  -0.047386
      709 0.000411  -0.047359
      602 0.000409  -0.047159
      718 0.000395  -0.045495
      756 0.000392  -0.045161
      583 0.000360  -0.041492
      575 0.000355   0.040925
      179 0.000354   0.040759
      601 0.000347   0.039957
      641 0.000347  -0.039931
      620 0.000345  -0.039718
      757 0.000343  -0.039580
      741 0.000341   0.039326
      258 0.000340  -0.039234
      699 0.000340  -0.039179
      704 0.000337  -0.038877
      362 0.000331  -0.038170
      267 0.000301  -0.034643
      853 0.000299  -0.034485
      739 0.000296  -0.034114
      243 0.000293   0.033807
      631 0.000290  -0.033462
      403 0.000284   0.032762
      171 0.000284  -0.032728
      807 0.000281   0.032429
      383 0.000280   0.032268
      419 0.000280  -0.032222
      848 0.000279  -0.032199
      412 0.000276  -0.031844
      604 0.000273  -0.031471
      204 0.000272   0.031349
      210 0.000259  -0.029811
      576 0.000255  -0.029342
      787 0.000251   0.028914
      750 0.000250   0.028862
      199 0.000249  -0.028669
      570 0.000247  -0.028510
      587 0.000246   0.028349
      753 0.000240  -0.027689
      707 0.000239  -0.027530
      132 0.000237   0.027340
       70 0.000235   0.027094
      628 0.000232   0.026793
      585 0.000222  -0.025634
      400 0.000221  -0.025484
      235 0.000220  -0.025348
      377 0.000211  -0.024316
      696 0.000210  -0.024212
      356 0.000202  -0.023276
      277 0.000199   0.022887
      658 0.000198   0.022798
      793 0.000193  -0.022220
      573 0.000191   0.022054
      269 0.000189  -0.021734
      271 0.000187   0.021543
      580 0.000186  -0.021418
      857 0.000186  -0.021391
      175 0.000186  -0.021377
      726 0.000184  -0.021171
      273 0.000183  -0.021120
      257 0.000180  -0.020738
      818 0.000175  -0.020219
      743 0.000175  -0.020197
      564 0.000174  -0.020026
      299 0.000173   0.019887
      369 0.000171   0.019720
      815 0.000169  -0.019497
      665 0.000168  -0.019358
      301 0.000167  -0.019190
      828 0.000166  -0.019143
      254 0.000165   0.019032
      941 0.000164  -0.018894
      800 0.000163  -0.018817
      427 0.000161  -0.018551
      263 0.000160  -0.018393
      711 0.000158   0.018193
      234 0.000157   0.018145
      820 0.000154  -0.017731
      247 0.000152   0.017501
      557 0.000150  -0.017282
      855 0.000149  -0.017150
      667 0.000147   0.016987
      824 0.000147   0.016922
      241 0.000147   0.016891
      596 0.000144  -0.016585
      222 0.000143  -0.016432
      790 0.000142   0.016404
      605 0.000141  -0.016279
      294 0.000141  -0.016253
      690 0.000140   0.016165
      380 0.000139   0.016038
      859 0.000139   0.016016
      262 0.000138  -0.015857
      209 0.000137  -0.015805
      574 0.000137  -0.015760
      239 0.000135   0.015528
      784 0.000134  -0.015433
      847 0.000133   0.015329
      549 0.000129  -0.014849
      566 0.000125   0.014409
      361 0.000125   0.014363
      354 0.000123   0.014161
      353 0.000123  -0.014145
      687 0.000122   0.014018
      829 0.000122   0.014002
      553 0.000121  -0.013993
      795 0.000121   0.013903
      217 0.000120  -0.013874
      255 0.000120  -0.013865
      373 0.000120  -0.013790
      261 0.000119  -0.013764
      312 0.000119  -0.013718
      398 0.000119  -0.013710
      392 0.000119   0.013709
      808 0.000119   0.013676
      268 0.000117  -0.013483
      742 0.000116  -0.013363
      193 0.000114  -0.013142
      581 0.000113  -0.013066
      770 0.000113   0.013017
      588 0.000113   0.012976
      436 0.000111   0.012743
      423 0.000109  -0.012545
      908 0.000108  -0.012454
      697 0.000108   0.012429
      736 0.000108  -0.012402
      431 0.000106  -0.012273
      161 0.000106   0.012208
      600 0.000105  -0.012075
      591 0.000105   0.012075
      974 0.000104   0.011991
      148 0.000103   0.011877
      640 0.000102  -0.011760
      552 0.000101  -0.011694
      281 0.000101   0.011627
      275 0.000099  -0.011452
      684 0.000098  -0.011332
      266 0.000097  -0.011170
      773 0.000097   0.011129
      801 0.000096  -0.011037
      799 0.000094  -0.010879
      882 0.000093   0.010723
      798 0.000093   0.010711
      616 0.000091  -0.010475
      778 0.000091  -0.010455
      840 0.000087  -0.010059
      629 0.000087  -0.009989
      322 0.000086  -0.009943
      394 0.000086   0.009903
      107 0.000086  -0.009900
      734 0.000086  -0.009855
      251 0.000085  -0.009811
      645 0.000085   0.009807
      308 0.000085  -0.009768
      744 0.000084  -0.009702
      236 0.000084   0.009699
      611 0.000084  -0.009691
      230 0.000083  -0.009517
      295 0.000082  -0.009403
      832 0.000082   0.009396
      844 0.000081  -0.009376
      569 0.000081   0.009331
      343 0.000081  -0.009318
      367 0.000081   0.009301
      302 0.000080  -0.009213
      843 0.000080  -0.009177
      701 0.000079  -0.009125
      359 0.000078  -0.009038
      169 0.000078  -0.009001
      782 0.000078  -0.008950
      740 0.000078  -0.008939
     1095 0.000077  -0.008877
      386 0.000077   0.008867
      289 0.000076   0.008770
      632 0.000075   0.008671
      864 0.000075   0.008665
      364 0.000074   0.008579
       93 0.000074  -0.008522
      249 0.000073  -0.008410
      728 0.000073  -0.008399
      355 0.000073   0.008377
      337 0.000072  -0.008253
      590 0.000071  -0.008194
      654 0.000071   0.008182
      584 0.000069  -0.008008
      272 0.000069  -0.007957
      561 0.000069   0.007950
      937 0.000069  -0.007948
      428 0.000069   0.007909
      291 0.000068   0.007885
      297 0.000068  -0.007851
      943 0.000067   0.007734
      279 0.000067  -0.007717
       88 0.000067  -0.007707
      638 0.000066  -0.007624
      414 0.000066   0.007607
      292 0.000066  -0.007554
      978 0.000065   0.007546
      955 0.000065   0.007495
      313 0.000065  -0.007458
      765 0.000064   0.007430
       91 0.000064  -0.007394
      560 0.000064  -0.007386
      948 0.000064   0.007373
     1005 0.000064   0.007346
      594 0.000063  -0.007316
      597 0.000063  -0.007237
      286 0.000063   0.007236
      274 0.000063   0.007234
      332 0.000063  -0.007228
      206 0.000062   0.007187
      826 0.000062  -0.007180
      636 0.000062  -0.007152
      545 0.000061  -0.006985
      589 0.000060  -0.006969
      374 0.000060   0.006940
      913 0.000060  -0.006939
      325 0.000060  -0.006901
      329 0.000060  -0.006893
      216 0.000059  -0.006773
      723 0.000059  -0.006743
      803 0.000058   0.006696
      831 0.000058   0.006654
      805 0.000058  -0.006653
      321 0.000057  -0.006600
      879 0.000056  -0.006401
      138 0.000055   0.006383
      131 0.000055   0.006340
      104 0.000055   0.006332
      922 0.000055  -0.006321
      572 0.000055  -0.006320
      425 0.000054   0.006234
      870 0.000054  -0.006215
      539 0.000054   0.006175
      283 0.000053   0.006143
      748 0.000053  -0.006135
      309 0.000053  -0.006092
      880 0.000053   0.006061
      722 0.000052  -0.006030
      776 0.000052  -0.005996
      759 0.000052   0.005982
      891 0.000052  -0.005938
      894 0.000051  -0.005896
      860 0.000050  -0.005810
      884 0.000050  -0.005717
      821 0.000049  -0.005697
      610 0.000049  -0.005661
      874 0.000049  -0.005625
      802 0.000048   0.005581
      252 0.000048  -0.005543
      895 0.000047   0.005427
      789 0.000047   0.005371
      823 0.000047   0.005365
       64 0.000046  -0.005324
      528 0.000046   0.005311
      250 0.000045   0.005214
       66 0.000045  -0.005212
      245 0.000045  -0.005172
      407 0.000045  -0.005144
      223 0.000044   0.005087
      904 0.000044   0.005062
      350 0.000043  -0.004963
      775 0.000043   0.004959
      164 0.000043   0.004952
      264 0.000043   0.004927
      649 0.000043  -0.004921
      160 0.000043   0.004916
      333 0.000042  -0.004820
      792 0.000041   0.004751
       81 0.000041  -0.004682
      863 0.000040  -0.004649
      298 0.000040  -0.004636
      357 0.000040   0.004602
      214 0.000040   0.004578
      347 0.000040  -0.004555
      304 0.000039   0.004546
      542 0.000039   0.004544
      226 0.000039  -0.004505
      402 0.000039  -0.004484
       53 0.000039   0.004474
      540 0.000038  -0.004429
      535 0.000038   0.004426
      165 0.000038   0.004393
      225 0.000038  -0.004387
      154 0.000038  -0.004353
      215 0.000038  -0.004326
      942 0.000037   0.004306
      409 0.000037  -0.004270
       80 0.000037   0.004257
      290 0.000037   0.004228
      694 0.000036   0.004197
      198 0.000036   0.004152
      650 0.000036  -0.004138
      195 0.000036  -0.004138
      136 0.000035  -0.004032
      320 0.000035   0.004002
      987 0.000035   0.003988
      881 0.000035  -0.003979
      134 0.000034   0.003953
      334 0.000034   0.003914
      335 0.000034  -0.003886
      762 0.000034   0.003879
      448 0.000034   0.003873
      680 0.000034   0.003872
      319 0.000033   0.003830
      928 0.000033  -0.003812
       55 0.000032   0.003716
      314 0.000032   0.003712
      310 0.000032  -0.003709
      224 0.000032  -0.003703
      491 0.000032   0.003698
       73 0.000032  -0.003676
      363 0.000032   0.003675
      145 0.000032   0.003664
       86 0.000032  -0.003634
      338 0.000031  -0.003628
      518 0.000031   0.003614
      101 0.000031   0.003605
      867 0.000031   0.003591
      950 0.000031  -0.003558
      935 0.000031  -0.003555
      609 0.000031   0.003555
     1001 0.000031  -0.003533
      488 0.000031   0.003517
       52 0.000030  -0.003504
      677 0.000030   0.003489
      532 0.000030   0.003475
       98 0.000030  -0.003462
      318 0.000030  -0.003456
      114 0.000030  -0.003451
      625 0.000030  -0.003435
      270 0.000030   0.003434
      344 0.000030   0.003421
      328 0.000030  -0.003401
      200 0.000029  -0.003375
      390 0.000029   0.003375
       63 0.000029   0.003373
      559 0.000029   0.003345
       96 0.000029  -0.003316
      608 0.000029   0.003299
      188 0.000029  -0.003292
      410 0.000028  -0.003274
      285 0.000028   0.003273
      397 0.000028  -0.003263
      933 0.000028   0.003228
      146 0.000028  -0.003227
      349 0.000028   0.003214
      103 0.000028   0.003207
       99 0.000028   0.003179
      598 0.000028  -0.003177
      155 0.000027  -0.003159
      530 0.000027   0.003142
      123 0.000027   0.003134
      637 0.000027   0.003123
      118 0.000027  -0.003117
      603 0.000027  -0.003114
      475 0.000027  -0.003111
      406 0.000027  -0.003080
      278 0.000027   0.003068
     1025 0.000026   0.003029
      345 0.000026  -0.003019
     1032 0.000026   0.003010
      181 0.000026   0.003000
      842 0.000026  -0.002971
      524 0.000026  -0.002951
      957 0.000026   0.002941
      993 0.000026   0.002940
      712 0.000025   0.002936
      324 0.000025  -0.002930
      964 0.000025   0.002927
      965 0.000025  -0.002916
       65 0.000025   0.002915
      858 0.000025  -0.002913
      178 0.000025   0.002868
      358 0.000025  -0.002860
      368 0.000025  -0.002840
      724 0.000024   0.002818
      227 0.000024   0.002778
      413 0.000024   0.002772
      180 0.000024  -0.002767
      284 0.000024   0.002760
      432 0.000024   0.002753
      348 0.000024  -0.002746
       94 0.000024   0.002730
      197 0.000024   0.002715
      112 0.000023   0.002699
      221 0.000023   0.002697
      988 0.000023  -0.002687
      445 0.000023  -0.002673
      120 0.000023  -0.002659
      565 0.000023  -0.002627
      681 0.000023  -0.002621
      342 0.000023   0.002620
      811 0.000023   0.002615
       74 0.000023  -0.002611
      424 0.000023  -0.002610
      837 0.000023  -0.002606
      376 0.000022   0.002593
      276 0.000022  -0.002591
       89 0.000022  -0.002578
      971 0.000022  -0.002570
      385 0.000022   0.002549
      365 0.000022   0.002547
       67 0.000022  -0.002543
      192 0.000021   0.002467
      614 0.000021   0.002463
      849 0.000021   0.002408
      130 0.000021   0.002398
     1017 0.000021   0.002386
      921 0.000021  -0.002376
     1034 0.000020  -0.002356
      339 0.000020  -0.002354
      340 0.000020   0.002333
      568 0.000020  -0.002325
      387 0.000020  -0.002319
      375 0.000020   0.002319
      162 0.000020   0.002316
      156 0.000020  -0.002311
      479 0.000020   0.002272
      213 0.000020   0.002269
      128 0.000020   0.002264
      900 0.000020  -0.002264
      556 0.000020  -0.002250
      371 0.000020   0.002250
      139 0.000019  -0.002237
       57 0.000019   0.002237
      633 0.000019  -0.002228
      927 0.000019  -0.002226
      810 0.000019   0.002225
      259 0.000019   0.002221
      685 0.000019  -0.002206
      108 0.000019   0.002206
      519 0.000019   0.002183
      714 0.000019  -0.002175
      232 0.000019   0.002172
      526 0.000019   0.002162
      841 0.000019   0.002161
      317 0.000019  -0.002155
     1096 0.000019   0.002154
      144 0.000019   0.002150
      401 0.000019  -0.002139
      902 0.000018  -0.002132
      856 0.000018   0.002119
      502 0.000018   0.002096
      705 0.000018  -0.002092
      196 0.000018  -0.002086
      695 0.000018  -0.002085
      934 0.000018  -0.002082
      647 0.000018   0.002070
      917 0.000018   0.002058
      351 0.000018  -0.002047
      331 0.000018   0.002045
      395 0.000018   0.002044
      133 0.000018   0.002041
       56 0.000018  -0.002032
      514 0.000018   0.002019
      129 0.000018  -0.002018
      282 0.000017  -0.002013
       97 0.000017   0.002002
      455 0.000017  -0.001945
      769 0.000017   0.001939
      113 0.000017  -0.001938
       60 0.000017  -0.001937
      536 0.000017  -0.001927
      147 0.000017  -0.001925
      463 0.000017  -0.001918
      669 0.000017   0.001906
      512 0.000016  -0.001874
      729 0.000016   0.001870
      326 0.000016  -0.001862
       90 0.000016   0.001846
      105 0.000016   0.001843
      458 0.000016   0.001838
      346 0.000016   0.001834
       27 0.000016   0.001816
      437 0.000016   0.001814
       50 0.000016   0.001810
      360 0.000016  -0.001796
      814 0.000016   0.001794
      489 0.000016   0.001793
      293 0.000016  -0.001791
      170 0.000015   0.001774
      644 0.000015  -0.001772
      237 0.000015  -0.001768
       76 0.000015  -0.001763
      643 0.000015  -0.001750
       87 0.000015  -0.001742
     1052 0.000015   0.001741
      452 0.000015  -0.001734
      899 0.000015  -0.001732
      619 0.000015   0.001730
       19 0.000015   0.001717
      106 0.000015  -0.001714
      420 0.000015   0.001711
      404 0.000015  -0.001701
      613 0.000015   0.001696
      830 0.000014   0.001651
      505 0.000014   0.001649
       25 0.000014  -0.001646
      983 0.000014   0.001645
      240 0.000014   0.001639
      794 0.000014   0.001634
      384 0.000014   0.001624
      966 0.000014   0.001618
      142 0.000014   0.001616
     1010 0.000014   0.001612
      839 0.000014   0.001609
       78 0.000014  -0.001605
      977 0.000014   0.001603
     1073 0.000014  -0.001595
      732 0.000014   0.001590
      627 0.000014   0.001579
      780 0.000014  -0.001575
      152 0.000013   0.001551
       83 0.000013   0.001547
       29 0.000013  -0.001519
      172 0.000013  -0.001519
      100 0.000013   0.001506
       38 0.000013   0.001499
       20 0.000013  -0.001491
      623 0.000013  -0.001482
      883 0.000013   0.001480
      538 0.000013   0.001470
       17 0.000013  -0.001463
      111 0.000013  -0.001442
       41 0.000012  -0.001437
     1009 0.000012  -0.001423
      907 0.000012   0.001419
       77 0.000012   0.001406
      450 0.000012  -0.001405
      483 0.000012  -0.001374
      125 0.000012  -0.001371
       22 0.000012   0.001370
      634 0.000012  -0.001370
      936 0.000012   0.001368
      648 0.000012  -0.001363
      816 0.000012   0.001354
      378 0.000012  -0.001353
      916 0.000012  -0.001349
       61 0.000012  -0.001342
      330 0.000012   0.001337
       14 0.000012  -0.001332
      809 0.000011   0.001315
       54 0.000011   0.001292
      653 0.000011  -0.001283
      352 0.000011   0.001280
      229 0.000011   0.001276
       49 0.000011  -0.001274
      166 0.000011   0.001271
       13 0.000011   0.001270
      713 0.000011  -0.001270
       84 0.000011  -0.001240
       47 0.000011   0.001240
      487 0.000011  -0.001234
        5 0.000011   0.001231
      949 0.000011   0.001229
      763 0.000011   0.001227
      796 0.000011   0.001223
      833 0.000011  -0.001218
      336 0.000011   0.001213
      746 0.000011  -0.001212
      804 0.000010  -0.001210
      434 0.000010   0.001204
      461 0.000010   0.001201
      405 0.000010  -0.001200
      473 0.000010  -0.001198
      127 0.000010  -0.001193
      396 0.000010  -0.001192
      119 0.000010  -0.001176
     1016 0.000010  -0.001172
      177 0.000010  -0.001163
       85 0.000010  -0.001163
      135 0.000010   0.001162
      315 0.000010   0.001156
euclid. distance of OLC and linear combination of EV * x_coef: 0.010110747457045387

Generate samples based on objective loadcase 365
nr_to_generate: 25

Parameter variation distribution settings
distribution: uniform
low: 0.7
high: 1.3

Total process runtime: 0:00:01.394125
