Date and Time:2023-05-12 14:06:19.645602

Initial Settings:
similarity_model: <function cosine_similarity at 0x000001D005A6E5E0>
similarity_threshold: 1e-05
nr_eigv_to_select: None
distribution: uniform
deviation: 0.3
nr_to_generate: 25
recompute: False

Selected eigenvectors and similarity score w.r.t objective loadcase:
objective_loadcase_nr: 23
similarity_model: cosine_similarity
similarity_threshold: 1e-05
nr_eigv_to_select: None
nr_eigv_selected: 498
approximation parameter model: lstsq
similarity score and approx. param. value
:  eigv_idx    score      value
        3 0.574893  50.012581
        1 0.525166  45.686593
        2 0.508176 -44.208560
        0 0.365280  31.777406
        6 0.033551   2.918783
       39 0.026208   2.279983
        4 0.012086   1.051460
      639 0.003356   0.291988
      218 0.002306  -0.200634
      186 0.002140  -0.186174
      593 0.002034  -0.176980
      612 0.001939  -0.168677
      586 0.001898   0.165114
      710 0.001626  -0.141480
      187 0.001412  -0.122828
      716 0.001325   0.115303
      595 0.001241   0.107937
      663 0.001121  -0.097504
      618 0.001108   0.096399
      668 0.001083   0.094236
      626 0.001024   0.089056
      194 0.000953   0.082886
      686 0.000938  -0.081637
      388 0.000886  -0.077076
      749 0.000816  -0.070997
      143 0.000802   0.069801
      688 0.000799  -0.069538
      659 0.000797  -0.069317
      617 0.000774   0.067336
       68 0.000769  -0.066904
      599 0.000744   0.064697
      562 0.000708  -0.061635
      582 0.000708  -0.061612
      183 0.000701   0.060963
      621 0.000699  -0.060812
      635 0.000691   0.060124
       69 0.000682   0.059362
      670 0.000672   0.058478
       71 0.000641   0.055738
      578 0.000636   0.055308
      704 0.000608  -0.052873
      341 0.000584   0.050779
      733 0.000567   0.049314
      718 0.000545  -0.047392
      567 0.000534  -0.046484
      606 0.000532  -0.046287
      579 0.000527   0.045811
      253 0.000520  -0.045257
      602 0.000519  -0.045178
      577 0.000519  -0.045163
      708 0.000499   0.043451
      698 0.000495  -0.043054
      735 0.000482  -0.041956
      153 0.000472   0.041079
      267 0.000465  -0.040486
      666 0.000459  -0.039943
      174 0.000448   0.038997
      220 0.000434  -0.037796
      709 0.000416  -0.036217
      700 0.000414   0.035975
      575 0.000411   0.035752
      696 0.000410  -0.035661
      620 0.000408  -0.035515
      683 0.000408   0.035500
      258 0.000389  -0.033808
      641 0.000386  -0.033607
      601 0.000383   0.033279
      210 0.000374  -0.032539
      230 0.000373  -0.032465
      753 0.000362  -0.031455
      707 0.000360  -0.031321
      583 0.000347  -0.030198
      848 0.000346  -0.030079
      699 0.000342  -0.029755
      412 0.000336  -0.029252
      227 0.000327   0.028483
      756 0.000324  -0.028189
      419 0.000313  -0.027236
      807 0.000313   0.027191
      383 0.000298   0.025945
      273 0.000296  -0.025759
      403 0.000291   0.025346
      793 0.000290  -0.025199
      587 0.000288   0.025033
      362 0.000287  -0.024996
      269 0.000286  -0.024877
      204 0.000284   0.024692
      853 0.000277  -0.024072
      631 0.000276  -0.024004
      243 0.000273   0.023726
      757 0.000273  -0.023714
      570 0.000269  -0.023432
      239 0.000252   0.021880
      184 0.000248  -0.021573
      741 0.000247   0.021511
      182 0.000242  -0.021071
      299 0.000239   0.020769
      726 0.000233  -0.020255
      739 0.000232  -0.020162
      235 0.000232  -0.020144
      263 0.000228  -0.019863
      206 0.000223   0.019404
      199 0.000222  -0.019333
      750 0.000213   0.018521
      377 0.000211  -0.018362
      763 0.000204   0.017773
      576 0.000204  -0.017749
      564 0.000200  -0.017355
      549 0.000196  -0.017064
      301 0.000194  -0.016896
      427 0.000191  -0.016614
      743 0.000190  -0.016559
      361 0.000190   0.016557
      818 0.000190  -0.016497
      137 0.000186  -0.016207
      580 0.000185  -0.016110
      223 0.000185   0.016051
      787 0.000184   0.016048
      604 0.000183  -0.015901
      759 0.000182  -0.015874
      400 0.000182  -0.015832
      658 0.000180   0.015676
      800 0.000180  -0.015658
      369 0.000179   0.015582
      175 0.000179  -0.015566
      857 0.000178  -0.015493
      247 0.000176   0.015306
      855 0.000175  -0.015261
      392 0.000167   0.014542
      742 0.000167  -0.014532
      312 0.000166  -0.014427
      824 0.000165   0.014382
      795 0.000164   0.014246
      784 0.000163  -0.014175
      373 0.000163  -0.014144
      132 0.000163   0.014138
      828 0.000162  -0.014132
      553 0.000160  -0.013939
      585 0.000160  -0.013926
      228 0.000160  -0.013891
      665 0.000160  -0.013879
      591 0.000159   0.013833
      628 0.000158   0.013765
       70 0.000157   0.013693
      711 0.000157   0.013679
      941 0.000156  -0.013603
      667 0.000156   0.013587
      820 0.000154  -0.013355
      574 0.000151  -0.013180
      337 0.000150  -0.013013
      605 0.000147  -0.012806
      332 0.000145  -0.012595
      277 0.000143   0.012468
      778 0.000143  -0.012437
      255 0.000140  -0.012185
      829 0.000138   0.012040
      859 0.000137   0.011922
      356 0.000135  -0.011784
      790 0.000131   0.011395
      557 0.000131  -0.011390
      275 0.000130  -0.011352
      398 0.000128  -0.011101
      290 0.000127   0.011039
      687 0.000127   0.011005
      808 0.000126   0.010985
      217 0.000126  -0.010959
      380 0.000124   0.010814
      736 0.000124  -0.010770
      775 0.000123   0.010720
      815 0.000123  -0.010703
      431 0.000122  -0.010606
      423 0.000122  -0.010604
      298 0.000122  -0.010596
      354 0.000120   0.010396
      616 0.000118  -0.010253
      179 0.000117   0.010213
      295 0.000117  -0.010168
      770 0.000116   0.010112
      573 0.000116   0.010054
      201 0.000114  -0.009927
      697 0.000113   0.009865
      600 0.000111  -0.009618
      566 0.000110   0.009596
      638 0.000108  -0.009433
      279 0.000108  -0.009414
      908 0.000108  -0.009412
      251 0.000108  -0.009364
      294 0.000107  -0.009344
      690 0.000107   0.009294
      645 0.000107   0.009293
      353 0.000105  -0.009175
      257 0.000105  -0.009173
      271 0.000105   0.009148
      171 0.000105  -0.009129
      799 0.000103  -0.008995
      329 0.000103  -0.008943
       88 0.000102  -0.008857
      241 0.000097   0.008472
       93 0.000097  -0.008416
      629 0.000096  -0.008339
      974 0.000096   0.008318
      436 0.000095   0.008272
      569 0.000095   0.008269
      744 0.000095  -0.008250
      728 0.000094  -0.008138
      355 0.000094   0.008138
      847 0.000093   0.008102
      840 0.000092  -0.007961
      782 0.000090  -0.007822
      611 0.000089  -0.007720
      769 0.000089   0.007707
      561 0.000087   0.007584
      864 0.000086   0.007517
      734 0.000086  -0.007465
      594 0.000086  -0.007446
      844 0.000084  -0.007346
      684 0.000084  -0.007326
      321 0.000083  -0.007243
      234 0.000083   0.007205
      773 0.000082   0.007169
      937 0.000082  -0.007167
      266 0.000082  -0.007157
      581 0.000082  -0.007153
      948 0.000081   0.007069
      268 0.000081  -0.007042
      281 0.000080   0.006977
      325 0.000079  -0.006908
      614 0.000078   0.006749
      596 0.000077  -0.006692
      289 0.000077   0.006658
      138 0.000076  -0.006580
      943 0.000076   0.006580
      723 0.000075  -0.006513
      367 0.000074   0.006470
      632 0.000074   0.006452
      843 0.000073  -0.006370
      882 0.000073   0.006358
      694 0.000073   0.006358
      860 0.000073  -0.006340
      978 0.000073   0.006319
      584 0.000071  -0.006187
      319 0.000071   0.006175
     1095 0.000070  -0.006051
      261 0.000069  -0.005960
      104 0.000068   0.005945
      302 0.000068  -0.005924
      292 0.000068  -0.005914
      107 0.000068  -0.005908
      560 0.000067  -0.005862
      722 0.000067  -0.005842
      627 0.000067   0.005840
      285 0.000066   0.005764
      283 0.000065   0.005671
      308 0.000064  -0.005605
      654 0.000064   0.005585
      572 0.000064  -0.005539
     1005 0.000063   0.005524
      792 0.000063   0.005495
      291 0.000063   0.005474
      343 0.000062  -0.005435
      198 0.000062  -0.005425
      884 0.000062  -0.005406
      826 0.000062  -0.005379
      913 0.000062  -0.005377
      823 0.000062   0.005375
      762 0.000061  -0.005288
      262 0.000059  -0.005161
      425 0.000059   0.005148
      545 0.000058  -0.005074
      539 0.000058   0.005070
      880 0.000058   0.005070
      590 0.000058  -0.005020
      428 0.000058   0.005007
      701 0.000057  -0.004994
      895 0.000057   0.004986
      589 0.000057  -0.004980
      315 0.000057   0.004942
      765 0.000056   0.004859
      748 0.000055  -0.004799
      342 0.000055   0.004798
      831 0.000054   0.004709
      801 0.000054  -0.004704
      870 0.000054  -0.004696
      414 0.000054   0.004670
      650 0.000053  -0.004644
      386 0.000053   0.004578
      323 0.000052  -0.004524
      955 0.000052   0.004524
      922 0.000051  -0.004472
      528 0.000051   0.004414
      374 0.000049   0.004236
      821 0.000049  -0.004232
      394 0.000048   0.004212
      244 0.000046  -0.003968
      535 0.000046   0.003965
      322 0.000045  -0.003936
      286 0.000044   0.003842
      552 0.000043  -0.003734
      832 0.000043   0.003715
      413 0.000042  -0.003691
      313 0.000042  -0.003683
      161 0.000042   0.003666
      894 0.000042  -0.003638
      879 0.000041  -0.003593
      169 0.000040  -0.003515
      874 0.000040  -0.003505
      390 0.000040   0.003485
      935 0.000040  -0.003445
      780 0.000039   0.003420
      881 0.000039  -0.003398
      131 0.000038   0.003294
      789 0.000037   0.003222
      407 0.000037  -0.003205
      842 0.000037  -0.003186
      518 0.000035   0.003059
      640 0.000035  -0.003058
      608 0.000035  -0.003025
      491 0.000035   0.003005
      942 0.000034   0.002989
      236 0.000034   0.002932
      284 0.000033   0.002892
      776 0.000033  -0.002878
      193 0.000033   0.002872
      957 0.000033   0.002841
      950 0.000033  -0.002830
      226 0.000032  -0.002812
      830 0.000032   0.002791
      540 0.000032  -0.002791
      532 0.000032   0.002786
      225 0.000032  -0.002764
      252 0.000031   0.002733
      409 0.000031  -0.002722
      232 0.000031  -0.002698
      364 0.000031   0.002697
      833 0.000031  -0.002673
      841 0.000031   0.002668
      649 0.000031  -0.002667
      488 0.000031   0.002661
      542 0.000030   0.002640
      835 0.000030  -0.002616
      445 0.000030  -0.002609
      904 0.000030   0.002593
      933 0.000030   0.002584
      646 0.000030   0.002570
      448 0.000029   0.002553
      310 0.000029  -0.002531
      988 0.000029  -0.002526
     1073 0.000029  -0.002514
      636 0.000029  -0.002511
      928 0.000029  -0.002508
      852 0.000029   0.002492
       91 0.000029  -0.002486
      410 0.000029  -0.002481
      971 0.000028  -0.002465
      240 0.000028   0.002451
      318 0.000028  -0.002432
      964 0.000027   0.002383
      597 0.000027  -0.002380
      475 0.000027  -0.002359
      987 0.000027   0.002342
      524 0.000027  -0.002337
      921 0.000026  -0.002266
     1096 0.000026   0.002246
      278 0.000026   0.002245
      794 0.000026   0.002238
      803 0.000026   0.002226
     1032 0.000026   0.002220
      838 0.000025  -0.002201
      237 0.000025  -0.002191
      250 0.000025  -0.002168
      891 0.000025  -0.002145
      424 0.000024  -0.002123
     1001 0.000024  -0.002122
      359 0.000024  -0.002116
      254 0.000024   0.002093
     1034 0.000024  -0.002085
      530 0.000024   0.002062
      727 0.000023  -0.002036
      526 0.000023   0.002028
       98 0.000023  -0.002014
      588 0.000022   0.001955
      811 0.000022   0.001932
      685 0.000022  -0.001926
      856 0.000022   0.001909
      297 0.000022  -0.001876
      609 0.000021  -0.001858
      802 0.000021   0.001842
     1010 0.000021   0.001832
      677 0.000021   0.001804
      983 0.000021   0.001802
      680 0.000021   0.001797
      927 0.000021  -0.001789
      977 0.000020   0.001777
     1025 0.000020   0.001704
      938 0.000020   0.001702
      479 0.000019   0.001689
      324 0.000019  -0.001658
      809 0.000019   0.001657
      514 0.000019   0.001638
      346 0.000018   0.001607
      934 0.000018  -0.001588
      810 0.000018   0.001559
      437 0.000018   0.001541
      568 0.000018  -0.001535
      455 0.000018  -0.001533
      536 0.000017  -0.001521
      287 0.000017   0.001518
      502 0.000017   0.001493
      805 0.000017  -0.001489
      366 0.000017   0.001488
      463 0.000017  -0.001483
     1009 0.000017  -0.001481
      779 0.000017  -0.001481
      432 0.000017   0.001476
     1017 0.000017   0.001476
      714 0.000017  -0.001475
      519 0.000017   0.001475
      397 0.000017  -0.001460
      320 0.000017  -0.001444
       95 0.000017  -0.001440
      357 0.000016   0.001394
      681 0.000016  -0.001379
      603 0.000016   0.001377
      360 0.000016  -0.001375
      512 0.000016  -0.001374
      916 0.000016  -0.001358
      868 0.000015   0.001345
      334 0.000015  -0.001336
      331 0.000015  -0.001333
      148 0.000015   0.001322
      643 0.000015  -0.001318
      288 0.000015  -0.001316
      489 0.000015   0.001311
      222 0.000015  -0.001302
      949 0.000015   0.001298
      625 0.000015   0.001297
      993 0.000015   0.001291
      907 0.000015   0.001281
      309 0.000015  -0.001275
      592 0.000015   0.001265
       80 0.000014  -0.001259
      959 0.000014  -0.001255
       81 0.000014   0.001253
      505 0.000014   0.001248
      123 0.000014  -0.001246
      662 0.000014  -0.001221
      103 0.000014   0.001214
      755 0.000014  -0.001203
      296 0.000014   0.001201
      458 0.000014   0.001200
      732 0.000014   0.001190
      112 0.000014   0.001189
      917 0.000014   0.001180
      317 0.000014   0.001180
      804 0.000014  -0.001177
      406 0.000013   0.001165
      450 0.000013  -0.001155
       89 0.000013  -0.001151
     1003 0.000013  -0.001122
       74 0.000013   0.001118
     1016 0.000013  -0.001118
      314 0.000013   0.001112
     1052 0.000013   0.001103
      764 0.000013  -0.001096
      363 0.000012   0.001082
      613 0.000012  -0.001078
      965 0.000012  -0.001076
      264 0.000012  -0.001073
      858 0.000012  -0.001057
      791 0.000012   0.001040
      155 0.000012   0.001034
      304 0.000012   0.001033
      150 0.000012  -0.001025
     1020 0.000012  -0.001002
      898 0.000011   0.000998
      713 0.000011   0.000998
       73 0.000011   0.000997
      478 0.000011   0.000993
      402 0.000011   0.000975
      702 0.000011  -0.000975
      598 0.000011   0.000969
      128 0.000011  -0.000966
      814 0.000011   0.000963
      900 0.000011  -0.000946
      816 0.000011   0.000944
      130 0.000011  -0.000933
      426 0.000011   0.000930
      669 0.000011   0.000930
      242 0.000011   0.000928
      259 0.000011  -0.000918
      139 0.000010  -0.000909
      350 0.000010  -0.000906
     1040 0.000010  -0.000902
     1061 0.000010  -0.000894
      487 0.000010  -0.000884
      483 0.000010  -0.000879
      966 0.000010   0.000873
      101 0.000010   0.000870
euclid. distance of OLC and linear combination of EV * x_coef: 0.007972661289334949

Generate samples based on objective loadcase 23
nr_to_generate: 25

Parameter variation distribution settings
distribution: uniform
low: 0.7
high: 1.3

Total process runtime: 0:00:01.299008
