Date and Time:2023-05-12 14:13:44.443362

Initial Settings:
similarity_model: <function cosine_similarity at 0x000001D005A6E5E0>
similarity_threshold: 1e-05
nr_eigv_to_select: None
distribution: uniform
deviation: 0.3
nr_to_generate: 25
recompute: False

Selected eigenvectors and similarity score w.r.t objective loadcase:
objective_loadcase_nr: 358
similarity_model: cosine_similarity
similarity_threshold: 1e-05
nr_eigv_to_select: None
nr_eigv_selected: 626
approximation parameter model: lstsq
similarity score and approx. param. value
:  eigv_idx    score      value
        1 0.569383  97.134387
        3 0.519417  88.610497
        2 0.479167 -81.744010
        0 0.414737  70.752436
        6 0.063813  10.886287
       39 0.010854   1.851617
        4 0.009237   1.575832
       68 0.005861  -0.999884
      639 0.003795   0.647374
       71 0.002708  -0.462034
      186 0.002498  -0.426070
       69 0.002262  -0.385815
      612 0.002061  -0.351549
      593 0.001884  -0.321357
      618 0.001759   0.300139
      586 0.001713   0.292295
      187 0.001697  -0.289417
      716 0.001686   0.287656
      663 0.001608  -0.274328
      668 0.001511   0.257788
      710 0.001460  -0.249084
      182 0.001225  -0.209020
      218 0.001220  -0.208079
      194 0.001169   0.199476
      659 0.001128  -0.192413
      595 0.001054   0.179864
      617 0.001034   0.176397
       70 0.000970   0.165467
      184 0.000956  -0.163119
      700 0.000919   0.156808
      686 0.000877  -0.149573
      683 0.000859   0.146599
      579 0.000852   0.145312
      388 0.000825  -0.140757
      143 0.000806   0.137461
      688 0.000794  -0.135502
      183 0.000786   0.134126
      635 0.000779   0.132938
      599 0.000763   0.130129
      562 0.000747  -0.127427
      749 0.000743  -0.126811
      582 0.000716  -0.122108
      578 0.000710   0.121152
      670 0.000680   0.116080
      228 0.000672  -0.114661
      626 0.000662   0.112967
      698 0.000621  -0.105897
      666 0.000609  -0.103897
      733 0.000594   0.101312
      621 0.000568  -0.096973
      253 0.000513  -0.087543
      179 0.000512   0.087386
      735 0.000509  -0.086798
      602 0.000497  -0.084780
      341 0.000492   0.083891
      171 0.000488  -0.083237
      708 0.000476   0.081265
      153 0.000472   0.080550
      641 0.000445  -0.075874
      174 0.000441   0.075311
      210 0.000434  -0.074034
      718 0.000428  -0.073067
      362 0.000426  -0.072654
      699 0.000417  -0.071154
      583 0.000402  -0.068563
      220 0.000390  -0.066505
      709 0.000372  -0.063455
      628 0.000364   0.062158
      567 0.000363  -0.061865
      604 0.000359  -0.061218
      631 0.000348  -0.059341
      254 0.000347   0.059267
      576 0.000347  -0.059159
      756 0.000345  -0.058808
      575 0.000337   0.057564
      137 0.000336  -0.057329
      577 0.000336  -0.057309
      757 0.000332  -0.056565
      606 0.000331  -0.056402
      620 0.000330  -0.056224
      759 0.000315   0.053745
      243 0.000313   0.053469
      573 0.000307   0.052408
      204 0.000299   0.051052
      400 0.000293  -0.049938
      267 0.000292  -0.049763
      419 0.000291  -0.049706
      848 0.000286  -0.048724
      807 0.000282   0.048031
      704 0.000281  -0.047936
      236 0.000271   0.046280
      412 0.000271  -0.046180
      741 0.000269   0.045970
      640 0.000268  -0.045715
      787 0.000268   0.045668
      601 0.000263   0.044815
      403 0.000260   0.044330
      277 0.000256   0.043604
      815 0.000253  -0.043244
      148 0.000247   0.042094
      853 0.000246  -0.042020
      587 0.000243   0.041515
      234 0.000243   0.041473
      271 0.000242   0.041289
      658 0.000237   0.040509
      161 0.000234   0.039978
      132 0.000234   0.039910
      739 0.000230  -0.039305
      377 0.000225  -0.038396
      580 0.000219  -0.037398
      199 0.000215  -0.036597
      570 0.000210  -0.035892
      255 0.000209  -0.035596
      941 0.000207  -0.035273
      707 0.000207  -0.035271
      687 0.000206   0.035141
      383 0.000206   0.035088
      138 0.000203   0.034650
      798 0.000199   0.033991
      564 0.000198  -0.033821
      665 0.000197  -0.033605
      750 0.000195   0.033343
      222 0.000194  -0.033036
      549 0.000193  -0.032891
      361 0.000190   0.032371
      295 0.000190  -0.032343
       91 0.000189  -0.032315
      249 0.000180  -0.030763
      828 0.000179  -0.030614
      763 0.000178  -0.030331
      367 0.000176   0.030066
      398 0.000175  -0.029884
      258 0.000172  -0.029397
      355 0.000172   0.029379
      380 0.000172   0.029362
      800 0.000170  -0.028970
      175 0.000169  -0.028867
      427 0.000167  -0.028490
      566 0.000167   0.028425
      820 0.000162  -0.027689
      585 0.000161  -0.027532
      353 0.000161  -0.027381
      301 0.000157  -0.026732
      762 0.000156   0.026656
      753 0.000155  -0.026467
      557 0.000154  -0.026329
      847 0.000154   0.026196
      857 0.000152  -0.025995
      257 0.000150  -0.025571
      790 0.000150   0.025553
      711 0.000148   0.025271
      436 0.000148   0.025204
      107 0.000146  -0.024921
      373 0.000144  -0.024497
      266 0.000142  -0.024228
      667 0.000141   0.024052
      241 0.000140   0.023960
      261 0.000140  -0.023949
      690 0.000139   0.023721
      247 0.000139   0.023670
      629 0.000138  -0.023487
      308 0.000137  -0.023297
      784 0.000135  -0.023060
      198 0.000135   0.022977
      908 0.000134  -0.022836
      743 0.000134  -0.022781
      574 0.000133  -0.022651
      281 0.000132   0.022558
      561 0.000132   0.022482
      740 0.000132  -0.022439
      645 0.000130   0.022251
      974 0.000129   0.022083
      581 0.000127  -0.021735
      882 0.000126   0.021412
      390 0.000125   0.021316
      684 0.000123  -0.020986
      227 0.000122  -0.020771
      299 0.000121   0.020699
      801 0.000121  -0.020671
      818 0.000120  -0.020403
      808 0.000119   0.020277
      217 0.000117  -0.019989
      605 0.000117  -0.019962
      859 0.000116   0.019829
      431 0.000115  -0.019639
      638 0.000115  -0.019554
      840 0.000114  -0.019496
      423 0.000114  -0.019484
      600 0.000112  -0.019075
      855 0.000111  -0.019014
      294 0.000109  -0.018526
      803 0.000107   0.018323
      572 0.000107  -0.018304
      386 0.000106   0.018155
      262 0.000104  -0.017817
      726 0.000104  -0.017779
      269 0.000102  -0.017436
      302 0.000102  -0.017316
      594 0.000101  -0.017184
      596 0.000100  -0.017109
      275 0.000100  -0.017066
      209 0.000100  -0.017027
      392 0.000098   0.016799
      697 0.000097   0.016630
      273 0.000097  -0.016513
      799 0.000096  -0.016454
     1095 0.000096  -0.016447
      611 0.000096  -0.016412
      343 0.000096  -0.016371
      407 0.000096  -0.016363
      245 0.000095  -0.016157
      723 0.000095  -0.016130
      552 0.000094  -0.016089
      356 0.000094  -0.016056
      736 0.000092  -0.015716
      829 0.000092   0.015692
      802 0.000092   0.015692
      584 0.000092  -0.015655
      832 0.000092   0.015635
      955 0.000091   0.015608
      428 0.000091   0.015598
      251 0.000091  -0.015502
      193 0.000089  -0.015266
      824 0.000089   0.015233
      734 0.000089  -0.015151
      844 0.000089  -0.015146
      597 0.000088  -0.014973
      793 0.000088  -0.014965
      701 0.000087  -0.014925
      313 0.000087  -0.014899
      235 0.000087  -0.014867
      414 0.000087   0.014766
      843 0.000086  -0.014649
      805 0.000086  -0.014619
      795 0.000086   0.014608
      863 0.000085  -0.014569
      292 0.000085  -0.014537
      354 0.000085   0.014417
      318 0.000084   0.014378
      374 0.000083   0.014215
      879 0.000081  -0.013838
      891 0.000081  -0.013817
      268 0.000079  -0.013414
      320 0.000078  -0.013362
      545 0.000078  -0.013226
      632 0.000077   0.013116
      776 0.000077  -0.013080
      780 0.000075  -0.012784
     1005 0.000074   0.012648
      397 0.000074  -0.012552
      312 0.000073  -0.012513
      748 0.000073  -0.012499
      913 0.000072  -0.012359
      425 0.000072   0.012246
      922 0.000071  -0.012143
      603 0.000070  -0.011866
      369 0.000070   0.011862
      826 0.000068  -0.011583
      276 0.000068  -0.011532
      773 0.000067   0.011496
      406 0.000066   0.011254
      728 0.000065  -0.011167
      978 0.000065   0.011120
      789 0.000065   0.011116
        9 0.000065   0.011066
      742 0.000065  -0.011060
      937 0.000065  -0.011036
       10 0.000065   0.011022
      744 0.000064  -0.010986
      252 0.000063  -0.010782
      349 0.000063  -0.010752
      319 0.000062   0.010624
      296 0.000062   0.010524
      402 0.000062   0.010492
      364 0.000061  -0.010480
      539 0.000060   0.010295
      553 0.000060  -0.010239
      722 0.000060  -0.010226
      322 0.000060  -0.010164
      230 0.000059   0.010140
      770 0.000059   0.010129
      782 0.000059  -0.010105
      298 0.000058  -0.009844
      206 0.000057  -0.009764
      409 0.000057  -0.009680
      614 0.000057   0.009664
      285 0.000055  -0.009425
      895 0.000054   0.009264
      867 0.000054   0.009248
      394 0.000054   0.009161
      831 0.000054   0.009156
      542 0.000053   0.009127
      765 0.000053   0.009065
      264 0.000053   0.009020
      131 0.000052  -0.008916
      350 0.000052   0.008853
      540 0.000052  -0.008852
      677 0.000052   0.008811
      560 0.000051  -0.008681
      335 0.000051   0.008651
      359 0.000050   0.008612
      696 0.000050  -0.008594
      413 0.000050   0.008516
      778 0.000049  -0.008359
      654 0.000049   0.008335
      169 0.000049  -0.008303
      662 0.000048  -0.008264
      569 0.000048   0.008243
      987 0.000048   0.008229
      528 0.000048   0.008212
      769 0.000048  -0.008207
       88 0.000048   0.008104
      223 0.000047   0.008087
      589 0.000047  -0.007950
      263 0.000046  -0.007916
      838 0.000046   0.007893
      821 0.000046  -0.007867
      858 0.000046  -0.007865
      233 0.000046  -0.007850
      291 0.000046   0.007828
      928 0.000045  -0.007761
      448 0.000044   0.007579
      588 0.000044   0.007516
      650 0.000044  -0.007499
      244 0.000044   0.007430
      237 0.000044  -0.007427
      965 0.000043  -0.007355
      213 0.000043  -0.007342
      904 0.000042   0.007178
      250 0.000042   0.007149
      864 0.000042   0.007137
      881 0.000042  -0.007128
      297 0.000042  -0.007085
      993 0.000041   0.006999
     1001 0.000041  -0.006973
      357 0.000040  -0.006909
      948 0.000040   0.006860
      870 0.000040  -0.006838
      260 0.000040   0.006836
      823 0.000040   0.006752
      310 0.000039  -0.006726
      775 0.000039  -0.006677
      290 0.000039  -0.006665
      214 0.000039  -0.006648
      331 0.000039  -0.006636
      239 0.000038  -0.006479
      283 0.000038  -0.006469
      874 0.000038  -0.006423
      366 0.000038   0.006406
      224 0.000038  -0.006403
     1025 0.000037   0.006271
      530 0.000037   0.006238
       53 0.000037   0.006228
      830 0.000036   0.006219
      535 0.000036   0.006066
      287 0.000035   0.005985
       52 0.000035  -0.005970
      933 0.000034   0.005866
      518 0.000034   0.005866
      221 0.000034  -0.005779
      894 0.000034  -0.005758
      284 0.000033  -0.005672
      950 0.000033  -0.005635
      432 0.000032   0.005530
      900 0.000032  -0.005528
      191 0.000032  -0.005512
      445 0.000032  -0.005511
      216 0.000032   0.005488
      405 0.000032  -0.005466
      590 0.000032  -0.005417
      410 0.000032  -0.005415
      675 0.000031   0.005325
     1032 0.000031   0.005302
       46 0.000031  -0.005297
      839 0.000031  -0.005229
      192 0.000030   0.005165
      491 0.000030   0.005148
      333 0.000030   0.005142
     1017 0.000030   0.005089
      240 0.000030   0.005065
      591 0.000030   0.005062
      424 0.000030  -0.005043
      178 0.000029   0.005007
       93 0.000029   0.004980
       47 0.000029   0.004977
      642 0.000029  -0.004964
      860 0.000029  -0.004947
       62 0.000029   0.004938
      942 0.000029   0.004917
      323 0.000029  -0.004914
      399 0.000029   0.004864
      325 0.000028  -0.004814
      215 0.000028   0.004782
       56 0.000028  -0.004759
      384 0.000028  -0.004712
      532 0.000028   0.004695
      608 0.000027  -0.004684
      488 0.000027   0.004598
      475 0.000027  -0.004569
      814 0.000027   0.004568
      646 0.000027   0.004545
      538 0.000026   0.004501
      917 0.000026   0.004476
      309 0.000026   0.004469
       50 0.000026   0.004467
      592 0.000026  -0.004467
       55 0.000026   0.004464
      694 0.000026  -0.004414
      119 0.000026   0.004397
      278 0.000026  -0.004386
      502 0.000026   0.004361
      289 0.000026   0.004355
      664 0.000025  -0.004349
      382 0.000025  -0.004343
      288 0.000025  -0.004339
      524 0.000025  -0.004325
      779 0.000025   0.004301
      505 0.000025   0.004284
      360 0.000025   0.004252
      238 0.000025  -0.004247
      342 0.000025   0.004245
      401 0.000025  -0.004205
      387 0.000025   0.004202
      519 0.000025   0.004192
      880 0.000024   0.004064
       19 0.000024   0.004046
      120 0.000024   0.004021
       40 0.000023  -0.003961
       65 0.000023   0.003928
      489 0.000023   0.003912
       42 0.000023  -0.003912
       58 0.000023   0.003906
      316 0.000023   0.003898
      293 0.000023  -0.003886
      868 0.000023  -0.003878
       57 0.000023   0.003862
      938 0.000023   0.003852
      196 0.000023  -0.003846
      142 0.000022   0.003793
       77 0.000022  -0.003784
       21 0.000022   0.003776
      150 0.000022   0.003749
       73 0.000022   0.003736
      627 0.000022   0.003723
       67 0.000022  -0.003719
       61 0.000022  -0.003704
       44 0.000022   0.003697
      943 0.000022   0.003677
      324 0.000021  -0.003664
      146 0.000021  -0.003660
      455 0.000021  -0.003654
      713 0.000021   0.003630
       76 0.000021   0.003623
       34 0.000021   0.003587
       11 0.000021   0.003583
      195 0.000021  -0.003555
      177 0.000021  -0.003513
      197 0.000021   0.003506
     1034 0.000020  -0.003487
      536 0.000020  -0.003485
       49 0.000020  -0.003478
      714 0.000020  -0.003476
       17 0.000020  -0.003474
       63 0.000020  -0.003473
       48 0.000020  -0.003473
      145 0.000020   0.003466
      152 0.000020  -0.003456
     1052 0.000020   0.003445
       23 0.000020   0.003438
      242 0.000020  -0.003436
      190 0.000020  -0.003417
      792 0.000020   0.003372
       35 0.000020   0.003370
      201 0.000020   0.003361
      136 0.000020   0.003347
       59 0.000020   0.003347
       37 0.000019   0.003322
      903 0.000019  -0.003306
       12 0.000019  -0.003294
       94 0.000019   0.003275
       82 0.000019  -0.003270
      104 0.000019  -0.003259
      884 0.000019  -0.003253
      556 0.000019   0.003253
      636 0.000019  -0.003231
      458 0.000019   0.003223
      338 0.000019  -0.003219
      512 0.000019  -0.003203
      449 0.000019  -0.003172
       72 0.000019   0.003169
       13 0.000019  -0.003158
      420 0.000018   0.003123
      693 0.000018  -0.003108
       79 0.000018   0.003104
      437 0.000018   0.003104
      347 0.000018   0.003098
      317 0.000018  -0.003067
       24 0.000018  -0.003035
       14 0.000018   0.003001
      279 0.000018   0.003000
      226 0.000017   0.002972
      463 0.000017  -0.002967
       32 0.000017   0.002939
      103 0.000017   0.002875
       15 0.000017   0.002872
       26 0.000017   0.002860
       54 0.000017   0.002846
      144 0.000017   0.002838
       28 0.000017  -0.002829
      673 0.000017   0.002827
      837 0.000017   0.002819
      188 0.000016  -0.002814
      139 0.000016   0.002812
      619 0.000016   0.002806
      949 0.000016   0.002799
      610 0.000016  -0.002798
      159 0.000016   0.002753
      685 0.000016  -0.002740
       30 0.000016   0.002737
      265 0.000016   0.002737
      229 0.000016  -0.002735
      157 0.000016  -0.002719
      534 0.000016  -0.002717
      337 0.000016  -0.002708
      336 0.000016   0.002701
      155 0.000016   0.002660
       75 0.000016  -0.002654
       83 0.000015  -0.002643
      571 0.000015  -0.002626
       98 0.000015  -0.002609
      396 0.000015  -0.002592
      833 0.000015   0.002584
      181 0.000015   0.002580
      712 0.000015  -0.002579
      653 0.000015   0.002579
      147 0.000015  -0.002570
      695 0.000015   0.002557
       74 0.000015   0.002556
      479 0.000015   0.002543
      450 0.000015  -0.002537
      526 0.000015   0.002536
      727 0.000015  -0.002532
      883 0.000015   0.002530
      344 0.000015   0.002521
      156 0.000015   0.002490
      462 0.000015   0.002483
      332 0.000015  -0.002483
      334 0.000015   0.002479
      681 0.000015   0.002477
       99 0.000015   0.002477
      404 0.000014  -0.002463
      121 0.000014   0.002460
      304 0.000014  -0.002457
      483 0.000014  -0.002452
       84 0.000014  -0.002414
      764 0.000014   0.002411
      755 0.000014  -0.002408
      856 0.000014   0.002407
      514 0.000014   0.002374
      172 0.000014  -0.002366
      105 0.000014   0.002365
      649 0.000014  -0.002355
      959 0.000014   0.002339
      625 0.000014  -0.002331
      732 0.000014   0.002319
       87 0.000014   0.002317
      375 0.000014  -0.002316
      376 0.000013  -0.002301
      760 0.000013   0.002279
      568 0.000013  -0.002252
      352 0.000013  -0.002242
      345 0.000013  -0.002238
      543 0.000013  -0.002234
      117 0.000013  -0.002231
      966 0.000013   0.002219
     1047 0.000013   0.002217
      101 0.000013   0.002193
      510 0.000013  -0.002187
       60 0.000013   0.002187
       95 0.000013   0.002180
      811 0.000013   0.002165
       96 0.000013  -0.002149
       92 0.000012  -0.002100
      110 0.000012   0.002095
      907 0.000012   0.002094
      248 0.000012   0.002094
      724 0.000012  -0.002090
      478 0.000012   0.002087
      816 0.000012   0.002064
      563 0.000012  -0.002057
      984 0.000012   0.002057
      671 0.000012   0.002018
      876 0.000012   0.002012
      339 0.000012  -0.001996
      225 0.000012   0.001988
      426 0.000012   0.001978
       64 0.000012   0.001974
      473 0.000011  -0.001955
      418 0.000011  -0.001933
      180 0.000011  -0.001933
      661 0.000011   0.001926
      219 0.000011   0.001920
      810 0.000011   0.001914
      643 0.000011  -0.001907
      796 0.000011   0.001903
      395 0.000011   0.001902
      559 0.000011  -0.001879
       85 0.000011  -0.001877
      202 0.000011   0.001869
     1074 0.000011   0.001869
      964 0.000011   0.001867
       81 0.000011   0.001851
      328 0.000011  -0.001841
      875 0.000011   0.001833
      129 0.000011   0.001826
      118 0.000011  -0.001814
       90 0.000011   0.001813
      116 0.000011  -0.001812
      305 0.000011   0.001801
      887 0.000010  -0.001784
      633 0.000010   0.001775
      927 0.000010  -0.001772
      385 0.000010  -0.001740
      158 0.000010   0.001727
      634 0.000010  -0.001719
      454 0.000010  -0.001711
euclid. distance of OLC and linear combination of EV * x_coef: 0.014583416599699982

Generate samples based on objective loadcase 358
nr_to_generate: 25

Parameter variation distribution settings
distribution: uniform
low: 0.7
high: 1.3

Total process runtime: 0:00:01.321059
