Date and Time:2023-05-12 14:18:30.006117

Initial Settings:
similarity_model: <function cosine_similarity at 0x000001D005A6E5E0>
similarity_threshold: 1e-05
nr_eigv_to_select: None
distribution: uniform
deviation: 0.3
nr_to_generate: 25
recompute: False

Selected eigenvectors and similarity score w.r.t objective loadcase:
objective_loadcase_nr: 573
similarity_model: cosine_similarity
similarity_threshold: 1e-05
nr_eigv_to_select: None
nr_eigv_selected: 580
approximation parameter model: lstsq
similarity score and approx. param. value
:  eigv_idx    score      value
        1 0.548849  52.908529
        3 0.548216  52.847522
        2 0.492118 -47.439648
        0 0.391400  37.730594
        6 0.047645   4.592883
       39 0.019901   1.918418
        4 0.010629   1.024663
      639 0.003377   0.325504
      186 0.002302  -0.221890
      593 0.001972  -0.190132
      612 0.001933  -0.186314
      586 0.001774   0.171023
      218 0.001678  -0.161762
      710 0.001625  -0.156623
      716 0.001579   0.152218
      187 0.001569  -0.151255
      618 0.001341   0.129231
      668 0.001272   0.122626
      663 0.001241  -0.119620
      143 0.001208   0.116416
      595 0.001109   0.106870
      194 0.001023   0.098659
      686 0.000967  -0.093191
      659 0.000932  -0.089891
      626 0.000862   0.083117
      617 0.000861   0.083041
      388 0.000849  -0.081810
      688 0.000841  -0.081028
       71 0.000839   0.080908
      749 0.000822  -0.079223
       69 0.000788   0.075950
      599 0.000768   0.074040
      182 0.000759  -0.073133
      183 0.000734   0.070760
       68 0.000725  -0.069912
      582 0.000723  -0.069673
      562 0.000705  -0.067963
      635 0.000672   0.064815
      670 0.000652   0.062843
      579 0.000643   0.062030
      621 0.000618  -0.059536
      700 0.000609   0.058691
      184 0.000598  -0.057678
      578 0.000586   0.056512
      683 0.000571   0.055004
      602 0.000562  -0.054202
      733 0.000553   0.053307
      253 0.000548  -0.052824
      341 0.000546   0.052622
      698 0.000538  -0.051816
      708 0.000519   0.050003
      666 0.000511  -0.049236
      153 0.000503   0.048491
      174 0.000501   0.048277
      735 0.000495  -0.047747
      228 0.000485  -0.046754
      606 0.000477  -0.045975
      567 0.000452  -0.043526
      718 0.000445  -0.042927
      704 0.000422  -0.040640
      575 0.000415   0.039962
      709 0.000414  -0.039956
      267 0.000401  -0.038703
      577 0.000401  -0.038667
      220 0.000395  -0.038080
      641 0.000394  -0.037984
      620 0.000380  -0.036623
      699 0.000362  -0.034933
      137 0.000359  -0.034607
      756 0.000350  -0.033745
      362 0.000342  -0.032944
      757 0.000329  -0.031744
      210 0.000327  -0.031513
      583 0.000326  -0.031467
      179 0.000311   0.029979
      807 0.000309   0.029745
      741 0.000304   0.029299
      412 0.000299  -0.028799
      419 0.000296  -0.028558
      243 0.000291   0.028079
      848 0.000289  -0.027888
      631 0.000280  -0.026977
      853 0.000278  -0.026806
      403 0.000278   0.026782
      601 0.000277   0.026740
      707 0.000274  -0.026416
      587 0.000269   0.025947
      696 0.000264  -0.025426
      739 0.000263  -0.025357
      171 0.000257  -0.024822
      576 0.000256  -0.024675
      753 0.000251  -0.024244
      258 0.000247  -0.023770
      273 0.000245  -0.023627
      361 0.000243   0.023402
      132 0.000240   0.023174
      604 0.000232  -0.022406
      570 0.000229  -0.022073
      580 0.000228  -0.021990
      787 0.000225   0.021647
      400 0.000224  -0.021566
      628 0.000220   0.021241
      377 0.000220  -0.021224
      383 0.000217   0.020955
      658 0.000217   0.020936
      750 0.000215   0.020705
      204 0.000213   0.020508
      793 0.000203  -0.019575
      269 0.000201  -0.019380
      175 0.000198  -0.019062
      564 0.000196  -0.018890
      815 0.000188  -0.018142
      373 0.000188  -0.018088
      573 0.000184   0.017708
      800 0.000181  -0.017412
      828 0.000180  -0.017316
      941 0.000178  -0.017195
      277 0.000178   0.017145
      355 0.000177   0.017071
      236 0.000176   0.016993
      574 0.000176  -0.016991
      726 0.000175  -0.016895
      301 0.000175  -0.016883
      255 0.000175  -0.016880
      427 0.000174  -0.016806
      820 0.000174  -0.016754
      234 0.000172   0.016608
      857 0.000172  -0.016562
      549 0.000172  -0.016536
      743 0.000165  -0.015889
      566 0.000165   0.015879
      161 0.000162   0.015569
      199 0.000159  -0.015353
      711 0.000158   0.015268
      247 0.000157   0.015182
      818 0.000156  -0.015072
      299 0.000156   0.014999
      254 0.000151   0.014598
      687 0.000151   0.014518
      367 0.000151   0.014511
      784 0.000150  -0.014468
      855 0.000147  -0.014178
      392 0.000146   0.014066
      665 0.000145  -0.013972
      557 0.000144  -0.013921
      847 0.000142   0.013654
      271 0.000141   0.013579
      380 0.000140   0.013541
      398 0.000140  -0.013534
      790 0.000139   0.013376
      638 0.000139  -0.013362
      667 0.000138   0.013273
      605 0.000136  -0.013134
      312 0.000135  -0.012993
      808 0.000133   0.012841
      263 0.000128  -0.012378
      292 0.000127  -0.012290
      690 0.000127   0.012269
      629 0.000127  -0.012262
      795 0.000127   0.012261
      294 0.000126  -0.012158
       70 0.000125   0.012069
      859 0.000125   0.012045
      251 0.000125  -0.012040
      645 0.000124   0.011913
      824 0.000121   0.011679
      198 0.000120   0.011602
      241 0.000120   0.011560
      684 0.000118  -0.011410
      908 0.000118  -0.011382
      436 0.000116   0.011140
      423 0.000115  -0.011129
      431 0.000115  -0.011086
      742 0.000114  -0.010952
      974 0.000112   0.010836
      553 0.000112  -0.010820
      148 0.000112   0.010770
      353 0.000111  -0.010743
      257 0.000110  -0.010598
      364 0.000108  -0.010379
      588 0.000107  -0.010356
      295 0.000107  -0.010292
      616 0.000107  -0.010277
      390 0.000106   0.010243
      217 0.000106  -0.010179
      227 0.000105   0.010118
      736 0.000105  -0.010097
      882 0.000105   0.010096
      799 0.000104  -0.010064
      591 0.000103   0.009937
      600 0.000103  -0.009894
      584 0.000103  -0.009889
      581 0.000102  -0.009807
      640 0.000102  -0.009791
      569 0.000102   0.009786
      281 0.000101   0.009692
      840 0.000098  -0.009484
      697 0.000098   0.009445
      778 0.000097  -0.009393
      354 0.000097   0.009380
      235 0.000097  -0.009348
      723 0.000097  -0.009344
      266 0.000097  -0.009339
      734 0.000096  -0.009263
      798 0.000095   0.009205
      829 0.000095   0.009168
      239 0.000093   0.008954
      275 0.000091  -0.008799
      232 0.000090  -0.008668
      308 0.000089  -0.008623
      844 0.000088  -0.008494
      222 0.000088  -0.008468
       88 0.000088  -0.008437
      770 0.000087   0.008395
      552 0.000087  -0.008385
      740 0.000087  -0.008367
      107 0.000086  -0.008282
      744 0.000085  -0.008215
      759 0.000085   0.008215
      359 0.000085   0.008197
      611 0.000085  -0.008194
     1095 0.000084  -0.008124
      369 0.000082   0.007882
      291 0.000081   0.007768
      632 0.000080   0.007759
      728 0.000080  -0.007731
      561 0.000080   0.007665
      302 0.000079  -0.007639
      594 0.000078  -0.007518
      337 0.000077  -0.007447
      386 0.000077   0.007444
      560 0.000076  -0.007340
      230 0.000076  -0.007293
      843 0.000074  -0.007107
      325 0.000073  -0.007013
      832 0.000073   0.007007
      955 0.000072   0.006963
      782 0.000072  -0.006930
      701 0.000071  -0.006875
      773 0.000071   0.006865
      428 0.000071   0.006814
      332 0.000070  -0.006785
      279 0.000070  -0.006701
      801 0.000070  -0.006700
      937 0.000069  -0.006667
      978 0.000069   0.006662
      290 0.000069   0.006647
     1005 0.000069   0.006644
      261 0.000069  -0.006633
      627 0.000068   0.006544
      414 0.000067   0.006411
      545 0.000066  -0.006323
      209 0.000065  -0.006314
      329 0.000065  -0.006305
      350 0.000065   0.006283
      762 0.000065   0.006271
      913 0.000064  -0.006216
      879 0.000064  -0.006181
       93 0.000064  -0.006173
      226 0.000064   0.006145
      342 0.000063   0.006092
      104 0.000063   0.006082
      425 0.000063   0.006059
      357 0.000062  -0.005955
      948 0.000062   0.005952
      864 0.000062   0.005930
      748 0.000061  -0.005894
      572 0.000061  -0.005888
      225 0.000061   0.005882
      922 0.000061  -0.005882
      397 0.000061  -0.005864
      891 0.000061  -0.005834
      349 0.000060  -0.005767
      654 0.000060   0.005747
      297 0.000060  -0.005746
      407 0.000060  -0.005737
      826 0.000059  -0.005658
      223 0.000058   0.005557
      789 0.000057   0.005540
      722 0.000057  -0.005530
      614 0.000057   0.005522
      803 0.000057   0.005453
      823 0.000056   0.005399
      597 0.000056  -0.005388
      268 0.000056  -0.005374
      589 0.000056  -0.005370
      608 0.000056  -0.005357
      765 0.000055   0.005332
      539 0.000055   0.005272
      343 0.000054  -0.005221
      776 0.000054  -0.005219
      831 0.000054   0.005162
      366 0.000052   0.005041
      805 0.000052  -0.005031
      821 0.000052  -0.005029
      895 0.000052   0.005028
      319 0.000052   0.004979
      298 0.000051  -0.004900
      382 0.000050  -0.004844
      863 0.000050  -0.004833
      262 0.000050  -0.004824
      943 0.000050   0.004822
      860 0.000050  -0.004788
      528 0.000048   0.004645
      249 0.000048  -0.004642
      802 0.000048   0.004622
       91 0.000047  -0.004549
      650 0.000047  -0.004544
      313 0.000047  -0.004517
      904 0.000046   0.004444
      870 0.000046  -0.004422
      374 0.000045   0.004337
      360 0.000044   0.004274
      542 0.000043   0.004127
      894 0.000042  -0.004063
       64 0.000042   0.004031
      240 0.000042  -0.004026
      224 0.000042  -0.004016
      535 0.000041   0.003981
      792 0.000041   0.003972
      409 0.000041  -0.003958
      169 0.000041  -0.003941
      775 0.000041   0.003918
      874 0.000040  -0.003893
      272 0.000040   0.003848
      540 0.000040  -0.003818
      315 0.000039   0.003739
      880 0.000039   0.003735
      987 0.000038   0.003701
      293 0.000038   0.003629
      928 0.000037  -0.003606
      160 0.000037   0.003568
       63 0.000037  -0.003560
      881 0.000037  -0.003542
      830 0.000036   0.003484
      237 0.000035   0.003420
      323 0.000035  -0.003411
      448 0.000035   0.003399
      245 0.000035  -0.003365
      867 0.000035   0.003350
      568 0.000034   0.003326
      942 0.000034   0.003305
      200 0.000034   0.003281
     1001 0.000034  -0.003264
      288 0.000034  -0.003253
      518 0.000034   0.003252
      491 0.000033   0.003182
      322 0.000033  -0.003168
      310 0.000033  -0.003154
      154 0.000033  -0.003146
      195 0.000032   0.003072
      677 0.000032   0.003066
      356 0.000032  -0.003059
      259 0.000032  -0.003050
      933 0.000031   0.003034
      884 0.000031  -0.003022
      596 0.000031   0.003015
      532 0.000031   0.002992
      274 0.000031  -0.002979
      662 0.000031  -0.002965
      950 0.000031  -0.002965
      221 0.000030  -0.002936
      216 0.000030   0.002905
       66 0.000030   0.002888
      304 0.000030  -0.002886
      993 0.000030   0.002874
      858 0.000030  -0.002869
      264 0.000030  -0.002864
      324 0.000030  -0.002863
      136 0.000030  -0.002855
      965 0.000029  -0.002819
      125 0.000029  -0.002798
      488 0.000029   0.002789
      530 0.000029   0.002784
     1025 0.000029   0.002782
      410 0.000029  -0.002781
     1032 0.000029   0.002781
      559 0.000029   0.002763
      197 0.000029  -0.002748
      445 0.000028  -0.002729
      139 0.000028  -0.002721
       60 0.000028   0.002680
      131 0.000028   0.002677
      598 0.000028   0.002675
      215 0.000028   0.002670
      213 0.000028  -0.002660
       53 0.000027  -0.002648
      475 0.000027  -0.002603
      603 0.000027  -0.002590
       75 0.000026  -0.002546
      424 0.000026  -0.002542
      938 0.000026   0.002540
      727 0.000026  -0.002539
       76 0.000026   0.002536
      610 0.000026  -0.002532
      285 0.000026   0.002519
      524 0.000026  -0.002488
      685 0.000026  -0.002481
      842 0.000026  -0.002480
      123 0.000026   0.002479
      643 0.000026  -0.002472
       80 0.000026  -0.002459
       78 0.000025   0.002453
      309 0.000025   0.002440
      646 0.000025   0.002437
      565 0.000025  -0.002416
      592 0.000025  -0.002411
      128 0.000025  -0.002367
      330 0.000024   0.002356
      900 0.000024  -0.002346
      276 0.000024   0.002321
       52 0.000024   0.002315
      838 0.000024   0.002297
     1017 0.000024   0.002294
      814 0.000024   0.002293
      112 0.000024  -0.002292
      287 0.000024   0.002289
      193 0.000024  -0.002281
      335 0.000023   0.002253
      214 0.000023  -0.002252
      432 0.000023   0.002240
      649 0.000023  -0.002235
      270 0.000023  -0.002218
      625 0.000023   0.002204
      713 0.000023   0.002201
      250 0.000023  -0.002185
      331 0.000023   0.002180
      109 0.000022   0.002158
      585 0.000022  -0.002158
      260 0.000022   0.002157
      105 0.000022   0.002150
      352 0.000022  -0.002133
      811 0.000022   0.002108
     1034 0.000022  -0.002095
      724 0.000022  -0.002080
      336 0.000022  -0.002077
      146 0.000022  -0.002073
      196 0.000021   0.002066
      385 0.000021   0.002053
      145 0.000021   0.002030
      712 0.000021  -0.002025
      192 0.000021  -0.002011
      155 0.000021  -0.001990
      935 0.000020  -0.001963
      917 0.000020   0.001951
      502 0.000020   0.001948
      526 0.000020   0.001923
       90 0.000020  -0.001910
      156 0.000020  -0.001909
      519 0.000020   0.001908
      714 0.000020  -0.001900
       87 0.000020  -0.001898
      384 0.000020  -0.001895
       81 0.000020   0.001890
      321 0.000020  -0.001881
       79 0.000019  -0.001860
      405 0.000019  -0.001825
      289 0.000019   0.001817
      401 0.000019  -0.001814
       82 0.000019   0.001812
      856 0.000019   0.001810
      110 0.000019   0.001808
       99 0.000019  -0.001808
       55 0.000019  -0.001796
      252 0.000019   0.001795
      379 0.000019  -0.001784
      455 0.000018  -0.001777
       19 0.000018  -0.001773
      695 0.000018   0.001762
      265 0.000018   0.001760
       84 0.000018   0.001750
      839 0.000018  -0.001737
       17 0.000018   0.001734
      338 0.000018   0.001726
      810 0.000018   0.001705
      479 0.000018   0.001700
      489 0.000018   0.001699
      114 0.000018   0.001696
      556 0.000018  -0.001694
      675 0.000018   0.001693
      794 0.000017   0.001686
      514 0.000017   0.001669
      780 0.000017  -0.001663
       95 0.000017  -0.001663
      964 0.000017   0.001662
      694 0.000017   0.001652
      463 0.000017  -0.001648
      437 0.000017   0.001641
      971 0.000017  -0.001635
      536 0.000017  -0.001631
      248 0.000017   0.001627
      229 0.000017  -0.001622
     1052 0.000017   0.001620
      505 0.000017   0.001617
       94 0.000017  -0.001611
      347 0.000017   0.001599
      138 0.000017  -0.001592
       59 0.000016   0.001578
      512 0.000016  -0.001573
      458 0.000016   0.001565
      185 0.000016  -0.001557
      927 0.000016  -0.001552
      637 0.000016  -0.001515
      921 0.000016  -0.001505
      888 0.000015   0.001492
      791 0.000015   0.001492
      147 0.000015  -0.001485
      404 0.000015  -0.001465
      376 0.000015  -0.001459
      636 0.000015  -0.001455
      158 0.000015  -0.001452
      957 0.000015   0.001444
      988 0.000015  -0.001420
      655 0.000015  -0.001419
      278 0.000015   0.001415
      949 0.000014   0.001398
      619 0.000014   0.001397
      769 0.000014   0.001373
      201 0.000014  -0.001364
      371 0.000014   0.001360
      181 0.000014   0.001356
      934 0.000014  -0.001350
      348 0.000014  -0.001345
      242 0.000014  -0.001337
      883 0.000014   0.001333
     1010 0.000014   0.001325
       50 0.000014  -0.001313
      134 0.000014   0.001313
      907 0.000014   0.001306
      101 0.000013  -0.001301
      450 0.000013  -0.001290
      283 0.000013  -0.001286
      554 0.000013   0.001282
      538 0.000013   0.001260
       15 0.000013  -0.001253
      816 0.000013   0.001242
      314 0.000013  -0.001223
      394 0.000012   0.001204
     1073 0.000012  -0.001194
      334 0.000012   0.001194
      286 0.000012  -0.001187
      316 0.000012  -0.001183
       56 0.000012   0.001182
      966 0.000012   0.001178
       74 0.000012  -0.001157
      111 0.000012   0.001154
       85 0.000012   0.001133
      130 0.000012  -0.001129
      368 0.000012  -0.001127
      478 0.000012   0.001124
      372 0.000012   0.001123
      103 0.000012   0.001122
      483 0.000012  -0.001119
      841 0.000012   0.001112
      669 0.000012   0.001110
      118 0.000011  -0.001105
       21 0.000011  -0.001101
      732 0.000011   0.001100
      284 0.000011   0.001095
      296 0.000011  -0.001088
      680 0.000011   0.001075
      887 0.000011   0.001071
      452 0.000011  -0.001068
       49 0.000011   0.001051
     1047 0.000011   0.001033
      462 0.000011   0.001032
      233 0.000011  -0.001017
      102 0.000011  -0.001016
      115 0.000010   0.001000
       72 0.000010   0.000997
      282 0.000010  -0.000991
      133 0.000010   0.000990
       62 0.000010   0.000988
      142 0.000010  -0.000981
      681 0.000010   0.000978
       73 0.000010   0.000976
      244 0.000010  -0.000974
       98 0.000010  -0.000973
      126 0.000010  -0.000969
      370 0.000010   0.000969
euclid. distance of OLC and linear combination of EV * x_coef: 0.009289503269577878

Generate samples based on objective loadcase 573
nr_to_generate: 25

Parameter variation distribution settings
distribution: uniform
low: 0.7
high: 1.3

Total process runtime: 0:00:01.291543
