Date and Time:2023-05-12 14:27:37.197119

Initial Settings:
similarity_model: <function cosine_similarity at 0x000001D005A6E5E0>
similarity_threshold: 1e-05
nr_eigv_to_select: None
distribution: uniform
deviation: 0.3
nr_to_generate: 25
recompute: False

Selected eigenvectors and similarity score w.r.t objective loadcase:
objective_loadcase_nr: 981
similarity_model: cosine_similarity
similarity_threshold: 1e-05
nr_eigv_to_select: None
nr_eigv_selected: 608
approximation parameter model: lstsq
similarity score and approx. param. value
:  eigv_idx    score      value
        1 0.549808  45.140845
        3 0.545474  44.785054
        2 0.492946 -40.472307
        0 0.392578  32.231794
        6 0.049854   4.093197
       39 0.019663   1.614389
        4 0.010558   0.866829
      639 0.003478   0.285540
      186 0.002468  -0.202663
      593 0.002017  -0.165632
      612 0.001978  -0.162422
      586 0.001809   0.148558
      187 0.001662  -0.136493
      218 0.001653  -0.135682
      710 0.001629  -0.133742
      716 0.001621   0.133111
      618 0.001389   0.114013
      668 0.001300   0.106710
      663 0.001293  -0.106125
      595 0.001157   0.094956
      143 0.001121   0.092052
      194 0.001093   0.089776
      686 0.000977  -0.080254
      659 0.000966  -0.079344
       68 0.000906  -0.074365
      626 0.000881   0.072369
      388 0.000871  -0.071533
      617 0.000861   0.070696
      688 0.000842  -0.069142
      599 0.000782   0.064199
      582 0.000767  -0.062968
      183 0.000761   0.062467
      749 0.000755  -0.062022
      562 0.000735  -0.060375
      635 0.000724   0.059469
       71 0.000717   0.058875
       69 0.000688   0.056471
      670 0.000687   0.056406
      182 0.000681  -0.055882
      579 0.000653   0.053626
      700 0.000646   0.053052
      621 0.000631  -0.051773
      578 0.000609   0.050039
      683 0.000589   0.048371
      733 0.000582   0.047781
      698 0.000573  -0.047041
      602 0.000560  -0.045940
      341 0.000559   0.045910
      666 0.000550  -0.045118
      153 0.000523   0.042918
      174 0.000523   0.042899
      184 0.000517  -0.042408
      708 0.000511   0.041975
      718 0.000493  -0.040448
      606 0.000483  -0.039626
      253 0.000482  -0.039539
      704 0.000477  -0.039132
      735 0.000466  -0.038232
      567 0.000462  -0.037952
      228 0.000445  -0.036557
      709 0.000413  -0.033903
      577 0.000413  -0.033870
      575 0.000412   0.033813
      620 0.000403  -0.033074
      641 0.000402  -0.033002
      699 0.000394  -0.032319
      220 0.000365  -0.029943
      210 0.000357  -0.029295
      267 0.000354  -0.029095
      362 0.000344  -0.028280
      583 0.000327  -0.026848
      137 0.000324  -0.026640
      707 0.000324  -0.026629
      756 0.000321  -0.026380
      757 0.000321  -0.026338
      807 0.000312   0.025599
      243 0.000307   0.025205
      419 0.000304  -0.024999
      412 0.000303  -0.024908
      848 0.000296  -0.024287
      631 0.000290  -0.023821
      696 0.000288  -0.023671
      601 0.000284   0.023306
      741 0.000277   0.022746
      587 0.000275   0.022563
      179 0.000272   0.022357
      403 0.000267   0.021914
      258 0.000267  -0.021894
      576 0.000266  -0.021875
      604 0.000256  -0.021043
      753 0.000254  -0.020857
      853 0.000254  -0.020818
      361 0.000245   0.020088
      204 0.000238   0.019505
      171 0.000237  -0.019423
      580 0.000235  -0.019266
      383 0.000234   0.019248
      739 0.000229  -0.018783
      628 0.000228   0.018710
      400 0.000227  -0.018617
      377 0.000226  -0.018583
      254 0.000226   0.018550
      787 0.000224   0.018376
      277 0.000221   0.018146
      255 0.000218  -0.017915
      658 0.000218   0.017905
      570 0.000214  -0.017573
      273 0.000213  -0.017458
      175 0.000203  -0.016663
      815 0.000202  -0.016613
      236 0.000195   0.016000
      269 0.000194  -0.015949
      132 0.000192   0.015790
      750 0.000191   0.015700
      234 0.000191   0.015676
      793 0.000188  -0.015452
      373 0.000188  -0.015450
      800 0.000187  -0.015363
      299 0.000186   0.015267
      941 0.000186  -0.015255
      574 0.000185  -0.015168
      564 0.000183  -0.015014
      301 0.000181  -0.014897
      355 0.000181   0.014829
      828 0.000180  -0.014757
      573 0.000180   0.014744
      271 0.000178   0.014587
      427 0.000177  -0.014533
      665 0.000175  -0.014382
      199 0.000173  -0.014200
      247 0.000171   0.014033
      557 0.000171  -0.014023
      820 0.000167  -0.013739
      857 0.000167  -0.013697
      549 0.000167  -0.013680
      726 0.000166  -0.013598
      566 0.000165   0.013557
      743 0.000160  -0.013171
      251 0.000158  -0.012962
      398 0.000158  -0.012938
       70 0.000157   0.012885
      784 0.000156  -0.012833
      667 0.000155   0.012755
      711 0.000155   0.012690
      367 0.000152   0.012513
      161 0.000152   0.012484
      392 0.000151   0.012386
      687 0.000149   0.012252
      847 0.000149   0.012204
      790 0.000145   0.011920
      227 0.000145   0.011913
      380 0.000139   0.011452
      818 0.000139  -0.011432
      855 0.000139  -0.011426
      241 0.000139   0.011421
      294 0.000136  -0.011178
      808 0.000136   0.011137
      312 0.000136  -0.011135
      605 0.000134  -0.011024
      690 0.000131   0.010789
      616 0.000127  -0.010416
      795 0.000125   0.010264
      859 0.000122   0.010003
      684 0.000122  -0.010002
      629 0.000122  -0.009995
      908 0.000121  -0.009944
      217 0.000119  -0.009798
      257 0.000119  -0.009750
      423 0.000119  -0.009743
      436 0.000118   0.009678
      431 0.000118  -0.009671
      974 0.000115   0.009447
      553 0.000115  -0.009426
      759 0.000111   0.009141
      230 0.000110  -0.009054
      263 0.000110  -0.009028
      840 0.000110  -0.009013
      824 0.000110   0.009005
      353 0.000110  -0.009004
      198 0.000109   0.008949
      799 0.000109  -0.008910
      584 0.000108  -0.008829
      645 0.000107   0.008811
      638 0.000107  -0.008784
      742 0.000106  -0.008742
      882 0.000106   0.008737
      354 0.000106   0.008712
      640 0.000105  -0.008645
      569 0.000104   0.008553
      697 0.000104   0.008511
      364 0.000101  -0.008285
      723 0.000099  -0.008154
      281 0.000099   0.008143
      594 0.000098  -0.008047
      591 0.000098   0.008044
      390 0.000097   0.007957
      734 0.000097  -0.007938
      600 0.000097  -0.007928
      798 0.000096   0.007917
      295 0.000096  -0.007888
      736 0.000096  -0.007875
      844 0.000096  -0.007851
      778 0.000095  -0.007816
      235 0.000095  -0.007793
      552 0.000093  -0.007637
      740 0.000092  -0.007589
      829 0.000092   0.007582
      588 0.000092  -0.007549
      148 0.000091   0.007484
      728 0.000091  -0.007455
      701 0.000090  -0.007365
      291 0.000090   0.007358
      762 0.000089   0.007320
      268 0.000089  -0.007301
      262 0.000089  -0.007281
      572 0.000088  -0.007254
      107 0.000088  -0.007203
     1095 0.000087  -0.007117
      611 0.000087  -0.007106
      292 0.000086  -0.007100
      632 0.000086   0.007083
      369 0.000083   0.006852
      232 0.000083  -0.006819
      744 0.000082  -0.006705
      302 0.000081  -0.006659
      223 0.000081   0.006650
      239 0.000081   0.006611
      832 0.000080   0.006593
      801 0.000078  -0.006444
      581 0.000077  -0.006323
      322 0.000077  -0.006321
      266 0.000076  -0.006256
      955 0.000076   0.006251
      245 0.000076  -0.006207
       88 0.000075  -0.006142
      313 0.000074  -0.006090
       93 0.000074  -0.006065
      770 0.000074   0.006053
      560 0.000073  -0.006008
      407 0.000073  -0.005955
      428 0.000072   0.005905
      359 0.000071   0.005866
      386 0.000071   0.005806
     1005 0.000070   0.005772
      226 0.000070   0.005749
      789 0.000069   0.005705
      337 0.000068  -0.005615
      978 0.000068   0.005600
      782 0.000068  -0.005582
      937 0.000068  -0.005549
      414 0.000068   0.005547
      298 0.000067  -0.005505
      261 0.000067  -0.005477
      879 0.000067  -0.005461
      843 0.000066  -0.005459
      225 0.000066   0.005418
      913 0.000066  -0.005380
      748 0.000065  -0.005315
      545 0.000065  -0.005304
      803 0.000064   0.005284
      922 0.000064  -0.005276
      209 0.000063  -0.005212
      891 0.000063  -0.005187
      425 0.000063   0.005164
      654 0.000063   0.005147
      289 0.000062   0.005110
      610 0.000062  -0.005082
      329 0.000062  -0.005065
      650 0.000061  -0.005037
      222 0.000061  -0.005024
      342 0.000061   0.004984
      131 0.000061   0.004978
      826 0.000060  -0.004933
      863 0.000060  -0.004913
      323 0.000058  -0.004796
      776 0.000058  -0.004739
      805 0.000057  -0.004687
      249 0.000057  -0.004678
      722 0.000057  -0.004677
      539 0.000056   0.004638
      773 0.000056   0.004625
      357 0.000056  -0.004570
      948 0.000056   0.004567
      349 0.000056  -0.004567
      802 0.000055   0.004552
      360 0.000055   0.004537
      831 0.000055   0.004531
       91 0.000055  -0.004500
      864 0.000055   0.004481
      343 0.000054  -0.004469
      397 0.000054  -0.004430
      104 0.000054   0.004428
      589 0.000053  -0.004389
      627 0.000053   0.004377
      332 0.000053  -0.004357
      275 0.000053  -0.004340
      895 0.000053   0.004322
      284 0.000052   0.004308
      821 0.000051  -0.004225
      279 0.000051  -0.004217
      308 0.000051  -0.004190
      823 0.000051   0.004180
      374 0.000051   0.004164
      366 0.000051   0.004155
      561 0.000050   0.004108
      528 0.000050   0.004086
      240 0.000050  -0.004085
      597 0.000049  -0.004064
      870 0.000049  -0.004049
      765 0.000049   0.004008
      259 0.000048  -0.003980
      904 0.000047   0.003845
      677 0.000047   0.003818
      321 0.000046  -0.003772
      260 0.000046   0.003745
      285 0.000045   0.003692
      542 0.000045   0.003676
      860 0.000044  -0.003636
      409 0.000044  -0.003615
      224 0.000044  -0.003606
      309 0.000043  -0.003540
      636 0.000043  -0.003534
      535 0.000043   0.003503
      874 0.000042  -0.003457
      297 0.000041  -0.003345
      894 0.000041  -0.003335
      943 0.000041   0.003331
      540 0.000040  -0.003308
      858 0.000040  -0.003303
      867 0.000040   0.003268
      928 0.000040  -0.003250
      987 0.000039   0.003242
      384 0.000039  -0.003200
      221 0.000039  -0.003194
      368 0.000039   0.003190
      290 0.000039   0.003184
      603 0.000038  -0.003136
      568 0.000038   0.003120
      881 0.000038  -0.003094
      792 0.000037   0.003072
      237 0.000037   0.003061
      319 0.000037   0.003061
      649 0.000037  -0.003023
      356 0.000037  -0.003020
      351 0.000037   0.003016
      585 0.000037  -0.003010
      158 0.000037  -0.003004
      880 0.000036   0.002980
      646 0.000036   0.002979
      448 0.000036   0.002961
      350 0.000036   0.002943
      123 0.000036  -0.002926
      518 0.000036   0.002919
      950 0.000035  -0.002853
     1001 0.000035  -0.002836
      318 0.000034  -0.002832
      609 0.000034   0.002811
      830 0.000034   0.002786
      200 0.000034   0.002781
      491 0.000034   0.002768
       60 0.000033   0.002746
      942 0.000033   0.002743
       59 0.000033   0.002742
      152 0.000033  -0.002740
      287 0.000033   0.002720
      608 0.000033  -0.002720
      592 0.000033  -0.002719
      283 0.000033   0.002711
      282 0.000033  -0.002705
      288 0.000033  -0.002682
      347 0.000033   0.002679
      338 0.000032  -0.002659
      286 0.000032   0.002646
      965 0.000032  -0.002627
      532 0.000032   0.002624
      136 0.000032   0.002608
      933 0.000032   0.002589
      195 0.000032   0.002589
       74 0.000031  -0.002585
      197 0.000031  -0.002557
      775 0.000031   0.002557
      993 0.000031   0.002544
      488 0.000031   0.002540
      694 0.000031   0.002518
      310 0.000030  -0.002504
      320 0.000030   0.002492
      727 0.000030  -0.002482
      662 0.000030  -0.002471
      410 0.000030  -0.002470
     1025 0.000030   0.002458
      838 0.000030   0.002438
      530 0.000029   0.002407
      884 0.000029  -0.002402
      192 0.000029  -0.002395
       81 0.000029  -0.002388
      445 0.000029  -0.002365
      348 0.000029   0.002361
     1032 0.000029   0.002360
       73 0.000029  -0.002355
       98 0.000029  -0.002345
      938 0.000028   0.002337
      565 0.000028  -0.002335
      160 0.000028   0.002330
      685 0.000028  -0.002314
      842 0.000028  -0.002305
      169 0.000028  -0.002288
      144 0.000028  -0.002276
      554 0.000028   0.002273
      475 0.000028  -0.002269
      387 0.000028   0.002265
       99 0.000028   0.002261
      365 0.000027  -0.002241
      524 0.000027  -0.002235
      296 0.000027  -0.002231
      613 0.000027   0.002223
      395 0.000027  -0.002216
      317 0.000027  -0.002185
      112 0.000027   0.002183
      614 0.000027   0.002180
      101 0.000026   0.002175
      178 0.000026   0.002174
      274 0.000026   0.002169
      125 0.000026   0.002167
      334 0.000026   0.002157
      424 0.000026  -0.002125
      264 0.000026  -0.002111
      382 0.000026  -0.002106
      314 0.000026   0.002104
      371 0.000026  -0.002100
      150 0.000026   0.002095
      304 0.000025   0.002080
      900 0.000025  -0.002061
      196 0.000025   0.002056
      814 0.000025   0.002049
      242 0.000025  -0.002032
      233 0.000025  -0.002032
      110 0.000025  -0.002029
      154 0.000025  -0.002017
       80 0.000025   0.002013
      216 0.000024   0.002004
     1017 0.000024   0.001997
      265 0.000024   0.001997
      325 0.000024  -0.001989
      248 0.000024   0.001975
      432 0.000024   0.001967
      396 0.000024   0.001952
      142 0.000023  -0.001898
      780 0.000023  -0.001877
      215 0.000023   0.001871
      229 0.000023  -0.001858
      394 0.000023   0.001856
     1034 0.000022  -0.001842
      680 0.000022   0.001830
      159 0.000022  -0.001823
      339 0.000022  -0.001818
      336 0.000022   0.001770
      293 0.000021   0.001747
      134 0.000021  -0.001744
      917 0.000021   0.001721
      213 0.000021  -0.001718
      559 0.000021   0.001703
      526 0.000021   0.001688
      714 0.000021  -0.001685
      145 0.000020  -0.001679
      502 0.000020   0.001679
       63 0.000020  -0.001678
      201 0.000020  -0.001667
      191 0.000020   0.001656
      839 0.000020  -0.001645
      794 0.000020   0.001642
      181 0.000020   0.001628
       66 0.000020  -0.001610
      519 0.000020   0.001606
      455 0.000019  -0.001570
      272 0.000019  -0.001561
       94 0.000019   0.001557
      385 0.000019  -0.001555
      505 0.000019   0.001541
      536 0.000019  -0.001530
      109 0.000019  -0.001525
      669 0.000019   0.001519
      664 0.000019  -0.001519
      888 0.000018   0.001494
      555 0.000018  -0.001493
      479 0.000018   0.001477
      949 0.000018   0.001466
      514 0.000018   0.001459
      512 0.000018  -0.001456
      856 0.000018   0.001455
      463 0.000018  -0.001445
      596 0.000018   0.001444
      724 0.000017  -0.001435
      164 0.000017   0.001426
     1052 0.000017   0.001422
      437 0.000017   0.001422
      713 0.000017   0.001421
      238 0.000017  -0.001413
      489 0.000017   0.001411
      598 0.000017   0.001409
      133 0.000017  -0.001391
      177 0.000017  -0.001386
       57 0.000017   0.001383
       43 0.000017  -0.001367
      193 0.000017  -0.001367
      791 0.000017   0.001366
      333 0.000017  -0.001363
      458 0.000017   0.001357
      358 0.000016  -0.001350
      276 0.000016   0.001348
      558 0.000016  -0.001344
      426 0.000016   0.001342
      118 0.000016   0.001337
      964 0.000016   0.001331
       48 0.000016   0.001328
      370 0.000016  -0.001313
       75 0.000016  -0.001311
       45 0.000016   0.001311
      619 0.000016   0.001300
      550 0.000016   0.001299
      172 0.000015  -0.001272
       52 0.000015   0.001270
      406 0.000015  -0.001268
      883 0.000015   0.001259
      139 0.000015   0.001246
       96 0.000015  -0.001246
       77 0.000015   0.001243
      413 0.000015   0.001228
      344 0.000015   0.001222
      671 0.000015   0.001221
      642 0.000015  -0.001216
      214 0.000015  -0.001214
      971 0.000015  -0.001209
      352 0.000015   0.001206
      712 0.000015  -0.001198
      146 0.000014   0.001184
      927 0.000014  -0.001184
      887 0.000014   0.001178
       67 0.000014  -0.001178
       50 0.000014  -0.001175
      105 0.000014  -0.001157
      966 0.000014   0.001152
       90 0.000014   0.001149
      327 0.000014   0.001140
      450 0.000014  -0.001130
      816 0.000014   0.001129
      538 0.000014   0.001128
       86 0.000014  -0.001127
      935 0.000014  -0.001123
      376 0.000014  -0.001113
      934 0.000013  -0.001093
      988 0.000013  -0.001086
      675 0.000013   0.001076
      141 0.000013   0.001069
      907 0.000013   0.001067
      921 0.000013  -0.001050
      483 0.000013  -0.001049
     1010 0.000013   0.001048
       83 0.000013   0.001041
      157 0.000013  -0.001037
      345 0.000013  -0.001029
      653 0.000013   0.001028
      114 0.000013  -0.001028
      120 0.000012   0.001021
      875 0.000012  -0.001015
       53 0.000012  -0.001011
       95 0.000012   0.001001
      162 0.000012   0.000992
      732 0.000012   0.000991
      340 0.000012   0.000984
      185 0.000012  -0.000981
      165 0.000012   0.000975
      779 0.000012   0.000972
       97 0.000012   0.000963
       40 0.000012  -0.000961
      876 0.000012  -0.000959
      903 0.000012  -0.000955
     1047 0.000011   0.000942
      811 0.000011   0.000942
       89 0.000011  -0.000937
      111 0.000011  -0.000931
      375 0.000011  -0.000930
      452 0.000011  -0.000930
      379 0.000011  -0.000926
      462 0.000011   0.000922
      691 0.000011   0.000916
      378 0.000011   0.000914
      633 0.000011  -0.000908
        5 0.000011   0.000907
      478 0.000011   0.000899
      326 0.000011  -0.000896
      108 0.000011  -0.000887
      899 0.000011   0.000874
      473 0.000011  -0.000874
      695 0.000011   0.000873
      138 0.000010  -0.000862
      634 0.000010  -0.000860
       56 0.000010  -0.000860
     1073 0.000010  -0.000858
      250 0.000010  -0.000858
      534 0.000010  -0.000851
      510 0.000010  -0.000850
      487 0.000010  -0.000849
       49 0.000010   0.000843
      868 0.000010  -0.000836
       84 0.000010  -0.000830
       62 0.000010   0.000828
      180 0.000010  -0.000823
      673 0.000010   0.000823
euclid. distance of OLC and linear combination of EV * x_coef: 0.00713007014949976

Generate samples based on objective loadcase 981
nr_to_generate: 25

Parameter variation distribution settings
distribution: uniform
low: 0.7
high: 1.3

Total process runtime: 0:00:01.350621
