Date and Time:2023-05-12 14:19:00.097155

Initial Settings:
similarity_model: <function cosine_similarity at 0x000001D005A6E5E0>
similarity_threshold: 1e-05
nr_eigv_to_select: None
distribution: uniform
deviation: 0.3
nr_to_generate: 25
recompute: False

Selected eigenvectors and similarity score w.r.t objective loadcase:
objective_loadcase_nr: 596
similarity_model: cosine_similarity
similarity_threshold: 1e-05
nr_eigv_to_select: None
nr_eigv_selected: 470
approximation parameter model: lstsq
similarity score and approx. param. value
:  eigv_idx    score      value
        1 0.559124  71.277754
        3 0.528627  67.389918
        2 0.490967 -62.588936
        0 0.403398  51.425592
        6 0.060956   7.770703
       39 0.015622   1.991501
        4 0.009908   1.263086
      639 0.003929   0.500912
       68 0.003687  -0.470074
      186 0.002342  -0.298581
      612 0.002163  -0.275799
      593 0.002101  -0.267797
      586 0.001910   0.243428
      716 0.001702   0.216989
      618 0.001597   0.203551
      187 0.001588  -0.202389
      663 0.001585  -0.202043
      218 0.001528  -0.194834
      710 0.001487  -0.189554
      668 0.001455   0.185469
      182 0.001228  -0.156512
      595 0.001190   0.151703
       71 0.001168  -0.148902
      659 0.001099  -0.140083
      194 0.001080   0.137654
      617 0.000995   0.126903
      143 0.000992   0.126403
      184 0.000937  -0.119400
       69 0.000936  -0.119283
      686 0.000934  -0.119036
      388 0.000919  -0.117129
      700 0.000859   0.109543
      626 0.000855   0.108945
      599 0.000847   0.108007
      688 0.000808  -0.102946
      635 0.000802   0.102227
      562 0.000795  -0.101343
      582 0.000789  -0.100641
      683 0.000781   0.099577
      670 0.000772   0.098416
      579 0.000759   0.096712
      183 0.000727   0.092733
      578 0.000708   0.090313
      698 0.000689  -0.087807
      621 0.000668  -0.085185
      733 0.000668   0.085119
       70 0.000607   0.077343
      666 0.000594  -0.075728
      749 0.000588  -0.074964
      602 0.000576  -0.073485
      341 0.000570   0.072706
      228 0.000570  -0.072679
      253 0.000556  -0.070912
      718 0.000553  -0.070504
      179 0.000501   0.063851
      704 0.000494  -0.062924
      708 0.000476   0.060631
      699 0.000473  -0.060249
      171 0.000456  -0.058101
      641 0.000452  -0.057567
      174 0.000446   0.056886
      567 0.000446  -0.056883
      606 0.000445  -0.056686
      153 0.000442   0.056304
      735 0.000427  -0.054463
      577 0.000402  -0.051185
      220 0.000401  -0.051150
      575 0.000399   0.050809
      583 0.000398  -0.050765
      210 0.000394  -0.050204
      137 0.000390  -0.049726
      620 0.000387  -0.049399
      362 0.000383  -0.048873
      709 0.000376  -0.047907
      631 0.000348  -0.044409
      267 0.000345  -0.043975
      604 0.000329  -0.041909
      848 0.000324  -0.041244
      707 0.000323  -0.041196
      419 0.000321  -0.040936
      576 0.000314  -0.039990
      412 0.000311  -0.039670
      243 0.000310   0.039559
      807 0.000306   0.038979
      601 0.000302   0.038502
      757 0.000300  -0.038227
      756 0.000298  -0.038051
      628 0.000296   0.037699
      403 0.000295   0.037661
      587 0.000278   0.035422
      254 0.000270   0.034383
      132 0.000262   0.033349
      400 0.000260  -0.033108
      573 0.000258   0.032882
      815 0.000258  -0.032837
      204 0.000253   0.032263
      161 0.000252   0.032162
      377 0.000248  -0.031670
      383 0.000242   0.030882
      148 0.000240   0.030546
      271 0.000237   0.030221
      580 0.000235  -0.029978
      658 0.000232   0.029575
      570 0.000231  -0.029495
      787 0.000230   0.029319
      759 0.000229   0.029223
      236 0.000228   0.029054
      753 0.000227  -0.028933
      258 0.000227  -0.028878
      696 0.000220  -0.028097
      361 0.000220   0.028076
      741 0.000215   0.027471
      564 0.000212  -0.027082
      665 0.000210  -0.026774
      277 0.000208   0.026555
      941 0.000208  -0.026475
      199 0.000203  -0.025883
      853 0.000202  -0.025704
      234 0.000194   0.024698
      640 0.000193  -0.024635
      549 0.000191  -0.024354
      687 0.000190   0.024262
      739 0.000188  -0.023976
      427 0.000186  -0.023674
      301 0.000182  -0.023211
      255 0.000182  -0.023207
      800 0.000181  -0.023086
      828 0.000181  -0.023058
      667 0.000179   0.022797
      557 0.000179  -0.022797
      355 0.000179   0.022778
      175 0.000176  -0.022483
      373 0.000176  -0.022407
      273 0.000175  -0.022298
       91 0.000170  -0.021633
      574 0.000168  -0.021458
      820 0.000168  -0.021403
      566 0.000168   0.021375
      398 0.000165  -0.021090
      798 0.000162   0.020614
      711 0.000159   0.020281
      380 0.000157   0.020055
      743 0.000156  -0.019886
      367 0.000153   0.019514
      247 0.000152   0.019427
      784 0.000151  -0.019264
      299 0.000149   0.019033
      249 0.000148  -0.018809
      847 0.000147   0.018754
      257 0.000147  -0.018680
      138 0.000146   0.018665
      690 0.000146   0.018625
      750 0.000146   0.018608
      793 0.000143  -0.018248
      198 0.000143   0.018240
      857 0.000142  -0.018097
      295 0.000141  -0.017992
      353 0.000139  -0.017746
      790 0.000139   0.017724
      645 0.000138   0.017547
      294 0.000136  -0.017373
      908 0.000134  -0.017130
      436 0.000134   0.017104
      740 0.000134  -0.017065
      974 0.000131   0.016652
      107 0.000130  -0.016636
      808 0.000130   0.016608
      697 0.000129   0.016500
      629 0.000129  -0.016489
      762 0.000129   0.016467
      392 0.000127   0.016252
      423 0.000125  -0.015961
      217 0.000125  -0.015895
      431 0.000125  -0.015890
      638 0.000123  -0.015657
      605 0.000122  -0.015613
      222 0.000121  -0.015437
      581 0.000120  -0.015337
      855 0.000119  -0.015211
      269 0.000117  -0.014949
      882 0.000117   0.014876
      266 0.000114  -0.014585
      281 0.000114   0.014582
      684 0.000114  -0.014533
      795 0.000114   0.014520
      600 0.000112  -0.014258
      859 0.000112   0.014216
      840 0.000112  -0.014216
      736 0.000111  -0.014178
      390 0.000110   0.014033
      308 0.000109  -0.013892
      584 0.000108  -0.013745
      262 0.000107  -0.013667
      354 0.000107   0.013624
      585 0.000107  -0.013624
      572 0.000107  -0.013594
      763 0.000106  -0.013484
      241 0.000106   0.013473
      312 0.000104  -0.013258
      799 0.000103  -0.013175
      818 0.000103  -0.013107
      553 0.000103  -0.013067
      594 0.000102  -0.013035
      803 0.000101   0.012902
      844 0.000101  -0.012887
      369 0.000101   0.012822
      726 0.000100  -0.012786
      561 0.000100   0.012710
      261 0.000100  -0.012700
      611 0.000099  -0.012583
      723 0.000097  -0.012415
      275 0.000097  -0.012350
     1095 0.000097  -0.012347
      801 0.000097  -0.012337
      832 0.000096   0.012252
      193 0.000096  -0.012225
      292 0.000095  -0.012109
      742 0.000094  -0.011992
      302 0.000091  -0.011633
      386 0.000091   0.011610
      552 0.000090  -0.011473
      209 0.000088  -0.011259
      955 0.000088   0.011246
      734 0.000087  -0.011070
      802 0.000087   0.011041
      597 0.000087  -0.011041
      701 0.000085  -0.010850
      805 0.000084  -0.010744
      232 0.000083  -0.010606
      569 0.000083   0.010570
      863 0.000082  -0.010501
      428 0.000082   0.010448
      778 0.000080  -0.010259
      356 0.000080  -0.010229
      632 0.000079   0.010039
      591 0.000079   0.010023
      744 0.000078  -0.009880
      414 0.000077   0.009788
      829 0.000077   0.009763
     1005 0.000077   0.009754
      235 0.000076  -0.009627
      826 0.000075  -0.009520
      748 0.000075  -0.009505
      407 0.000074  -0.009383
      913 0.000073  -0.009321
      879 0.000073  -0.009309
      824 0.000073   0.009272
      728 0.000073  -0.009267
      343 0.000072  -0.009161
      891 0.000072  -0.009142
      313 0.000071  -0.009076
      545 0.000071  -0.009047
      922 0.000071  -0.009024
      776 0.000071  -0.009021
      937 0.000071  -0.009011
      614 0.000070   0.008951
      978 0.000070   0.008914
      560 0.000069  -0.008834
      425 0.000069   0.008796
      843 0.000068  -0.008677
      291 0.000068   0.008660
      654 0.000068   0.008616
      374 0.000067   0.008542
      251 0.000066  -0.008374
      397 0.000065  -0.008242
      722 0.000064  -0.008209
      616 0.000063  -0.008072
      539 0.000063   0.008030
      298 0.000062  -0.007886
      789 0.000062   0.007885
      364 0.000062  -0.007867
      263 0.000062  -0.007851
      322 0.000060  -0.007629
      603 0.000060  -0.007611
      268 0.000057  -0.007247
      349 0.000056  -0.007193
      780 0.000056  -0.007190
      895 0.000056   0.007082
      858 0.000055  -0.007043
      867 0.000055   0.006986
      319 0.000055   0.006970
      528 0.000053   0.006717
      323 0.000053  -0.006703
      542 0.000052   0.006665
      394 0.000050   0.006403
      821 0.000050  -0.006401
      239 0.000050   0.006393
      948 0.000049   0.006287
      540 0.000048  -0.006178
      765 0.000048   0.006158
      409 0.000048  -0.006138
      782 0.000048  -0.006084
      870 0.000047  -0.006030
      987 0.000047   0.005947
      359 0.000046   0.005890
      342 0.000046   0.005837
      831 0.000045   0.005744
      928 0.000045  -0.005678
      279 0.000044  -0.005648
      226 0.000044   0.005617
      608 0.000044  -0.005613
      224 0.000043  -0.005493
      337 0.000043  -0.005469
      223 0.000042   0.005400
      874 0.000042  -0.005381
      627 0.000042   0.005367
      596 0.000042  -0.005323
      297 0.000042  -0.005313
      535 0.000042   0.005309
      225 0.000041   0.005281
      448 0.000041   0.005237
      838 0.000041   0.005189
      677 0.000040   0.005152
      366 0.000040   0.005121
      881 0.000040  -0.005043
     1001 0.000039  -0.005031
      965 0.000039  -0.005021
      169 0.000039  -0.004992
      357 0.000038  -0.004866
      993 0.000038   0.004852
      773 0.000038   0.004844
      131 0.000038  -0.004840
      518 0.000037   0.004708
      289 0.000037   0.004670
      589 0.000036  -0.004636
      864 0.000036   0.004598
      933 0.000035   0.004503
     1025 0.000035   0.004497
      650 0.000035  -0.004489
      350 0.000035   0.004470
      904 0.000035   0.004455
      491 0.000035   0.004424
      216 0.000035   0.004409
      310 0.000035  -0.004405
      823 0.000034   0.004389
      770 0.000034   0.004367
      530 0.000034   0.004319
      410 0.000033  -0.004259
      206 0.000033  -0.004235
      329 0.000033  -0.004233
      860 0.000033  -0.004198
      830 0.000033   0.004179
      413 0.000032   0.004127
      445 0.000032  -0.004103
      532 0.000032   0.004091
      245 0.000032  -0.004057
      360 0.000032   0.004044
      332 0.000032  -0.004039
      488 0.000032   0.004020
     1032 0.000031   0.004005
      950 0.000031  -0.004001
      325 0.000031  -0.003965
      318 0.000031   0.003898
      214 0.000031  -0.003895
      894 0.000031  -0.003895
      475 0.000030  -0.003788
      792 0.000030   0.003778
      643 0.000029  -0.003760
     1017 0.000029   0.003755
      814 0.000029   0.003734
      588 0.000029  -0.003698
      900 0.000029  -0.003678
      402 0.000029   0.003644
      424 0.000028  -0.003622
      524 0.000028  -0.003602
      382 0.000028  -0.003578
      432 0.000028   0.003562
      839 0.000028  -0.003552
      315 0.000027   0.003480
      942 0.000027   0.003480
      769 0.000027  -0.003480
      880 0.000027   0.003411
      592 0.000027  -0.003383
      636 0.000026  -0.003308
      227 0.000026   0.003270
      215 0.000025   0.003197
      680 0.000025   0.003154
      917 0.000024   0.003118
      230 0.000024  -0.003114
      938 0.000024   0.003109
      662 0.000024  -0.003071
      335 0.000024   0.003046
      250 0.000023  -0.002978
      347 0.000023   0.002975
      502 0.000023   0.002971
      519 0.000023   0.002935
     1034 0.000023  -0.002887
      590 0.000022  -0.002829
      538 0.000022   0.002826
      727 0.000022  -0.002807
      213 0.000022  -0.002795
      384 0.000022  -0.002788
      455 0.000022  -0.002784
      685 0.000022  -0.002781
      505 0.000021   0.002721
      320 0.000021  -0.002660
      779 0.000021   0.002648
      714 0.000021  -0.002637
      489 0.000020   0.002612
      842 0.000020  -0.002610
      536 0.000020  -0.002600
      868 0.000020  -0.002571
      406 0.000020   0.002560
     1052 0.000020   0.002521
      201 0.000020   0.002520
      526 0.000020   0.002488
      512 0.000019  -0.002465
      943 0.000019   0.002434
      285 0.000019  -0.002428
      437 0.000019   0.002408
      463 0.000019  -0.002398
      884 0.000019  -0.002362
      949 0.000018   0.002346
      713 0.000018   0.002311
      479 0.000018   0.002297
      458 0.000018   0.002294
      514 0.000017   0.002194
      321 0.000017  -0.002184
       93 0.000017   0.002160
      334 0.000017   0.002132
      248 0.000016   0.002092
      252 0.000016   0.002077
      221 0.000016  -0.002048
      649 0.000016  -0.002046
      694 0.000016   0.001980
      856 0.000015   0.001950
      450 0.000015  -0.001947
      883 0.000015   0.001925
      240 0.000015  -0.001891
      732 0.000015   0.001891
      598 0.000015   0.001882
      907 0.000015   0.001882
      619 0.000015   0.001868
      104 0.000014   0.001842
      286 0.000014   0.001840
      483 0.000014  -0.001803
      351 0.000014   0.001797
      903 0.000014  -0.001775
      387 0.000014   0.001769
      646 0.000014   0.001736
      837 0.000014   0.001726
      462 0.000013   0.001719
      816 0.000013   0.001715
      791 0.000013   0.001713
     1047 0.000013   0.001665
      534 0.000013  -0.001636
      669 0.000013   0.001635
      242 0.000013  -0.001596
      543 0.000012  -0.001561
      229 0.000012  -0.001544
      449 0.000012  -0.001515
      420 0.000012   0.001503
      478 0.000012   0.001500
      237 0.000012   0.001485
      510 0.000011  -0.001464
      348 0.000011   0.001464
      634 0.000011  -0.001461
      675 0.000011   0.001456
       66 0.000011  -0.001436
      327 0.000011   0.001434
      473 0.000011  -0.001418
      966 0.000011   0.001395
      418 0.000011  -0.001369
      760 0.000010   0.001328
      794 0.000010   0.001321
      331 0.000010  -0.001319
      487 0.000010  -0.001318
     1010 0.000010   0.001318
      927 0.000010  -0.001295
      259 0.000010   0.001290
euclid. distance of OLC and linear combination of EV * x_coef: 0.011575957144458986

Generate samples based on objective loadcase 596
nr_to_generate: 25

Parameter variation distribution settings
distribution: uniform
low: 0.7
high: 1.3

Total process runtime: 0:00:01.291680
