Date and Time:2023-05-12 14:17:25.620625

Initial Settings:
similarity_model: <function cosine_similarity at 0x000001D005A6E5E0>
similarity_threshold: 1e-05
nr_eigv_to_select: None
distribution: uniform
deviation: 0.3
nr_to_generate: 25
recompute: False

Selected eigenvectors and similarity score w.r.t objective loadcase:
objective_loadcase_nr: 524
similarity_model: cosine_similarity
similarity_threshold: 1e-05
nr_eigv_to_select: None
nr_eigv_selected: 495
approximation parameter model: lstsq
similarity score and approx. param. value
:  eigv_idx    score      value
        3 0.588031  39.036133
        1 0.513948  34.118185
        2 0.513589 -34.094362
        0 0.352991  23.433144
       39 0.027819   1.846748
        6 0.026409   1.753163
        4 0.012747   0.846228
      639 0.003288   0.218300
      218 0.002483  -0.164844
      593 0.002035  -0.135061
      186 0.001910  -0.126794
      586 0.001905   0.126454
      612 0.001894  -0.125724
      710 0.001601  -0.106266
       68 0.001423  -0.094467
      187 0.001256  -0.083412
      595 0.001242   0.082439
      716 0.001161   0.077055
      663 0.001069  -0.070965
      626 0.001060   0.070379
      618 0.001032   0.068531
      668 0.001011   0.067088
      686 0.000914  -0.060699
      143 0.000911   0.060480
      388 0.000878  -0.058289
      749 0.000860  -0.057070
      194 0.000838   0.055600
      688 0.000781  -0.051878
      599 0.000745   0.049437
      659 0.000735  -0.048797
      617 0.000711   0.047221
      621 0.000710  -0.047151
      582 0.000703  -0.046693
      562 0.000701  -0.046540
      635 0.000689   0.045722
      670 0.000667   0.044294
      704 0.000634  -0.042070
      578 0.000592   0.039332
      341 0.000591   0.039205
      183 0.000583   0.038721
      718 0.000561  -0.037268
      733 0.000561   0.037217
      567 0.000553  -0.036715
      606 0.000544  -0.036090
      577 0.000525  -0.034852
      602 0.000516  -0.034258
      735 0.000500  -0.033172
      267 0.000487  -0.032362
      579 0.000487   0.032311
      708 0.000481   0.031935
      698 0.000474  -0.031446
      253 0.000470  -0.031170
      153 0.000456   0.030280
      575 0.000447   0.029662
      696 0.000442  -0.029368
      220 0.000440  -0.029190
      258 0.000436  -0.028911
       69 0.000432   0.028697
      620 0.000415  -0.027581
      666 0.000414  -0.027474
      174 0.000409   0.027168
      709 0.000407  -0.027007
      753 0.000398  -0.026442
      707 0.000386  -0.025600
      601 0.000381   0.025314
      230 0.000373  -0.024785
      641 0.000369  -0.024492
      683 0.000359   0.023848
       71 0.000349   0.023170
      227 0.000347   0.023061
      848 0.000340  -0.022589
      412 0.000335  -0.022211
      583 0.000331  -0.021962
      700 0.000329   0.021849
      756 0.000328  -0.021806
      273 0.000326  -0.021667
      699 0.000324  -0.021501
      793 0.000309  -0.020482
      419 0.000308  -0.020444
      210 0.000304  -0.020168
      403 0.000296   0.019668
      587 0.000293   0.019458
      759 0.000292  -0.019378
      807 0.000292   0.019366
      631 0.000291  -0.019350
      853 0.000290  -0.019233
      763 0.000287   0.019057
      269 0.000283  -0.018797
      137 0.000283  -0.018762
      235 0.000279  -0.018514
      243 0.000279   0.018513
      383 0.000277   0.018395
      362 0.000272  -0.018063
      263 0.000270  -0.017935
      239 0.000270   0.017922
      182 0.000265  -0.017561
      757 0.000263  -0.017487
       70 0.000263   0.017440
      741 0.000251   0.016641
      726 0.000249  -0.016542
      299 0.000248   0.016438
      361 0.000244   0.016177
      570 0.000242  -0.016093
      739 0.000236  -0.015673
      750 0.000229   0.015180
      743 0.000210  -0.013920
      377 0.000208  -0.013838
      206 0.000201   0.013357
      132 0.000200   0.013276
      184 0.000199  -0.013187
      787 0.000198   0.013147
      301 0.000196  -0.012981
      818 0.000194  -0.012901
      857 0.000194  -0.012897
      228 0.000192  -0.012719
      855 0.000191  -0.012695
      742 0.000190  -0.012644
      373 0.000189  -0.012523
      427 0.000187  -0.012407
      204 0.000185   0.012271
      312 0.000184  -0.012192
      247 0.000183   0.012161
      576 0.000182  -0.012068
      824 0.000181   0.012048
      604 0.000179  -0.011852
      564 0.000178  -0.011809
      549 0.000173  -0.011468
      658 0.000173   0.011462
      800 0.000172  -0.011430
      580 0.000172  -0.011428
      795 0.000172   0.011387
      400 0.000171  -0.011354
      591 0.000169   0.011251
      392 0.000169   0.011225
      223 0.000168   0.011121
      199 0.000167  -0.011063
      553 0.000166  -0.011030
      290 0.000164   0.010911
      175 0.000163  -0.010816
      337 0.000155  -0.010307
      711 0.000154   0.010223
      829 0.000154   0.010206
      775 0.000153   0.010186
      784 0.000153  -0.010182
      859 0.000153   0.010168
      332 0.000153  -0.010136
      778 0.000153  -0.010129
      667 0.000149   0.009893
      275 0.000148  -0.009855
      820 0.000146  -0.009688
      574 0.000146  -0.009684
      828 0.000145  -0.009634
      770 0.000142   0.009431
      369 0.000142   0.009427
      628 0.000141   0.009342
      736 0.000139  -0.009232
      790 0.000138   0.009192
      941 0.000138  -0.009140
      616 0.000137  -0.009095
      665 0.000136  -0.009041
      605 0.000135  -0.008984
      808 0.000134   0.008877
      585 0.000132  -0.008778
      277 0.000132   0.008751
      329 0.000129  -0.008589
      355 0.000129   0.008573
      179 0.000128   0.008474
      557 0.000126  -0.008392
      566 0.000124   0.008201
      298 0.000123  -0.008159
      279 0.000122  -0.008100
      423 0.000119  -0.007932
      431 0.000118  -0.007839
      257 0.000115  -0.007640
      241 0.000114   0.007559
      294 0.000113  -0.007493
      645 0.000113   0.007479
      217 0.000112  -0.007431
      354 0.000112   0.007429
      769 0.000111   0.007339
      271 0.000110   0.007318
      398 0.000109  -0.007257
       88 0.000109  -0.007251
      201 0.000109  -0.007244
      255 0.000108  -0.007163
      687 0.000107   0.007120
      690 0.000107   0.007080
      171 0.000106  -0.007034
      380 0.000106   0.007031
      744 0.000105  -0.006998
      697 0.000105   0.006947
      799 0.000103  -0.006817
      864 0.000103   0.006807
      367 0.000099   0.006591
      815 0.000098  -0.006533
      251 0.000097  -0.006435
      638 0.000097  -0.006432
      684 0.000097  -0.006423
      908 0.000097  -0.006414
      728 0.000097  -0.006414
      943 0.000096   0.006382
      569 0.000095   0.006293
      762 0.000094  -0.006269
      600 0.000094  -0.006255
      321 0.000093  -0.006156
      234 0.000092   0.006078
      285 0.000091   0.006048
      773 0.000091   0.006034
      782 0.000090  -0.005974
      292 0.000090  -0.005972
      295 0.000088  -0.005869
      436 0.000088   0.005869
       93 0.000087  -0.005794
      611 0.000087  -0.005785
      353 0.000087  -0.005785
      734 0.000086  -0.005735
      884 0.000086  -0.005717
      266 0.000086  -0.005712
      325 0.000086  -0.005693
      948 0.000086   0.005688
      847 0.000082   0.005471
      974 0.000082   0.005465
      937 0.000081  -0.005362
      840 0.000080  -0.005331
      104 0.000080   0.005327
      573 0.000080   0.005316
      860 0.000079  -0.005240
      723 0.000079  -0.005236
      581 0.000078  -0.005195
      594 0.000077  -0.005140
      844 0.000077  -0.005135
      261 0.000077  -0.005126
      880 0.000076   0.005077
      281 0.000076   0.005019
      843 0.000075  -0.004972
      342 0.000074   0.004908
      694 0.000073   0.004828
      823 0.000072   0.004748
      978 0.000071   0.004704
      552 0.000070  -0.004649
      589 0.000069  -0.004604
      560 0.000068  -0.004529
      870 0.000068  -0.004503
      701 0.000068  -0.004490
      801 0.000067  -0.004479
      629 0.000067  -0.004450
      654 0.000066   0.004397
      283 0.000065   0.004341
      390 0.000065   0.004325
      107 0.000065  -0.004324
      826 0.000064  -0.004232
      318 0.000064  -0.004228
      356 0.000064  -0.004226
      302 0.000063  -0.004190
      262 0.000061  -0.004081
      780 0.000060   0.004009
      291 0.000060   0.003956
     1095 0.000059  -0.003925
      539 0.000059   0.003925
      319 0.000059   0.003901
      584 0.000058  -0.003876
      792 0.000058   0.003864
      138 0.000058  -0.003830
      268 0.000058  -0.003826
     1005 0.000058   0.003824
      572 0.000057  -0.003815
      913 0.000056  -0.003741
      632 0.000056   0.003731
      765 0.000056   0.003703
      289 0.000056   0.003700
      323 0.000055  -0.003654
      882 0.000055   0.003647
      386 0.000055   0.003639
      722 0.000055  -0.003635
      895 0.000054   0.003608
      428 0.000054   0.003587
      590 0.000053  -0.003511
      545 0.000053  -0.003499
      308 0.000052  -0.003484
      894 0.000052  -0.003443
      364 0.000052  -0.003424
      874 0.000052  -0.003422
      789 0.000051   0.003415
      414 0.000051   0.003393
      935 0.000050  -0.003336
      528 0.000050   0.003331
      425 0.000050   0.003321
      831 0.000049   0.003223
      315 0.000047   0.003133
      957 0.000047   0.003115
      193 0.000046   0.003050
      627 0.000046   0.003036
      535 0.000045   0.003007
      169 0.000045  -0.003003
      343 0.000045  -0.002975
      313 0.000045  -0.002957
      413 0.000044  -0.002947
      278 0.000044   0.002938
      922 0.000044  -0.002930
      322 0.000044  -0.002898
      821 0.000044  -0.002893
      830 0.000043   0.002879
      596 0.000042  -0.002809
      988 0.000041  -0.002714
      964 0.000041   0.002712
      833 0.000041  -0.002701
      841 0.000040   0.002679
       91 0.000040  -0.002668
      842 0.000040  -0.002666
      614 0.000040   0.002664
      643 0.000040  -0.002660
      942 0.000040   0.002653
      805 0.000040  -0.002630
      955 0.000040   0.002625
      244 0.000040  -0.002625
      561 0.000039   0.002609
     1096 0.000039   0.002584
      798 0.000039  -0.002578
      971 0.000037  -0.002478
      950 0.000037  -0.002447
      881 0.000036  -0.002420
      374 0.000036   0.002398
      650 0.000035  -0.002325
      491 0.000035   0.002323
      838 0.000035  -0.002302
      849 0.000035   0.002298
     1073 0.000035  -0.002294
      518 0.000034   0.002261
      407 0.000033  -0.002195
      904 0.000033   0.002181
      748 0.000033  -0.002175
      284 0.000033   0.002164
      488 0.000032   0.002126
      727 0.000032  -0.002114
      532 0.000032   0.002102
      921 0.000032  -0.002101
      394 0.000031   0.002042
      226 0.000030   0.002023
      225 0.000030   0.002014
      359 0.000030   0.002013
      406 0.000030  -0.002004
      811 0.000030   0.001966
      540 0.000030  -0.001961
      333 0.000029  -0.001954
      610 0.000029  -0.001937
      983 0.000029   0.001927
      409 0.000029  -0.001920
      366 0.000029   0.001900
      597 0.000028  -0.001878
      685 0.000028  -0.001878
      977 0.000028   0.001854
      357 0.000028  -0.001854
      410 0.000028  -0.001844
      794 0.000028   0.001838
      835 0.000028  -0.001833
      879 0.000028  -0.001827
      448 0.000027   0.001803
      933 0.000027   0.001797
      475 0.000027  -0.001794
      161 0.000027   0.001792
      636 0.000027  -0.001764
      310 0.000027  -0.001763
      524 0.000027  -0.001763
      445 0.000026  -0.001746
      832 0.000026   0.001718
      791 0.000026   0.001714
      810 0.000026   0.001713
      297 0.000026  -0.001694
      131 0.000025   0.001647
      286 0.000024   0.001624
      927 0.000024  -0.001600
      928 0.000024  -0.001577
      856 0.000024   0.001576
      542 0.000024   0.001562
      526 0.000023   0.001553
      382 0.000023  -0.001546
     1009 0.000023  -0.001542
     1010 0.000023   0.001541
     1034 0.000023  -0.001540
     1032 0.000023   0.001516
      868 0.000023   0.001509
      360 0.000023   0.001494
      677 0.000022   0.001489
      264 0.000022   0.001450
      592 0.000022   0.001449
      959 0.000022  -0.001448
      530 0.000021   0.001420
      934 0.000021  -0.001414
      669 0.000021   0.001383
      568 0.000021   0.001381
      898 0.000021   0.001377
      764 0.000021  -0.001374
      424 0.000021  -0.001369
      320 0.000021   0.001368
      987 0.000020   0.001359
      209 0.000020   0.001357
      479 0.000020   0.001304
      237 0.000019   0.001272
      514 0.000019   0.001271
      649 0.000019  -0.001269
      240 0.000019  -0.001263
       45 0.000019   0.001254
      916 0.000019  -0.001243
      384 0.000019  -0.001239
      655 0.000018  -0.001222
     1001 0.000018  -0.001218
     1016 0.000018  -0.001203
     1003 0.000018  -0.001180
      680 0.000018   0.001179
      609 0.000018   0.001174
      236 0.000017   0.001157
      259 0.000017   0.001156
      198 0.000017  -0.001153
      536 0.000017  -0.001143
      839 0.000017   0.001136
      432 0.000017   0.001135
      809 0.000017   0.001129
      713 0.000017   0.001127
      740 0.000017   0.001124
      876 0.000017  -0.001124
      402 0.000017  -0.001123
      463 0.000017  -0.001109
      899 0.000017  -0.001106
      837 0.000017  -0.001102
      437 0.000017   0.001101
      455 0.000017  -0.001097
     1020 0.000016  -0.001085
      316 0.000016  -0.001080
      875 0.000016  -0.001072
      397 0.000016  -0.001063
      623 0.000016  -0.001057
      640 0.000016  -0.001050
       51 0.000016  -0.001050
      188 0.000016  -0.001031
      902 0.000015  -0.001029
      625 0.000015  -0.001023
      519 0.000015   0.001021
      512 0.000015  -0.001020
      256 0.000015   0.001013
      502 0.000015   0.001003
      903 0.000015   0.001002
      714 0.000015  -0.000991
       38 0.000015   0.000988
      776 0.000015  -0.000977
      324 0.000015  -0.000971
     1040 0.000014  -0.000961
     1025 0.000014   0.000953
      814 0.000014   0.000941
      984 0.000014  -0.000936
      296 0.000014  -0.000929
      248 0.000014   0.000910
      691 0.000014   0.000903
      245 0.000013  -0.000882
      732 0.000013   0.000870
      458 0.000013   0.000870
      399 0.000013  -0.000865
      335 0.000013  -0.000857
     1017 0.000013   0.000856
      252 0.000013  -0.000854
      489 0.000013   0.000844
      949 0.000012   0.000829
       43 0.000012  -0.000826
      270 0.000012  -0.000821
      450 0.000012  -0.000817
      350 0.000012   0.000816
      238 0.000012  -0.000801
      642 0.000012   0.000794
      760 0.000012  -0.000789
       58 0.000012  -0.000789
      662 0.000012  -0.000786
      671 0.000012   0.000782
       50 0.000012   0.000766
      952 0.000011  -0.000754
      505 0.000011   0.000753
      779 0.000011  -0.000751
      224 0.000011  -0.000749
      907 0.000011   0.000746
      648 0.000011  -0.000743
      803 0.000011   0.000741
       36 0.000011  -0.000739
      637 0.000011  -0.000732
      249 0.000011   0.000722
      487 0.000011  -0.000714
      328 0.000011  -0.000714
      936 0.000011   0.000713
      634 0.000011  -0.000706
       95 0.000011   0.000698
     1061 0.000010  -0.000694
      966 0.000010   0.000694
      603 0.000010   0.000687
      461 0.000010   0.000678
       29 0.000010  -0.000676
     1052 0.000010   0.000674
      816 0.000010   0.000671
      478 0.000010   0.000671
euclid. distance of OLC and linear combination of EV * x_coef: 0.006322488930444577

Generate samples based on objective loadcase 524
nr_to_generate: 25

Parameter variation distribution settings
distribution: uniform
low: 0.7
high: 1.3

Total process runtime: 0:00:01.260136
