Date and Time:2023-05-12 14:09:05.076867

Initial Settings:
similarity_model: <function cosine_similarity at 0x000001D005A6E5E0>
similarity_threshold: 1e-05
nr_eigv_to_select: None
distribution: uniform
deviation: 0.3
nr_to_generate: 25
recompute: False

Selected eigenvectors and similarity score w.r.t objective loadcase:
objective_loadcase_nr: 148
similarity_model: cosine_similarity
similarity_threshold: 1e-05
nr_eigv_to_select: None
nr_eigv_selected: 478
approximation parameter model: lstsq
similarity score and approx. param. value
:  eigv_idx    score      value
        3 0.569357  42.422925
        1 0.529406  39.446190
        2 0.506401 -37.732037
        0 0.369982  27.567467
        6 0.037698   2.808920
       39 0.024498   1.825386
        4 0.011827   0.881244
      639 0.003447   0.256800
      218 0.002165  -0.161301
      186 0.002130  -0.158713
      593 0.002078  -0.154846
      612 0.001954  -0.145625
      586 0.001919   0.142971
      710 0.001623  -0.120966
      187 0.001409  -0.104958
      716 0.001388   0.103417
      595 0.001241   0.092435
       68 0.001224  -0.091198
      663 0.001192  -0.088815
      618 0.001181   0.088019
      668 0.001155   0.086087
      626 0.001043   0.077706
      143 0.000988   0.073604
      686 0.000971  -0.072314
      194 0.000942   0.070194
      388 0.000900  -0.067024
      659 0.000860  -0.064076
      688 0.000818  -0.060979
      617 0.000812   0.060525
      599 0.000778   0.057956
      749 0.000738  -0.054952
      582 0.000734  -0.054704
      562 0.000726  -0.054124
      670 0.000722   0.053818
      621 0.000714  -0.053171
      635 0.000713   0.053119
      183 0.000657   0.048936
      704 0.000651  -0.048532
      578 0.000623   0.046414
      733 0.000599   0.044638
      341 0.000595   0.044353
      718 0.000584  -0.043508
       69 0.000561   0.041800
      698 0.000555  -0.041349
      579 0.000553   0.041176
      567 0.000536  -0.039972
      606 0.000532  -0.039640
       71 0.000529   0.039404
      602 0.000528  -0.039335
      577 0.000506  -0.037705
      708 0.000493   0.036701
      153 0.000488   0.036391
      182 0.000487  -0.036313
      253 0.000484  -0.036030
      666 0.000481  -0.035829
      700 0.000476   0.035432
      683 0.000452   0.033658
      735 0.000452  -0.033644
      174 0.000450   0.033523
      575 0.000436   0.032514
      696 0.000432  -0.032176
      267 0.000428  -0.031886
      620 0.000421  -0.031406
      220 0.000416  -0.031019
      709 0.000409  -0.030478
      707 0.000400  -0.029813
      641 0.000390  -0.029046
      699 0.000385  -0.028715
      258 0.000380  -0.028296
      184 0.000371  -0.027642
      601 0.000367   0.027350
      753 0.000357  -0.026586
      583 0.000343  -0.025594
      848 0.000342  -0.025469
      210 0.000339  -0.025264
      412 0.000333  -0.024830
      807 0.000319   0.023752
      419 0.000314  -0.023415
      137 0.000306  -0.022805
      756 0.000305  -0.022690
      362 0.000300  -0.022334
      403 0.000298   0.022217
      230 0.000295  -0.022001
      631 0.000294  -0.021900
      587 0.000291   0.021663
      227 0.000290   0.021603
      243 0.000289   0.021539
      273 0.000287  -0.021400
      793 0.000284  -0.021157
      383 0.000268   0.019965
      228 0.000264  -0.019677
      757 0.000263  -0.019588
      853 0.000252  -0.018761
      570 0.000250  -0.018653
      361 0.000236   0.017618
      269 0.000235  -0.017515
      741 0.000224   0.016665
      377 0.000221  -0.016473
       70 0.000219   0.016345
      235 0.000215  -0.016030
      299 0.000214   0.015976
      739 0.000213  -0.015869
      132 0.000213   0.015853
      604 0.000212  -0.015800
      204 0.000212   0.015760
      239 0.000211   0.015744
      726 0.000210  -0.015674
      576 0.000209  -0.015537
      179 0.000208   0.015478
      580 0.000204  -0.015178
      263 0.000201  -0.014990
      301 0.000194  -0.014474
      658 0.000193   0.014405
      373 0.000192  -0.014297
      564 0.000191  -0.014252
      400 0.000191  -0.014245
      427 0.000188  -0.014038
      199 0.000186  -0.013871
      800 0.000185  -0.013814
      750 0.000185   0.013764
      247 0.000183   0.013634
      743 0.000182  -0.013592
      787 0.000179   0.013368
      175 0.000179  -0.013306
      171 0.000177  -0.013161
      855 0.000176  -0.013150
      549 0.000176  -0.013106
      574 0.000170  -0.012699
      784 0.000168  -0.012513
      312 0.000168  -0.012503
      857 0.000167  -0.012447
      828 0.000167  -0.012408
      763 0.000166   0.012348
      392 0.000165   0.012304
      941 0.000165  -0.012270
      628 0.000164   0.012191
      665 0.000163  -0.012166
      667 0.000163   0.012133
      795 0.000162   0.012066
      820 0.000162  -0.012059
      818 0.000162  -0.012059
      711 0.000162   0.012036
      742 0.000161  -0.012007
      553 0.000155  -0.011520
      591 0.000152   0.011361
      616 0.000150  -0.011155
      271 0.000147   0.010962
      815 0.000146  -0.010859
      255 0.000144  -0.010755
      778 0.000143  -0.010672
      824 0.000143   0.010661
      557 0.000143  -0.010660
      277 0.000142   0.010596
      605 0.000141  -0.010525
      808 0.000141   0.010480
      223 0.000139   0.010388
      355 0.000138   0.010251
      369 0.000137   0.010241
      790 0.000135   0.010064
      275 0.000133  -0.009938
      759 0.000132  -0.009869
      566 0.000130   0.009682
      736 0.000130  -0.009682
      398 0.000130  -0.009670
      687 0.000130   0.009666
      257 0.000130  -0.009659
      859 0.000129   0.009613
      585 0.000126  -0.009401
      337 0.000126  -0.009396
      206 0.000126   0.009368
      380 0.000125   0.009338
      241 0.000124   0.009253
      234 0.000124   0.009231
      697 0.000123   0.009187
      423 0.000122  -0.009089
      690 0.000122   0.009084
      294 0.000122  -0.009080
      829 0.000122   0.009066
      431 0.000121  -0.008985
      573 0.000118   0.008784
      775 0.000116   0.008661
      332 0.000116  -0.008633
      290 0.000114   0.008515
      279 0.000114  -0.008485
      217 0.000114  -0.008469
      251 0.000112  -0.008371
      645 0.000112   0.008364
      908 0.000112  -0.008316
      354 0.000110   0.008184
      569 0.000110   0.008180
      638 0.000109  -0.008133
      799 0.000108  -0.008081
      367 0.000108   0.008036
      353 0.000105  -0.007853
      847 0.000103   0.007684
      298 0.000102  -0.007598
      295 0.000101  -0.007548
      684 0.000101  -0.007501
      436 0.000101   0.007499
      974 0.000100   0.007472
       88 0.000099  -0.007410
      600 0.000099  -0.007385
      292 0.000099  -0.007377
      728 0.000097  -0.007230
      329 0.000096  -0.007180
      770 0.000096   0.007144
      254 0.000095   0.007114
      840 0.000094  -0.006980
      629 0.000094  -0.006976
      734 0.000090  -0.006670
      611 0.000089  -0.006615
      744 0.000089  -0.006602
      262 0.000089  -0.006596
      581 0.000088  -0.006583
      844 0.000087  -0.006491
      723 0.000085  -0.006351
      266 0.000084  -0.006291
       93 0.000084  -0.006246
      281 0.000083   0.006196
      882 0.000083   0.006164
      584 0.000083  -0.006148
      594 0.000082  -0.006127
      261 0.000081  -0.006072
      560 0.000079  -0.005851
      782 0.000078  -0.005827
      937 0.000077  -0.005741
      390 0.000075   0.005555
      572 0.000074  -0.005527
      107 0.000074  -0.005514
      342 0.000074   0.005512
     1095 0.000073  -0.005465
      552 0.000073  -0.005453
      236 0.000073   0.005439
      864 0.000073   0.005420
      104 0.000073   0.005419
      948 0.000072   0.005398
      356 0.000071  -0.005326
      701 0.000071  -0.005318
      978 0.000071   0.005309
      161 0.000071   0.005304
      843 0.000070  -0.005237
      302 0.000070  -0.005228
      632 0.000070   0.005216
      201 0.000070  -0.005180
      654 0.000069   0.005169
      694 0.000069   0.005147
      321 0.000068  -0.005075
      769 0.000068   0.005072
      325 0.000068  -0.005064
      291 0.000068   0.005036
      773 0.000067   0.005005
      268 0.000067  -0.005003
      943 0.000065   0.004851
     1005 0.000065   0.004830
      308 0.000065  -0.004816
      860 0.000063  -0.004685
      913 0.000063  -0.004659
      561 0.000061   0.004531
      428 0.000061   0.004531
      386 0.000061   0.004516
      722 0.000059  -0.004414
      539 0.000059   0.004408
      826 0.000059  -0.004392
      425 0.000059   0.004376
      319 0.000059   0.004361
      545 0.000058  -0.004352
      955 0.000058   0.004308
      823 0.000058   0.004303
      765 0.000057   0.004265
      414 0.000057   0.004228
      832 0.000056   0.004190
      589 0.000056  -0.004188
      895 0.000056   0.004148
      831 0.000055   0.004124
      792 0.000055   0.004119
      922 0.000055  -0.004104
      870 0.000055  -0.004080
      880 0.000054   0.003988
      884 0.000053  -0.003953
      614 0.000053   0.003936
      285 0.000052   0.003870
      323 0.000052  -0.003861
      801 0.000051  -0.003811
      364 0.000051  -0.003810
      528 0.000051   0.003801
      322 0.000051  -0.003765
      627 0.000050   0.003760
      748 0.000050  -0.003754
      148 0.000049   0.003669
      789 0.000049   0.003664
      596 0.000049  -0.003653
      879 0.000048  -0.003604
      821 0.000048  -0.003582
      169 0.000048  -0.003551
      590 0.000046  -0.003424
      535 0.000045   0.003379
       91 0.000045  -0.003370
      289 0.000045   0.003355
      313 0.000045  -0.003350
      343 0.000044  -0.003266
      283 0.000044   0.003261
      894 0.000044  -0.003257
      874 0.000044  -0.003254
      650 0.000044  -0.003249
      597 0.000042  -0.003134
      226 0.000042   0.003131
      374 0.000040   0.003016
      225 0.000040   0.002990
      232 0.000040  -0.002962
      318 0.000039  -0.002916
      315 0.000039   0.002898
      407 0.000038  -0.002857
      881 0.000038  -0.002826
      366 0.000038   0.002816
      278 0.000037   0.002779
      640 0.000037  -0.002723
      891 0.000036  -0.002713
      805 0.000036  -0.002707
      359 0.000036   0.002690
      904 0.000036   0.002675
      491 0.000035   0.002641
      950 0.000035  -0.002635
      540 0.000035  -0.002613
      518 0.000035   0.002608
      942 0.000035   0.002583
      245 0.000034  -0.002558
      842 0.000034  -0.002521
      740 0.000033  -0.002492
      542 0.000033   0.002490
      394 0.000033   0.002479
      409 0.000033  -0.002435
      532 0.000033   0.002426
      780 0.000032   0.002409
      488 0.000032   0.002405
      928 0.000032  -0.002378
      636 0.000031  -0.002342
      448 0.000031   0.002337
      297 0.000031  -0.002292
      935 0.000030  -0.002254
      643 0.000030  -0.002250
      933 0.000030   0.002245
      987 0.000030   0.002241
      727 0.000030  -0.002216
      138 0.000029  -0.002182
      397 0.000029  -0.002176
      410 0.000029  -0.002176
      357 0.000029  -0.002163
      849 0.000029   0.002151
      310 0.000029  -0.002150
      803 0.000029   0.002146
      649 0.000029  -0.002133
      794 0.000028   0.002095
      475 0.000028  -0.002080
      413 0.000028  -0.002079
      244 0.000028  -0.002071
      445 0.000028  -0.002054
      524 0.000027  -0.002030
      240 0.000027  -0.002014
      957 0.000027   0.001990
     1001 0.000027  -0.001980
      677 0.000027   0.001978
     1032 0.000026   0.001960
      776 0.000026  -0.001955
      198 0.000026   0.001954
      964 0.000026   0.001945
      863 0.000026  -0.001937
      988 0.000026  -0.001933
      610 0.000025  -0.001892
      530 0.000025   0.001887
      971 0.000025  -0.001858
      830 0.000025   0.001827
      685 0.000024  -0.001823
      811 0.000024   0.001823
      802 0.000024   0.001806
     1073 0.000024  -0.001798
      424 0.000024  -0.001794
      349 0.000024  -0.001788
      131 0.000024   0.001770
      526 0.000023   0.001735
     1034 0.000023  -0.001723
      237 0.000023   0.001689
     1025 0.000022   0.001640
      856 0.000022   0.001638
      837 0.000022  -0.001634
     1096 0.000022   0.001619
      791 0.000021   0.001598
      382 0.000021  -0.001597
      360 0.000021   0.001597
      858 0.000021  -0.001596
      921 0.000021  -0.001584
      286 0.000021   0.001584
      762 0.000021  -0.001546
      810 0.000021   0.001534
      680 0.000021   0.001529
      249 0.000020  -0.001501
      833 0.000020  -0.001498
      224 0.000020  -0.001473
      350 0.000020   0.001468
      867 0.000020   0.001461
      479 0.000020   0.001457
      406 0.000019  -0.001428
      514 0.000019   0.001424
      838 0.000019  -0.001412
      432 0.000019   0.001405
     1010 0.000019   0.001405
     1017 0.000019   0.001396
      814 0.000018   0.001378
      927 0.000018  -0.001375
      993 0.000018   0.001374
      384 0.000018  -0.001350
      519 0.000018   0.001341
      455 0.000018  -0.001325
      536 0.000018  -0.001318
      502 0.000018   0.001317
      284 0.000018   0.001312
      714 0.000018  -0.001311
      835 0.000018  -0.001304
      463 0.000017  -0.001292
      437 0.000017   0.001282
      841 0.000017   0.001275
      608 0.000017  -0.001272
      965 0.000017  -0.001271
      646 0.000017   0.001268
      934 0.000016  -0.001219
      983 0.000016   0.001215
      512 0.000016  -0.001209
      662 0.000016  -0.001201
      248 0.000016   0.001198
      809 0.000016   0.001187
      977 0.000016   0.001181
      917 0.000016   0.001177
      938 0.000016   0.001171
      568 0.000016   0.001169
      222 0.000016  -0.001159
      949 0.000016   0.001155
      669 0.000015   0.001154
      333 0.000015  -0.001146
      900 0.000015  -0.001130
      458 0.000015   0.001113
      489 0.000015   0.001106
      839 0.000015   0.001106
      902 0.000014  -0.001064
      188 0.000014  -0.001059
     1009 0.000014  -0.001029
      505 0.000014   0.001019
     1052 0.000014   0.001016
      732 0.000014   0.001013
      229 0.000013  -0.000990
      899 0.000013  -0.000985
      798 0.000013   0.000978
      450 0.000013  -0.000968
       98 0.000013  -0.000957
      907 0.000013   0.000952
      916 0.000013  -0.000943
      324 0.000012  -0.000917
      966 0.000012   0.000911
      952 0.000012  -0.000910
      347 0.000012   0.000899
      346 0.000012   0.000894
      713 0.000012   0.000884
      816 0.000012   0.000876
      238 0.000012  -0.000861
      681 0.000011  -0.000847
      483 0.000011  -0.000838
      619 0.000011   0.000827
      316 0.000011  -0.000826
     1003 0.000011  -0.000810
     1016 0.000011  -0.000809
     1020 0.000011  -0.000805
      752 0.000011   0.000803
      634 0.000011  -0.000801
      487 0.000011  -0.000801
      478 0.000011   0.000793
      296 0.000011  -0.000789
      538 0.000010   0.000780
      452 0.000010  -0.000765
      461 0.000010   0.000764
     1061 0.000010  -0.000762
euclid. distance of OLC and linear combination of EV * x_coef: 0.006511968646689909

Generate samples based on objective loadcase 148
nr_to_generate: 25

Parameter variation distribution settings
distribution: uniform
low: 0.7
high: 1.3

Total process runtime: 0:00:01.272992
