Date and Time:2023-05-12 14:24:18.413475

Initial Settings:
similarity_model: <function cosine_similarity at 0x000001D005A6E5E0>
similarity_threshold: 1e-05
nr_eigv_to_select: None
distribution: uniform
deviation: 0.3
nr_to_generate: 25
recompute: False

Selected eigenvectors and similarity score w.r.t objective loadcase:
objective_loadcase_nr: 833
similarity_model: cosine_similarity
similarity_threshold: 1e-05
nr_eigv_to_select: None
nr_eigv_selected: 650
approximation parameter model: lstsq
similarity score and approx. param. value
:  eigv_idx    score      value
        1 0.559124  79.445070
        3 0.535964  76.154251
        2 0.484216 -68.801511
        0 0.402867  57.242772
        6 0.054131   7.691445
       39 0.015877   2.255871
        4 0.009941   1.412516
      639 0.003411   0.484699
      186 0.002168  -0.308067
       68 0.002022  -0.287339
      612 0.001935  -0.274911
      593 0.001887  -0.268143
      586 0.001690   0.240169
      716 0.001647   0.234068
      710 0.001589  -0.225789
      618 0.001503   0.213579
      218 0.001440  -0.204544
      187 0.001434  -0.203713
      143 0.001391   0.197705
      668 0.001365   0.193978
      663 0.001331  -0.189165
      182 0.001261  -0.179142
      595 0.001095   0.155569
      659 0.001006  -0.142942
      194 0.000961   0.136538
      686 0.000957  -0.135981
      184 0.000935  -0.132803
      617 0.000894   0.126992
      688 0.000843  -0.119844
      749 0.000828  -0.117719
      388 0.000826  -0.117426
      626 0.000757   0.107524
      635 0.000736   0.104540
      700 0.000726   0.103094
      599 0.000713   0.101298
      579 0.000708   0.100572
      562 0.000706  -0.100267
      683 0.000690   0.098022
      183 0.000684   0.097184
      582 0.000682  -0.096963
      578 0.000654   0.092990
      670 0.000633   0.089874
      228 0.000583  -0.082789
      621 0.000570  -0.081048
      666 0.000566  -0.080452
      137 0.000560  -0.079530
      733 0.000557   0.079143
      698 0.000547  -0.077753
      253 0.000542  -0.077076
      153 0.000528   0.075014
      735 0.000523  -0.074358
      341 0.000509   0.072266
      179 0.000490   0.069635
      708 0.000481   0.068288
      174 0.000480   0.068172
      606 0.000431  -0.061188
      602 0.000416  -0.059180
      567 0.000408  -0.057954
      171 0.000407  -0.057795
      709 0.000404  -0.057390
      220 0.000403  -0.057265
      718 0.000399  -0.056707
      699 0.000392  -0.055647
      577 0.000391  -0.055530
      641 0.000379  -0.053832
      575 0.000377   0.053568
      756 0.000374  -0.053154
      583 0.000367  -0.052101
      362 0.000362  -0.051465
      620 0.000359  -0.050947
      757 0.000353  -0.050169
       70 0.000340   0.048273
      741 0.000323   0.045931
      704 0.000313  -0.044538
      604 0.000309  -0.043906
      631 0.000303  -0.043090
      243 0.000298   0.042384
      403 0.000298   0.042281
      739 0.000293  -0.041642
      848 0.000292  -0.041556
      807 0.000289   0.041067
      601 0.000289   0.040998
      419 0.000285  -0.040459
      267 0.000279  -0.039706
      628 0.000273   0.038774
      412 0.000272  -0.038651
      210 0.000266  -0.037855
      204 0.000266   0.037823
      576 0.000263  -0.037409
      132 0.000259   0.036765
      383 0.000258   0.036594
      787 0.000257   0.036509
      853 0.000254  -0.036120
      258 0.000251  -0.035676
      277 0.000250   0.035586
      400 0.000245  -0.034800
      573 0.000243   0.034597
      587 0.000241   0.034303
      570 0.000237  -0.033660
      658 0.000230   0.032644
      254 0.000226   0.032172
      199 0.000225  -0.031909
      377 0.000221  -0.031376
      707 0.000219  -0.031133
      750 0.000218   0.031012
      271 0.000216   0.030636
      815 0.000212  -0.030157
      580 0.000211  -0.030041
      759 0.000203   0.028814
      564 0.000201  -0.028497
      161 0.000195   0.027649
      753 0.000194  -0.027501
      175 0.000191  -0.027133
      234 0.000188   0.026773
      585 0.000186  -0.026474
      148 0.000184   0.026214
      941 0.000184  -0.026177
      665 0.000178  -0.025282
      828 0.000177  -0.025143
      800 0.000177  -0.025107
      356 0.000175  -0.024935
      255 0.000174  -0.024765
      605 0.000173  -0.024643
      209 0.000170  -0.024195
      690 0.000168   0.023928
      667 0.000167   0.023676
      711 0.000165   0.023494
      301 0.000164  -0.023286
      566 0.000163   0.023205
      557 0.000162  -0.022988
      427 0.000161  -0.022823
      857 0.000160  -0.022775
      257 0.000159  -0.022600
      696 0.000158  -0.022387
      743 0.000156  -0.022158
      380 0.000155   0.022046
      235 0.000155  -0.021987
      193 0.000153  -0.021691
      269 0.000151  -0.021502
      247 0.000151   0.021410
      369 0.000149   0.021132
      793 0.000148  -0.021098
      847 0.000148   0.021095
      820 0.000148  -0.021087
      640 0.000148  -0.021076
      222 0.000147  -0.020886
      574 0.000146  -0.020736
      798 0.000145   0.020535
      241 0.000144   0.020403
      273 0.000143  -0.020280
      790 0.000141   0.020072
      361 0.000141   0.020071
      818 0.000140  -0.019831
      726 0.000139  -0.019680
      784 0.000134  -0.019055
      855 0.000133  -0.018872
      299 0.000132   0.018753
      294 0.000131  -0.018614
      549 0.000131  -0.018602
      353 0.000131  -0.018583
       69 0.000131   0.018572
      687 0.000130   0.018491
      138 0.000130   0.018464
      740 0.000129  -0.018311
      262 0.000128  -0.018147
      697 0.000127   0.018050
      808 0.000126   0.017966
      398 0.000126  -0.017907
      373 0.000124  -0.017654
      236 0.000124   0.017616
      596 0.000123  -0.017529
      436 0.000123   0.017412
      251 0.000122  -0.017319
      824 0.000121   0.017236
      354 0.000121   0.017143
      974 0.000120   0.017066
      908 0.000118  -0.016826
      859 0.000118   0.016779
      312 0.000115  -0.016312
      840 0.000114  -0.016237
      736 0.000114  -0.016169
      629 0.000113  -0.016069
      217 0.000113  -0.016065
      581 0.000112  -0.015902
      882 0.000111   0.015828
      423 0.000111  -0.015806
      295 0.000111  -0.015748
      198 0.000111   0.015746
      107 0.000111  -0.015737
      281 0.000111   0.015734
      552 0.000111  -0.015716
      829 0.000110   0.015674
      392 0.000110   0.015627
      431 0.000109  -0.015510
      268 0.000109  -0.015480
      553 0.000108  -0.015309
      355 0.000107   0.015171
      795 0.000104   0.014831
      801 0.000104  -0.014805
      261 0.000104  -0.014758
      799 0.000103  -0.014638
      762 0.000103   0.014625
      367 0.000103   0.014565
      684 0.000102  -0.014476
      308 0.000102  -0.014456
      763 0.000101  -0.014317
       91 0.000101  -0.014292
      292 0.000100  -0.014178
      239 0.000098   0.013975
      266 0.000098  -0.013933
      742 0.000096  -0.013606
      832 0.000094   0.013296
      844 0.000093  -0.013172
      594 0.000093  -0.013161
      773 0.000093   0.013160
      616 0.000092  -0.013083
      561 0.000090   0.012844
       71 0.000090   0.012830
      386 0.000089   0.012671
      263 0.000089  -0.012622
     1095 0.000088  -0.012570
      584 0.000088  -0.012562
      645 0.000088   0.012545
      611 0.000088  -0.012445
      297 0.000087  -0.012373
      302 0.000087  -0.012369
      734 0.000087  -0.012337
      654 0.000085   0.012071
      291 0.000084   0.011958
      160 0.000084  -0.011956
      249 0.000083  -0.011837
      632 0.000082   0.011645
      770 0.000081   0.011535
      600 0.000081  -0.011511
      343 0.000080  -0.011395
      955 0.000080   0.011388
      569 0.000080   0.011383
      394 0.000078   0.011149
      843 0.000078  -0.011086
      638 0.000077  -0.010981
      428 0.000076   0.010792
      803 0.000076   0.010755
      863 0.000076  -0.010730
      588 0.000076   0.010729
      701 0.000074  -0.010575
      610 0.000074  -0.010477
      560 0.000074  -0.010470
      776 0.000073  -0.010441
      805 0.000073  -0.010411
      414 0.000073   0.010349
      744 0.000073  -0.010324
      748 0.000071  -0.010151
      325 0.000071  -0.010092
      879 0.000071  -0.010091
      142 0.000071  -0.010075
      891 0.000071  -0.010065
      169 0.000071  -0.010041
     1005 0.000069   0.009835
      374 0.000069   0.009829
       86 0.000069  -0.009766
      937 0.000067  -0.009469
       66 0.000066  -0.009425
      723 0.000066  -0.009366
      636 0.000066  -0.009337
      128 0.000066  -0.009335
      782 0.000066  -0.009314
      545 0.000065  -0.009299
      913 0.000065  -0.009244
      978 0.000065   0.009165
      589 0.000064  -0.009132
       74 0.000064  -0.009098
      789 0.000064   0.009064
      591 0.000064   0.009057
      922 0.000063  -0.008965
       87 0.000063  -0.008949
      765 0.000063   0.008923
      572 0.000062  -0.008822
      802 0.000062   0.008815
      603 0.000061  -0.008734
      826 0.000061  -0.008673
      152 0.000061  -0.008673
      245 0.000060  -0.008499
      144 0.000060  -0.008488
      154 0.000060   0.008482
      831 0.000059   0.008375
      425 0.000059   0.008371
      722 0.000059  -0.008341
      728 0.000057  -0.008123
      313 0.000056  -0.007985
      649 0.000056  -0.007977
       73 0.000056  -0.007975
      778 0.000056  -0.007964
      105 0.000056   0.007921
      390 0.000055   0.007843
      539 0.000055   0.007789
      948 0.000055   0.007748
       67 0.000054  -0.007695
      164 0.000053   0.007496
       93 0.000053  -0.007480
       64 0.000052  -0.007411
      156 0.000052   0.007381
      275 0.000052  -0.007338
      274 0.000051   0.007278
      272 0.000051  -0.007275
      650 0.000051  -0.007250
      130 0.000051  -0.007198
      821 0.000051  -0.007187
      597 0.000050  -0.007171
      864 0.000050   0.007154
      125 0.000050  -0.007076
      397 0.000050  -0.007072
       65 0.000050   0.007052
      870 0.000049  -0.007015
      867 0.000049   0.006981
      680 0.000049   0.006977
       89 0.000049  -0.006971
      155 0.000049   0.006921
      407 0.000048  -0.006794
      542 0.000048   0.006765
      289 0.000048   0.006757
      904 0.000048   0.006755
      331 0.000048   0.006752
      609 0.000047   0.006731
      150 0.000047   0.006702
      590 0.000047  -0.006701
      874 0.000047  -0.006691
      201 0.000047   0.006683
       81 0.000047  -0.006655
      110 0.000047   0.006646
      894 0.000047  -0.006640
       53 0.000046   0.006602
      528 0.000046   0.006591
      895 0.000046   0.006550
       75 0.000046  -0.006473
      103 0.000045   0.006414
      943 0.000045   0.006330
      540 0.000044  -0.006284
      131 0.000044   0.006231
      413 0.000044   0.006202
       55 0.000043   0.006172
      123 0.000043   0.006113
      858 0.000043  -0.006112
       95 0.000043  -0.006086
      224 0.000043  -0.006046
      987 0.000043   0.006041
      112 0.000041  -0.005837
       57 0.000041   0.005793
      780 0.000041  -0.005778
      409 0.000040  -0.005754
      141 0.000040   0.005743
      329 0.000040  -0.005655
      287 0.000040   0.005651
      330 0.000040   0.005649
      213 0.000039   0.005598
       83 0.000039   0.005595
      965 0.000039  -0.005542
      928 0.000039  -0.005536
      165 0.000039   0.005509
      880 0.000038   0.005457
      337 0.000038  -0.005411
      319 0.000038   0.005375
      364 0.000037   0.005327
      288 0.000037  -0.005310
      448 0.000037   0.005291
      559 0.000037  -0.005269
      535 0.000037   0.005259
      333 0.000037  -0.005251
      823 0.000037   0.005227
      592 0.000037  -0.005198
      206 0.000037  -0.005189
     1001 0.000036  -0.005121
      320 0.000036   0.005115
      334 0.000036   0.005076
       98 0.000036  -0.005054
      347 0.000035  -0.005006
      348 0.000035  -0.005002
      185 0.000035   0.004950
      993 0.000035   0.004934
      108 0.000035   0.004928
       88 0.000035  -0.004920
      881 0.000035  -0.004908
      322 0.000034  -0.004893
      310 0.000034  -0.004888
      351 0.000034  -0.004859
      792 0.000034   0.004811
      158 0.000033  -0.004756
      109 0.000033   0.004746
      324 0.000033  -0.004735
      396 0.000033   0.004688
      942 0.000033   0.004688
       25 0.000033  -0.004663
     1025 0.000033   0.004651
      491 0.000033   0.004621
       27 0.000032   0.004601
      613 0.000032   0.004577
      360 0.000032  -0.004565
      518 0.000032   0.004550
      860 0.000032  -0.004528
      637 0.000032   0.004526
      159 0.000032  -0.004486
      395 0.000031  -0.004460
       59 0.000031   0.004455
      681 0.000031  -0.004449
      332 0.000031  -0.004433
       80 0.000031   0.004424
      933 0.000031   0.004392
      530 0.000031   0.004382
      114 0.000030   0.004329
      488 0.000030   0.004302
      104 0.000030   0.004290
      410 0.000030  -0.004273
      178 0.000030   0.004261
      532 0.000030   0.004246
      359 0.000030  -0.004244
      884 0.000030  -0.004204
       52 0.000029  -0.004181
       56 0.000029  -0.004177
     1032 0.000029   0.004156
      282 0.000029  -0.004126
       77 0.000029   0.004124
      644 0.000029  -0.004119
      328 0.000029  -0.004083
        9 0.000029   0.004076
      475 0.000029  -0.004050
      145 0.000028  -0.004043
      162 0.000028   0.004041
      556 0.000028   0.004038
      326 0.000028  -0.004016
      195 0.000028  -0.003996
       72 0.000028   0.003993
      900 0.000028  -0.003967
      950 0.000028  -0.003965
      309 0.000028  -0.003935
      177 0.000027  -0.003904
       22 0.000027   0.003890
      368 0.000027  -0.003884
       10 0.000027   0.003882
      100 0.000027   0.003827
      432 0.000027   0.003809
      677 0.000027   0.003777
      188 0.000026  -0.003727
      524 0.000026  -0.003708
      284 0.000026   0.003668
      180 0.000026  -0.003665
      712 0.000026   0.003628
     1017 0.000026   0.003627
      129 0.000025   0.003597
      445 0.000025  -0.003537
      252 0.000025  -0.003532
      192 0.000025   0.003508
      669 0.000025   0.003482
      769 0.000024  -0.003460
      405 0.000024   0.003438
      424 0.000024  -0.003385
      286 0.000024   0.003375
      317 0.000024  -0.003372
      342 0.000024   0.003358
      214 0.000024   0.003354
      608 0.000024   0.003351
       29 0.000023  -0.003312
      232 0.000023  -0.003292
      627 0.000023   0.003255
      376 0.000022  -0.003196
      379 0.000022  -0.003185
      724 0.000022   0.003172
      260 0.000022   0.003170
      705 0.000022  -0.003159
      406 0.000022  -0.003159
      215 0.000022  -0.003155
      917 0.000022   0.003141
      314 0.000022   0.003114
      102 0.000021  -0.003054
      598 0.000021  -0.003046
      646 0.000021   0.003030
      115 0.000021   0.003020
      779 0.000021   0.003008
       20 0.000021  -0.002983
       82 0.000021   0.002983
      519 0.000021   0.002963
      633 0.000021  -0.002930
      502 0.000021   0.002922
      200 0.000021  -0.002916
       79 0.000021  -0.002915
      695 0.000020  -0.002906
      648 0.000020  -0.002881
      555 0.000020  -0.002880
      714 0.000020  -0.002867
      479 0.000020   0.002852
     1034 0.000020  -0.002832
      336 0.000020  -0.002827
      139 0.000020  -0.002823
      323 0.000020  -0.002798
      837 0.000020  -0.002775
      223 0.000019   0.002741
       94 0.000019  -0.002732
      883 0.000019   0.002727
      352 0.000019  -0.002713
      694 0.000019   0.002663
       13 0.000019   0.002656
       96 0.000019  -0.002651
      133 0.000019  -0.002650
       14 0.000019  -0.002641
      426 0.000019   0.002638
      455 0.000019  -0.002629
      565 0.000018   0.002627
      550 0.000018   0.002600
      849 0.000018   0.002596
      270 0.000018   0.002593
      151 0.000018  -0.002592
      814 0.000018   0.002587
      842 0.000018  -0.002582
      489 0.000018   0.002580
      868 0.000018  -0.002564
     1052 0.000018   0.002544
      526 0.000018   0.002517
       62 0.000018   0.002515
      370 0.000018   0.002515
      167 0.000018   0.002510
      290 0.000018   0.002505
       76 0.000018   0.002497
       92 0.000018   0.002493
      512 0.000018  -0.002489
      463 0.000017  -0.002465
      538 0.000017   0.002463
      420 0.000017   0.002462
      536 0.000017  -0.002458
      458 0.000017   0.002456
      838 0.000017   0.002447
       97 0.000017   0.002445
      197 0.000017   0.002439
      554 0.000017   0.002430
      279 0.000017  -0.002425
       61 0.000017  -0.002407
      402 0.000017  -0.002404
       58 0.000017   0.002400
      935 0.000017  -0.002394
      514 0.000017   0.002377
      170 0.000017   0.002376
      357 0.000017   0.002373
      647 0.000017   0.002372
      966 0.000016   0.002336
      856 0.000016   0.002315
      437 0.000016   0.002314
      452 0.000016  -0.002294
      293 0.000016   0.002283
      375 0.000016  -0.002265
      625 0.000016  -0.002264
      250 0.000016   0.002247
      551 0.000016   0.002245
      676 0.000016   0.002223
      505 0.000016   0.002212
       41 0.000016  -0.002209
      227 0.000015  -0.002199
      371 0.000015   0.002186
       28 0.000015  -0.002180
       38 0.000015   0.002173
      181 0.000015  -0.002171
      751 0.000015   0.002151
      231 0.000015  -0.002147
       23 0.000015  -0.002146
      729 0.000015   0.002146
      927 0.000015  -0.002138
      852 0.000015  -0.002110
      685 0.000015  -0.002087
       31 0.000015   0.002084
      794 0.000015   0.002068
      358 0.000015   0.002066
      264 0.000015   0.002063
       90 0.000014  -0.002041
      903 0.000014  -0.002039
      671 0.000014   0.002032
      335 0.000014  -0.002031
      816 0.000014   0.002027
      964 0.000014   0.002025
       30 0.000014   0.002019
      675 0.000014  -0.002017
      111 0.000014   0.002016
      732 0.000014   0.002016
      315 0.000014   0.002015
      365 0.000014   0.002014
       24 0.000014   0.001995
      126 0.000014  -0.001965
      934 0.000014  -0.001961
       18 0.000014  -0.001940
      804 0.000014  -0.001934
      163 0.000014   0.001932
      149 0.000013  -0.001902
      196 0.000013  -0.001884
       99 0.000013  -0.001881
      988 0.000013  -0.001859
      372 0.000013   0.001856
      830 0.000013   0.001855
      902 0.000013  -0.001848
      450 0.000013  -0.001843
      346 0.000013   0.001837
      907 0.000013   0.001835
      921 0.000013  -0.001833
       60 0.000013   0.001823
      216 0.000013  -0.001820
       84 0.000013   0.001782
       54 0.000012   0.001775
      483 0.000012  -0.001773
      106 0.000012  -0.001760
      796 0.000012   0.001756
      345 0.000012  -0.001742
      746 0.000012  -0.001741
      938 0.000012   0.001735
      136 0.000012  -0.001729
      321 0.000012   0.001725
     1047 0.000012   0.001716
      350 0.000012  -0.001713
      259 0.000012  -0.001710
       43 0.000012   0.001710
       26 0.000012   0.001707
      634 0.000012  -0.001684
       63 0.000012   0.001676
      363 0.000012   0.001673
      619 0.000012   0.001672
      276 0.000012  -0.001671
      949 0.000012   0.001660
      971 0.000012  -0.001636
      242 0.000011  -0.001616
      304 0.000011   0.001606
      225 0.000011  -0.001605
      327 0.000011  -0.001589
      344 0.000011   0.001567
      118 0.000011  -0.001555
      387 0.000011  -0.001551
      278 0.000011  -0.001545
      543 0.000011  -0.001542
      653 0.000011  -0.001527
      558 0.000011   0.001527
      547 0.000011   0.001512
      116 0.000011   0.001505
      473 0.000011  -0.001501
      534 0.000011  -0.001500
      378 0.000011   0.001498
      747 0.000011  -0.001495
     1010 0.000010   0.001483
       21 0.000010  -0.001482
      841 0.000010  -0.001478
      393 0.000010  -0.001477
      120 0.000010  -0.001474
      957 0.000010   0.001470
       50 0.000010   0.001467
      461 0.000010   0.001466
      462 0.000010   0.001459
      226 0.000010  -0.001441
      285 0.000010   0.001439
      781 0.000010  -0.001427
euclid. distance of OLC and linear combination of EV * x_coef: 0.012241758740566901

Generate samples based on objective loadcase 833
nr_to_generate: 25

Parameter variation distribution settings
distribution: uniform
low: 0.7
high: 1.3

Total process runtime: 0:00:01.401097
