Date and Time:2023-05-12 14:20:59.424415

Initial Settings:
similarity_model: <function cosine_similarity at 0x000001D005A6E5E0>
similarity_threshold: 1e-05
nr_eigv_to_select: None
distribution: uniform
deviation: 0.3
nr_to_generate: 25
recompute: False

Selected eigenvectors and similarity score w.r.t objective loadcase:
objective_loadcase_nr: 685
similarity_model: cosine_similarity
similarity_threshold: 1e-05
nr_eigv_to_select: None
nr_eigv_selected: 483
approximation parameter model: lstsq
similarity score and approx. param. value
:  eigv_idx    score      value
        1 0.561071  82.464977
        3 0.528809  77.723076
        2 0.487055 -71.586149
        0 0.405404  59.585323
        6 0.059817   8.791738
       39 0.014807   2.176299
        4 0.009796   1.439753
      639 0.003770   0.554164
       68 0.003581  -0.526326
      186 0.002355  -0.346163
      612 0.002086  -0.306562
      593 0.002003  -0.294358
      586 0.001820   0.267484
      716 0.001692   0.248651
      618 0.001602   0.235483
      187 0.001536  -0.225713
      663 0.001523  -0.223824
      710 0.001514  -0.222586
      668 0.001446   0.212597
      218 0.001423  -0.209160
      182 0.001261  -0.185276
      595 0.001142   0.167903
      659 0.001086  -0.159588
      194 0.001084   0.159321
      143 0.001081   0.158854
       71 0.001053  -0.154806
      617 0.000977   0.143649
      686 0.000936  -0.137561
      184 0.000904  -0.132911
      388 0.000879  -0.129195
      700 0.000840   0.123467
       69 0.000840  -0.123416
      688 0.000818  -0.120264
      599 0.000797   0.117182
      626 0.000794   0.116644
      635 0.000781   0.114836
      683 0.000769   0.113081
      562 0.000765  -0.112471
      579 0.000758   0.111467
      582 0.000737  -0.108299
      670 0.000722   0.106057
      578 0.000704   0.103527
      183 0.000700   0.102926
      749 0.000671  -0.098554
      698 0.000643  -0.094511
      733 0.000629   0.092424
      621 0.000626  -0.091947
      228 0.000621  -0.091333
      666 0.000596  -0.087612
       70 0.000594   0.087347
      253 0.000538  -0.079055
      341 0.000533   0.078393
      602 0.000503  -0.073990
      718 0.000497  -0.073112
      179 0.000495   0.072707
      708 0.000476   0.070032
      174 0.000473   0.069478
      153 0.000470   0.069046
      735 0.000465  -0.068355
      699 0.000448  -0.065857
      137 0.000444  -0.065271
      171 0.000431  -0.063397
      567 0.000430  -0.063176
      704 0.000420  -0.061761
      641 0.000419  -0.061590
      606 0.000414  -0.060853
      583 0.000400  -0.058851
      577 0.000392  -0.057594
      709 0.000387  -0.056861
      210 0.000382  -0.056197
      362 0.000379  -0.055758
      575 0.000379   0.055647
      220 0.000372  -0.054683
      620 0.000370  -0.054402
      604 0.000339  -0.049805
      204 0.000338   0.049746
      756 0.000326  -0.047842
      631 0.000323  -0.047429
      757 0.000319  -0.046853
      601 0.000316   0.046449
      243 0.000311   0.045642
      848 0.000308  -0.045315
      403 0.000307   0.045054
      267 0.000306  -0.044941
      576 0.000305  -0.044855
      419 0.000303  -0.044558
      628 0.000302   0.044372
      807 0.000294   0.043259
      199 0.000287  -0.042226
      412 0.000287  -0.042134
      254 0.000286   0.042101
      707 0.000279  -0.040993
      383 0.000277   0.040748
      573 0.000268   0.039337
      400 0.000261  -0.038318
      132 0.000260   0.038256
      587 0.000260   0.038148
      570 0.000247  -0.036315
      741 0.000247   0.036298
      271 0.000247   0.036281
      815 0.000247  -0.036245
      787 0.000247   0.036234
      759 0.000244   0.035860
      377 0.000237  -0.034768
      161 0.000234   0.034398
      148 0.000231   0.033884
      258 0.000230  -0.033738
      658 0.000228   0.033472
      739 0.000227  -0.033412
      277 0.000225   0.033128
      580 0.000222  -0.032609
      853 0.000217  -0.031862
      356 0.000211  -0.031063
      665 0.000207  -0.030395
      236 0.000206   0.030318
      564 0.000205  -0.030078
      753 0.000204  -0.029930
      941 0.000202  -0.029638
      640 0.000195  -0.028640
      234 0.000189   0.027818
      175 0.000189  -0.027768
      557 0.000183  -0.026879
      585 0.000180  -0.026502
      255 0.000180  -0.026478
      687 0.000180   0.026449
      828 0.000179  -0.026308
      696 0.000178  -0.026090
       91 0.000174  -0.025643
      800 0.000173  -0.025464
      667 0.000172   0.025295
      750 0.000172   0.025284
      301 0.000172  -0.025264
      427 0.000170  -0.025037
      798 0.000166   0.024346
      217 0.000165  -0.024183
      257 0.000164  -0.024062
      380 0.000163   0.023926
      138 0.000162   0.023824
      711 0.000161   0.023661
      566 0.000159   0.023421
      820 0.000158  -0.023222
      369 0.000158   0.023168
      574 0.000154  -0.022611
      857 0.000150  -0.022092
      743 0.000150  -0.021982
      273 0.000149  -0.021955
      690 0.000149   0.021950
      847 0.000149   0.021869
      784 0.000148  -0.021809
      247 0.000148   0.021788
      222 0.000147  -0.021580
      353 0.000146  -0.021415
      790 0.000145   0.021357
      398 0.000145  -0.021267
      193 0.000144  -0.021092
      549 0.000141  -0.020710
      209 0.000139  -0.020446
      241 0.000137   0.020204
      299 0.000136   0.019949
      740 0.000135  -0.019829
      249 0.000134  -0.019675
      629 0.000132  -0.019421
      436 0.000132   0.019380
      605 0.000131  -0.019252
      793 0.000130  -0.019090
      107 0.000130  -0.019075
      908 0.000130  -0.019051
      294 0.000129  -0.019009
      354 0.000129   0.018974
      295 0.000129  -0.018890
      697 0.000128   0.018791
      361 0.000127   0.018658
      974 0.000127   0.018641
      581 0.000126  -0.018591
      645 0.000126   0.018463
      762 0.000123   0.018124
      763 0.000121  -0.017794
      808 0.000121   0.017785
      373 0.000121  -0.017711
      235 0.000120  -0.017650
      855 0.000119  -0.017558
      423 0.000118  -0.017345
      859 0.000118   0.017278
      281 0.000117   0.017261
      552 0.000116  -0.017041
      269 0.000116  -0.017035
      818 0.000116  -0.017010
      431 0.000115  -0.016938
      262 0.000115  -0.016926
      882 0.000115   0.016919
      736 0.000113  -0.016643
      801 0.000113  -0.016616
      600 0.000113  -0.016612
      308 0.000112  -0.016502
      832 0.000111   0.016376
      726 0.000111  -0.016257
      553 0.000110  -0.016159
      367 0.000108   0.015917
      638 0.000107  -0.015797
      840 0.000107  -0.015756
      266 0.000107  -0.015727
      684 0.000107  -0.015725
      596 0.000106  -0.015633
      394 0.000106   0.015575
      795 0.000104   0.015347
      803 0.000103   0.015192
      261 0.000102  -0.014945
      392 0.000101   0.014851
      355 0.000100   0.014751
      844 0.000100  -0.014689
      799 0.000099  -0.014497
      584 0.000096  -0.014176
      386 0.000096   0.014077
      594 0.000095  -0.013891
      611 0.000094  -0.013884
     1095 0.000094  -0.013862
      632 0.000093   0.013712
      343 0.000093  -0.013648
      302 0.000092  -0.013541
      291 0.000092   0.013500
      292 0.000092  -0.013472
      742 0.000091  -0.013337
      561 0.000091   0.013310
      829 0.000090   0.013227
      824 0.000088   0.012939
      597 0.000087  -0.012753
      955 0.000086   0.012710
      802 0.000086   0.012654
      312 0.000086  -0.012647
      268 0.000085  -0.012475
      734 0.000083  -0.012267
      374 0.000083   0.012250
      723 0.000083  -0.012230
      776 0.000082  -0.012064
      572 0.000082  -0.012034
      863 0.000082  -0.012004
      569 0.000082   0.012000
      428 0.000081   0.011955
      701 0.000081  -0.011923
      313 0.000080  -0.011831
      251 0.000080  -0.011797
      748 0.000080  -0.011778
      805 0.000079  -0.011685
      414 0.000077   0.011389
      364 0.000074   0.010883
     1005 0.000074   0.010869
      560 0.000074  -0.010835
      744 0.000072  -0.010649
      879 0.000072  -0.010598
      891 0.000072  -0.010525
      826 0.000071  -0.010460
      263 0.000071  -0.010442
      913 0.000071  -0.010424
      275 0.000070  -0.010322
      922 0.000069  -0.010102
      591 0.000068   0.010041
      322 0.000068  -0.010023
      654 0.000068   0.010013
      937 0.000068  -0.009972
      545 0.000067  -0.009913
      978 0.000067   0.009894
      843 0.000067  -0.009848
      728 0.000067  -0.009783
      778 0.000065  -0.009491
      722 0.000064  -0.009374
      359 0.000063  -0.009243
      425 0.000061   0.009015
      780 0.000061  -0.008960
      539 0.000061   0.008944
      603 0.000061  -0.008897
      616 0.000059  -0.008653
      390 0.000059   0.008642
      782 0.000057  -0.008425
      588 0.000056   0.008241
      831 0.000056   0.008184
      297 0.000055  -0.008136
      773 0.000055   0.008135
      407 0.000055  -0.008120
      413 0.000055   0.008101
      198 0.000055   0.008085
      867 0.000055   0.008075
      789 0.000055   0.008058
      858 0.000054  -0.007909
      770 0.000053   0.007757
      895 0.000053   0.007736
      289 0.000052   0.007653
      542 0.000051   0.007568
      226 0.000051  -0.007550
      821 0.000051  -0.007472
      614 0.000050   0.007412
      528 0.000050   0.007337
      765 0.000050   0.007327
      870 0.000050  -0.007282
      169 0.000049  -0.007256
      225 0.000049  -0.007177
      540 0.000048  -0.007004
      948 0.000047   0.006920
      325 0.000047  -0.006896
      245 0.000046  -0.006747
      987 0.000046   0.006713
      874 0.000046  -0.006694
      589 0.000045  -0.006655
      590 0.000045  -0.006550
      409 0.000044  -0.006451
      928 0.000043  -0.006355
      397 0.000043  -0.006334
      636 0.000042  -0.006234
      224 0.000042  -0.006205
      357 0.000042   0.006202
      627 0.000042   0.006105
      279 0.000041  -0.006064
      350 0.000041  -0.006050
      864 0.000041   0.005967
      448 0.000040   0.005923
      216 0.000040  -0.005866
      904 0.000040   0.005835
      965 0.000039  -0.005782
      239 0.000039   0.005763
     1001 0.000039  -0.005760
      298 0.000039  -0.005747
      535 0.000039   0.005734
      227 0.000038  -0.005653
      881 0.000038  -0.005642
      993 0.000037   0.005496
      333 0.000037  -0.005453
      677 0.000037   0.005368
      894 0.000036  -0.005250
      360 0.000036  -0.005235
      206 0.000035   0.005198
      214 0.000035   0.005146
     1025 0.000035   0.005108
      518 0.000034   0.005046
      310 0.000034  -0.005046
      933 0.000034   0.004999
      491 0.000034   0.004991
      319 0.000034   0.004986
      530 0.000033   0.004918
      334 0.000033   0.004863
      410 0.000033  -0.004816
      488 0.000032   0.004772
      950 0.000032  -0.004760
      610 0.000032  -0.004736
      232 0.000032  -0.004677
      650 0.000032  -0.004630
      860 0.000031  -0.004621
      532 0.000031   0.004616
      215 0.000031  -0.004527
      329 0.000031  -0.004525
     1032 0.000031   0.004488
      880 0.000030   0.004479
      337 0.000030  -0.004473
      250 0.000030   0.004467
      475 0.000030  -0.004442
      286 0.000030   0.004413
      792 0.000030   0.004410
      213 0.000030   0.004369
      942 0.000029   0.004313
      347 0.000029  -0.004296
      432 0.000029   0.004279
      900 0.000029  -0.004212
      680 0.000029   0.004192
     1017 0.000028   0.004163
      524 0.000028  -0.004113
      335 0.000028  -0.004099
      402 0.000028  -0.004092
      823 0.000027   0.003936
      769 0.000027  -0.003917
      223 0.000027   0.003907
      445 0.000026  -0.003873
      643 0.000026  -0.003868
      814 0.000025   0.003736
      943 0.000025   0.003734
      424 0.000025  -0.003720
      838 0.000025   0.003709
      328 0.000025  -0.003692
      320 0.000025   0.003669
      323 0.000025  -0.003665
      592 0.000025  -0.003659
      406 0.000025  -0.003643
      917 0.000024   0.003559
      252 0.000024  -0.003501
      884 0.000024  -0.003464
      842 0.000023  -0.003432
      285 0.000023  -0.003391
      332 0.000023  -0.003315
      519 0.000023   0.003311
      649 0.000022  -0.003272
      502 0.000022   0.003216
     1034 0.000022  -0.003197
      538 0.000022   0.003184
      868 0.000022  -0.003164
      221 0.000021   0.003157
      714 0.000021  -0.003060
      324 0.000021  -0.003057
      272 0.000021  -0.003056
      662 0.000021  -0.003020
      938 0.000020   0.003002
      479 0.000020   0.003000
      536 0.000020  -0.002995
      455 0.000020  -0.002985
      240 0.000020   0.002952
      852 0.000020  -0.002922
      775 0.000020  -0.002922
      685 0.000020  -0.002918
      420 0.000020   0.002902
      489 0.000019   0.002854
     1052 0.000019   0.002846
      512 0.000019  -0.002840
      201 0.000019   0.002817
      248 0.000019  -0.002800
      463 0.000018  -0.002707
      229 0.000018   0.002695
      274 0.000018   0.002686
      526 0.000018   0.002685
      458 0.000018   0.002682
      505 0.000018   0.002663
      363 0.000018   0.002650
      131 0.000018  -0.002629
       88 0.000018   0.002621
      514 0.000017   0.002556
      437 0.000017   0.002529
      949 0.000017   0.002513
      351 0.000017  -0.002433
      837 0.000016  -0.002421
      346 0.000016   0.002412
      452 0.000016  -0.002386
      382 0.000016   0.002382
      883 0.000016   0.002360
      732 0.000016   0.002305
      694 0.000015   0.002246
      681 0.000015  -0.002170
      856 0.000015   0.002169
      903 0.000015  -0.002159
      619 0.000015   0.002147
      779 0.000014   0.002120
      483 0.000014  -0.002104
      242 0.000014   0.002094
      188 0.000014  -0.002093
      348 0.000014  -0.002090
      543 0.000014  -0.002080
      164 0.000014   0.002055
      450 0.000014  -0.002049
      804 0.000014  -0.002037
      399 0.000014  -0.002016
      237 0.000014  -0.002006
      608 0.000014  -0.002004
      907 0.000014   0.002000
      816 0.000013   0.001981
     1047 0.000013   0.001886
      568 0.000013  -0.001883
      368 0.000013  -0.001874
      966 0.000013   0.001873
      534 0.000013  -0.001870
      309 0.000013  -0.001840
      729 0.000012   0.001823
       93 0.000012   0.001812
      705 0.000012  -0.001802
      796 0.000012   0.001763
      342 0.000012   0.001743
      315 0.000012   0.001733
      462 0.000012   0.001729
      634 0.000012  -0.001720
      165 0.000012   0.001697
      473 0.000011  -0.001681
      104 0.000011   0.001680
      927 0.000011  -0.001673
      849 0.000011   0.001648
      114 0.000011   0.001637
      365 0.000011   0.001627
      270 0.000011   0.001616
      724 0.000011   0.001610
      609 0.000011   0.001606
      487 0.000011  -0.001598
       43 0.000011   0.001587
      331 0.000011   0.001570
      755 0.000011  -0.001553
      964 0.000010   0.001534
      349 0.000010   0.001517
      647 0.000010   0.001516
      934 0.000010  -0.001511
      669 0.000010   0.001507
      317 0.000010  -0.001507
      461 0.000010   0.001499
euclid. distance of OLC and linear combination of EV * x_coef: 0.013496048943298687

Generate samples based on objective loadcase 685
nr_to_generate: 25

Parameter variation distribution settings
distribution: uniform
low: 0.7
high: 1.3

Total process runtime: 0:00:01.337794
