Date and Time:2023-05-12 14:18:21.663770

Initial Settings:
similarity_model: <function cosine_similarity at 0x000001D005A6E5E0>
similarity_threshold: 1e-05
nr_eigv_to_select: None
distribution: uniform
deviation: 0.3
nr_to_generate: 25
recompute: False

Selected eigenvectors and similarity score w.r.t objective loadcase:
objective_loadcase_nr: 567
similarity_model: cosine_similarity
similarity_threshold: 1e-05
nr_eigv_to_select: None
nr_eigv_selected: 678
approximation parameter model: lstsq
similarity score and approx. param. value
:  eigv_idx    score      value
        1 0.559784  49.707109
        3 0.537533  47.731246
        2 0.481429 -42.749452
        0 0.403471  35.827020
        6 0.052591   4.669942
       39 0.013120   1.165028
        4 0.009933   0.881976
       68 0.005080  -0.451080
      639 0.003396   0.301537
      186 0.002115  -0.187846
       71 0.002046  -0.181695
      612 0.001899  -0.168631
      593 0.001774  -0.157499
       69 0.001687  -0.149828
      586 0.001596   0.141710
      618 0.001552   0.137857
      716 0.001499   0.133093
      710 0.001485  -0.131888
      187 0.001475  -0.130961
      218 0.001449  -0.128698
      663 0.001384  -0.122880
      668 0.001363   0.121051
      182 0.001198  -0.106393
      143 0.001100   0.097680
      595 0.001006   0.089364
      659 0.000990  -0.087868
      194 0.000979   0.086960
      184 0.000973  -0.086379
      749 0.000971  -0.086222
      617 0.000966   0.085775
      686 0.000860  -0.076322
       70 0.000853   0.075703
      688 0.000798  -0.070864
      388 0.000769  -0.068267
      579 0.000767   0.068109
      683 0.000752   0.066818
      700 0.000747   0.066372
      635 0.000736   0.065390
      183 0.000713   0.063349
      599 0.000710   0.063022
      562 0.000689  -0.061212
      626 0.000645   0.057244
      582 0.000633  -0.056233
      578 0.000630   0.055972
      735 0.000597  -0.052985
      670 0.000577   0.051203
      666 0.000545  -0.048397
      621 0.000542  -0.048096
      137 0.000517  -0.045875
      179 0.000516   0.045809
      733 0.000513   0.045529
      698 0.000507  -0.045058
      171 0.000501  -0.044468
      708 0.000490   0.043543
      602 0.000484  -0.042939
      228 0.000476  -0.042257
      341 0.000473   0.041980
      153 0.000444   0.039440
      253 0.000439  -0.039007
      362 0.000398  -0.035350
      220 0.000397  -0.035218
      756 0.000394  -0.034943
      641 0.000391  -0.034751
      243 0.000386   0.034292
      210 0.000382  -0.033882
      709 0.000377  -0.033472
      174 0.000376   0.033359
      583 0.000373  -0.033081
      741 0.000368   0.032647
      757 0.000361  -0.032075
      567 0.000351  -0.031211
      576 0.000350  -0.031074
      631 0.000340  -0.030208
      718 0.000327  -0.029074
      699 0.000327  -0.029066
      606 0.000326  -0.028905
      628 0.000325   0.028846
      853 0.000318  -0.028261
      254 0.000318   0.028225
      577 0.000304  -0.027001
      575 0.000301   0.026711
      132 0.000291   0.025874
      604 0.000290  -0.025760
      787 0.000284   0.025239
      739 0.000280  -0.024841
      419 0.000275  -0.024428
      620 0.000273  -0.024252
      277 0.000271   0.024060
      400 0.000269  -0.023885
      267 0.000267  -0.023746
      807 0.000267   0.023707
      750 0.000266   0.023581
      412 0.000265  -0.023547
      258 0.000260  -0.023128
      848 0.000260  -0.023082
      573 0.000253   0.022507
      148 0.000248   0.021981
      403 0.000246   0.021814
       91 0.000243  -0.021581
      361 0.000234   0.020747
      587 0.000228   0.020236
      601 0.000227   0.020183
      161 0.000225   0.019999
      658 0.000224   0.019858
      138 0.000217   0.019267
      549 0.000217  -0.019252
      271 0.000216   0.019178
      640 0.000213  -0.018926
      377 0.000211  -0.018758
      815 0.000204  -0.018130
      249 0.000202  -0.017944
      355 0.000199   0.017663
      204 0.000197   0.017513
      234 0.000194   0.017208
      236 0.000193   0.017163
      367 0.000191   0.016935
      580 0.000190  -0.016899
      759 0.000190   0.016895
      383 0.000186   0.016473
      570 0.000183  -0.016259
      941 0.000180  -0.015947
      857 0.000178  -0.015805
      687 0.000176   0.015623
      753 0.000172  -0.015269
      308 0.000171  -0.015202
      564 0.000169  -0.015032
      704 0.000169  -0.015000
      373 0.000169  -0.014963
      255 0.000168  -0.014934
      262 0.000167  -0.014859
      198 0.000166   0.014752
      427 0.000164  -0.014564
      798 0.000164   0.014532
      828 0.000163  -0.014517
      295 0.000163  -0.014477
      800 0.000158  -0.014023
      199 0.000156  -0.013873
      665 0.000156  -0.013830
      743 0.000155  -0.013740
      711 0.000155   0.013738
      566 0.000154   0.013644
      107 0.000153  -0.013575
      818 0.000151  -0.013419
      820 0.000150  -0.013343
      398 0.000150  -0.013342
      301 0.000149  -0.013213
      380 0.000147   0.013063
      847 0.000147   0.013052
      790 0.000146   0.012986
      257 0.000143  -0.012668
      581 0.000141  -0.012554
      175 0.000140  -0.012454
      726 0.000139  -0.012376
      557 0.000137  -0.012122
      353 0.000136  -0.012098
      269 0.000134  -0.011881
      436 0.000134   0.011878
      690 0.000133   0.011802
      364 0.000131  -0.011605
      684 0.000130  -0.011547
      859 0.000130   0.011506
      824 0.000129   0.011417
      855 0.000128  -0.011399
      392 0.000128   0.011398
      793 0.000128  -0.011351
      222 0.000126  -0.011166
      390 0.000126   0.011146
      261 0.000125  -0.011113
      241 0.000124   0.011037
      247 0.000122   0.010821
      281 0.000121   0.010745
      801 0.000120  -0.010688
      574 0.000118  -0.010520
      784 0.000118  -0.010520
      273 0.000118  -0.010497
      707 0.000118  -0.010477
      908 0.000118  -0.010470
      808 0.000117   0.010363
      294 0.000116  -0.010343
      770 0.000116   0.010300
      829 0.000114   0.010111
      299 0.000114   0.010105
      585 0.000112  -0.009966
      431 0.000112  -0.009935
      605 0.000111  -0.009897
      843 0.000111  -0.009880
      974 0.000110   0.009802
      667 0.000110   0.009745
      882 0.000110   0.009730
      297 0.000109  -0.009706
      723 0.000109  -0.009697
      561 0.000109   0.009653
      423 0.000108  -0.009621
      840 0.000108  -0.009574
      762 0.000107   0.009493
      402 0.000105   0.009289
      320 0.000104  -0.009273
      335 0.000104   0.009254
      235 0.000103  -0.009135
      572 0.000102  -0.009088
      594 0.000100  -0.008904
      266 0.000100  -0.008891
      264 0.000100   0.008874
      318 0.000100   0.008868
      275 0.000100  -0.008867
      406 0.000099   0.008782
      734 0.000099  -0.008782
      359 0.000098   0.008700
      773 0.000096   0.008527
      614 0.000096   0.008482
      645 0.000095   0.008477
      349 0.000095  -0.008439
      312 0.000095  -0.008402
      795 0.000095   0.008400
      407 0.000093  -0.008240
      740 0.000092  -0.008175
      302 0.000092  -0.008165
      799 0.000091  -0.008036
      611 0.000090  -0.008028
      276 0.000090  -0.008001
      386 0.000090   0.007963
      397 0.000089  -0.007903
      629 0.000089  -0.007876
      805 0.000088  -0.007801
      315 0.000088   0.007782
      600 0.000086  -0.007596
      217 0.000085  -0.007566
      728 0.000085  -0.007565
      230 0.000085  -0.007516
      292 0.000084  -0.007492
      763 0.000084  -0.007447
     1095 0.000084  -0.007427
      428 0.000083   0.007407
      319 0.000083   0.007350
      360 0.000082   0.007271
      296 0.000082   0.007267
      955 0.000080   0.007123
      414 0.000079   0.007046
      193 0.000079  -0.007027
      589 0.000079  -0.006993
      223 0.000079   0.006991
      778 0.000078  -0.006934
      347 0.000077   0.006830
      357 0.000077  -0.006824
      382 0.000076  -0.006762
      343 0.000076  -0.006747
      803 0.000076   0.006741
      697 0.000076   0.006734
      268 0.000076  -0.006716
      213 0.000076  -0.006716
      545 0.000075  -0.006689
      744 0.000075  -0.006673
      742 0.000075  -0.006669
      782 0.000075  -0.006629
       88 0.000075   0.006618
      638 0.000072  -0.006430
      214 0.000072  -0.006353
      323 0.000072  -0.006350
      350 0.000071   0.006339
      584 0.000071  -0.006329
      333 0.000070   0.006214
      425 0.000070   0.006181
      844 0.000069  -0.006143
      597 0.000069  -0.006142
       93 0.000069   0.006140
      879 0.000069  -0.006132
      864 0.000069   0.006116
      937 0.000068  -0.006066
      802 0.000066   0.005903
      826 0.000066  -0.005883
      354 0.000066   0.005865
      891 0.000066  -0.005858
      259 0.000066   0.005854
     1005 0.000066   0.005852
      736 0.000065  -0.005810
      913 0.000064  -0.005686
      287 0.000063   0.005622
      553 0.000063  -0.005567
      701 0.000062  -0.005526
      830 0.000062   0.005515
      978 0.000062   0.005499
      832 0.000061   0.005438
      272 0.000061  -0.005423
      922 0.000061  -0.005412
      863 0.000060  -0.005369
      823 0.000060   0.005364
      169 0.000060  -0.005320
      765 0.000060   0.005320
      654 0.000059   0.005282
      596 0.000059  -0.005225
      216 0.000058   0.005187
      322 0.000057  -0.005036
      366 0.000056   0.004988
      274 0.000056   0.004978
      632 0.000056   0.004978
      374 0.000056   0.004930
      552 0.000055  -0.004920
      539 0.000055   0.004883
      342 0.000054   0.004811
      348 0.000054   0.004806
      351 0.000054   0.004791
      608 0.000054  -0.004783
      245 0.000053  -0.004750
      748 0.000053  -0.004738
      409 0.000053  -0.004737
      650 0.000052  -0.004642
      789 0.000052   0.004625
      215 0.000052   0.004604
      943 0.000051   0.004531
      677 0.000051   0.004516
      226 0.000050   0.004473
      895 0.000050   0.004422
      948 0.000049   0.004360
      330 0.000049   0.004346
      894 0.000049  -0.004313
      233 0.000048  -0.004294
      625 0.000048  -0.004294
      206 0.000048  -0.004292
      131 0.000048  -0.004270
      904 0.000048   0.004250
      251 0.000048  -0.004248
      399 0.000047   0.004193
      288 0.000047  -0.004173
      136 0.000047  -0.004167
      540 0.000047  -0.004149
      155 0.000046   0.004120
      209 0.000046  -0.004060
      880 0.000045   0.004006
      694 0.000045  -0.004003
      870 0.000045  -0.003987
      528 0.000044   0.003940
      662 0.000044  -0.003932
      542 0.000044   0.003914
      874 0.000044  -0.003911
       66 0.000044  -0.003863
      221 0.000043  -0.003846
      225 0.000043   0.003833
      337 0.000043  -0.003832
      338 0.000042   0.003773
      239 0.000042   0.003735
      313 0.000042  -0.003732
      884 0.000042  -0.003728
      839 0.000042  -0.003719
      613 0.000042  -0.003692
      134 0.000042   0.003686
      158 0.000041   0.003684
      310 0.000041  -0.003638
      101 0.000041  -0.003631
      385 0.000041   0.003616
      103 0.000041  -0.003605
      776 0.000040  -0.003579
      987 0.000040   0.003568
      263 0.000040  -0.003557
      609 0.000040  -0.003526
      831 0.000040   0.003520
      838 0.000040   0.003510
      139 0.000039  -0.003498
      780 0.000039  -0.003497
      448 0.000039   0.003491
      603 0.000039  -0.003465
       99 0.000039  -0.003463
      321 0.000039  -0.003433
      592 0.000039  -0.003428
      821 0.000039  -0.003424
      649 0.000039  -0.003424
      867 0.000038   0.003417
      248 0.000038   0.003400
       10 0.000038   0.003388
        9 0.000038   0.003379
      159 0.000038   0.003366
      928 0.000038  -0.003361
      713 0.000038   0.003352
       64 0.000038  -0.003333
      636 0.000037  -0.003308
      881 0.000037  -0.003305
      317 0.000037   0.003305
      837 0.000037   0.003293
      610 0.000037   0.003290
      164 0.000037  -0.003246
      555 0.000036   0.003231
      860 0.000036  -0.003231
      965 0.000036  -0.003224
       94 0.000036  -0.003191
      675 0.000036   0.003184
      242 0.000036  -0.003167
     1001 0.000036  -0.003165
      395 0.000035  -0.003120
      191 0.000035  -0.003108
      154 0.000035   0.003102
      105 0.000035  -0.003102
      332 0.000035  -0.003097
      165 0.000035  -0.003091
      326 0.000035  -0.003085
      128 0.000035   0.003077
      445 0.000035  -0.003067
      369 0.000034   0.003057
      569 0.000034   0.003014
       60 0.000034  -0.003004
      993 0.000034   0.003002
      950 0.000034  -0.003000
      727 0.000034  -0.002992
      289 0.000034   0.002990
      535 0.000033   0.002974
      110 0.000033  -0.002960
       65 0.000033   0.002942
      344 0.000033  -0.002935
      518 0.000033   0.002888
      933 0.000032   0.002865
      530 0.000032   0.002854
      345 0.000032   0.002841
       74 0.000032  -0.002840
      120 0.000032  -0.002836
      227 0.000032   0.002817
      108 0.000032  -0.002813
       67 0.000032  -0.002799
      119 0.000031  -0.002784
      942 0.000031   0.002780
      560 0.000031  -0.002770
     1025 0.000031   0.002768
      327 0.000031   0.002741
      375 0.000031   0.002741
      144 0.000031  -0.002724
      556 0.000031   0.002717
      712 0.000030  -0.002704
      293 0.000030  -0.002693
      279 0.000030   0.002667
      693 0.000030  -0.002659
       95 0.000030  -0.002650
      142 0.000030  -0.002649
      192 0.000030   0.002634
      336 0.000029  -0.002605
      722 0.000029  -0.002597
      852 0.000029   0.002580
      491 0.000029   0.002552
      432 0.000029   0.002542
      238 0.000028  -0.002528
      681 0.000028   0.002528
      449 0.000028  -0.002519
      591 0.000028   0.002511
      410 0.000028  -0.002509
      424 0.000028  -0.002483
      339 0.000028   0.002475
      252 0.000028  -0.002471
      696 0.000028  -0.002457
      646 0.000028   0.002451
      724 0.000027  -0.002417
     1032 0.000027   0.002414
      563 0.000027  -0.002414
      314 0.000027   0.002395
      150 0.000027   0.002384
      792 0.000026   0.002346
      554 0.000026  -0.002346
       61 0.000026  -0.002328
      964 0.000026   0.002296
      178 0.000026   0.002280
       73 0.000026  -0.002273
      229 0.000025  -0.002261
      623 0.000025  -0.002236
      196 0.000025  -0.002227
      616 0.000025   0.002218
      532 0.000025   0.002204
     1017 0.000025   0.002203
      488 0.000025   0.002202
      340 0.000025  -0.002199
      112 0.000025   0.002198
      244 0.000025   0.002195
       96 0.000025   0.002187
      695 0.000025   0.002180
      197 0.000024   0.002174
      126 0.000024   0.002140
      900 0.000024  -0.002133
       59 0.000024  -0.002122
       46 0.000024  -0.002116
      130 0.000024   0.002115
      121 0.000024  -0.002111
      858 0.000024  -0.002108
      475 0.000024  -0.002100
       63 0.000024   0.002099
      358 0.000024  -0.002093
       47 0.000023   0.002074
      151 0.000023  -0.002068
      505 0.000023   0.002058
      664 0.000023  -0.002049
      502 0.000023   0.002039
       87 0.000023  -0.002026
      286 0.000023   0.002012
      524 0.000022  -0.001996
       75 0.000022  -0.001990
       52 0.000022  -0.001989
      260 0.000022  -0.001977
      705 0.000022   0.001963
      935 0.000022  -0.001954
      190 0.000022  -0.001953
      224 0.000022  -0.001935
      181 0.000022   0.001931
      519 0.000022   0.001928
      571 0.000022  -0.001915
       79 0.000021  -0.001907
      195 0.000021  -0.001905
      538 0.000021   0.001905
      938 0.000021   0.001899
       50 0.000021   0.001896
      160 0.000021   0.001890
      129 0.000021  -0.001888
      237 0.000021  -0.001864
      558 0.000021  -0.001864
      396 0.000021   0.001861
       82 0.000021   0.001849
      814 0.000021   0.001838
      642 0.000021  -0.001825
      270 0.000020   0.001808
      779 0.000020   0.001804
      162 0.000020  -0.001796
      284 0.000020   0.001782
      157 0.000020  -0.001777
      455 0.000020  -0.001775
      489 0.000020   0.001762
      565 0.000020  -0.001758
      673 0.000020   0.001758
      917 0.000020   0.001749
       84 0.000020   0.001732
      966 0.000019   0.001730
      875 0.000019   0.001729
       56 0.000019  -0.001728
       40 0.000019  -0.001714
       58 0.000019   0.001712
      769 0.000019  -0.001711
      378 0.000019  -0.001704
     1034 0.000019  -0.001700
      988 0.000019  -0.001700
      368 0.000019   0.001691
       77 0.000019   0.001689
      849 0.000019  -0.001682
      887 0.000019  -0.001681
      376 0.000019   0.001676
       54 0.000019   0.001668
      971 0.000019  -0.001664
      671 0.000019   0.001655
      141 0.000019   0.001649
       90 0.000018  -0.001641
       42 0.000018  -0.001636
      714 0.000018  -0.001624
      106 0.000018   0.001609
      291 0.000018   0.001600
      835 0.000018  -0.001598
      437 0.000018   0.001594
      876 0.000018   0.001585
      590 0.000018  -0.001582
      334 0.000018   0.001569
     1052 0.000018   0.001557
      177 0.000017  -0.001548
       43 0.000017  -0.001548
      384 0.000017  -0.001544
      152 0.000017  -0.001541
       36 0.000017   0.001527
      127 0.000017  -0.001517
      755 0.000017  -0.001514
       83 0.000017   0.001502
      118 0.000017   0.001486
      691 0.000017  -0.001486
       33 0.000017  -0.001474
      536 0.000017  -0.001473
      644 0.000017  -0.001469
      550 0.000017   0.001468
      921 0.000016  -0.001465
      619 0.000016   0.001461
      856 0.000016   0.001448
      458 0.000016   0.001446
      201 0.000016   0.001444
      104 0.000016  -0.001435
      463 0.000016  -0.001423
      125 0.000016   0.001422
      149 0.000016  -0.001420
      381 0.000016   0.001417
      927 0.000016  -0.001405
      512 0.000016  -0.001403
      405 0.000016  -0.001401
       41 0.000016   0.001386
      232 0.000016  -0.001382
       35 0.000016   0.001381
      413 0.000015   0.001374
      114 0.000015  -0.001371
       34 0.000015   0.001332
       62 0.000015   0.001331
      526 0.000015   0.001305
       92 0.000015   0.001304
      109 0.000015  -0.001301
       85 0.000015   0.001299
      637 0.000015   0.001296
      450 0.000015  -0.001295
      551 0.000015   0.001293
     1096 0.000014   0.001282
       37 0.000014   0.001265
      202 0.000014   0.001263
      133 0.000014   0.001263
       48 0.000014  -0.001257
      462 0.000014   0.001251
      135 0.000014   0.001250
      534 0.000014  -0.001246
      902 0.000014  -0.001239
      329 0.000014  -0.001230
      791 0.000014   0.001227
       44 0.000014   0.001224
      285 0.000014   0.001218
      283 0.000014   0.001217
       38 0.000014  -0.001214
      478 0.000014   0.001206
      888 0.000014  -0.001205
      934 0.000014  -0.001202
       86 0.000014  -0.001199
      514 0.000013   0.001192
      883 0.000013   0.001178
      352 0.000013   0.001173
      365 0.000013  -0.001172
      957 0.000013   0.001171
       31 0.000013   0.001162
      200 0.000013  -0.001158
       49 0.000013  -0.001156
      265 0.000013  -0.001153
      752 0.000013   0.001152
      811 0.000013   0.001149
      420 0.000013   0.001146
      163 0.000013  -0.001141
      188 0.000013  -0.001139
      810 0.000013   0.001139
       19 0.000013   0.001137
       78 0.000013   0.001124
       21 0.000013   0.001117
      479 0.000013   0.001112
      328 0.000013   0.001111
      510 0.000012  -0.001108
      648 0.000012  -0.001095
       72 0.000012   0.001093
      685 0.000012  -0.001090
      764 0.000012   0.001085
       53 0.000012   0.001083
      483 0.000012  -0.001079
      655 0.000012  -0.001070
      208 0.000012   0.001067
      123 0.000012  -0.001056
       11 0.000012   0.001052
      166 0.000012  -0.001049
      117 0.000012   0.001038
      729 0.000012  -0.001037
      949 0.000012   0.001037
      983 0.000012   0.001035
      634 0.000012  -0.001029
      994 0.000012  -0.001025
       29 0.000012  -0.001023
      146 0.000011   0.001018
      307 0.000011   0.001009
      598 0.000011   0.001007
      219 0.000011   0.001004
      418 0.000011  -0.001003
     1047 0.000011   0.000996
       17 0.000011  -0.000995
      656 0.000011   0.000993
      356 0.000011  -0.000979
      841 0.000011   0.000972
      172 0.000011  -0.000972
        5 0.000011   0.000970
       12 0.000011  -0.000958
      426 0.000011   0.000947
      732 0.000011   0.000945
      682 0.000011  -0.000944
      140 0.000011   0.000944
      661 0.000011   0.000939
      977 0.000010   0.000921
      868 0.000010  -0.000919
      959 0.000010   0.000917
      434 0.000010  -0.000917
      760 0.000010   0.000916
      473 0.000010  -0.000915
      903 0.000010  -0.000907
      899 0.000010  -0.000907
      548 0.000010   0.000907
      767 0.000010   0.000904
      547 0.000010   0.000903
euclid. distance of OLC and linear combination of EV * x_coef: 0.007466781038960183

Generate samples based on objective loadcase 567
nr_to_generate: 25

Parameter variation distribution settings
distribution: uniform
low: 0.7
high: 1.3

Total process runtime: 0:00:01.422959
