Date and Time:2023-05-12 14:07:17.754347

Initial Settings:
similarity_model: <function cosine_similarity at 0x000001D005A6E5E0>
similarity_threshold: 1e-05
nr_eigv_to_select: None
distribution: uniform
deviation: 0.3
nr_to_generate: 25
recompute: False

Selected eigenvectors and similarity score w.r.t objective loadcase:
objective_loadcase_nr: 67
similarity_model: cosine_similarity
similarity_threshold: 1e-05
nr_eigv_to_select: None
nr_eigv_selected: 471
approximation parameter model: lstsq
similarity score and approx. param. value
:  eigv_idx    score      value
        1 0.559924  74.656038
        3 0.528455  70.460224
        2 0.489587 -65.277824
        0 0.404241  53.898466
        6 0.060744   8.099198
       39 0.014636   1.951504
        4 0.009860   1.314663
       68 0.004864  -0.648468
      639 0.003944   0.525799
      186 0.002583  -0.344436
      612 0.002139  -0.285150
       71 0.002062  -0.274976
      593 0.002048  -0.273049
      586 0.001855   0.247363
      187 0.001711  -0.228180
       69 0.001697  -0.226279
      618 0.001682   0.224257
      716 0.001677   0.223550
      663 0.001618  -0.215719
      218 0.001499  -0.199815
      710 0.001494  -0.199159
      668 0.001482   0.197580
      194 0.001199   0.159865
      595 0.001158   0.154436
      659 0.001121  -0.149447
      617 0.001008   0.134431
      182 0.000994  -0.132507
      686 0.000911  -0.121499
      388 0.000890  -0.118629
      700 0.000883   0.117775
      599 0.000834   0.111188
      635 0.000813   0.108381
      626 0.000805   0.107354
      579 0.000803   0.107025
       70 0.000800   0.106725
      688 0.000792  -0.105581
      683 0.000787   0.104992
      562 0.000777  -0.103537
      670 0.000764   0.101929
      582 0.000762  -0.101628
      183 0.000742   0.098995
      184 0.000706  -0.094068
      578 0.000691   0.092075
      698 0.000677  -0.090270
      143 0.000665   0.088722
      733 0.000657   0.087626
      621 0.000648  -0.086368
      666 0.000598  -0.079700
      749 0.000595  -0.079334
      228 0.000588  -0.078458
      718 0.000571  -0.076130
      253 0.000571  -0.076128
      602 0.000554  -0.073887
      341 0.000546   0.072767
      704 0.000512  -0.068302
      708 0.000475   0.063395
      174 0.000466   0.062085
      699 0.000465  -0.062009
      153 0.000464   0.061854
      210 0.000457  -0.060918
      641 0.000445  -0.059335
      735 0.000435  -0.058048
      567 0.000429  -0.057264
      179 0.000412   0.054901
      606 0.000404  -0.053818
      362 0.000400  -0.053355
      575 0.000400   0.053281
      583 0.000395  -0.052653
      577 0.000385  -0.051332
      171 0.000385  -0.051305
      620 0.000380  -0.050676
      709 0.000377  -0.050283
      631 0.000358  -0.047785
      220 0.000350  -0.046727
      604 0.000344  -0.045804
      707 0.000330  -0.043940
      628 0.000327   0.043556
      576 0.000322  -0.042977
      267 0.000320  -0.042618
      848 0.000315  -0.041978
      419 0.000307  -0.040978
      756 0.000298  -0.039793
      601 0.000295   0.039345
      403 0.000293   0.039111
      412 0.000293  -0.039092
      757 0.000292  -0.038880
      243 0.000286   0.038191
      204 0.000286   0.038067
      807 0.000281   0.037532
      400 0.000275  -0.036681
      587 0.000271   0.036076
      137 0.000260  -0.034651
      573 0.000258   0.034447
      254 0.000258   0.034409
      271 0.000258   0.034376
      815 0.000252  -0.033560
      787 0.000249   0.033138
      258 0.000243  -0.032357
      199 0.000242  -0.032218
      580 0.000238  -0.031710
      377 0.000238  -0.031690
      236 0.000237   0.031595
      658 0.000233   0.031089
      383 0.000231   0.030746
      640 0.000231  -0.030733
      759 0.000227   0.030220
      753 0.000217  -0.028924
      132 0.000215   0.028617
      570 0.000214  -0.028572
      941 0.000210  -0.028005
      277 0.000209   0.027840
      665 0.000208  -0.027740
      234 0.000207   0.027610
      853 0.000206  -0.027453
      564 0.000204  -0.027263
      361 0.000204   0.027183
      148 0.000201   0.026788
      696 0.000200  -0.026685
      161 0.000197   0.026322
       91 0.000191  -0.025496
      687 0.000188   0.025107
      741 0.000188   0.025105
      566 0.000185   0.024726
      175 0.000183  -0.024413
      257 0.000181  -0.024194
      557 0.000175  -0.023351
      739 0.000174  -0.023218
      427 0.000174  -0.023195
      301 0.000172  -0.022966
      828 0.000172  -0.022961
      667 0.000171   0.022761
      800 0.000167  -0.022290
      380 0.000166   0.022158
      574 0.000166  -0.022131
      355 0.000164   0.021917
      373 0.000163  -0.021762
      798 0.000162   0.021627
      398 0.000162  -0.021616
      217 0.000161  -0.021482
      711 0.000161   0.021475
      549 0.000160  -0.021367
      273 0.000159  -0.021236
      138 0.000159   0.021197
      367 0.000159   0.021166
      820 0.000158  -0.021075
      255 0.000156  -0.020831
      857 0.000155  -0.020698
      247 0.000153   0.020429
      295 0.000150  -0.020007
      790 0.000149   0.019909
      690 0.000149   0.019872
      750 0.000148   0.019729
      353 0.000144  -0.019168
      784 0.000143  -0.019080
      743 0.000143  -0.019051
      847 0.000142   0.018905
      436 0.000141   0.018775
      645 0.000139   0.018482
      908 0.000138  -0.018339
      249 0.000137  -0.018333
      299 0.000135   0.017948
      581 0.000133  -0.017752
      266 0.000132  -0.017635
      107 0.000131  -0.017498
      241 0.000131   0.017442
      974 0.000129   0.017207
      762 0.000129   0.017195
      629 0.000128  -0.017021
      261 0.000127  -0.016905
      859 0.000127   0.016890
      697 0.000126   0.016765
      808 0.000123   0.016367
      281 0.000122   0.016280
      684 0.000122  -0.016262
      552 0.000122  -0.016246
      262 0.000121  -0.016164
      294 0.000121  -0.016107
      423 0.000119  -0.015923
      793 0.000119  -0.015910
      292 0.000119  -0.015818
      585 0.000117  -0.015634
      431 0.000117  -0.015612
      726 0.000117  -0.015558
      740 0.000116  -0.015439
      801 0.000115  -0.015301
      605 0.000114  -0.015234
      855 0.000114  -0.015219
      390 0.000114   0.015217
      392 0.000113   0.015122
      736 0.000112  -0.014948
      600 0.000112  -0.014885
      638 0.000111  -0.014856
      818 0.000111  -0.014787
      840 0.000110  -0.014702
      882 0.000110   0.014676
      803 0.000109   0.014537
      354 0.000109   0.014533
      308 0.000108  -0.014395
      572 0.000108  -0.014380
      594 0.000107  -0.014329
      763 0.000107  -0.014319
      584 0.000105  -0.014052
      795 0.000105   0.014042
      356 0.000104  -0.013927
      312 0.000104  -0.013814
      235 0.000103  -0.013723
      844 0.000103  -0.013667
      386 0.000102   0.013537
      805 0.000098  -0.013075
      269 0.000098  -0.013056
      275 0.000098  -0.013032
      611 0.000098  -0.013021
      553 0.000097  -0.012980
      597 0.000097  -0.012932
      302 0.000097  -0.012885
      829 0.000096   0.012858
      369 0.000096   0.012797
      723 0.000096  -0.012764
      799 0.000096  -0.012744
     1095 0.000095  -0.012653
      198 0.000095   0.012627
      802 0.000094   0.012473
      222 0.000093  -0.012431
      742 0.000090  -0.011949
      561 0.000088   0.011763
      428 0.000087   0.011536
      955 0.000086   0.011483
      701 0.000086  -0.011427
      824 0.000085   0.011382
      291 0.000085   0.011378
      832 0.000085   0.011324
      263 0.000085  -0.011267
      734 0.000084  -0.011170
      728 0.000082  -0.010984
      569 0.000082   0.010909
      414 0.000082   0.010898
      826 0.000078  -0.010406
      632 0.000077   0.010222
      560 0.000076  -0.010129
      343 0.000076  -0.010074
     1005 0.000075   0.010047
      374 0.000075   0.010041
      913 0.000075  -0.009967
      313 0.000075  -0.009962
      407 0.000073  -0.009739
      776 0.000073  -0.009726
      922 0.000071  -0.009530
      545 0.000071  -0.009497
      744 0.000071  -0.009472
      937 0.000071  -0.009401
      748 0.000070  -0.009317
      778 0.000070  -0.009270
      978 0.000069   0.009222
      863 0.000069  -0.009193
      879 0.000069  -0.009177
      789 0.000068   0.009091
      268 0.000068  -0.009086
      251 0.000068  -0.009026
      603 0.000066  -0.008805
      654 0.000066   0.008778
      425 0.000065   0.008708
      394 0.000065   0.008606
      539 0.000064   0.008524
      322 0.000063  -0.008445
      780 0.000063  -0.008444
      891 0.000063  -0.008380
      843 0.000062  -0.008223
      193 0.000061  -0.008141
      722 0.000061  -0.008108
      895 0.000061   0.008103
      397 0.000061  -0.008098
      245 0.000060  -0.008025
      591 0.000058   0.007762
      297 0.000058  -0.007732
      209 0.000056  -0.007528
      858 0.000055  -0.007365
      232 0.000053  -0.007038
      131 0.000052  -0.006968
      364 0.000052  -0.006951
      596 0.000052  -0.006932
      542 0.000052   0.006895
      528 0.000051   0.006803
      870 0.000050  -0.006679
      409 0.000050  -0.006605
      224 0.000050  -0.006602
      540 0.000049  -0.006556
      765 0.000049   0.006549
      864 0.000049   0.006471
      831 0.000048   0.006435
      413 0.000048   0.006426
      782 0.000048  -0.006422
      614 0.000048   0.006390
      867 0.000047   0.006330
      821 0.000046  -0.006183
      589 0.000046  -0.006178
      987 0.000046   0.006163
      616 0.000046  -0.006077
      677 0.000045   0.005981
      928 0.000045  -0.005974
      948 0.000044   0.005897
      448 0.000043   0.005748
      881 0.000043  -0.005679
      773 0.000042   0.005666
      298 0.000042  -0.005622
      323 0.000041  -0.005521
      226 0.000041   0.005507
      319 0.000041   0.005506
      279 0.000041  -0.005496
      223 0.000041   0.005493
      342 0.000040   0.005283
      535 0.000040   0.005273
      225 0.000039   0.005226
      770 0.000039   0.005199
      874 0.000039  -0.005162
      349 0.000039  -0.005139
      860 0.000038  -0.005129
      329 0.000038  -0.005071
     1001 0.000038  -0.005063
       93 0.000038   0.005062
      325 0.000038  -0.005048
      643 0.000038  -0.005047
      823 0.000038   0.005041
      993 0.000037   0.004902
      950 0.000037  -0.004884
      610 0.000036  -0.004843
      592 0.000036  -0.004840
      366 0.000036   0.004814
      965 0.000036  -0.004790
      359 0.000036   0.004775
      933 0.000036   0.004743
      530 0.000035   0.004708
      169 0.000035  -0.004700
      518 0.000035   0.004691
      337 0.000035  -0.004673
      310 0.000035  -0.004639
      830 0.000035   0.004620
     1025 0.000035   0.004603
      491 0.000034   0.004477
      410 0.000033  -0.004419
      252 0.000033  -0.004414
       88 0.000032   0.004324
      488 0.000032   0.004230
      814 0.000031   0.004172
      432 0.000031   0.004155
     1032 0.000031   0.004090
      532 0.000031   0.004082
      357 0.000030  -0.004037
      838 0.000030   0.003998
      334 0.000030   0.003983
      475 0.000030  -0.003959
      880 0.000030   0.003957
      769 0.000029  -0.003921
     1017 0.000029   0.003893
      636 0.000029  -0.003851
      884 0.000029  -0.003842
      662 0.000029  -0.003833
      264 0.000028   0.003770
      445 0.000028  -0.003725
      524 0.000028  -0.003709
      627 0.000028   0.003681
      900 0.000027  -0.003634
      842 0.000027  -0.003617
      942 0.000027   0.003589
      904 0.000027   0.003573
      424 0.000027  -0.003564
      382 0.000026  -0.003451
      608 0.000026  -0.003410
      240 0.000025  -0.003333
      360 0.000025   0.003319
      239 0.000025   0.003314
      650 0.000025  -0.003296
      894 0.000025  -0.003290
      779 0.000025   0.003288
      289 0.000025   0.003285
      538 0.000025   0.003282
      917 0.000024   0.003231
      519 0.000024   0.003157
      502 0.000024   0.003154
      792 0.000023   0.003123
      250 0.000023   0.003020
      536 0.000023  -0.003001
     1034 0.000022  -0.002969
      590 0.000022  -0.002899
      333 0.000021  -0.002844
      455 0.000021  -0.002826
      685 0.000021  -0.002806
      350 0.000021   0.002802
      237 0.000021   0.002796
      505 0.000021   0.002786
      489 0.000021   0.002780
      949 0.000021   0.002777
      714 0.000021  -0.002741
      332 0.000021  -0.002740
      852 0.000020  -0.002724
      420 0.000020   0.002684
      512 0.000020  -0.002636
      285 0.000020  -0.002621
      938 0.000020   0.002609
     1052 0.000019   0.002586
      727 0.000019  -0.002580
      680 0.000019   0.002578
      458 0.000019   0.002522
      463 0.000018  -0.002431
      479 0.000018   0.002430
      943 0.000018   0.002367
      526 0.000018   0.002354
      437 0.000017   0.002327
      839 0.000017  -0.002308
      227 0.000017   0.002279
      713 0.000017   0.002262
      384 0.000017  -0.002243
      609 0.000017   0.002232
      625 0.000017  -0.002231
      514 0.000016   0.002186
      619 0.000016   0.002169
      568 0.000016   0.002135
      188 0.000016  -0.002096
      452 0.000016  -0.002094
      675 0.000016   0.002077
      534 0.000015  -0.002062
      732 0.000015   0.002005
      483 0.000015  -0.002004
      206 0.000015   0.001982
      856 0.000015   0.001944
      791 0.000014   0.001932
      317 0.000014  -0.001897
      450 0.000014  -0.001895
      907 0.000014   0.001894
      283 0.000014  -0.001891
      318 0.000014   0.001865
      868 0.000014  -0.001852
      543 0.000014  -0.001832
      244 0.000014   0.001829
      309 0.000014   0.001826
      324 0.000014  -0.001809
      775 0.000014  -0.001804
      351 0.000013   0.001758
      462 0.000013   0.001752
      816 0.000013   0.001744
     1047 0.000013   0.001730
      331 0.000013   0.001721
      655 0.000013  -0.001718
      290 0.000013   0.001710
      242 0.000013  -0.001695
      669 0.000012   0.001656
      287 0.000012  -0.001650
      288 0.000012   0.001630
      379 0.000012  -0.001626
      634 0.000012  -0.001595
      259 0.000012   0.001586
      178 0.000012   0.001562
       66 0.000012  -0.001544
      315 0.000011   0.001519
      556 0.000011   0.001506
      473 0.000011  -0.001504
      376 0.000011  -0.001472
      347 0.000011   0.001467
      304 0.000011  -0.001463
      984 0.000011   0.001443
      434 0.000011   0.001428
      510 0.000011  -0.001419
      903 0.000011  -0.001411
      964 0.000010   0.001390
      314 0.000010  -0.001387
      487 0.000010  -0.001384
      330 0.000010   0.001370
     1010 0.000010   0.001361
      229 0.000010  -0.001355
      321 0.000010  -0.001352
      649 0.000010  -0.001339
      233 0.000010  -0.001337
euclid. distance of OLC and linear combination of EV * x_coef: 0.01303808078944448

Generate samples based on objective loadcase 67
nr_to_generate: 25

Parameter variation distribution settings
distribution: uniform
low: 0.7
high: 1.3

Total process runtime: 0:00:01.274424
