Date and Time:2023-05-12 14:18:37.994988

Initial Settings:
similarity_model: <function cosine_similarity at 0x000001D005A6E5E0>
similarity_threshold: 1e-05
nr_eigv_to_select: None
distribution: uniform
deviation: 0.3
nr_to_generate: 25
recompute: False

Selected eigenvectors and similarity score w.r.t objective loadcase:
objective_loadcase_nr: 579
similarity_model: cosine_similarity
similarity_threshold: 1e-05
nr_eigv_to_select: None
nr_eigv_selected: 546
approximation parameter model: lstsq
similarity score and approx. param. value
:  eigv_idx    score      value
        3 0.563177  50.466225
        1 0.537755  48.188186
        2 0.497808 -44.608553
        0 0.378957  33.958315
        6 0.039509   3.540357
       39 0.021786   1.952229
        4 0.011332   1.015484
      639 0.003267   0.292725
      186 0.002199  -0.197054
      593 0.001916  -0.171703
      612 0.001888  -0.169145
      218 0.001821  -0.163181
      586 0.001766   0.158278
      710 0.001613  -0.144530
      187 0.001489  -0.133442
      716 0.001407   0.126110
      143 0.001302   0.116644
      618 0.001248   0.111826
      668 0.001174   0.105230
      663 0.001162  -0.104120
      595 0.001116   0.099985
       68 0.001085  -0.097243
      194 0.000965   0.086497
      686 0.000935  -0.083825
      749 0.000911  -0.081657
      626 0.000872   0.078129
      659 0.000854  -0.076491
      388 0.000834  -0.074691
      688 0.000820  -0.073471
      617 0.000785   0.070315
      599 0.000766   0.068624
      582 0.000720  -0.064491
       71 0.000718   0.064318
       69 0.000703   0.063016
      183 0.000696   0.062402
      562 0.000696  -0.062354
      635 0.000672   0.060191
      670 0.000622   0.055752
      621 0.000611  -0.054795
      182 0.000595  -0.053325
      579 0.000591   0.052976
      578 0.000566   0.050734
      341 0.000542   0.048585
      733 0.000531   0.047545
      735 0.000526  -0.047171
      602 0.000521  -0.046713
      683 0.000511   0.045779
      700 0.000506   0.045319
      153 0.000501   0.044857
      708 0.000500   0.044836
      606 0.000497  -0.044539
      174 0.000489   0.043859
      698 0.000488  -0.043694
      253 0.000486  -0.043535
      666 0.000486  -0.043528
      567 0.000470  -0.042111
      184 0.000460  -0.041260
      228 0.000454  -0.040718
      718 0.000437  -0.039178
      704 0.000418  -0.037476
      137 0.000416  -0.037267
      709 0.000408  -0.036554
      577 0.000401  -0.035912
      267 0.000400  -0.035849
      575 0.000396   0.035450
      220 0.000393  -0.035247
      620 0.000385  -0.034518
      641 0.000381  -0.034144
      756 0.000362  -0.032470
      699 0.000331  -0.029677
      757 0.000331  -0.029667
      741 0.000329   0.029440
      243 0.000328   0.029363
      362 0.000322  -0.028842
      583 0.000314  -0.028100
      210 0.000297  -0.026639
      412 0.000296  -0.026543
      848 0.000295  -0.026416
      853 0.000294  -0.026337
      419 0.000291  -0.026086
      807 0.000290   0.026008
      258 0.000282  -0.025250
      753 0.000280  -0.025086
      707 0.000279  -0.025012
      696 0.000278  -0.024884
      587 0.000272   0.024390
      601 0.000271   0.024279
      631 0.000270  -0.024204
      739 0.000270  -0.024160
      576 0.000266  -0.023868
      403 0.000263   0.023570
      787 0.000250   0.022390
      361 0.000246   0.022069
      750 0.000244   0.021855
      179 0.000242   0.021677
      273 0.000239  -0.021448
      132 0.000238   0.021345
      383 0.000229   0.020476
      570 0.000225  -0.020176
      269 0.000223  -0.020007
      277 0.000223   0.019964
      793 0.000210  -0.018856
      400 0.000210  -0.018845
      377 0.000207  -0.018550
      628 0.000207   0.018536
      171 0.000206  -0.018437
      580 0.000201  -0.017968
      204 0.000200   0.017885
      726 0.000200  -0.017881
       70 0.000199   0.017794
      658 0.000198   0.017742
      299 0.000195   0.017467
      604 0.000190  -0.017047
      255 0.000189  -0.016971
      175 0.000188  -0.016849
      857 0.000187  -0.016786
      743 0.000186  -0.016665
      234 0.000185   0.016593
      373 0.000183  -0.016388
      301 0.000177  -0.015826
      800 0.000172  -0.015382
      427 0.000172  -0.015374
      564 0.000171  -0.015297
      355 0.000170   0.015197
      247 0.000166   0.014889
      818 0.000165  -0.014828
      236 0.000165   0.014743
      605 0.000164  -0.014719
      227 0.000164   0.014696
      251 0.000164  -0.014671
      828 0.000162  -0.014560
      941 0.000161  -0.014410
      549 0.000160  -0.014344
      574 0.000160  -0.014327
      815 0.000159  -0.014292
      312 0.000159  -0.014282
      392 0.000158   0.014142
      820 0.000154  -0.013781
      271 0.000152   0.013628
      855 0.000151  -0.013570
      573 0.000151   0.013555
      263 0.000150  -0.013449
      790 0.000150   0.013421
      711 0.000147   0.013178
      566 0.000146   0.013078
      367 0.000146   0.013048
      665 0.000145  -0.012999
      199 0.000142  -0.012751
      824 0.000141   0.012666
      784 0.000140  -0.012543
      859 0.000139   0.012455
      241 0.000138   0.012366
      557 0.000137  -0.012320
      294 0.000136  -0.012191
      667 0.000133   0.011957
      161 0.000133   0.011929
      398 0.000132  -0.011851
      795 0.000132   0.011843
      254 0.000132   0.011828
      687 0.000132   0.011794
      380 0.000131   0.011762
      847 0.000131   0.011703
      742 0.000130  -0.011693
      808 0.000129   0.011584
      230 0.000124  -0.011077
      591 0.000123   0.011027
      690 0.000121   0.010838
      770 0.000120   0.010716
      239 0.000119   0.010690
      829 0.000117   0.010457
      235 0.000115  -0.010340
      553 0.000114  -0.010219
      423 0.000113  -0.010148
      629 0.000113  -0.010122
      431 0.000112  -0.010042
      684 0.000111  -0.009963
      638 0.000111  -0.009914
      778 0.000110  -0.009829
      436 0.000108   0.009647
      908 0.000107  -0.009625
      645 0.000107   0.009614
      364 0.000105  -0.009395
      616 0.000102  -0.009145
      801 0.000101  -0.009053
      354 0.000099   0.008912
      799 0.000099  -0.008912
      736 0.000099  -0.008896
      974 0.000099   0.008873
      588 0.000098  -0.008800
      353 0.000098  -0.008742
      552 0.000096  -0.008641
      744 0.000096  -0.008576
      281 0.000096   0.008571
      734 0.000094  -0.008446
      217 0.000093  -0.008379
      697 0.000092   0.008268
      840 0.000092  -0.008238
      594 0.000092  -0.008215
      569 0.000091   0.008149
      292 0.000091  -0.008120
      198 0.000090   0.008085
      882 0.000090   0.008084
      257 0.000090  -0.008033
      337 0.000090  -0.008023
      390 0.000089   0.007955
      223 0.000089   0.007954
      107 0.000086  -0.007735
      773 0.000086   0.007704
      728 0.000086  -0.007672
      640 0.000086  -0.007663
      369 0.000085   0.007592
      723 0.000085  -0.007592
      232 0.000083  -0.007480
       88 0.000083  -0.007469
      844 0.000083  -0.007439
      611 0.000083  -0.007419
      763 0.000082   0.007355
      584 0.000081  -0.007283
      843 0.000080  -0.007141
      632 0.000079   0.007078
      291 0.000078   0.007033
      332 0.000077  -0.006915
      329 0.000076  -0.006809
      782 0.000076  -0.006798
      864 0.000076   0.006797
       93 0.000075  -0.006732
      290 0.000075   0.006728
      581 0.000075  -0.006726
      302 0.000075  -0.006693
      148 0.000074   0.006668
      701 0.000074  -0.006666
     1095 0.000074  -0.006640
      322 0.000073  -0.006547
      222 0.000073  -0.006532
      266 0.000072  -0.006438
      600 0.000071  -0.006371
      295 0.000070  -0.006245
      386 0.000069   0.006181
      407 0.000069  -0.006153
      943 0.000068   0.006132
      597 0.000068  -0.006076
      357 0.000068  -0.006063
      823 0.000068   0.006061
      428 0.000066   0.005955
      360 0.000066   0.005945
      937 0.000066  -0.005905
      978 0.000066   0.005904
      342 0.000066   0.005893
      226 0.000065   0.005843
      268 0.000064  -0.005760
      321 0.000064  -0.005757
      308 0.000063  -0.005663
      414 0.000063   0.005662
     1005 0.000063   0.005653
      948 0.000063   0.005613
      775 0.000063   0.005612
      560 0.000062  -0.005600
      826 0.000062  -0.005562
      104 0.000062   0.005547
      275 0.000062  -0.005530
      359 0.000062   0.005522
      955 0.000061   0.005501
      627 0.000061   0.005486
      225 0.000061   0.005467
      545 0.000060  -0.005385
      589 0.000060  -0.005353
      297 0.000060  -0.005332
      913 0.000059  -0.005280
      798 0.000059   0.005279
      325 0.000059  -0.005251
      832 0.000058   0.005224
       91 0.000058  -0.005215
      262 0.000058  -0.005200
      789 0.000058   0.005188
      650 0.000058  -0.005187
      870 0.000058  -0.005154
      805 0.000057  -0.005068
      880 0.000056   0.005042
      765 0.000056   0.004986
      425 0.000056   0.004974
      904 0.000055   0.004944
      722 0.000055  -0.004918
      539 0.000055   0.004906
      298 0.000055  -0.004898
      922 0.000055  -0.004894
      279 0.000055  -0.004894
      572 0.000054  -0.004866
      860 0.000054  -0.004861
      894 0.000054  -0.004860
      884 0.000054  -0.004829
      879 0.000054  -0.004819
      343 0.000054  -0.004797
      350 0.000053   0.004793
      740 0.000053  -0.004787
      654 0.000053   0.004725
      259 0.000053  -0.004707
      245 0.000052  -0.004695
      131 0.000052   0.004686
      397 0.000052  -0.004643
      874 0.000051  -0.004547
      349 0.000051  -0.004526
      803 0.000050   0.004498
      748 0.000050  -0.004481
      261 0.000050  -0.004460
      895 0.000049   0.004432
      313 0.000049  -0.004393
      561 0.000049   0.004386
      289 0.000048   0.004335
      821 0.000048  -0.004335
      528 0.000048   0.004292
      209 0.000048  -0.004286
      891 0.000048  -0.004280
      285 0.000048   0.004271
      366 0.000047   0.004242
      831 0.000047   0.004177
      288 0.000046  -0.004155
      240 0.000046  -0.004120
      260 0.000045   0.004041
      802 0.000045   0.004017
      374 0.000044   0.003974
      608 0.000043  -0.003855
      610 0.000043  -0.003834
      792 0.000043   0.003815
      535 0.000041   0.003712
      409 0.000041  -0.003692
      319 0.000041   0.003689
      614 0.000041   0.003657
      776 0.000041  -0.003655
      830 0.000041   0.003652
      318 0.000041  -0.003639
      224 0.000041  -0.003630
      287 0.000040   0.003591
      942 0.000040   0.003580
      769 0.000039   0.003492
      201 0.000039  -0.003474
      237 0.000039   0.003469
      950 0.000038  -0.003400
      382 0.000038  -0.003394
      293 0.000038   0.003362
      863 0.000037  -0.003348
      200 0.000037   0.003331
      334 0.000037   0.003330
      568 0.000037   0.003324
      264 0.000037  -0.003306
      221 0.000037  -0.003285
      646 0.000036   0.003263
      540 0.000036  -0.003234
      881 0.000036  -0.003200
      542 0.000035   0.003181
      677 0.000035   0.003177
      169 0.000034  -0.003053
      195 0.000034   0.003025
      518 0.000033   0.002991
      928 0.000033  -0.002965
      662 0.000033  -0.002932
      491 0.000033   0.002920
      448 0.000033   0.002916
      964 0.000032   0.002911
      138 0.000032  -0.002907
      987 0.000032   0.002878
      596 0.000032   0.002859
      197 0.000032  -0.002837
      206 0.000031   0.002816
      216 0.000031   0.002806
      636 0.000031  -0.002759
      532 0.000031   0.002757
      384 0.000031  -0.002749
      585 0.000031  -0.002739
      310 0.000030  -0.002733
      488 0.000030   0.002681
      694 0.000029   0.002575
     1001 0.000029  -0.002555
      935 0.000028  -0.002550
      933 0.000028   0.002535
      649 0.000028  -0.002522
      410 0.000028  -0.002522
      265 0.000028   0.002488
      282 0.000028  -0.002482
      330 0.000027   0.002455
      957 0.000027   0.002450
      685 0.000027  -0.002438
      988 0.000027  -0.002422
      356 0.000027  -0.002418
      358 0.000027  -0.002394
      867 0.000027   0.002387
      387 0.000027   0.002379
      727 0.000026  -0.002344
      445 0.000026  -0.002341
      475 0.000026  -0.002339
      530 0.000026   0.002315
      842 0.000026  -0.002311
      524 0.000026  -0.002301
     1032 0.000026   0.002294
      811 0.000026   0.002289
      971 0.000026  -0.002286
      196 0.000025   0.002252
      320 0.000025   0.002251
      938 0.000025   0.002210
      858 0.000024  -0.002152
     1025 0.000024   0.002144
      248 0.000024   0.002141
      814 0.000024   0.002132
      250 0.000024  -0.002123
      276 0.000023   0.002094
      762 0.000023   0.002089
      993 0.000023   0.002053
      192 0.000023  -0.002049
     1096 0.000023   0.002044
      424 0.000023  -0.002038
      432 0.000023   0.002035
      598 0.000023   0.002033
       60 0.000022   0.001982
      215 0.000022   0.001977
      841 0.000022   0.001943
      315 0.000022   0.001941
      323 0.000022  -0.001931
      331 0.000021   0.001896
      229 0.000021  -0.001893
      326 0.000021  -0.001892
     1034 0.000021  -0.001891
      296 0.000021  -0.001888
      526 0.000021   0.001875
      344 0.000021   0.001845
      345 0.000020  -0.001834
      242 0.000020  -0.001822
      921 0.000020  -0.001809
      965 0.000020  -0.001808
     1017 0.000020   0.001793
      856 0.000019   0.001726
      317 0.000019  -0.001723
      927 0.000019  -0.001721
       98 0.000019  -0.001713
      900 0.000019  -0.001706
      810 0.000019   0.001692
      609 0.000019   0.001686
      324 0.000019  -0.001665
       59 0.000018   0.001655
      833 0.000018  -0.001649
       53 0.000018  -0.001647
      284 0.000018   0.001621
       63 0.000018  -0.001620
      502 0.000018   0.001619
      519 0.000018   0.001615
      759 0.000018  -0.001612
      338 0.000018  -0.001604
      983 0.000018   0.001592
      479 0.000018   0.001587
       52 0.000017   0.001565
      399 0.000017  -0.001565
      934 0.000017  -0.001556
      455 0.000017  -0.001552
      794 0.000017   0.001549
      714 0.000017  -0.001549
      514 0.000017   0.001548
      536 0.000017  -0.001527
     1073 0.000017  -0.001525
      917 0.000017   0.001525
      664 0.000017  -0.001503
      233 0.000017  -0.001500
      463 0.000017  -0.001494
      328 0.000017  -0.001485
      613 0.000017   0.001485
      375 0.000016   0.001478
      977 0.000016   0.001477
      437 0.000016   0.001477
      505 0.000016   0.001473
      791 0.000016   0.001468
      712 0.000016  -0.001460
      724 0.000016  -0.001458
      556 0.000016   0.001453
      512 0.000016  -0.001429
      307 0.000016   0.001421
      249 0.000016  -0.001411
      625 0.000016   0.001406
      675 0.000016   0.001402
      966 0.000016   0.001398
      713 0.000016   0.001396
      680 0.000015   0.001380
      309 0.000015  -0.001373
      316 0.000015  -0.001372
      489 0.000015   0.001367
      458 0.000015   0.001357
     1010 0.000015   0.001346
      270 0.000015  -0.001344
      214 0.000015  -0.001340
      252 0.000015   0.001324
     1052 0.000014   0.001292
      816 0.000014   0.001288
      347 0.000014   0.001283
      949 0.000014   0.001267
      653 0.000014   0.001266
      238 0.000014  -0.001260
      339 0.000014  -0.001259
      559 0.000014  -0.001241
      314 0.000014   0.001241
      272 0.000014   0.001223
      643 0.000014  -0.001223
      835 0.000014  -0.001219
      669 0.000014   0.001214
      809 0.000014   0.001214
     1009 0.000013  -0.001210
      434 0.000013   0.001204
      396 0.000013  -0.001181
      178 0.000013   0.001166
      883 0.000013   0.001164
      642 0.000013  -0.001149
      452 0.000013  -0.001145
      450 0.000013  -0.001143
       50 0.000013  -0.001143
      402 0.000013   0.001131
       48 0.000013   0.001124
     1020 0.000012  -0.001116
      368 0.000012   0.001093
      822 0.000012   0.001085
      395 0.000012   0.001076
      231 0.000012  -0.001063
      558 0.000012   0.001062
     1016 0.000012  -0.001057
      737 0.000012  -0.001052
      839 0.000012  -0.001037
      994 0.000012  -0.001032
       43 0.000012  -0.001031
       64 0.000011   0.001020
       45 0.000011   0.001019
      695 0.000011   0.001015
      478 0.000011   0.001013
      213 0.000011  -0.001010
      916 0.000011  -0.001005
      671 0.000011   0.000998
      888 0.000011   0.000994
       55 0.000011  -0.000988
      483 0.000011  -0.000981
      177 0.000011  -0.000979
      340 0.000011   0.000955
      732 0.000011   0.000949
      538 0.000011   0.000948
      376 0.000011   0.000941
     1003 0.000010  -0.000937
      378 0.000010  -0.000933
      191 0.000010   0.000933
      371 0.000010  -0.000926
      420 0.000010   0.000926
      142 0.000010   0.000925
      673 0.000010   0.000910
      647 0.000010  -0.000907
      283 0.000010   0.000906
euclid. distance of OLC and linear combination of EV * x_coef: 0.008496956820493217

Generate samples based on objective loadcase 579
nr_to_generate: 25

Parameter variation distribution settings
distribution: uniform
low: 0.7
high: 1.3

Total process runtime: 0:00:01.282195
