Date and Time:2023-05-12 14:15:21.617874

Initial Settings:
similarity_model: <function cosine_similarity at 0x000001D005A6E5E0>
similarity_threshold: 1e-05
nr_eigv_to_select: None
distribution: uniform
deviation: 0.3
nr_to_generate: 25
recompute: False

Selected eigenvectors and similarity score w.r.t objective loadcase:
objective_loadcase_nr: 430
similarity_model: cosine_similarity
similarity_threshold: 1e-05
nr_eigv_to_select: None
nr_eigv_selected: 502
approximation parameter model: lstsq
similarity score and approx. param. value
:  eigv_idx    score      value
        1 0.560765  75.781382
        3 0.530058  71.631723
        2 0.486517 -65.747579
        0 0.404997  54.731078
        6 0.058746   7.938892
       39 0.014958   2.021362
        4 0.009821   1.327200
      639 0.003702   0.500225
       68 0.003418  -0.461917
      186 0.002248  -0.303817
      612 0.002061  -0.278534
      593 0.001985  -0.268305
      586 0.001794   0.242464
      716 0.001676   0.226473
      618 0.001559   0.210694
      187 0.001540  -0.208087
      710 0.001516  -0.204889
      663 0.001487  -0.200936
      218 0.001482  -0.200341
      668 0.001426   0.192651
      182 0.001262  -0.170487
      595 0.001130   0.152687
      143 0.001126   0.152113
      659 0.001065  -0.143933
      194 0.001030   0.139188
      617 0.000986   0.133203
      184 0.000980  -0.132467
       71 0.000946  -0.127799
      686 0.000933  -0.126086
      388 0.000868  -0.117334
      688 0.000822  -0.111031
      700 0.000816   0.110248
      599 0.000810   0.109420
      626 0.000793   0.107166
      635 0.000762   0.102940
      683 0.000757   0.102324
      579 0.000755   0.101976
      562 0.000754  -0.101934
       69 0.000752  -0.101674
      582 0.000750  -0.101392
      183 0.000720   0.097339
      749 0.000713  -0.096325
      670 0.000703   0.095053
      578 0.000676   0.091333
      698 0.000629  -0.084997
      621 0.000625  -0.084495
      733 0.000614   0.082937
      666 0.000585  -0.079025
       70 0.000565   0.076287
      253 0.000554  -0.074902
      602 0.000551  -0.074403
      341 0.000540   0.072962
      228 0.000529  -0.071499
      179 0.000518   0.069977
      708 0.000487   0.065863
      735 0.000480  -0.064922
      171 0.000475  -0.064173
      718 0.000470  -0.063567
      137 0.000450  -0.060854
      153 0.000446   0.060250
      174 0.000432   0.058318
      641 0.000426  -0.057505
      699 0.000425  -0.057488
      606 0.000420  -0.056721
      567 0.000416  -0.056191
      220 0.000401  -0.054256
      575 0.000386   0.052207
      362 0.000384  -0.051910
      704 0.000382  -0.051565
      709 0.000381  -0.051547
      577 0.000380  -0.051418
      583 0.000375  -0.050742
      210 0.000373  -0.050459
      620 0.000349  -0.047141
      631 0.000338  -0.045625
      243 0.000333   0.045061
      756 0.000330  -0.044616
      757 0.000326  -0.044038
      267 0.000321  -0.043409
      604 0.000307  -0.041431
      419 0.000305  -0.041212
      576 0.000301  -0.040656
      848 0.000300  -0.040512
      807 0.000299   0.040407
      412 0.000294  -0.039705
      628 0.000293   0.039598
      132 0.000284   0.038406
      741 0.000274   0.037031
      601 0.000272   0.036710
      403 0.000269   0.036394
      587 0.000262   0.035396
      707 0.000261  -0.035337
      254 0.000260   0.035085
      400 0.000259  -0.034965
      573 0.000258   0.034923
      161 0.000256   0.034630
      271 0.000246   0.033296
      148 0.000245   0.033072
      815 0.000242  -0.032698
      787 0.000241   0.032605
      377 0.000240  -0.032476
      853 0.000238  -0.032140
      759 0.000231   0.031244
      258 0.000229  -0.030899
      580 0.000229  -0.030888
      361 0.000227   0.030649
      739 0.000226  -0.030516
      383 0.000226   0.030497
      658 0.000225   0.030429
      570 0.000224  -0.030292
      204 0.000224   0.030209
      277 0.000208   0.028066
      564 0.000206  -0.027855
      753 0.000205  -0.027709
      236 0.000203   0.027391
      941 0.000198  -0.026733
      665 0.000195  -0.026407
      549 0.000188  -0.025454
      355 0.000187   0.025323
      687 0.000184   0.024913
      199 0.000184  -0.024909
      640 0.000184  -0.024898
      750 0.000184   0.024876
      234 0.000180   0.024322
      828 0.000180  -0.024289
      373 0.000179  -0.024133
      800 0.000179  -0.024131
      427 0.000177  -0.023905
      301 0.000173  -0.023372
      820 0.000170  -0.022949
      175 0.000169  -0.022881
       91 0.000169  -0.022791
      398 0.000167  -0.022628
      696 0.000167  -0.022617
      566 0.000166   0.022445
      255 0.000166  -0.022435
      198 0.000165   0.022323
      367 0.000164   0.022180
      798 0.000162   0.021845
      273 0.000161  -0.021823
      667 0.000159   0.021522
      574 0.000157  -0.021271
      249 0.000157  -0.021174
      557 0.000156  -0.021105
      711 0.000156   0.021094
      857 0.000152  -0.020579
      743 0.000152  -0.020527
      847 0.000151   0.020423
      380 0.000150   0.020253
      299 0.000150   0.020245
      138 0.000148   0.020046
      784 0.000145  -0.019538
      257 0.000143  -0.019388
      790 0.000141   0.019028
      793 0.000141  -0.019017
      690 0.000140   0.018979
      295 0.000140  -0.018943
      247 0.000138   0.018704
      353 0.000136  -0.018445
      294 0.000134  -0.018141
      436 0.000133   0.017974
      107 0.000131  -0.017692
      762 0.000130   0.017571
      740 0.000129  -0.017495
      808 0.000129   0.017448
      392 0.000129   0.017424
      262 0.000129  -0.017383
      645 0.000129   0.017381
      908 0.000128  -0.017257
      605 0.000126  -0.016990
      974 0.000125   0.016901
      855 0.000121  -0.016409
      818 0.000119  -0.016119
      431 0.000119  -0.016103
      423 0.000119  -0.016095
      684 0.000119  -0.016065
      222 0.000118  -0.016008
      629 0.000118  -0.015985
      638 0.000117  -0.015823
      882 0.000116   0.015669
      859 0.000115   0.015539
      281 0.000115   0.015520
      390 0.000112   0.015170
      726 0.000112  -0.015169
      312 0.000112  -0.015142
      561 0.000111   0.015030
      581 0.000111  -0.015009
      697 0.000110   0.014886
      594 0.000110  -0.014875
      266 0.000109  -0.014756
      217 0.000109  -0.014718
      763 0.000107  -0.014502
      795 0.000107   0.014474
      840 0.000106  -0.014282
      308 0.000105  -0.014241
      241 0.000104   0.013992
      193 0.000102  -0.013820
      584 0.000102  -0.013808
      600 0.000102  -0.013741
      799 0.000102  -0.013722
      275 0.000101  -0.013630
      723 0.000100  -0.013495
      261 0.000099  -0.013353
      801 0.000098  -0.013295
      736 0.000097  -0.013051
      269 0.000096  -0.012940
      611 0.000095  -0.012825
     1095 0.000094  -0.012649
      354 0.000093   0.012634
      552 0.000093  -0.012527
      844 0.000092  -0.012487
      734 0.000092  -0.012464
      572 0.000092  -0.012434
      832 0.000091   0.012346
      302 0.000091  -0.012265
      364 0.000091  -0.012248
      803 0.000090   0.012186
      585 0.000088  -0.011846
      955 0.000087   0.011769
      386 0.000087   0.011719
      824 0.000086   0.011687
      597 0.000086  -0.011638
      407 0.000085  -0.011550
      742 0.000084  -0.011416
      701 0.000084  -0.011331
      553 0.000083  -0.011268
      209 0.000083  -0.011198
      614 0.000083   0.011165
      428 0.000082   0.011032
      778 0.000081  -0.010914
      863 0.000080  -0.010786
      843 0.000080  -0.010772
      232 0.000080  -0.010769
      802 0.000079   0.010713
      829 0.000079   0.010639
      369 0.000078   0.010566
      805 0.000078  -0.010494
      292 0.000077  -0.010435
      414 0.000077   0.010372
      744 0.000076  -0.010333
      569 0.000075   0.010125
      235 0.000074  -0.009975
     1005 0.000073   0.009927
      728 0.000073  -0.009907
      879 0.000073  -0.009838
      632 0.000073   0.009806
      891 0.000072  -0.009763
      359 0.000072   0.009678
      545 0.000072  -0.009675
      349 0.000071  -0.009604
      343 0.000071  -0.009540
      937 0.000070  -0.009513
      913 0.000070  -0.009433
      826 0.000070  -0.009396
      397 0.000069  -0.009386
      748 0.000069  -0.009379
      425 0.000069   0.009298
      922 0.000067  -0.009101
      313 0.000067  -0.009086
      978 0.000067   0.009058
      591 0.000065   0.008720
      560 0.000063  -0.008549
      654 0.000061   0.008260
      776 0.000061  -0.008251
      319 0.000061   0.008226
      239 0.000060   0.008161
      789 0.000060   0.008132
      350 0.000060   0.008099
      539 0.000059   0.007997
      770 0.000059   0.007980
      782 0.000058  -0.007894
      374 0.000057   0.007745
      291 0.000057   0.007659
      722 0.000056  -0.007607
      357 0.000056  -0.007517
      226 0.000055   0.007436
      251 0.000055  -0.007391
      297 0.000054  -0.007351
      608 0.000054  -0.007232
      773 0.000053   0.007199
      206 0.000053  -0.007173
      356 0.000053  -0.007109
      867 0.000053   0.007109
      225 0.000052   0.007037
      895 0.000052   0.007033
      603 0.000051  -0.006941
      765 0.000051   0.006897
      409 0.000051  -0.006850
      322 0.000051  -0.006838
      948 0.000051   0.006833
      542 0.000051   0.006833
      821 0.000051  -0.006829
      528 0.000050   0.006784
      402 0.000050   0.006750
      780 0.000050  -0.006692
      289 0.000050   0.006690
      342 0.000049   0.006689
      298 0.000049  -0.006677
      366 0.000048   0.006473
      318 0.000048   0.006461
      589 0.000048  -0.006440
      540 0.000047  -0.006419
      858 0.000047  -0.006341
      216 0.000047   0.006325
      870 0.000046  -0.006249
      268 0.000046  -0.006224
      616 0.000046  -0.006197
      987 0.000045   0.006066
      335 0.000045   0.006032
      169 0.000045  -0.006016
      214 0.000044  -0.005938
      874 0.000044  -0.005937
      360 0.000044   0.005915
      838 0.000043   0.005870
      831 0.000043   0.005864
      230 0.000043  -0.005848
      677 0.000043   0.005815
      928 0.000042  -0.005701
      864 0.000042   0.005698
      337 0.000042  -0.005660
      588 0.000042  -0.005611
      279 0.000041  -0.005588
      965 0.000041  -0.005561
      223 0.000041   0.005561
      263 0.000041  -0.005558
      904 0.000041   0.005485
      448 0.000040   0.005467
      823 0.000040   0.005455
      406 0.000040   0.005341
      320 0.000039  -0.005333
      535 0.000039   0.005299
      325 0.000039  -0.005283
     1001 0.000039  -0.005279
      323 0.000039  -0.005275
      830 0.000038   0.005128
      881 0.000038  -0.005107
      993 0.000038   0.005070
      894 0.000037  -0.005032
      224 0.000037  -0.004971
      227 0.000036   0.004862
      131 0.000036  -0.004845
      310 0.000036  -0.004841
      518 0.000036   0.004837
      382 0.000036  -0.004828
      286 0.000035   0.004763
      215 0.000035   0.004710
     1025 0.000034   0.004655
      332 0.000034  -0.004639
      933 0.000034   0.004579
      259 0.000033   0.004519
      250 0.000033  -0.004495
      394 0.000033   0.004467
      213 0.000033  -0.004464
      860 0.000033  -0.004453
      592 0.000033  -0.004446
      530 0.000033   0.004423
      491 0.000032   0.004390
      413 0.000032   0.004358
      596 0.000032  -0.004307
      650 0.000032  -0.004300
      410 0.000032  -0.004268
      627 0.000032   0.004258
      445 0.000031  -0.004223
      880 0.000031   0.004186
      839 0.000031  -0.004164
      201 0.000031   0.004145
     1032 0.000030   0.004102
      532 0.000030   0.004099
      950 0.000030  -0.004017
      943 0.000029   0.003959
      488 0.000029   0.003871
      384 0.000028  -0.003835
      347 0.000028   0.003826
      424 0.000028  -0.003820
     1017 0.000028   0.003815
      643 0.000028  -0.003813
      814 0.000028   0.003779
      942 0.000028   0.003776
      432 0.000028   0.003771
      475 0.000028  -0.003736
      900 0.000028  -0.003732
      792 0.000027   0.003668
      264 0.000027   0.003618
      769 0.000027  -0.003611
      524 0.000027  -0.003600
      260 0.000026  -0.003483
      293 0.000025  -0.003425
      662 0.000025  -0.003367
      938 0.000025   0.003352
      609 0.000024  -0.003223
      727 0.000024  -0.003203
      329 0.000024  -0.003196
      252 0.000024   0.003176
      502 0.000023   0.003171
      917 0.000023   0.003130
      884 0.000023  -0.003081
      636 0.000023  -0.003068
      613 0.000023  -0.003043
      248 0.000022   0.003037
      519 0.000022   0.003014
      505 0.000022   0.003002
      333 0.000022   0.002983
      296 0.000022   0.002933
     1034 0.000022  -0.002927
      685 0.000022  -0.002927
       93 0.000022   0.002923
      713 0.000021   0.002901
      489 0.000021   0.002818
      538 0.000021   0.002812
      455 0.000021  -0.002791
      164 0.000020  -0.002755
      714 0.000020  -0.002738
      868 0.000020  -0.002705
      245 0.000020  -0.002655
      598 0.000020   0.002652
     1052 0.000019   0.002593
      324 0.000019  -0.002581
      221 0.000019  -0.002578
      837 0.000019   0.002575
      536 0.000019  -0.002539
      387 0.000019   0.002537
      526 0.000019   0.002532
      512 0.000018  -0.002492
      437 0.000018   0.002483
      779 0.000018   0.002470
      680 0.000018   0.002460
      314 0.000018   0.002436
      463 0.000018  -0.002423
      458 0.000018   0.002411
      675 0.000018   0.002367
      276 0.000017  -0.002338
      479 0.000017   0.002256
      649 0.000016  -0.002219
      304 0.000016   0.002219
      883 0.000016   0.002201
      712 0.000016  -0.002193
      514 0.000016   0.002186
      290 0.000016  -0.002184
      315 0.000016   0.002180
      317 0.000016  -0.002158
      104 0.000016   0.002118
      856 0.000016   0.002104
      791 0.000015   0.002079
      242 0.000015  -0.002077
      949 0.000015   0.002070
      309 0.000015  -0.002062
      165 0.000015  -0.002056
      724 0.000015  -0.002056
      755 0.000015  -0.002053
      229 0.000015  -0.002038
      619 0.000015   0.002034
      966 0.000015   0.002029
      590 0.000015  -0.002005
      450 0.000015  -0.001989
      288 0.000014   0.001946
      283 0.000014   0.001909
      903 0.000014  -0.001907
      240 0.000014  -0.001901
      646 0.000014   0.001872
      334 0.000014   0.001863
      907 0.000014   0.001847
      405 0.000014  -0.001846
      842 0.000014  -0.001832
      483 0.000013  -0.001786
      816 0.000013   0.001781
       43 0.000013  -0.001778
      732 0.000013   0.001749
      462 0.000013   0.001740
      478 0.000013   0.001711
      326 0.000013  -0.001702
      330 0.000013   0.001702
      625 0.000013  -0.001694
     1047 0.000013   0.001693
      811 0.000012   0.001669
      534 0.000012  -0.001668
      449 0.000012  -0.001666
      927 0.000012  -0.001654
      610 0.000012   0.001643
      331 0.000012  -0.001623
      764 0.000012   0.001619
      510 0.000012  -0.001593
      420 0.000012   0.001566
      278 0.000012   0.001566
      752 0.000012   0.001564
      810 0.000011   0.001548
      760 0.000011   0.001523
      233 0.000011  -0.001512
      634 0.000011  -0.001498
      934 0.000011  -0.001488
       40 0.000011  -0.001487
      959 0.000011   0.001478
      418 0.000011  -0.001477
      473 0.000011  -0.001476
      543 0.000011  -0.001473
      775 0.000011  -0.001469
      565 0.000011  -0.001456
      351 0.000010   0.001415
      285 0.000010  -0.001400
      964 0.000010   0.001392
      452 0.000010  -0.001377
      921 0.000010  -0.001374
      705 0.000010   0.001370
euclid. distance of OLC and linear combination of EV * x_coef: 0.012573067799512722

Generate samples based on objective loadcase 430
nr_to_generate: 25

Parameter variation distribution settings
distribution: uniform
low: 0.7
high: 1.3

Total process runtime: 0:00:01.465784
