Date and Time:2023-05-12 14:07:19.036803

Initial Settings:
similarity_model: <function cosine_similarity at 0x000001D005A6E5E0>
similarity_threshold: 1e-05
nr_eigv_to_select: None
distribution: uniform
deviation: 0.3
nr_to_generate: 25
recompute: False

Selected eigenvectors and similarity score w.r.t objective loadcase:
objective_loadcase_nr: 68
similarity_model: cosine_similarity
similarity_threshold: 1e-05
nr_eigv_to_select: None
nr_eigv_selected: 460
approximation parameter model: lstsq
similarity score and approx. param. value
:  eigv_idx    score      value
        3 0.556663  60.641821
        1 0.537995  58.608162
        2 0.503763 -54.878964
        0 0.379639  41.357216
        6 0.045794   4.988708
       39 0.021970   2.393392
        4 0.011286   1.229526
      639 0.003684   0.401332
      186 0.002151  -0.234364
      593 0.002127  -0.231742
      612 0.002070  -0.225467
       68 0.001996  -0.217431
      218 0.001967  -0.214238
      586 0.001962   0.213726
      710 0.001555  -0.169363
      716 0.001491   0.162426
      187 0.001421  -0.154819
      663 0.001350  -0.147065
      618 0.001309   0.142612
      595 0.001261   0.137380
      668 0.001254   0.136583
      143 0.001057   0.115116
      626 0.001007   0.109690
      194 0.000977   0.106477
      686 0.000959  -0.104476
      659 0.000941  -0.102553
      388 0.000931  -0.101406
      617 0.000868   0.094576
      599 0.000814   0.088716
      688 0.000812  -0.088509
      182 0.000798  -0.086925
      562 0.000769  -0.083731
      670 0.000763   0.083079
      582 0.000757  -0.082508
      635 0.000755   0.082294
      621 0.000715  -0.077847
      578 0.000691   0.075270
      183 0.000675   0.073528
      749 0.000652  -0.071004
      733 0.000644   0.070123
      704 0.000629  -0.068503
      698 0.000624  -0.067950
      579 0.000614   0.066872
      184 0.000613  -0.066828
      700 0.000611   0.066559
      341 0.000595   0.064790
      718 0.000592  -0.064526
      683 0.000570   0.062080
      602 0.000539  -0.058673
      666 0.000521  -0.056787
      567 0.000520  -0.056661
      606 0.000520  -0.056637
      577 0.000500  -0.054485
      253 0.000496  -0.054075
      708 0.000489   0.053254
      153 0.000461   0.050231
      174 0.000444   0.048391
      735 0.000430  -0.046846
      699 0.000430  -0.046797
      620 0.000425  -0.046334
      575 0.000425   0.046253
      641 0.000418  -0.045525
      220 0.000415  -0.045249
      267 0.000411  -0.044785
      709 0.000399  -0.043466
      228 0.000387  -0.042189
      583 0.000382  -0.041576
      707 0.000380  -0.041435
      696 0.000380  -0.041386
      137 0.000371  -0.040400
      601 0.000359   0.039142
      210 0.000358  -0.038956
      848 0.000353  -0.038445
       70 0.000341   0.037134
      412 0.000334  -0.036428
      258 0.000329  -0.035839
      179 0.000329   0.035809
      419 0.000325  -0.035412
      807 0.000323   0.035161
      753 0.000322  -0.035076
      362 0.000318  -0.034639
      403 0.000312   0.034015
      631 0.000312  -0.033957
      243 0.000306   0.033293
      756 0.000297  -0.032314
      383 0.000296   0.032266
      204 0.000292   0.031860
      587 0.000290   0.031546
      171 0.000287  -0.031239
      757 0.000268  -0.029209
      570 0.000263  -0.028633
      604 0.000259  -0.028238
      273 0.000246  -0.026804
      793 0.000241  -0.026224
      199 0.000239  -0.026061
      377 0.000238  -0.025924
      132 0.000238   0.025898
      576 0.000232  -0.025266
      853 0.000222  -0.024169
      230 0.000219  -0.023885
      400 0.000210  -0.022840
      741 0.000210   0.022836
      564 0.000207  -0.022576
      269 0.000207  -0.022566
      580 0.000206  -0.022480
      658 0.000205   0.022303
      628 0.000204   0.022204
      739 0.000204  -0.022175
      235 0.000200  -0.021820
      299 0.000196   0.021355
      301 0.000195  -0.021217
      427 0.000192  -0.020958
      787 0.000192   0.020914
      815 0.000189  -0.020624
      665 0.000188  -0.020441
      800 0.000187  -0.020323
      549 0.000183  -0.019967
      941 0.000181  -0.019688
      743 0.000179  -0.019481
      369 0.000178   0.019364
      175 0.000177  -0.019241
      573 0.000175   0.019048
      271 0.000175   0.019042
      227 0.000175   0.019041
      247 0.000174   0.018967
      828 0.000173  -0.018827
      361 0.000173   0.018796
      277 0.000171   0.018663
      667 0.000170   0.018491
      784 0.000168  -0.018265
      254 0.000166   0.018063
      750 0.000166   0.018060
      726 0.000165  -0.017992
      356 0.000165  -0.017940
      820 0.000164  -0.017911
      687 0.000164   0.017813
      585 0.000163  -0.017734
      373 0.000162  -0.017625
      255 0.000160  -0.017452
      574 0.000160  -0.017379
      557 0.000159  -0.017328
      711 0.000156   0.016954
      263 0.000155  -0.016934
      239 0.000153   0.016721
      857 0.000152  -0.016515
      795 0.000150   0.016353
      392 0.000150   0.016317
      855 0.000148  -0.016165
      161 0.000146   0.015910
      553 0.000144  -0.015740
      742 0.000143  -0.015542
      312 0.000142  -0.015476
      605 0.000142  -0.015429
      217 0.000141  -0.015388
      818 0.000140  -0.015246
      380 0.000139   0.015132
      591 0.000134   0.014649
      398 0.000134  -0.014608
      234 0.000134   0.014586
      790 0.000133   0.014500
      697 0.000132   0.014331
      354 0.000130   0.014193
       69 0.000130   0.014189
      808 0.000130   0.014127
      736 0.000129  -0.014094
      206 0.000129   0.014053
      257 0.000128  -0.013971
      241 0.000128   0.013936
      566 0.000128   0.013931
      148 0.000127   0.013883
      423 0.000126  -0.013774
      275 0.000126  -0.013760
      431 0.000125  -0.013636
      690 0.000125   0.013601
      295 0.000124  -0.013529
      236 0.000123   0.013440
      616 0.000123  -0.013405
      778 0.000122  -0.013336
      353 0.000120  -0.013099
      908 0.000120  -0.013032
      859 0.000120   0.013030
      645 0.000119   0.012946
      294 0.000117  -0.012701
      847 0.000116   0.012640
      638 0.000113  -0.012364
      223 0.000113   0.012320
      974 0.000112   0.012209
      629 0.000112  -0.012207
      824 0.000110   0.012024
      436 0.000109   0.011920
      799 0.000106  -0.011529
      684 0.000104  -0.011381
      337 0.000104  -0.011284
       91 0.000103  -0.011208
      107 0.000103  -0.011184
      355 0.000101   0.011048
      581 0.000101  -0.011021
      840 0.000099  -0.010748
      600 0.000098  -0.010706
      829 0.000097   0.010604
      266 0.000096  -0.010426
      882 0.000095   0.010363
      569 0.000094   0.010292
      611 0.000094  -0.010265
      844 0.000094  -0.010265
      281 0.000092   0.010021
      332 0.000092  -0.009971
      262 0.000091  -0.009909
      594 0.000090  -0.009794
      744 0.000089  -0.009735
      308 0.000088  -0.009619
      279 0.000088  -0.009612
      367 0.000088   0.009569
      584 0.000087  -0.009437
      261 0.000086  -0.009403
      561 0.000086   0.009356
      640 0.000086  -0.009353
      251 0.000086  -0.009329
      572 0.000085  -0.009255
      298 0.000085  -0.009226
      292 0.000084  -0.009188
     1095 0.000082  -0.008956
      728 0.000082  -0.008897
      734 0.000080  -0.008717
      832 0.000080   0.008699
      723 0.000079  -0.008644
      596 0.000078  -0.008515
      343 0.000077  -0.008416
      222 0.000077  -0.008375
      632 0.000076   0.008308
      302 0.000076  -0.008303
      763 0.000075   0.008164
      937 0.000075  -0.008141
      291 0.000074   0.008112
      654 0.000074   0.008063
      722 0.000074  -0.008063
      801 0.000074  -0.008055
      748 0.000073  -0.007990
      552 0.000073  -0.007970
      249 0.000073  -0.007945
      740 0.000072  -0.007863
      290 0.000071   0.007774
      560 0.000071  -0.007766
      770 0.000071   0.007765
      386 0.000071   0.007751
      978 0.000071   0.007750
      329 0.000071  -0.007740
      209 0.000071  -0.007729
      775 0.000071   0.007689
     1005 0.000070   0.007606
      955 0.000068   0.007434
      826 0.000067  -0.007308
      782 0.000067  -0.007296
      913 0.000067  -0.007255
      843 0.000067  -0.007249
      428 0.000066   0.007223
      394 0.000065   0.007089
      268 0.000065  -0.007063
      948 0.000065   0.007061
      614 0.000064   0.006994
      798 0.000064   0.006981
      701 0.000064  -0.006946
      325 0.000063  -0.006816
      414 0.000062   0.006745
      425 0.000062   0.006729
      539 0.000062   0.006727
      545 0.000061  -0.006679
      922 0.000061  -0.006613
      803 0.000061   0.006593
      289 0.000059   0.006412
      773 0.000058   0.006347
      597 0.000058  -0.006273
      879 0.000057  -0.006256
      319 0.000056   0.006116
      313 0.000056  -0.006105
       88 0.000056  -0.006057
      627 0.000055   0.006038
      864 0.000055   0.006036
      374 0.000055   0.005986
      895 0.000055   0.005976
      792 0.000054   0.005932
      193 0.000053  -0.005820
      870 0.000053  -0.005816
      831 0.000053   0.005776
      390 0.000053   0.005775
      776 0.000053  -0.005763
      528 0.000053   0.005754
      322 0.000052  -0.005717
      590 0.000052  -0.005649
      821 0.000052  -0.005615
      765 0.000051   0.005574
      802 0.000051   0.005560
      863 0.000051  -0.005505
      860 0.000050  -0.005407
      891 0.000050  -0.005395
      364 0.000049   0.005340
      694 0.000049   0.005335
      321 0.000049  -0.005317
      169 0.000048  -0.005245
      589 0.000048  -0.005199
      943 0.000048   0.005192
      323 0.000048  -0.005185
      201 0.000047  -0.005121
      104 0.000046   0.004993
      874 0.000046  -0.004981
      535 0.000045   0.004933
      805 0.000045  -0.004884
      880 0.000045   0.004854
       93 0.000044  -0.004836
      650 0.000044  -0.004768
      407 0.000043  -0.004717
      769 0.000043   0.004695
       71 0.000041   0.004446
      894 0.000041  -0.004441
      542 0.000040   0.004357
      904 0.000040   0.004345
      297 0.000040  -0.004342
      540 0.000040  -0.004315
      823 0.000040   0.004312
      884 0.000039  -0.004302
      789 0.000039   0.004287
      226 0.000039  -0.004257
      881 0.000038  -0.004113
      315 0.000038   0.004109
      359 0.000038  -0.004105
      225 0.000037  -0.004073
      928 0.000036  -0.003974
      518 0.000036   0.003967
      491 0.000036   0.003944
      987 0.000036   0.003918
      342 0.000036   0.003908
      409 0.000036  -0.003906
      858 0.000035  -0.003842
      867 0.000035   0.003767
      950 0.000034  -0.003752
      448 0.000034   0.003704
      138 0.000034   0.003699
      397 0.000033  -0.003648
      532 0.000033   0.003636
      488 0.000033   0.003599
      677 0.000033   0.003597
      942 0.000032   0.003531
      842 0.000032  -0.003525
      933 0.000032   0.003498
      410 0.000032  -0.003443
     1001 0.000031  -0.003415
      283 0.000031   0.003394
      636 0.000031  -0.003345
      310 0.000030  -0.003319
      649 0.000030  -0.003267
      445 0.000030  -0.003232
      286 0.000030   0.003229
      475 0.000029  -0.003203
      524 0.000028  -0.003094
     1032 0.000028   0.003078
      530 0.000028   0.003050
      608 0.000028  -0.003044
      244 0.000027  -0.002910
     1025 0.000027   0.002909
      357 0.000027   0.002904
      424 0.000025  -0.002765
      360 0.000025  -0.002760
      245 0.000025  -0.002744
      993 0.000025   0.002732
      603 0.000025  -0.002689
      965 0.000025  -0.002686
     1034 0.000024  -0.002594
      643 0.000024  -0.002562
      588 0.000023   0.002517
      830 0.000023   0.002499
      232 0.000023  -0.002491
     1017 0.000023   0.002478
      526 0.000023   0.002475
      285 0.000022   0.002427
      938 0.000022   0.002411
      794 0.000022   0.002404
      224 0.000022  -0.002381
      350 0.000022  -0.002345
      432 0.000021   0.002302
      240 0.000021   0.002300
      685 0.000021  -0.002278
      900 0.000020  -0.002227
      333 0.000020  -0.002207
      479 0.000020   0.002194
      814 0.000020   0.002171
      519 0.000020   0.002135
      455 0.000019  -0.002122
      502 0.000019   0.002117
      346 0.000019   0.002103
      917 0.000019   0.002097
      964 0.000019   0.002085
      935 0.000019  -0.002084
      514 0.000019   0.002083
      536 0.000019  -0.002057
      856 0.000019   0.002048
      727 0.000019  -0.002045
      714 0.000019  -0.002045
      662 0.000019  -0.002040
      278 0.000019   0.002030
      949 0.000018   0.002004
      463 0.000018  -0.002000
      437 0.000018   0.001995
      988 0.000018  -0.001985
      512 0.000018  -0.001930
     1073 0.000017  -0.001893
      957 0.000017   0.001888
      804 0.000017  -0.001885
      971 0.000017  -0.001867
      237 0.000017  -0.001806
      610 0.000017  -0.001804
      489 0.000016   0.001797
      328 0.000016  -0.001767
      646 0.000016   0.001760
     1010 0.000016   0.001750
      318 0.000016  -0.001745
      755 0.000016  -0.001740
     1052 0.000016   0.001736
      732 0.000016   0.001726
      458 0.000016   0.001720
      921 0.000016  -0.001706
      505 0.000016   0.001706
      927 0.000015  -0.001667
      702 0.000015  -0.001665
      248 0.000015  -0.001643
      366 0.000015   0.001601
      324 0.000015  -0.001587
      229 0.000014   0.001577
      538 0.000014   0.001551
      450 0.000014  -0.001533
      347 0.000014  -0.001526
      216 0.000014  -0.001525
      680 0.000014   0.001518
      934 0.000013  -0.001469
      841 0.000013   0.001438
      250 0.000013   0.001413
      816 0.000013   0.001383
      907 0.000012   0.001352
      675 0.000012   0.001339
      883 0.000012   0.001333
      966 0.000012   0.001320
      483 0.000012  -0.001317
     1096 0.000012   0.001302
      762 0.000012   0.001274
      363 0.000012   0.001268
      568 0.000012  -0.001267
      619 0.000011   0.001237
      839 0.000011  -0.001215
      713 0.000011   0.001209
      478 0.000011   0.001207
      487 0.000011  -0.001194
      634 0.000011  -0.001177
      462 0.000011   0.001169
      221 0.000011   0.001162
      811 0.000011   0.001152
     1047 0.000010   0.001133
      461 0.000010   0.001124
      473 0.000010  -0.001115
      426 0.000010   0.001104
      534 0.000010  -0.001103
      215 0.000010  -0.001099
euclid. distance of OLC and linear combination of EV * x_coef: 0.00892959928729099

Generate samples based on objective loadcase 68
nr_to_generate: 25

Parameter variation distribution settings
distribution: uniform
low: 0.7
high: 1.3

Total process runtime: 0:00:01.253618
