Date and Time:2023-05-12 14:07:32.737100

Initial Settings:
similarity_model: <function cosine_similarity at 0x000001D005A6E5E0>
similarity_threshold: 1e-05
nr_eigv_to_select: None
distribution: uniform
deviation: 0.3
nr_to_generate: 25
recompute: False

Selected eigenvectors and similarity score w.r.t objective loadcase:
objective_loadcase_nr: 78
similarity_model: cosine_similarity
similarity_threshold: 1e-05
nr_eigv_to_select: None
nr_eigv_selected: 496
approximation parameter model: lstsq
similarity score and approx. param. value
:  eigv_idx    score      value
        3 0.547802  67.638503
        1 0.545258  67.324479
        2 0.499156 -61.632116
        0 0.387717  47.872385
        6 0.050001   6.173807
       39 0.020722   2.558585
        4 0.010827   1.336801
      639 0.003693   0.456007
      186 0.002342  -0.289220
      593 0.002112  -0.260807
      612 0.002079  -0.256669
      586 0.001925   0.237734
      218 0.001899  -0.234524
       68 0.001884  -0.232623
      716 0.001595   0.196898
      710 0.001591  -0.196446
      187 0.001566  -0.193358
      663 0.001376  -0.169899
      618 0.001374   0.169622
      668 0.001308   0.161492
      595 0.001224   0.151184
      194 0.001064   0.131436
      659 0.000985  -0.121596
      686 0.000972  -0.120070
      626 0.000957   0.118219
      388 0.000921  -0.113737
      617 0.000911   0.112432
      143 0.000839   0.103596
      599 0.000823   0.101565
      688 0.000823  -0.101563
      562 0.000767  -0.094758
      183 0.000762   0.094106
      582 0.000759  -0.093689
      635 0.000753   0.092963
      670 0.000752   0.092810
      578 0.000699   0.086317
      621 0.000696  -0.085996
      182 0.000693  -0.085624
      700 0.000673   0.083062
      579 0.000652   0.080533
      733 0.000640   0.079008
      749 0.000634  -0.078292
      698 0.000628  -0.077579
      704 0.000614  -0.075868
      683 0.000597   0.073652
      184 0.000588  -0.072582
      341 0.000587   0.072482
      718 0.000587  -0.072424
      253 0.000571  -0.070488
      666 0.000554  -0.068435
      602 0.000551  -0.067996
      567 0.000504  -0.062202
      708 0.000502   0.061943
      606 0.000497  -0.061324
      577 0.000481  -0.059401
      174 0.000466   0.057557
      153 0.000462   0.057078
      699 0.000434  -0.053589
      641 0.000428  -0.052887
      735 0.000428  -0.052845
      210 0.000419  -0.051768
      220 0.000417  -0.051513
      620 0.000408  -0.050432
      709 0.000404  -0.049901
      575 0.000397   0.048983
      267 0.000388  -0.047950
      583 0.000380  -0.046870
      707 0.000369  -0.045577
      696 0.000347  -0.042842
      848 0.000346  -0.042710
      601 0.000340   0.041945
      362 0.000336  -0.041451
      412 0.000332  -0.040938
      419 0.000324  -0.039963
       70 0.000323   0.039850
      807 0.000316   0.039030
      204 0.000310   0.038295
      228 0.000308  -0.038014
      258 0.000304  -0.037533
      403 0.000303   0.037470
      631 0.000303  -0.037385
      756 0.000297  -0.036638
      179 0.000292   0.036009
      753 0.000290  -0.035785
      587 0.000283   0.034962
      383 0.000282   0.034783
      243 0.000278   0.034372
      757 0.000277  -0.034213
      604 0.000268  -0.033130
      171 0.000267  -0.033012
      570 0.000262  -0.032411
      576 0.000256  -0.031627
      137 0.000241  -0.029757
      377 0.000238  -0.029346
      199 0.000237  -0.029253
      273 0.000236  -0.029167
      230 0.000233  -0.028737
      269 0.000225  -0.027775
      628 0.000224   0.027684
      400 0.000221  -0.027294
      580 0.000219  -0.027070
      853 0.000219  -0.027006
      658 0.000213   0.026334
      793 0.000213  -0.026246
      564 0.000210  -0.025926
      227 0.000207   0.025600
      741 0.000204   0.025131
      815 0.000203  -0.025116
      549 0.000203  -0.025104
      665 0.000200  -0.024671
      787 0.000198   0.024437
      739 0.000193  -0.023849
      427 0.000193  -0.023818
      301 0.000192  -0.023675
      132 0.000189   0.023278
      941 0.000188  -0.023257
      299 0.000188   0.023255
      573 0.000188   0.023240
      361 0.000188   0.023205
      800 0.000184  -0.022748
      175 0.000184  -0.022703
      667 0.000179   0.022096
      255 0.000176  -0.021764
      828 0.000175  -0.021626
      247 0.000170   0.021017
      277 0.000168   0.020720
      574 0.000167  -0.020645
      711 0.000166   0.020442
      373 0.000165  -0.020383
      784 0.000165  -0.020359
      687 0.000164   0.020257
      820 0.000163  -0.020125
      239 0.000162   0.020012
      726 0.000162  -0.019979
      743 0.000160  -0.019704
      750 0.000158   0.019524
      271 0.000156   0.019207
      369 0.000155   0.019104
      857 0.000151  -0.018652
      295 0.000150  -0.018545
      161 0.000149   0.018424
      557 0.000149  -0.018393
      398 0.000149  -0.018356
      263 0.000147  -0.018145
      392 0.000145   0.017843
      585 0.000143  -0.017685
      380 0.000143   0.017624
      235 0.000142  -0.017573
      312 0.000140  -0.017343
      254 0.000140   0.017316
      795 0.000138   0.017099
      855 0.000137  -0.016929
      818 0.000137  -0.016926
      223 0.000136   0.016794
      605 0.000134  -0.016574
      356 0.000134  -0.016536
      790 0.000134   0.016523
      257 0.000133  -0.016470
      697 0.000133   0.016468
      234 0.000131   0.016233
      553 0.000131  -0.016135
      217 0.000131  -0.016122
      690 0.000129   0.015922
      808 0.000128   0.015795
      423 0.000126  -0.015570
      431 0.000126  -0.015555
      355 0.000126   0.015511
      629 0.000126  -0.015511
      908 0.000125  -0.015429
      353 0.000125  -0.015392
      148 0.000124   0.015261
      236 0.000123   0.015218
      847 0.000123   0.015139
      742 0.000122  -0.015045
      354 0.000121   0.014993
      638 0.000121  -0.014881
      859 0.000119   0.014698
      591 0.000119   0.014677
      736 0.000119  -0.014665
      566 0.000119   0.014641
      974 0.000118   0.014614
      645 0.000118   0.014598
      436 0.000116   0.014332
      275 0.000114  -0.014085
      561 0.000114   0.014066
      206 0.000113   0.013988
      778 0.000112  -0.013878
      294 0.000111  -0.013711
      640 0.000111  -0.013666
      251 0.000110  -0.013569
      824 0.000107   0.013152
      367 0.000105   0.013024
      298 0.000105  -0.012991
      840 0.000105  -0.012960
      799 0.000103  -0.012725
      600 0.000102  -0.012574
      581 0.000101  -0.012437
      107 0.000101  -0.012433
      572 0.000100  -0.012387
      268 0.000100  -0.012296
      616 0.000099  -0.012214
      882 0.000099   0.012210
      829 0.000098   0.012126
      241 0.000098   0.012058
      584 0.000098  -0.012050
      844 0.000097  -0.012016
      684 0.000096  -0.011891
      281 0.000096   0.011832
      569 0.000096   0.011823
      611 0.000095  -0.011757
      266 0.000095  -0.011702
      279 0.000090  -0.011117
      308 0.000090  -0.011097
      337 0.000089  -0.011024
       91 0.000089  -0.010981
      798 0.000087   0.010803
      632 0.000087   0.010782
     1095 0.000087  -0.010761
      723 0.000086  -0.010671
      614 0.000086   0.010584
      262 0.000086  -0.010583
      261 0.000085  -0.010525
      728 0.000085  -0.010446
      734 0.000084  -0.010420
      740 0.000084  -0.010392
      594 0.000083  -0.010284
      292 0.000083  -0.010217
      302 0.000080  -0.009886
      832 0.000079   0.009762
      744 0.000079  -0.009707
      332 0.000078  -0.009602
      937 0.000077  -0.009463
      801 0.000076  -0.009408
      748 0.000075  -0.009233
      343 0.000074  -0.009091
      722 0.000074  -0.009086
      955 0.000074   0.009079
      803 0.000073   0.008965
     1005 0.000073   0.008957
      978 0.000072   0.008918
      386 0.000072   0.008865
      319 0.000071   0.008793
      597 0.000071  -0.008774
      390 0.000071   0.008748
      560 0.000071  -0.008738
      826 0.000071  -0.008729
      232 0.000070  -0.008700
      291 0.000070   0.008673
      428 0.000070   0.008656
      654 0.000069   0.008558
      913 0.000069  -0.008538
      596 0.000069  -0.008461
      425 0.000068   0.008400
      627 0.000067   0.008326
      701 0.000067  -0.008300
      545 0.000066  -0.008171
      843 0.000066  -0.008154
      782 0.000066  -0.008105
      414 0.000065   0.008023
      922 0.000064  -0.007855
      948 0.000063   0.007828
      289 0.000063   0.007728
      759 0.000062   0.007661
      222 0.000061  -0.007541
      552 0.000061  -0.007502
      539 0.000061   0.007495
      879 0.000060  -0.007439
      770 0.000060   0.007432
      374 0.000060   0.007388
      802 0.000059   0.007344
      776 0.000059  -0.007258
      394 0.000058   0.007132
      895 0.000057   0.007045
      650 0.000057  -0.007041
      322 0.000056  -0.006895
      325 0.000055  -0.006806
      315 0.000055   0.006741
      290 0.000054   0.006693
      329 0.000054  -0.006684
      694 0.000054   0.006682
      201 0.000054  -0.006665
      863 0.000054  -0.006608
      864 0.000053   0.006600
       93 0.000053  -0.006588
       69 0.000053   0.006518
      891 0.000053  -0.006496
      528 0.000053   0.006495
      792 0.000052   0.006452
       71 0.000051  -0.006321
      831 0.000051   0.006264
      765 0.000050   0.006234
      870 0.000050  -0.006166
       88 0.000050  -0.006130
      773 0.000050   0.006127
      407 0.000050  -0.006113
      608 0.000050  -0.006112
      209 0.000049  -0.006072
      249 0.000048  -0.005943
      860 0.000048  -0.005925
      286 0.000048   0.005866
      805 0.000047  -0.005817
      589 0.000047  -0.005743
      821 0.000046  -0.005737
      321 0.000046  -0.005654
      762 0.000045   0.005606
      775 0.000045   0.005558
      313 0.000045  -0.005536
      535 0.000044   0.005490
      252 0.000044   0.005476
      542 0.000044   0.005443
      283 0.000044   0.005417
      342 0.000044   0.005412
      789 0.000042   0.005202
      590 0.000042  -0.005184
      323 0.000042  -0.005133
      540 0.000041  -0.005095
      823 0.000041   0.005066
      874 0.000041  -0.005014
      250 0.000041  -0.005005
      858 0.000040  -0.004930
      397 0.000040  -0.004930
      943 0.000039   0.004869
      881 0.000039  -0.004855
      987 0.000039   0.004830
      409 0.000039  -0.004779
      928 0.000038  -0.004741
      880 0.000038   0.004695
      867 0.000037   0.004545
      518 0.000037   0.004536
      104 0.000036   0.004457
      448 0.000036   0.004454
      169 0.000035  -0.004383
      491 0.000035   0.004364
     1001 0.000034  -0.004188
      320 0.000034  -0.004161
      933 0.000033   0.004122
      884 0.000033  -0.004113
      649 0.000033  -0.004095
      894 0.000033  -0.004067
      636 0.000033  -0.004039
      532 0.000033   0.004026
      193 0.000033  -0.004024
      646 0.000033   0.004016
      406 0.000032   0.004010
      677 0.000032   0.003998
      310 0.000032  -0.003994
      445 0.000032  -0.003949
      488 0.000032   0.003910
      410 0.000032  -0.003893
      904 0.000031   0.003887
      950 0.000031  -0.003877
      842 0.000030  -0.003689
      530 0.000030   0.003652
     1032 0.000029   0.003629
      603 0.000029  -0.003622
     1025 0.000029   0.003606
      942 0.000029   0.003588
      993 0.000029   0.003583
      965 0.000029  -0.003574
      475 0.000029  -0.003536
      830 0.000028   0.003485
      524 0.000028  -0.003439
      424 0.000028  -0.003434
      349 0.000028  -0.003423
      402 0.000027   0.003329
      938 0.000027   0.003329
      609 0.000027  -0.003327
      680 0.000027   0.003295
      214 0.000026  -0.003194
      259 0.000025  -0.003110
      244 0.000025  -0.003088
      240 0.000025   0.003063
     1017 0.000025   0.003046
      814 0.000025   0.003041
      216 0.000024   0.003005
      237 0.000024  -0.002981
      366 0.000024   0.002980
     1034 0.000024  -0.002963
      769 0.000024   0.002947
       98 0.000023  -0.002880
      335 0.000023   0.002841
      264 0.000023  -0.002813
      685 0.000022  -0.002765
      526 0.000022   0.002726
      284 0.000022   0.002696
      432 0.000022   0.002694
      900 0.000022  -0.002669
      598 0.000022   0.002667
      331 0.000021  -0.002607
      755 0.000021  -0.002591
      502 0.000021   0.002570
      519 0.000021   0.002557
      839 0.000021  -0.002549
      285 0.000020   0.002529
      794 0.000020   0.002525
      763 0.000020   0.002523
      804 0.000020  -0.002521
      138 0.000020   0.002516
      625 0.000020   0.002509
      917 0.000020   0.002494
      455 0.000020  -0.002472
      727 0.000020  -0.002432
      297 0.000020  -0.002426
      714 0.000020  -0.002413
      536 0.000019  -0.002375
      662 0.000019  -0.002342
      437 0.000019   0.002324
      324 0.000019  -0.002310
      479 0.000019   0.002302
      296 0.000019   0.002292
      213 0.000019  -0.002286
      949 0.000018   0.002274
      568 0.000018  -0.002261
      463 0.000018  -0.002250
      514 0.000018   0.002237
      505 0.000018   0.002228
      489 0.000018   0.002215
      225 0.000018  -0.002210
      512 0.000018  -0.002191
      592 0.000018  -0.002177
      856 0.000018   0.002171
      681 0.000017  -0.002142
      849 0.000017  -0.002116
      226 0.000017  -0.002116
      278 0.000017   0.002110
     1052 0.000017   0.002108
      642 0.000017  -0.002051
      935 0.000016  -0.002032
      852 0.000016   0.002030
      458 0.000016   0.002027
      405 0.000016  -0.002026
      198 0.000016   0.002008
      364 0.000016   0.002001
      346 0.000016   0.001965
      538 0.000016   0.001962
      907 0.000016   0.001945
      780 0.000016  -0.001940
       89 0.000016  -0.001927
      359 0.000016  -0.001922
      215 0.000015   0.001873
      293 0.000015  -0.001865
     1010 0.000015   0.001845
      732 0.000015   0.001821
      450 0.000015  -0.001797
      363 0.000014   0.001789
      304 0.000014   0.001789
      921 0.000014  -0.001787
     1073 0.000014  -0.001780
      927 0.000014  -0.001726
      224 0.000014  -0.001719
      971 0.000013  -0.001663
      713 0.000013   0.001630
      245 0.000013  -0.001630
      619 0.000013   0.001622
      338 0.000013   0.001613
      131 0.000013   0.001593
      816 0.000013   0.001564
      838 0.000013   0.001559
      101 0.000013   0.001549
      483 0.000012  -0.001539
      835 0.000012  -0.001532
      934 0.000012  -0.001531
      478 0.000012   0.001521
      875 0.000012   0.001520
      988 0.000012  -0.001501
      876 0.000012   0.001498
      462 0.000012   0.001487
      964 0.000012   0.001478
      125 0.000012  -0.001475
      401 0.000012  -0.001472
      656 0.000012  -0.001444
      957 0.000012   0.001439
      317 0.000012   0.001434
      613 0.000011  -0.001417
      837 0.000011   0.001411
     1047 0.000011   0.001393
      260 0.000011   0.001390
      534 0.000011  -0.001370
      434 0.000011   0.001366
      307 0.000011  -0.001347
      330 0.000011  -0.001343
      449 0.000011  -0.001341
      309 0.000011  -0.001333
      796 0.000011   0.001331
      348 0.000011  -0.001319
      418 0.000011  -0.001319
      473 0.000011  -0.001300
      120 0.000011   0.001299
      634 0.000010  -0.001292
      702 0.000010  -0.001286
      287 0.000010   0.001279
      883 0.000010   0.001275
      110 0.000010  -0.001272
      510 0.000010  -0.001272
      339 0.000010   0.001269
      487 0.000010  -0.001267
euclid. distance of OLC and linear combination of EV * x_coef: 0.011043211775620254

Generate samples based on objective loadcase 78
nr_to_generate: 25

Parameter variation distribution settings
distribution: uniform
low: 0.7
high: 1.3

Total process runtime: 0:00:01.382870
