Date and Time:2023-05-12 14:26:55.244721

Initial Settings:
similarity_model: <function cosine_similarity at 0x000001D005A6E5E0>
similarity_threshold: 1e-05
nr_eigv_to_select: None
distribution: uniform
deviation: 0.3
nr_to_generate: 25
recompute: False

Selected eigenvectors and similarity score w.r.t objective loadcase:
objective_loadcase_nr: 950
similarity_model: cosine_similarity
similarity_threshold: 1e-05
nr_eigv_to_select: None
nr_eigv_selected: 688
approximation parameter model: lstsq
similarity score and approx. param. value
:  eigv_idx    score      value
        3 0.551749  35.486835
        1 0.551292  35.457494
        2 0.484020 -31.130743
        0 0.393672  25.319845
        6 0.043959   2.827299
       39 0.017011   1.094126
        4 0.010482   0.674201
      639 0.003035   0.195223
      186 0.001986  -0.127714
      143 0.001768   0.113684
      612 0.001766  -0.113559
      593 0.001711  -0.110075
      710 0.001608  -0.103451
      586 0.001533   0.098592
       68 0.001507  -0.096935
      716 0.001468   0.094440
      187 0.001406  -0.090398
      218 0.001405  -0.090366
      618 0.001329   0.085497
      668 0.001264   0.081311
      663 0.001142  -0.073449
      182 0.001065  -0.068515
      749 0.001062  -0.068307
      595 0.000980   0.063043
      686 0.000942  -0.060613
      659 0.000901  -0.057921
      194 0.000877   0.056399
      184 0.000866  -0.055726
      617 0.000861   0.055405
      688 0.000852  -0.054828
      388 0.000743  -0.047775
      228 0.000708  -0.045530
      599 0.000701   0.045109
      183 0.000696   0.044796
      626 0.000690   0.044381
      582 0.000681  -0.043809
      579 0.000667   0.042905
       71 0.000656   0.042220
      562 0.000631  -0.040580
      137 0.000621  -0.039959
      253 0.000621  -0.039930
       69 0.000611   0.039277
      735 0.000603  -0.038808
      700 0.000583   0.037489
      683 0.000575   0.036990
      635 0.000557   0.035793
      708 0.000536   0.034487
      670 0.000535   0.034386
      578 0.000531   0.034156
      621 0.000520  -0.033450
      602 0.000519  -0.033410
      666 0.000477  -0.030688
      341 0.000473   0.030407
      174 0.000467   0.030014
      733 0.000466   0.029955
      698 0.000459  -0.029513
      153 0.000454   0.029193
      606 0.000449  -0.028907
      179 0.000432   0.027801
      741 0.000419   0.026945
      220 0.000415  -0.026715
      709 0.000414  -0.026633
      757 0.000405  -0.026062
      132 0.000399   0.025643
      756 0.000398  -0.025620
      267 0.000393  -0.025262
      641 0.000362  -0.023284
      575 0.000361   0.023228
      171 0.000361  -0.023226
      567 0.000361  -0.023214
      243 0.000356   0.022899
      362 0.000354  -0.022783
      739 0.000347  -0.022303
      577 0.000329  -0.021154
      853 0.000326  -0.020982
      787 0.000315   0.020274
      620 0.000304  -0.019548
      718 0.000297  -0.019102
      699 0.000285  -0.018347
      750 0.000282   0.018163
      576 0.000278  -0.017867
      583 0.000277  -0.017840
      419 0.000263  -0.016938
      807 0.000261   0.016808
       70 0.000261   0.016791
      412 0.000260  -0.016730
      161 0.000255   0.016396
      848 0.000255  -0.016382
      210 0.000247  -0.015880
      628 0.000247   0.015863
      631 0.000241  -0.015519
      403 0.000238   0.015334
      587 0.000237   0.015267
      400 0.000233  -0.015011
      361 0.000233   0.014969
      273 0.000220  -0.014171
      236 0.000216   0.013922
      580 0.000205  -0.013187
      704 0.000202  -0.013004
      857 0.000202  -0.012995
      658 0.000202   0.012979
      377 0.000200  -0.012842
      148 0.000199   0.012822
      566 0.000197   0.012673
      175 0.000195  -0.012531
      222 0.000193  -0.012426
      234 0.000189   0.012172
      753 0.000189  -0.012169
      687 0.000188   0.012108
      573 0.000188   0.012070
      277 0.000186   0.011936
      605 0.000185  -0.011924
      604 0.000185  -0.011922
      355 0.000184   0.011856
      198 0.000184   0.011831
      271 0.000184   0.011816
      638 0.000182  -0.011729
      367 0.000180   0.011591
      564 0.000176  -0.011344
      383 0.000176   0.011334
      588 0.000175  -0.011278
      726 0.000175  -0.011226
      549 0.000174  -0.011215
      815 0.000174  -0.011175
      373 0.000173  -0.011119
      743 0.000172  -0.011051
      800 0.000166  -0.010696
      258 0.000165  -0.010595
      570 0.000163  -0.010496
      790 0.000163   0.010477
      818 0.000161  -0.010353
      711 0.000158   0.010180
      204 0.000157   0.010115
      427 0.000156  -0.010022
      828 0.000155  -0.009996
      824 0.000154   0.009920
      941 0.000154  -0.009899
      301 0.000153  -0.009814
      801 0.000152  -0.009752
      847 0.000150   0.009655
      645 0.000148   0.009492
      629 0.000146  -0.009411
      859 0.000145   0.009336
      601 0.000144   0.009252
      574 0.000143  -0.009197
      770 0.000142   0.009154
      557 0.000139  -0.008955
      640 0.000138  -0.008875
      398 0.000137  -0.008811
      292 0.000136  -0.008770
      707 0.000136  -0.008767
      380 0.000135   0.008705
       81 0.000133   0.008537
      820 0.000132  -0.008480
      308 0.000130  -0.008377
      241 0.000129   0.008297
      255 0.000129  -0.008280
      295 0.000128  -0.008249
      364 0.000127  -0.008138
      759 0.000127   0.008137
      299 0.000126   0.008126
      793 0.000125  -0.008012
      855 0.000125  -0.008011
       64 0.000124   0.007981
      359 0.000124   0.007964
      829 0.000123   0.007934
      723 0.000123  -0.007896
      269 0.000121  -0.007813
       80 0.000121  -0.007811
      390 0.000121   0.007810
      160 0.000121  -0.007792
       66 0.000121   0.007759
      247 0.000120   0.007718
      199 0.000120  -0.007713
      392 0.000120   0.007696
      594 0.000119  -0.007622
      696 0.000118  -0.007593
      436 0.000117   0.007527
      808 0.000115   0.007392
      608 0.000114  -0.007312
      353 0.000112  -0.007195
      281 0.000112   0.007188
      773 0.000110   0.007068
      154 0.000109   0.007003
      107 0.000109  -0.006988
      251 0.000108  -0.006977
      614 0.000108   0.006966
      684 0.000108  -0.006955
      784 0.000108  -0.006939
      742 0.000108  -0.006920
      101 0.000108  -0.006915
      734 0.000107  -0.006899
      665 0.000107  -0.006886
      232 0.000106  -0.006799
      431 0.000105  -0.006725
      323 0.000104  -0.006714
      423 0.000103  -0.006639
      798 0.000103   0.006633
      974 0.000103   0.006632
      272 0.000102   0.006561
      908 0.000102  -0.006551
      799 0.000098  -0.006313
      266 0.000097  -0.006262
      740 0.000097  -0.006234
      136 0.000097   0.006222
       91 0.000096  -0.006177
      298 0.000095  -0.006139
      882 0.000095   0.006124
      275 0.000094  -0.006078
      840 0.000094  -0.006068
      795 0.000094   0.006059
      843 0.000094  -0.006023
      596 0.000093   0.006002
      627 0.000093   0.005961
      312 0.000092  -0.005945
      274 0.000092  -0.005918
       73 0.000092   0.005912
      103 0.000092  -0.005899
      216 0.000091   0.005880
      744 0.000091  -0.005863
      294 0.000091  -0.005852
      114 0.000091   0.005850
      762 0.000090   0.005790
       99 0.000090  -0.005775
      553 0.000089  -0.005736
      209 0.000089  -0.005708
      254 0.000088   0.005689
      386 0.000088   0.005684
       86 0.000088   0.005672
      728 0.000088  -0.005657
      690 0.000087   0.005615
      667 0.000087   0.005604
      134 0.000087  -0.005578
      145 0.000086  -0.005533
      309 0.000084   0.005372
      584 0.000083  -0.005309
      632 0.000082   0.005263
      789 0.000081   0.005204
      589 0.000081  -0.005200
      611 0.000080  -0.005156
      155 0.000080   0.005138
      844 0.000080  -0.005114
      349 0.000079  -0.005108
      302 0.000079  -0.005087
      230 0.000078   0.005036
      864 0.000078   0.005028
      123 0.000078  -0.005004
      146 0.000078   0.004985
      736 0.000077  -0.004976
      407 0.000077  -0.004975
      257 0.000077  -0.004940
      263 0.000076  -0.004907
     1095 0.000076  -0.004861
      164 0.000075  -0.004793
      782 0.000074  -0.004787
      943 0.000074   0.004780
      118 0.000074   0.004772
       53 0.000074  -0.004752
      428 0.000073   0.004702
      354 0.000073   0.004687
      112 0.000073  -0.004670
      748 0.000072  -0.004654
      572 0.000071  -0.004573
       96 0.000071   0.004539
       63 0.000070  -0.004528
      414 0.000070   0.004504
      552 0.000070  -0.004480
      357 0.000069  -0.004464
      343 0.000069  -0.004454
      217 0.000069  -0.004440
      291 0.000069   0.004406
      279 0.000068  -0.004405
      805 0.000068  -0.004392
       88 0.000068  -0.004378
      193 0.000068  -0.004367
      904 0.000067   0.004339
      803 0.000067   0.004323
      545 0.000067  -0.004287
      350 0.000066   0.004250
      823 0.000066   0.004243
      561 0.000065   0.004212
      206 0.000065  -0.004209
      826 0.000065  -0.004204
      130 0.000065  -0.004198
      955 0.000065   0.004179
      165 0.000064  -0.004133
      701 0.000064  -0.004124
      304 0.000064  -0.004117
      120 0.000064   0.004115
       65 0.000063  -0.004083
      313 0.000063  -0.004071
       67 0.000063   0.004062
      133 0.000063  -0.004052
      397 0.000063  -0.004046
      591 0.000063   0.004046
      776 0.000063  -0.004041
      156 0.000062   0.004008
       89 0.000062   0.003993
       74 0.000061   0.003951
      104 0.000061   0.003940
      226 0.000061   0.003918
      894 0.000061  -0.003914
      978 0.000061   0.003891
      425 0.000060   0.003869
      879 0.000060  -0.003859
      830 0.000060   0.003843
     1005 0.000060   0.003835
      225 0.000059   0.003826
      870 0.000059  -0.003825
      347 0.000059   0.003820
       55 0.000059  -0.003815
      880 0.000059   0.003814
      569 0.000059   0.003793
      937 0.000059  -0.003791
      337 0.000059  -0.003772
      227 0.000058  -0.003762
      319 0.000058   0.003745
      884 0.000058  -0.003722
      332 0.000058  -0.003712
      625 0.000057   0.003692
      597 0.000057  -0.003690
      598 0.000057   0.003689
      778 0.000057  -0.003663
      366 0.000057   0.003654
       52 0.000057   0.003637
      284 0.000056  -0.003630
      913 0.000056  -0.003626
      637 0.000056  -0.003616
      948 0.000056   0.003610
      891 0.000056  -0.003599
      128 0.000056  -0.003588
      802 0.000055   0.003569
      315 0.000055   0.003558
      402 0.000055   0.003532
      874 0.000055  -0.003523
      195 0.000055   0.003514
      314 0.000054  -0.003494
      342 0.000054   0.003489
      214 0.000054  -0.003477
      139 0.000054   0.003472
      697 0.000054   0.003463
      922 0.000053  -0.003435
      581 0.000053  -0.003423
       94 0.000053  -0.003418
      215 0.000053   0.003413
      643 0.000053  -0.003412
      585 0.000053   0.003400
      832 0.000053   0.003391
      863 0.000053  -0.003380
      283 0.000052  -0.003363
      108 0.000052  -0.003353
      765 0.000052   0.003332
      181 0.000052  -0.003330
      560 0.000052  -0.003329
      338 0.000052   0.003326
      147 0.000051   0.003278
      105 0.000051  -0.003265
      129 0.000050   0.003248
      713 0.000050   0.003236
       83 0.000050  -0.003200
      559 0.000050  -0.003185
      144 0.000049  -0.003169
      712 0.000049  -0.003169
      539 0.000048   0.003114
       78 0.000048   0.003086
       25 0.000048   0.003058
      384 0.000047  -0.003030
      106 0.000047   0.003029
      290 0.000047   0.003025
       56 0.000047   0.003025
      344 0.000047  -0.003025
      609 0.000047  -0.003023
      600 0.000047  -0.002995
      169 0.000046  -0.002987
      727 0.000046  -0.002962
      264 0.000046  -0.002947
      224 0.000046  -0.002945
      409 0.000046  -0.002936
       87 0.000046   0.002929
      200 0.000045   0.002926
      387 0.000045   0.002893
      270 0.000045  -0.002884
      235 0.000045  -0.002881
      178 0.000045  -0.002871
      329 0.000044  -0.002847
      895 0.000044   0.002829
      345 0.000044   0.002828
      662 0.000044  -0.002823
       97 0.000044  -0.002815
      113 0.000044   0.002799
      252 0.000043   0.002791
       22 0.000043  -0.002791
      249 0.000043  -0.002789
      528 0.000043   0.002774
       14 0.000043   0.002764
      335 0.000043   0.002750
       27 0.000042  -0.002730
      261 0.000042  -0.002723
       20 0.000042   0.002713
      860 0.000042  -0.002707
      556 0.000041   0.002669
       13 0.000041  -0.002663
       76 0.000041   0.002652
      942 0.000041   0.002645
      162 0.000041  -0.002628
      376 0.000041  -0.002621
      603 0.000040  -0.002603
      358 0.000040   0.002602
      540 0.000040  -0.002590
      320 0.000040  -0.002587
       57 0.000040  -0.002583
      278 0.000040   0.002573
      724 0.000040  -0.002553
      180 0.000040   0.002551
      374 0.000039   0.002530
      197 0.000039  -0.002527
      568 0.000039   0.002524
      125 0.000039   0.002515
      542 0.000039   0.002512
      675 0.000039   0.002502
      821 0.000039  -0.002478
      368 0.000038   0.002453
      239 0.000038   0.002443
      250 0.000038  -0.002423
      348 0.000037   0.002373
      987 0.000037   0.002371
      780 0.000037  -0.002351
      369 0.000036   0.002327
      644 0.000036   0.002317
      938 0.000036   0.002302
      385 0.000036  -0.002284
      535 0.000035   0.002283
      695 0.000035   0.002282
      310 0.000035  -0.002281
      152 0.000035  -0.002268
      276 0.000035   0.002253
      365 0.000035  -0.002251
      610 0.000035   0.002240
      142 0.000035  -0.002223
       60 0.000034   0.002211
      448 0.000034   0.002203
      839 0.000034  -0.002186
      339 0.000034   0.002185
      371 0.000034  -0.002172
      881 0.000034  -0.002161
      867 0.000033   0.002154
      375 0.000033  -0.002152
      705 0.000033   0.002148
      950 0.000033  -0.002146
      964 0.000033   0.002140
      928 0.000033  -0.002139
      363 0.000033  -0.002134
      636 0.000033   0.002129
       90 0.000033  -0.002118
      262 0.000033  -0.002110
      196 0.000033   0.002095
      286 0.000032  -0.002077
      340 0.000032  -0.002075
      831 0.000032   0.002065
      111 0.000032   0.002059
      127 0.000032   0.002053
      935 0.000032  -0.002029
      633 0.000032   0.002027
      592 0.000031  -0.002026
      681 0.000031   0.002011
     1001 0.000031  -0.001998
      590 0.000031   0.001986
      518 0.000031   0.001980
      334 0.000031   0.001979
      792 0.000030   0.001950
      838 0.000030   0.001949
      192 0.000030  -0.001937
      993 0.000030   0.001933
      221 0.000030  -0.001932
      933 0.000030   0.001927
      201 0.000030   0.001909
      957 0.000030   0.001905
      565 0.000029   0.001890
       19 0.000029  -0.001889
      172 0.000029   0.001882
       61 0.000029   0.001875
      445 0.000029  -0.001874
      837 0.000029   0.001868
      491 0.000029   0.001857
      237 0.000028   0.001833
       84 0.000028   0.001824
       29 0.000028   0.001806
       58 0.000028  -0.001790
      858 0.000028  -0.001782
      530 0.000028   0.001781
      326 0.000027   0.001768
       10 0.000027  -0.001766
        9 0.000027  -0.001763
      693 0.000027  -0.001762
      325 0.000027  -0.001762
      532 0.000027   0.001761
      722 0.000027  -0.001751
      293 0.000027   0.001749
      613 0.000027  -0.001749
       54 0.000027  -0.001743
      685 0.000027  -0.001736
      965 0.000027  -0.001728
       77 0.000027  -0.001718
      131 0.000027  -0.001714
      395 0.000027  -0.001714
      382 0.000027  -0.001705
       49 0.000026   0.001689
      988 0.000026  -0.001688
      616 0.000026  -0.001681
     1032 0.000026   0.001675
     1025 0.000026   0.001674
       38 0.000026  -0.001671
      151 0.000026  -0.001666
      410 0.000026  -0.001663
       98 0.000026   0.001660
      115 0.000026   0.001656
      655 0.000026  -0.001648
      680 0.000025  -0.001639
       50 0.000025  -0.001628
      119 0.000025   0.001628
      432 0.000025   0.001616
      170 0.000025  -0.001609
      351 0.000025   0.001608
      654 0.000025   0.001583
       47 0.000025  -0.001579
      488 0.000025   0.001576
      333 0.000024   0.001572
      401 0.000024   0.001567
       41 0.000024   0.001551
      424 0.000024  -0.001551
      833 0.000024  -0.001538
      327 0.000024   0.001535
      475 0.000024  -0.001533
      352 0.000023  -0.001496
      971 0.000023  -0.001490
      841 0.000023   0.001481
      404 0.000023   0.001479
      656 0.000023   0.001475
      331 0.000023  -0.001466
      524 0.000023  -0.001454
     1096 0.000023   0.001453
      173 0.000023  -0.001450
       17 0.000022   0.001447
      360 0.000022   0.001443
       36 0.000022   0.001436
      406 0.000022   0.001428
      100 0.000022  -0.001427
      379 0.000022  -0.001425
      405 0.000022   0.001413
      900 0.000022  -0.001392
      737 0.000021  -0.001368
      282 0.000021   0.001360
      126 0.000021  -0.001357
     1017 0.000021   0.001354
      330 0.000021  -0.001334
      852 0.000021   0.001327
      316 0.000020  -0.001318
      396 0.000020   0.001316
      921 0.000020  -0.001307
      188 0.000020   0.001306
      378 0.000020   0.001296
      927 0.000020  -0.001293
       18 0.000020   0.001290
      177 0.000020   0.001285
      502 0.000020   0.001283
       85 0.000020   0.001282
      835 0.000020  -0.001275
      324 0.000020   0.001266
     1034 0.000020  -0.001255
      551 0.000019   0.001243
      811 0.000019   0.001242
      285 0.000019  -0.001242
      259 0.000019  -0.001237
      519 0.000019   0.001216
      240 0.000019  -0.001216
      505 0.000019   0.001201
      623 0.000019   0.001197
       95 0.000019  -0.001194
        5 0.000019  -0.001194
      647 0.000018  -0.001185
      166 0.000018  -0.001185
      814 0.000018   0.001177
      489 0.000018   0.001175
      796 0.000018   0.001159
      336 0.000018  -0.001154
      917 0.000018   0.001154
      899 0.000018   0.001146
      558 0.000018   0.001142
      966 0.000018   0.001138
      455 0.000018  -0.001134
      714 0.000018  -0.001128
      526 0.000017   0.001120
      231 0.000017  -0.001102
      318 0.000017   0.001099
      268 0.000017   0.001096
       15 0.000017  -0.001090
      677 0.000017   0.001087
      888 0.000017   0.001078
      936 0.000017  -0.001078
      110 0.000017  -0.001069
      883 0.000017   0.001069
      649 0.000017   0.001064
      676 0.000016  -0.001056
       24 0.000016  -0.001046
      650 0.000016  -0.001045
      437 0.000016   0.001028
      856 0.000016   0.001024
      661 0.000016   0.001021
      810 0.000016   0.001015
      994 0.000016  -0.001011
     1052 0.000016   0.001010
      763 0.000016  -0.001008
      306 0.000015   0.000994
      934 0.000015  -0.000994
      463 0.000015  -0.000994
      449 0.000015  -0.000992
       43 0.000015  -0.000975
      512 0.000015  -0.000965
      729 0.000015  -0.000964
      233 0.000015   0.000958
      458 0.000015   0.000957
      479 0.000015   0.000951
      289 0.000015  -0.000944
       46 0.000014   0.000928
      245 0.000014   0.000927
      163 0.000014  -0.000921
       93 0.000014  -0.000921
      514 0.000014   0.000908
      694 0.000014  -0.000901
      328 0.000014  -0.000893
      135 0.000014  -0.000884
     1009 0.000014  -0.000883
      983 0.000014   0.000882
      287 0.000014  -0.000874
      536 0.000014  -0.000873
      766 0.000013   0.000863
      167 0.000013  -0.000858
      381 0.000013  -0.000855
      977 0.000013   0.000842
     1020 0.000013  -0.000840
       82 0.000013   0.000839
      450 0.000013  -0.000838
      244 0.000013  -0.000838
      794 0.000013   0.000836
      391 0.000013  -0.000834
      887 0.000013   0.000822
      150 0.000013   0.000820
      720 0.000013  -0.000817
      159 0.000013  -0.000817
     1016 0.000013  -0.000815
      646 0.000013   0.000807
      109 0.000013   0.000806
      538 0.000012   0.000797
      550 0.000012   0.000795
      420 0.000012   0.000794
      671 0.000012  -0.000791
      903 0.000012  -0.000788
      842 0.000012  -0.000786
      767 0.000012  -0.000776
      102 0.000012   0.000754
       31 0.000012  -0.000753
      947 0.000012   0.000751
      213 0.000012  -0.000749
      755 0.000012  -0.000748
       12 0.000012   0.000746
       79 0.000012  -0.000741
      981 0.000011  -0.000739
      669 0.000011  -0.000739
       11 0.000011  -0.000736
      682 0.000011  -0.000735
      462 0.000011   0.000730
      426 0.000011   0.000726
      265 0.000011   0.000714
      916 0.000011  -0.000713
      673 0.000011   0.000711
      772 0.000011  -0.000703
      478 0.000011   0.000699
     1010 0.000011   0.000697
      317 0.000011   0.000692
      731 0.000011   0.000689
      223 0.000011  -0.000685
      483 0.000011  -0.000684
     1000 0.000011  -0.000682
      902 0.000010   0.000670
      946 0.000010   0.000666
      989 0.000010   0.000658
      510 0.000010  -0.000656
     1003 0.000010  -0.000654
euclid. distance of OLC and linear combination of EV * x_coef: 0.00560484290848167

Generate samples based on objective loadcase 950
nr_to_generate: 25

Parameter variation distribution settings
distribution: uniform
low: 0.7
high: 1.3

Total process runtime: 0:00:01.454416
