Date and Time:2023-05-12 14:23:56.699278

Initial Settings:
similarity_model: <function cosine_similarity at 0x000001D005A6E5E0>
similarity_threshold: 1e-05
nr_eigv_to_select: None
distribution: uniform
deviation: 0.3
nr_to_generate: 25
recompute: False

Selected eigenvectors and similarity score w.r.t objective loadcase:
objective_loadcase_nr: 817
similarity_model: cosine_similarity
similarity_threshold: 1e-05
nr_eigv_to_select: None
nr_eigv_selected: 449
approximation parameter model: lstsq
similarity score and approx. param. value
:  eigv_idx    score      value
        1 0.554036  75.987906
        3 0.534099  73.253483
        2 0.495655 -67.980743
        0 0.397739  54.551317
        6 0.058376   8.006444
       39 0.017458   2.394463
        4 0.010243   1.404923
      639 0.003975   0.545230
       68 0.003496  -0.479448
      186 0.002425  -0.332569
      612 0.002186  -0.299780
      593 0.002149  -0.294778
      586 0.001957   0.268361
      218 0.001684  -0.230908
      716 0.001666   0.228449
      187 0.001593  -0.218441
      663 0.001573  -0.215779
      618 0.001560   0.213933
      710 0.001494  -0.204948
      668 0.001417   0.194360
      595 0.001235   0.169434
       71 0.001142  -0.156605
      194 0.001119   0.153503
      659 0.001074  -0.147298
      182 0.001040  -0.142698
      617 0.000968   0.132794
      388 0.000937  -0.128511
      686 0.000929  -0.127384
      626 0.000908   0.124490
       69 0.000900  -0.123410
      599 0.000850   0.116596
      700 0.000819   0.112389
      635 0.000815   0.111812
      562 0.000799  -0.109599
      582 0.000798  -0.109452
      688 0.000795  -0.109082
      143 0.000795   0.109022
      670 0.000791   0.108475
      683 0.000742   0.101735
      184 0.000741  -0.101692
      579 0.000736   0.100991
      578 0.000714   0.097980
      183 0.000703   0.096445
      621 0.000693  -0.095079
      698 0.000686  -0.094052
      733 0.000677   0.092856
      718 0.000594  -0.081471
      341 0.000583   0.079995
      666 0.000581  -0.079632
       70 0.000577   0.079072
      602 0.000569  -0.078004
      704 0.000565  -0.077472
      749 0.000559  -0.076624
      253 0.000548  -0.075124
      228 0.000511  -0.070120
      567 0.000478  -0.065566
      699 0.000476  -0.065235
      708 0.000472   0.064731
      606 0.000468  -0.064154
      174 0.000464   0.063707
      641 0.000449  -0.061549
      153 0.000447   0.061247
      577 0.000439  -0.060142
      575 0.000423   0.058043
      210 0.000423  -0.058026
      179 0.000418   0.057383
      620 0.000412  -0.056490
      735 0.000409  -0.056049
      583 0.000399  -0.054786
      709 0.000379  -0.052011
      220 0.000378  -0.051901
      171 0.000374  -0.051258
      362 0.000370  -0.050806
      267 0.000362  -0.049657
      707 0.000359  -0.049214
      631 0.000344  -0.047226
      848 0.000336  -0.046049
      601 0.000334   0.045849
      419 0.000324  -0.044470
      604 0.000322  -0.044132
      412 0.000317  -0.043474
      403 0.000317   0.043431
      807 0.000312   0.042829
      204 0.000302   0.041468
      137 0.000297  -0.040720
      576 0.000289  -0.039660
      587 0.000287   0.039308
      756 0.000284  -0.038984
      628 0.000281   0.038507
      757 0.000279  -0.038322
      243 0.000277   0.037945
      696 0.000271  -0.037167
      383 0.000270   0.036987
      258 0.000266  -0.036433
      753 0.000257  -0.035260
      199 0.000254  -0.034866
      400 0.000251  -0.034461
      570 0.000249  -0.034142
      377 0.000247  -0.033941
      254 0.000247   0.033819
      815 0.000242  -0.033201
      573 0.000241   0.033026
      580 0.000236  -0.032337
      658 0.000228   0.031212
      271 0.000227   0.031199
      564 0.000218  -0.029865
      132 0.000217   0.029714
      787 0.000211   0.028996
      665 0.000211  -0.028929
      941 0.000209  -0.028684
      161 0.000209   0.028602
      236 0.000201   0.027632
      148 0.000197   0.027083
      273 0.000197  -0.026964
      853 0.000196  -0.026862
      277 0.000192   0.026335
      361 0.000190   0.026031
      301 0.000187  -0.025673
      427 0.000186  -0.025456
      175 0.000185  -0.025425
      741 0.000184   0.025264
      667 0.000184   0.025235
      828 0.000183  -0.025039
      800 0.000182  -0.024933
      687 0.000182   0.024919
      557 0.000180  -0.024656
      255 0.000178  -0.024475
      640 0.000178  -0.024416
      234 0.000176   0.024099
      739 0.000175  -0.024058
      574 0.000173  -0.023780
      793 0.000170  -0.023343
      759 0.000169   0.023139
      247 0.000166   0.022701
      549 0.000165  -0.022669
      820 0.000165  -0.022649
      566 0.000165   0.022633
      217 0.000163  -0.022343
      711 0.000162   0.022244
      784 0.000161  -0.022130
      373 0.000161  -0.022115
      257 0.000161  -0.022043
      299 0.000161   0.022026
      743 0.000158  -0.021706
       91 0.000158  -0.021624
      380 0.000157   0.021596
      398 0.000153  -0.021025
      690 0.000145   0.019938
      857 0.000142  -0.019488
      355 0.000141   0.019401
      269 0.000141  -0.019286
      356 0.000139  -0.019116
      798 0.000138   0.018994
      369 0.000138   0.018904
      908 0.000137  -0.018799
      295 0.000137  -0.018775
      645 0.000137   0.018751
      353 0.000137  -0.018751
      790 0.000137   0.018735
      750 0.000136   0.018720
      697 0.000136   0.018693
      847 0.000136   0.018615
      585 0.000135  -0.018564
      855 0.000135  -0.018529
      808 0.000131   0.017943
      436 0.000130   0.017795
      974 0.000129   0.017742
      605 0.000129  -0.017655
      629 0.000128  -0.017599
      294 0.000128  -0.017542
      367 0.000126   0.017306
      423 0.000126  -0.017283
      138 0.000125   0.017190
      354 0.000125   0.017179
      795 0.000125   0.017084
      235 0.000124  -0.017059
      431 0.000124  -0.016949
      392 0.000123   0.016886
      553 0.000123  -0.016851
      736 0.000122  -0.016700
      241 0.000120   0.016519
      107 0.000120  -0.016437
      638 0.000117  -0.015991
      726 0.000117  -0.015988
      600 0.000116  -0.015911
      581 0.000116  -0.015906
      312 0.000114  -0.015587
      249 0.000114  -0.015573
      740 0.000113  -0.015534
      266 0.000113  -0.015506
      859 0.000113   0.015505
      840 0.000113  -0.015468
      882 0.000112   0.015383
      684 0.000112  -0.015298
      818 0.000111  -0.015192
      281 0.000110   0.015150
      742 0.000109  -0.014941
      552 0.000108  -0.014784
      584 0.000107  -0.014741
      292 0.000105  -0.014440
      263 0.000104  -0.014307
      844 0.000104  -0.014263
      799 0.000104  -0.014219
      594 0.000103  -0.014081
      261 0.000101  -0.013873
      762 0.000100   0.013775
      262 0.000100  -0.013764
      611 0.000099  -0.013522
      569 0.000097   0.013236
      572 0.000096  -0.013132
     1095 0.000095  -0.013096
      832 0.000095   0.013096
      308 0.000094  -0.012901
      803 0.000094   0.012885
      275 0.000094  -0.012832
      723 0.000092  -0.012659
      561 0.000092   0.012551
      829 0.000091   0.012418
      291 0.000090   0.012395
      386 0.000090   0.012385
      778 0.000090  -0.012305
      302 0.000089  -0.012273
      591 0.000089   0.012240
      390 0.000087   0.012001
      955 0.000085   0.011649
      632 0.000084   0.011547
      824 0.000084   0.011498
      801 0.000084  -0.011480
      616 0.000083  -0.011440
      560 0.000083  -0.011343
      734 0.000082  -0.011294
      701 0.000082  -0.011256
      193 0.000082  -0.011191
      222 0.000081  -0.011112
      802 0.000080   0.010912
      209 0.000080  -0.010905
      728 0.000080  -0.010904
      251 0.000079  -0.010870
      428 0.000079   0.010857
      394 0.000079   0.010855
      230 0.000079  -0.010815
      597 0.000079  -0.010783
      744 0.000078  -0.010759
     1005 0.000077   0.010562
      227 0.000076   0.010393
      748 0.000076  -0.010388
      913 0.000075  -0.010271
      937 0.000075  -0.010242
      343 0.000074  -0.010212
      414 0.000074   0.010208
      268 0.000074  -0.010181
      374 0.000073   0.010046
      654 0.000073   0.010017
      805 0.000073  -0.010004
      978 0.000073   0.009982
      239 0.000073   0.009959
      776 0.000072  -0.009895
      826 0.000072  -0.009866
      922 0.000071  -0.009766
      313 0.000070  -0.009574
      879 0.000069  -0.009510
      863 0.000069  -0.009447
      545 0.000067  -0.009256
      298 0.000066  -0.009004
      722 0.000065  -0.008907
      539 0.000065   0.008894
      425 0.000064   0.008811
      279 0.000064  -0.008735
      891 0.000064  -0.008730
      198 0.000063   0.008625
      596 0.000062  -0.008555
      223 0.000061   0.008399
      843 0.000061  -0.008323
      895 0.000061   0.008307
      232 0.000060  -0.008174
      763 0.000059  -0.008057
      322 0.000058  -0.007974
      337 0.000056  -0.007636
      789 0.000055   0.007589
      831 0.000055   0.007533
      407 0.000055  -0.007510
      206 0.000054   0.007443
      614 0.000054   0.007435
      325 0.000053  -0.007328
      948 0.000053   0.007305
      528 0.000053   0.007297
      782 0.000053  -0.007263
      821 0.000052  -0.007154
      603 0.000052  -0.007122
      329 0.000052  -0.007106
      858 0.000051  -0.007034
      542 0.000050   0.006886
      397 0.000047  -0.006471
      867 0.000047   0.006457
      627 0.000047   0.006405
      765 0.000046   0.006371
      540 0.000046  -0.006368
      870 0.000045  -0.006232
      780 0.000045  -0.006213
      987 0.000045   0.006179
      332 0.000045  -0.006151
      245 0.000045  -0.006129
      928 0.000044  -0.006050
      319 0.000044   0.006032
      409 0.000043  -0.005890
      535 0.000043   0.005878
      860 0.000042  -0.005823
      881 0.000042  -0.005763
      224 0.000042  -0.005749
      323 0.000042  -0.005735
      289 0.000042   0.005707
      864 0.000041   0.005610
      297 0.000040  -0.005529
      448 0.000040   0.005502
      677 0.000040   0.005427
     1001 0.000038  -0.005222
      589 0.000037  -0.005127
      342 0.000037   0.005088
      874 0.000037  -0.005032
      518 0.000037   0.005021
      491 0.000036   0.004933
      933 0.000036   0.004929
      965 0.000035  -0.004856
      993 0.000035   0.004801
      792 0.000035   0.004791
      650 0.000035  -0.004787
      773 0.000035   0.004772
      636 0.000035  -0.004769
      770 0.000034   0.004703
      413 0.000034   0.004665
      823 0.000034   0.004659
      410 0.000034  -0.004642
     1025 0.000034   0.004639
      169 0.000034  -0.004624
      643 0.000034  -0.004616
      488 0.000034   0.004614
      610 0.000033  -0.004575
      530 0.000033   0.004556
      532 0.000033   0.004529
      590 0.000033  -0.004502
      310 0.000033  -0.004477
      950 0.000032  -0.004435
     1032 0.000031   0.004310
      475 0.000031  -0.004276
      333 0.000030  -0.004154
      524 0.000029  -0.004013
      445 0.000029  -0.003938
      694 0.000028   0.003906
     1017 0.000028   0.003883
      904 0.000028   0.003852
      814 0.000028   0.003848
      842 0.000028  -0.003847
      432 0.000027   0.003759
      131 0.000027  -0.003759
      592 0.000027  -0.003706
      900 0.000027  -0.003673
      680 0.000027   0.003636
      424 0.000026  -0.003620
      942 0.000026   0.003598
      608 0.000026  -0.003598
      290 0.000025   0.003444
      880 0.000025   0.003442
      894 0.000025  -0.003397
     1034 0.000024  -0.003259
      917 0.000024   0.003258
      366 0.000024   0.003250
      938 0.000024   0.003234
      315 0.000023   0.003095
      519 0.000023   0.003089
      685 0.000022  -0.003042
      502 0.000022   0.003022
      662 0.000022  -0.002997
      536 0.000022  -0.002970
      538 0.000021   0.002945
      455 0.000021  -0.002906
      714 0.000021  -0.002824
      479 0.000020   0.002800
      406 0.000020  -0.002791
      884 0.000020  -0.002783
      526 0.000020   0.002769
      949 0.000020   0.002761
      320 0.000020   0.002715
      512 0.000020  -0.002713
      727 0.000020  -0.002691
      489 0.000020   0.002677
      104 0.000019   0.002671
     1052 0.000019   0.002642
      852 0.000019  -0.002642
      349 0.000019  -0.002619
      463 0.000019  -0.002614
      324 0.000019  -0.002602
      943 0.000019   0.002591
      649 0.000019  -0.002555
      321 0.000018  -0.002523
      505 0.000018   0.002517
      514 0.000018   0.002494
      437 0.000018   0.002493
      458 0.000018   0.002485
      334 0.000018   0.002406
      830 0.000017   0.002369
      216 0.000017  -0.002342
      856 0.000017   0.002316
      838 0.000017   0.002312
      732 0.000016   0.002192
      907 0.000016   0.002189
      214 0.000016   0.002181
      237 0.000015   0.002120
      346 0.000015   0.002057
      452 0.000015  -0.002048
      450 0.000015  -0.001996
      286 0.000014   0.001984
      420 0.000014   0.001962
      483 0.000014  -0.001954
      816 0.000014   0.001912
      240 0.000014  -0.001909
      713 0.000014   0.001904
      335 0.000014  -0.001898
      619 0.000014   0.001874
      201 0.000014  -0.001868
      849 0.000014   0.001866
      669 0.000014   0.001864
      868 0.000014  -0.001852
      296 0.000013  -0.001848
      402 0.000013  -0.001833
      534 0.000013  -0.001785
      779 0.000013   0.001769
     1047 0.000013   0.001766
      791 0.000013   0.001751
      794 0.000013   0.001723
     1010 0.000012   0.001700
      399 0.000012  -0.001672
      462 0.000012   0.001667
      543 0.000012  -0.001653
      634 0.000012  -0.001651
      609 0.000012   0.001630
      888 0.000012   0.001594
      487 0.000011  -0.001530
      473 0.000011  -0.001520
      883 0.000011   0.001513
      837 0.000011  -0.001491
      188 0.000011  -0.001462
      328 0.000011  -0.001446
      875 0.000010  -0.001423
      775 0.000010   0.001411
      461 0.000010   0.001409
      215 0.000010  -0.001408
      250 0.000010   0.001383
      213 0.000010   0.001378
     1061 0.000010  -0.001376
euclid. distance of OLC and linear combination of EV * x_coef: 0.011876371305881437

Generate samples based on objective loadcase 817
nr_to_generate: 25

Parameter variation distribution settings
distribution: uniform
low: 0.7
high: 1.3

Total process runtime: 0:00:01.270007
