Date and Time:2023-05-12 14:27:04.895042

Initial Settings:
similarity_model: <function cosine_similarity at 0x000001D005A6E5E0>
similarity_threshold: 1e-05
nr_eigv_to_select: None
distribution: uniform
deviation: 0.3
nr_to_generate: 25
recompute: False

Selected eigenvectors and similarity score w.r.t objective loadcase:
objective_loadcase_nr: 957
similarity_model: cosine_similarity
similarity_threshold: 1e-05
nr_eigv_to_select: None
nr_eigv_selected: 468
approximation parameter model: lstsq
similarity score and approx. param. value
:  eigv_idx    score      value
        1 0.550445  65.890636
        3 0.541851  64.861901
        2 0.495185 -59.275858
        0 0.393483  47.101587
        6 0.053411   6.393567
       39 0.017772   2.127364
        4 0.010498   1.256637
      639 0.003775   0.451912
       68 0.003756  -0.449592
      186 0.002348  -0.281088
      612 0.002080  -0.248958
      593 0.002053  -0.245739
      586 0.001881   0.225195
      218 0.001737  -0.207934
      716 0.001587   0.189935
      187 0.001538  -0.184099
      710 0.001537  -0.183987
      618 0.001516   0.181435
      663 0.001478  -0.176937
      668 0.001383   0.165537
       71 0.001254  -0.150150
      595 0.001193   0.142841
      194 0.001082   0.129506
      659 0.001040  -0.124530
       69 0.000990  -0.118538
      617 0.000943   0.112937
      182 0.000940  -0.112544
      686 0.000938  -0.112327
      388 0.000895  -0.107189
      626 0.000884   0.105762
      599 0.000805   0.096419
      688 0.000805  -0.096392
      143 0.000801   0.095939
      635 0.000778   0.093136
      562 0.000761  -0.091152
      700 0.000759   0.090865
      582 0.000756  -0.090519
      670 0.000751   0.089957
      579 0.000716   0.085727
      683 0.000681   0.081467
      578 0.000676   0.080948
      183 0.000676   0.080874
      621 0.000671  -0.080364
      184 0.000659  -0.078894
      698 0.000645  -0.077256
      733 0.000645   0.077241
      749 0.000630  -0.075467
       70 0.000626   0.074932
      718 0.000582  -0.069622
      704 0.000565  -0.067610
      666 0.000561  -0.067187
      341 0.000561   0.067173
      253 0.000557  -0.066689
      602 0.000539  -0.064507
      228 0.000484  -0.057950
      708 0.000483   0.057797
      567 0.000467  -0.055850
      174 0.000452   0.054108
      606 0.000452  -0.054063
      699 0.000445  -0.053235
      735 0.000442  -0.052942
      153 0.000442   0.052912
      577 0.000429  -0.051298
      641 0.000425  -0.050819
      575 0.000415   0.049629
      210 0.000411  -0.049256
      709 0.000393  -0.047017
      620 0.000391  -0.046863
      583 0.000382  -0.045696
      179 0.000382   0.045668
      267 0.000375  -0.044939
      220 0.000375  -0.044844
      362 0.000364  -0.043517
      707 0.000357  -0.042752
      171 0.000341  -0.040772
      631 0.000332  -0.039763
      601 0.000331   0.039579
      848 0.000322  -0.038498
      419 0.000310  -0.037075
      137 0.000309  -0.036977
      403 0.000306   0.036689
      412 0.000305  -0.036525
      756 0.000303  -0.036329
      604 0.000302  -0.036200
      204 0.000293   0.035019
      243 0.000289   0.034575
      807 0.000286   0.034186
      757 0.000283  -0.033865
      576 0.000280  -0.033491
      696 0.000277  -0.033122
      587 0.000276   0.033073
      628 0.000272   0.032566
      258 0.000268  -0.032043
      383 0.000266   0.031851
      753 0.000262  -0.031306
      199 0.000248  -0.029738
      400 0.000246  -0.029405
      570 0.000235  -0.028110
      377 0.000232  -0.027824
      787 0.000230   0.027511
      658 0.000225   0.026922
      132 0.000224   0.026765
      580 0.000223  -0.026714
      815 0.000220  -0.026285
      573 0.000219   0.026161
      853 0.000218  -0.026061
      271 0.000210   0.025102
      564 0.000205  -0.024496
      273 0.000202  -0.024216
      741 0.000197   0.023592
      277 0.000196   0.023487
      254 0.000195   0.023386
      665 0.000192  -0.023024
      941 0.000191  -0.022845
      361 0.000189   0.022647
      739 0.000189  -0.022584
      161 0.000186   0.022264
      301 0.000181  -0.021666
      175 0.000181  -0.021648
      667 0.000179   0.021377
      148 0.000178   0.021364
      427 0.000178  -0.021256
      236 0.000174   0.020817
      793 0.000170  -0.020345
      557 0.000169  -0.020207
      800 0.000168  -0.020111
      299 0.000168   0.020066
      566 0.000167   0.019950
      640 0.000166  -0.019923
      828 0.000165  -0.019763
      217 0.000164  -0.019666
      711 0.000164   0.019652
      574 0.000164  -0.019622
      687 0.000163   0.019516
      234 0.000163   0.019501
      857 0.000161  -0.019318
       91 0.000161  -0.019223
      750 0.000160   0.019155
      247 0.000158   0.018879
      269 0.000157  -0.018845
      743 0.000157  -0.018750
      255 0.000156  -0.018628
      549 0.000154  -0.018468
      257 0.000154  -0.018411
      820 0.000152  -0.018217
      784 0.000151  -0.018097
      373 0.000151  -0.018049
      380 0.000149   0.017830
      790 0.000146   0.017501
      398 0.000145  -0.017390
      726 0.000144  -0.017233
      690 0.000144   0.017214
      235 0.000141  -0.016868
      585 0.000140  -0.016802
      355 0.000138   0.016468
      645 0.000136   0.016323
      855 0.000135  -0.016179
      356 0.000134  -0.016018
      369 0.000133   0.015885
      353 0.000132  -0.015768
      295 0.000132  -0.015766
      859 0.000131   0.015684
      263 0.000131  -0.015646
      605 0.000129  -0.015406
      847 0.000129   0.015394
      697 0.000127   0.015204
      808 0.000126   0.015110
      436 0.000126   0.015067
      818 0.000126  -0.015063
      736 0.000126  -0.015051
      908 0.000126  -0.015038
      367 0.000124   0.014889
      553 0.000124  -0.014836
      795 0.000121   0.014525
      294 0.000121  -0.014503
      423 0.000120  -0.014397
      354 0.000119   0.014295
      107 0.000118  -0.014180
      138 0.000118   0.014178
      431 0.000118  -0.014086
      974 0.000117   0.014065
      392 0.000117   0.014052
      266 0.000117  -0.014033
      600 0.000116  -0.013900
      798 0.000116   0.013888
      638 0.000115  -0.013768
      629 0.000115  -0.013758
      581 0.000115  -0.013755
      742 0.000113  -0.013577
      312 0.000113  -0.013503
      241 0.000112   0.013445
      759 0.000112   0.013365
      684 0.000111  -0.013343
      230 0.000110  -0.013154
      552 0.000110  -0.013153
      829 0.000110   0.013130
      281 0.000109   0.012989
      824 0.000105   0.012579
      594 0.000104  -0.012401
      249 0.000103  -0.012381
      840 0.000102  -0.012224
      801 0.000101  -0.012072
      292 0.000101  -0.012038
      261 0.000099  -0.011826
      799 0.000097  -0.011664
      239 0.000097   0.011599
      844 0.000097  -0.011586
      723 0.000096  -0.011537
      882 0.000096   0.011483
      740 0.000095  -0.011428
      584 0.000095  -0.011411
      611 0.000095  -0.011399
      591 0.000094   0.011234
      275 0.000092  -0.011061
      569 0.000091   0.010916
      308 0.000090  -0.010793
      572 0.000089  -0.010615
      386 0.000088   0.010516
      302 0.000088  -0.010475
      778 0.000087  -0.010469
      227 0.000087   0.010454
      291 0.000087   0.010357
      734 0.000087  -0.010356
     1095 0.000086  -0.010339
      803 0.000086   0.010312
      805 0.000086  -0.010274
      701 0.000085  -0.010170
      390 0.000084   0.010071
      832 0.000082   0.009867
      206 0.000082   0.009853
      394 0.000082   0.009781
      616 0.000081  -0.009755
      262 0.000081  -0.009718
      632 0.000080   0.009607
      560 0.000080  -0.009585
      728 0.000080  -0.009551
      561 0.000079   0.009485
      222 0.000079  -0.009484
      762 0.000078   0.009300
      744 0.000077  -0.009260
      428 0.000077   0.009236
      826 0.000077  -0.009179
      374 0.000076   0.009100
      955 0.000074   0.008902
      313 0.000074  -0.008836
      802 0.000073   0.008780
      343 0.000073  -0.008771
      414 0.000073   0.008739
      298 0.000072  -0.008675
      597 0.000072  -0.008646
      937 0.000072  -0.008641
      251 0.000071  -0.008550
      268 0.000071  -0.008527
     1005 0.000071   0.008510
      223 0.000070   0.008404
      978 0.000069   0.008314
      913 0.000069  -0.008298
      654 0.000069   0.008269
      209 0.000066  -0.007879
      545 0.000065  -0.007835
      596 0.000065  -0.007828
      776 0.000065  -0.007819
      193 0.000065  -0.007757
      843 0.000064  -0.007686
      922 0.000064  -0.007683
      722 0.000063  -0.007597
      539 0.000063   0.007489
      329 0.000062  -0.007434
      770 0.000062   0.007379
      425 0.000061   0.007244
      279 0.000060  -0.007240
      789 0.000060   0.007218
      748 0.000060  -0.007210
      782 0.000060  -0.007127
      337 0.000060  -0.007125
      332 0.000059  -0.007035
      325 0.000058  -0.006989
      864 0.000058   0.006985
      879 0.000058  -0.006895
      895 0.000057   0.006833
      870 0.000057  -0.006826
      948 0.000055   0.006556
      322 0.000055  -0.006549
      863 0.000054  -0.006510
      407 0.000052  -0.006167
      528 0.000051   0.006095
      891 0.000050  -0.005988
      831 0.000049   0.005906
      858 0.000048  -0.005701
      765 0.000047   0.005686
      289 0.000047   0.005661
      773 0.000047   0.005627
      821 0.000047  -0.005610
      603 0.000046  -0.005539
      589 0.000046  -0.005534
      542 0.000046   0.005485
      614 0.000046   0.005471
      874 0.000045  -0.005425
      860 0.000045  -0.005406
      198 0.000045   0.005401
      540 0.000045  -0.005347
      232 0.000044  -0.005307
      627 0.000043   0.005164
      319 0.000043   0.005156
      323 0.000042  -0.005009
      884 0.000042  -0.004984
      823 0.000042   0.004968
      880 0.000041   0.004959
      409 0.000041  -0.004957
      535 0.000041   0.004922
      290 0.000041   0.004893
      643 0.000041  -0.004854
      867 0.000040   0.004821
      987 0.000040   0.004753
      928 0.000039  -0.004710
      881 0.000039  -0.004692
      448 0.000039   0.004634
      297 0.000038  -0.004603
      397 0.000038  -0.004560
      342 0.000038   0.004520
      943 0.000038   0.004503
      590 0.000038  -0.004500
      224 0.000036  -0.004340
      950 0.000036  -0.004290
      169 0.000035  -0.004213
      333 0.000035  -0.004173
      518 0.000035   0.004162
      491 0.000035   0.004133
      677 0.000034   0.004117
      780 0.000034  -0.004094
      406 0.000034  -0.004078
     1001 0.000033  -0.003993
      933 0.000033   0.003979
      694 0.000033   0.003902
      894 0.000033  -0.003899
      488 0.000033   0.003894
      410 0.000032  -0.003850
      310 0.000032  -0.003839
      530 0.000032   0.003810
      532 0.000031   0.003767
      636 0.000031  -0.003727
      131 0.000031  -0.003691
      610 0.000031  -0.003691
      942 0.000031   0.003682
      792 0.000031   0.003664
      680 0.000030   0.003629
      475 0.000030  -0.003573
      842 0.000030  -0.003569
     1025 0.000030   0.003546
      993 0.000029   0.003510
      904 0.000029   0.003503
      852 0.000029  -0.003461
     1032 0.000029   0.003454
      413 0.000029   0.003428
      650 0.000028  -0.003391
      849 0.000028   0.003372
      524 0.000028  -0.003354
      814 0.000028   0.003338
      245 0.000028  -0.003338
      965 0.000028  -0.003324
      432 0.000027   0.003243
      201 0.000027  -0.003234
      685 0.000027  -0.003232
      445 0.000027  -0.003195
      321 0.000026  -0.003141
     1017 0.000025   0.003013
      830 0.000025   0.003007
      320 0.000025   0.002999
      424 0.000025  -0.002986
      315 0.000025   0.002982
      216 0.000024  -0.002919
      727 0.000024  -0.002864
      402 0.000023  -0.002807
     1034 0.000023  -0.002699
      900 0.000022  -0.002600
      519 0.000022   0.002588
      214 0.000021   0.002559
      335 0.000021  -0.002551
      104 0.000021   0.002523
      502 0.000021   0.002521
      536 0.000021  -0.002492
      917 0.000021   0.002470
      538 0.000020   0.002415
      334 0.000020   0.002400
      713 0.000020   0.002396
      455 0.000020  -0.002387
      479 0.000020   0.002379
      714 0.000020  -0.002345
      526 0.000019   0.002320
      775 0.000019   0.002317
      324 0.000019  -0.002315
      669 0.000019   0.002313
      763 0.000019  -0.002306
      512 0.000019  -0.002252
      489 0.000019   0.002242
      286 0.000018   0.002211
      949 0.000018   0.002205
      662 0.000018  -0.002202
      463 0.000018  -0.002169
      791 0.000018   0.002110
      366 0.000018   0.002108
      514 0.000018   0.002105
      458 0.000018   0.002101
      505 0.000017   0.002063
     1052 0.000017   0.002053
      437 0.000017   0.002047
      837 0.000017  -0.002037
      938 0.000017   0.002023
      856 0.000017   0.002003
      215 0.000017  -0.001990
      399 0.000017  -0.001988
      875 0.000017  -0.001984
      964 0.000017   0.001983
      284 0.000016   0.001957
      420 0.000016   0.001944
      608 0.000016  -0.001899
      655 0.000016  -0.001894
      609 0.000016   0.001885
      296 0.000015  -0.001842
      452 0.000015  -0.001840
      732 0.000015   0.001831
      592 0.000015  -0.001811
      876 0.000015  -0.001804
      988 0.000015  -0.001792
      971 0.000015  -0.001751
      957 0.000014   0.001721
      568 0.000014   0.001719
      907 0.000014   0.001717
      213 0.000014   0.001714
      794 0.000014   0.001713
      328 0.000014  -0.001697
      483 0.000014  -0.001658
      921 0.000014  -0.001643
      935 0.000014  -0.001642
      450 0.000014  -0.001637
      927 0.000013  -0.001607
     1010 0.000013   0.001597
      588 0.000013   0.001581
      534 0.000013  -0.001571
      619 0.000013   0.001558
      779 0.000013   0.001526
      318 0.000013  -0.001523
      816 0.000013   0.001516
      188 0.000013  -0.001514
      649 0.000012  -0.001495
      272 0.000012   0.001449
      934 0.000012  -0.001438
      405 0.000012   0.001427
      270 0.000012  -0.001424
      811 0.000012   0.001406
      634 0.000012  -0.001405
     1047 0.000011   0.001376
      462 0.000011   0.001375
      648 0.000011  -0.001373
      384 0.000011  -0.001361
      285 0.000011   0.001340
      720 0.000011  -0.001332
      283 0.000011   0.001315
     1073 0.000011  -0.001310
      487 0.000011  -0.001301
      250 0.000011   0.001297
      473 0.000011  -0.001292
      810 0.000011   0.001291
      691 0.000011   0.001285
      543 0.000011  -0.001258
      242 0.000010   0.001207
      256 0.000010   0.001198
      259 0.000010   0.001198
euclid. distance of OLC and linear combination of EV * x_coef: 0.011048085859978287

Generate samples based on objective loadcase 957
nr_to_generate: 25

Parameter variation distribution settings
distribution: uniform
low: 0.7
high: 1.3

Total process runtime: 0:00:01.262633
