Date and Time:2023-05-12 14:19:26.986702

Initial Settings:
similarity_model: <function cosine_similarity at 0x000001D005A6E5E0>
similarity_threshold: 1e-05
nr_eigv_to_select: None
distribution: uniform
deviation: 0.3
nr_to_generate: 25
recompute: False

Selected eigenvectors and similarity score w.r.t objective loadcase:
objective_loadcase_nr: 616
similarity_model: cosine_similarity
similarity_threshold: 1e-05
nr_eigv_to_select: None
nr_eigv_selected: 483
approximation parameter model: lstsq
similarity score and approx. param. value
:  eigv_idx    score      value
        3 0.580847  37.860083
        1 0.519534  33.863683
        2 0.511677 -33.351568
        0 0.359143  23.409213
        6 0.030711   2.001761
       39 0.027166   1.770729
        4 0.012418   0.809424
      639 0.003370   0.219632
      218 0.002425  -0.158089
      593 0.002073  -0.135126
      186 0.001977  -0.128842
      586 0.001936   0.126167
      612 0.001925  -0.125459
      710 0.001610  -0.104971
      187 0.001300  -0.084728
      595 0.001261   0.082170
      716 0.001255   0.081796
       68 0.001151  -0.075054
      663 0.001113  -0.072550
      626 0.001082   0.070532
      618 0.001075   0.070093
      668 0.001057   0.068926
      686 0.000938  -0.061130
      388 0.000895  -0.058345
      194 0.000871   0.056792
      143 0.000843   0.054932
      688 0.000793  -0.051708
      749 0.000790  -0.051482
      659 0.000780  -0.050820
      599 0.000762   0.049692
      617 0.000755   0.049238
      621 0.000727  -0.047379
      582 0.000718  -0.046778
      562 0.000715  -0.046573
      635 0.000702   0.045766
      670 0.000698   0.045502
      704 0.000664  -0.043278
      578 0.000608   0.039656
      183 0.000606   0.039484
      341 0.000601   0.039161
      718 0.000583  -0.038000
      733 0.000582   0.037910
      567 0.000559  -0.036454
      606 0.000549  -0.035776
      577 0.000533  -0.034716
      602 0.000523  -0.034116
       69 0.000522   0.033992
      698 0.000507  -0.033042
      579 0.000505   0.032916
      708 0.000487   0.031713
      253 0.000477  -0.031094
      267 0.000477  -0.031061
      735 0.000469  -0.030594
       71 0.000460   0.030007
      696 0.000458  -0.029866
      153 0.000458   0.029841
      575 0.000450   0.029303
      220 0.000446  -0.029068
      666 0.000438  -0.028522
      258 0.000428  -0.027866
      620 0.000425  -0.027706
      174 0.000417   0.027207
      709 0.000408  -0.026613
      707 0.000402  -0.026210
      753 0.000396  -0.025830
      601 0.000385   0.025092
      683 0.000383   0.024944
      641 0.000381  -0.024804
      700 0.000377   0.024579
      230 0.000356  -0.023232
      699 0.000350  -0.022791
      848 0.000349  -0.022772
      412 0.000340  -0.022157
      583 0.000338  -0.022038
      227 0.000337   0.021949
      182 0.000332  -0.021657
      210 0.000322  -0.020985
      273 0.000320  -0.020874
      793 0.000314  -0.020452
      419 0.000314  -0.020444
      756 0.000312  -0.020314
      807 0.000309   0.020157
      403 0.000300   0.019542
      587 0.000297   0.019354
      631 0.000291  -0.018977
      383 0.000281   0.018284
      362 0.000280  -0.018273
      269 0.000274  -0.017877
      853 0.000272  -0.017733
      763 0.000260   0.016922
      239 0.000259   0.016892
      243 0.000258   0.016821
      184 0.000256  -0.016697
      759 0.000256  -0.016675
      235 0.000255  -0.016637
      757 0.000254  -0.016585
      263 0.000254  -0.016542
      570 0.000249  -0.016252
      361 0.000244   0.015912
      137 0.000243  -0.015832
      299 0.000242   0.015793
      726 0.000237  -0.015476
      741 0.000228   0.014871
      739 0.000219  -0.014260
       70 0.000212   0.013832
      377 0.000212  -0.013826
      750 0.000204   0.013276
      743 0.000203  -0.013199
      204 0.000200   0.013031
      301 0.000198  -0.012904
      855 0.000195  -0.012713
      373 0.000191  -0.012455
      228 0.000190  -0.012408
      604 0.000190  -0.012390
      427 0.000190  -0.012390
      580 0.000188  -0.012277
      818 0.000188  -0.012233
      247 0.000187   0.012180
      206 0.000185   0.012085
      742 0.000185  -0.012084
      564 0.000184  -0.011985
      132 0.000184   0.011973
      312 0.000183  -0.011928
      576 0.000183  -0.011906
      800 0.000182  -0.011836
      658 0.000180   0.011715
      857 0.000179  -0.011697
      199 0.000177  -0.011528
      549 0.000176  -0.011491
      400 0.000175  -0.011437
      795 0.000174   0.011312
      392 0.000173   0.011251
      787 0.000172   0.011211
      824 0.000171   0.011150
      591 0.000170   0.011109
      553 0.000168  -0.010918
      175 0.000166  -0.010835
      223 0.000165   0.010773
      784 0.000164  -0.010693
      574 0.000162  -0.010530
      667 0.000159   0.010344
      711 0.000158   0.010285
      778 0.000156  -0.010184
      828 0.000156  -0.010152
      820 0.000154  -0.010057
      616 0.000154  -0.010029
      290 0.000153   0.010002
      337 0.000152  -0.009922
      179 0.000152   0.009909
      775 0.000149   0.009720
      665 0.000149  -0.009681
      941 0.000148  -0.009667
      369 0.000147   0.009575
      332 0.000147  -0.009572
      829 0.000146   0.009497
      275 0.000144  -0.009372
      628 0.000140   0.009135
      859 0.000140   0.009123
      808 0.000140   0.009098
      736 0.000139  -0.009037
      585 0.000137  -0.008962
      605 0.000137  -0.008951
      557 0.000132  -0.008590
      790 0.000131   0.008565
      355 0.000129   0.008425
      171 0.000128  -0.008324
      255 0.000125  -0.008174
      279 0.000124  -0.008084
      277 0.000124   0.008065
      257 0.000122  -0.007952
      423 0.000122  -0.007931
      566 0.000121   0.007874
      398 0.000120  -0.007845
      431 0.000120  -0.007836
      329 0.000120  -0.007815
      770 0.000119   0.007758
      298 0.000119  -0.007737
      294 0.000117  -0.007640
      271 0.000116   0.007565
      697 0.000115   0.007488
      687 0.000115   0.007473
      380 0.000113   0.007364
      645 0.000113   0.007352
      690 0.000112   0.007279
      217 0.000111  -0.007259
      354 0.000111   0.007229
      815 0.000111  -0.007228
       88 0.000108  -0.007061
      569 0.000108   0.007046
      799 0.000108  -0.007008
      241 0.000106   0.006891
      908 0.000103  -0.006726
      638 0.000103  -0.006720
      251 0.000102  -0.006631
      769 0.000101   0.006605
      201 0.000100  -0.006535
      744 0.000099  -0.006480
      600 0.000097  -0.006322
      234 0.000097   0.006294
      353 0.000097  -0.006293
      295 0.000096  -0.006284
      367 0.000096   0.006270
      728 0.000096  -0.006241
      684 0.000094  -0.006133
      292 0.000092  -0.006017
      436 0.000092   0.006009
      864 0.000091   0.005935
       93 0.000090  -0.005864
      974 0.000089   0.005804
      734 0.000089  -0.005776
      782 0.000089  -0.005774
      321 0.000088  -0.005746
      611 0.000088  -0.005746
      573 0.000086   0.005635
      840 0.000086  -0.005604
      581 0.000086  -0.005594
      948 0.000084   0.005503
      943 0.000084   0.005491
      266 0.000084  -0.005459
      847 0.000083   0.005386
      937 0.000082  -0.005348
      723 0.000082  -0.005345
      844 0.000081  -0.005287
      325 0.000081  -0.005280
      594 0.000081  -0.005266
      104 0.000079   0.005160
      261 0.000078  -0.005111
      285 0.000078   0.005099
      694 0.000078   0.005071
      342 0.000078   0.005059
      860 0.000077  -0.005032
      560 0.000077  -0.005016
      629 0.000077  -0.005011
      281 0.000076   0.004960
      762 0.000076  -0.004926
      773 0.000075   0.004905
      978 0.000073   0.004741
      843 0.000072  -0.004720
      584 0.000071  -0.004631
      884 0.000071  -0.004631
      356 0.000069  -0.004470
      572 0.000068  -0.004463
      552 0.000068  -0.004448
      262 0.000068  -0.004402
      268 0.000067  -0.004391
      654 0.000067   0.004386
      823 0.000067   0.004386
      701 0.000067  -0.004380
      390 0.000066   0.004311
      302 0.000066  -0.004270
      880 0.000065   0.004206
      882 0.000064   0.004204
     1095 0.000064  -0.004187
      291 0.000063   0.004129
      632 0.000063   0.004126
      107 0.000063  -0.004124
      319 0.000062   0.004032
     1005 0.000061   0.003964
      826 0.000061  -0.003958
      283 0.000061   0.003945
      792 0.000060   0.003923
      722 0.000060  -0.003909
      539 0.000060   0.003893
      913 0.000059  -0.003871
      870 0.000059  -0.003868
      589 0.000059  -0.003828
      780 0.000057   0.003695
      895 0.000056   0.003670
      765 0.000056   0.003656
      428 0.000056   0.003632
      318 0.000055  -0.003610
      545 0.000055  -0.003589
      323 0.000055  -0.003571
      425 0.000055   0.003557
      831 0.000054   0.003542
      289 0.000054   0.003532
      590 0.000054  -0.003508
      138 0.000052  -0.003418
      414 0.000052   0.003398
      627 0.000052   0.003363
      596 0.000052  -0.003362
      386 0.000051   0.003357
      528 0.000051   0.003324
      789 0.000051   0.003308
      308 0.000050  -0.003274
      561 0.000049   0.003226
      614 0.000048   0.003146
      922 0.000048  -0.003141
      322 0.000048  -0.003110
      364 0.000047  -0.003085
      535 0.000046   0.002999
      821 0.000046  -0.002982
      315 0.000046   0.002973
      955 0.000045   0.002959
      894 0.000045  -0.002908
      935 0.000044  -0.002883
      874 0.000044  -0.002865
      169 0.000044  -0.002851
      413 0.000043  -0.002828
      650 0.000041  -0.002687
      801 0.000041  -0.002675
      313 0.000041  -0.002653
      374 0.000040   0.002640
      161 0.000040   0.002628
      343 0.000040  -0.002628
      957 0.000039   0.002557
      842 0.000039  -0.002549
      881 0.000038  -0.002482
      748 0.000038  -0.002458
      942 0.000037   0.002415
      278 0.000037   0.002413
      832 0.000037   0.002409
      244 0.000036  -0.002348
      491 0.000036   0.002317
      849 0.000035   0.002274
      518 0.000035   0.002263
      879 0.000035  -0.002256
      838 0.000035  -0.002251
      643 0.000034  -0.002233
      950 0.000034  -0.002233
       91 0.000034  -0.002231
      988 0.000034  -0.002223
      833 0.000034  -0.002210
      830 0.000033   0.002170
      284 0.000033   0.002153
      971 0.000033  -0.002134
     1073 0.000033  -0.002132
      727 0.000033  -0.002128
      488 0.000032   0.002116
      841 0.000032   0.002112
      532 0.000032   0.002110
      964 0.000032   0.002108
      193 0.000032   0.002108
      394 0.000032   0.002097
      366 0.000032   0.002088
      226 0.000032   0.002072
     1096 0.000032   0.002067
      540 0.000031  -0.002038
      225 0.000031   0.002010
      236 0.000031   0.002006
      407 0.000031  -0.002005
      597 0.000031  -0.002005
      636 0.000029  -0.001921
      359 0.000029   0.001911
      409 0.000029  -0.001902
      798 0.000029  -0.001899
      794 0.000029   0.001898
      448 0.000029   0.001873
      811 0.000029   0.001870
      921 0.000029  -0.001860
      933 0.000029   0.001860
      410 0.000028  -0.001850
      254 0.000028   0.001826
      904 0.000028   0.001804
      475 0.000028  -0.001792
      542 0.000027   0.001780
      310 0.000027  -0.001775
      524 0.000027  -0.001761
      406 0.000027  -0.001761
      685 0.000027  -0.001758
      445 0.000027  -0.001753
      928 0.000027  -0.001728
      131 0.000026   0.001705
      297 0.000026  -0.001703
      357 0.000026  -0.001684
      805 0.000025  -0.001659
      232 0.000025  -0.001652
      333 0.000024  -0.001595
      791 0.000024   0.001590
      810 0.000024   0.001588
      983 0.000024   0.001582
     1032 0.000024   0.001582
      856 0.000024   0.001577
      977 0.000024   0.001570
      526 0.000024   0.001554
      837 0.000024  -0.001548
     1034 0.000024  -0.001545
      835 0.000024  -0.001541
      610 0.000024  -0.001541
      987 0.000024   0.001532
      286 0.000023   0.001515
      649 0.000023  -0.001514
      530 0.000023   0.001489
     1010 0.000023   0.001476
      424 0.000022  -0.001464
      927 0.000022  -0.001441
      839 0.000022   0.001405
      680 0.000021   0.001386
      677 0.000021   0.001384
     1001 0.000021  -0.001372
      382 0.000021  -0.001352
      360 0.000020   0.001312
     1009 0.000020  -0.001298
      479 0.000020   0.001296
      934 0.000020  -0.001274
      514 0.000019   0.001267
      669 0.000019   0.001255
      868 0.000019   0.001253
      148 0.000019   0.001249
      245 0.000019  -0.001233
      959 0.000019  -0.001224
      899 0.000018  -0.001204
      384 0.000018  -0.001203
      240 0.000018  -0.001179
      592 0.000018   0.001170
      809 0.000018   0.001159
      397 0.000018  -0.001145
      536 0.000017  -0.001132
      568 0.000017   0.001130
      916 0.000017  -0.001116
      776 0.000017  -0.001113
      902 0.000017  -0.001112
      432 0.000017   0.001109
      463 0.000017  -0.001109
      455 0.000017  -0.001104
      437 0.000017   0.001102
     1025 0.000017   0.001089
      891 0.000017  -0.001083
      519 0.000016   0.001072
      248 0.000016   0.001065
      502 0.000016   0.001047
      714 0.000016  -0.001044
      237 0.000016   0.001039
      764 0.000016  -0.001036
      898 0.000016   0.001036
      713 0.000016   0.001026
      512 0.000016  -0.001021
      402 0.000015  -0.001007
      646 0.000015   0.000997
     1003 0.000015  -0.000997
      814 0.000015   0.000996
     1016 0.000015  -0.000987
      188 0.000015  -0.000981
      907 0.000015   0.000958
      324 0.000015  -0.000957
     1017 0.000015   0.000954
      458 0.000014   0.000908
      949 0.000014   0.000899
      350 0.000014   0.000883
      489 0.000013   0.000880
      732 0.000013   0.000874
     1020 0.000013  -0.000869
      640 0.000013  -0.000843
      655 0.000013  -0.000837
      238 0.000013  -0.000836
      662 0.000013  -0.000819
      450 0.000013  -0.000819
      952 0.000013  -0.000817
      316 0.000012  -0.000812
      984 0.000012  -0.000797
      320 0.000012   0.000796
     1040 0.000012  -0.000796
      505 0.000012   0.000778
      903 0.000012   0.000777
      917 0.000012   0.000771
      691 0.000012   0.000759
      876 0.000012  -0.000757
      399 0.000012  -0.000751
      803 0.000011   0.000741
      224 0.000011  -0.000737
     1052 0.000011   0.000735
      623 0.000011  -0.000734
      875 0.000011  -0.000731
      346 0.000011   0.000731
      256 0.000011   0.000722
      681 0.000011  -0.000717
      609 0.000011   0.000711
      487 0.000011  -0.000710
      296 0.000011  -0.000705
      209 0.000011   0.000703
      816 0.000011   0.000702
      634 0.000011  -0.000698
      349 0.000011  -0.000695
     1061 0.000011  -0.000694
      779 0.000011  -0.000692
      483 0.000010  -0.000684
      858 0.000010  -0.000677
      938 0.000010   0.000675
      478 0.000010   0.000674
      993 0.000010   0.000673
      461 0.000010   0.000673
      264 0.000010   0.000671
      198 0.000010  -0.000667
euclid. distance of OLC and linear combination of EV * x_coef: 0.0055700049109653005

Generate samples based on objective loadcase 616
nr_to_generate: 25

Parameter variation distribution settings
distribution: uniform
low: 0.7
high: 1.3

Total process runtime: 0:00:01.304050
