Date and Time:2023-05-12 14:21:25.026645

Initial Settings:
similarity_model: <function cosine_similarity at 0x000001D005A6E5E0>
similarity_threshold: 1e-05
nr_eigv_to_select: None
distribution: uniform
deviation: 0.3
nr_to_generate: 25
recompute: False

Selected eigenvectors and similarity score w.r.t objective loadcase:
objective_loadcase_nr: 704
similarity_model: cosine_similarity
similarity_threshold: 1e-05
nr_eigv_to_select: None
nr_eigv_selected: 458
approximation parameter model: lstsq
similarity score and approx. param. value
:  eigv_idx    score      value
        1 0.546120  49.182105
        3 0.544792  49.062477
        2 0.500424 -45.066827
        0 0.388814  35.015573
        6 0.052138   4.695407
       39 0.020980   1.889378
        4 0.010762   0.969181
      639 0.003806   0.342745
      186 0.002320  -0.208895
      593 0.002174  -0.195801
      612 0.002140  -0.192684
      586 0.001986   0.178880
      218 0.001882  -0.169497
      716 0.001623   0.146181
      710 0.001553  -0.139870
      187 0.001549  -0.139543
       68 0.001528  -0.137605
      663 0.001421  -0.127987
      618 0.001380   0.124238
      668 0.001311   0.118063
      595 0.001269   0.114274
      194 0.001056   0.095100
      626 0.000991   0.089235
      659 0.000989  -0.089091
      686 0.000961  -0.086570
      388 0.000951  -0.085624
      617 0.000913   0.082259
      143 0.000909   0.081891
      599 0.000841   0.075726
      182 0.000824  -0.074239
      688 0.000815  -0.073358
      562 0.000792  -0.071322
      582 0.000784  -0.070626
      635 0.000781   0.070297
      670 0.000774   0.069707
      183 0.000734   0.066087
      621 0.000718  -0.064657
      578 0.000709   0.063859
      700 0.000688   0.061934
      733 0.000655   0.058980
      184 0.000655  -0.058964
      579 0.000651   0.058626
      698 0.000648  -0.058350
      683 0.000629   0.056636
      341 0.000604   0.054420
      749 0.000602  -0.054227
      704 0.000597  -0.053796
      718 0.000583  -0.052514
      602 0.000556  -0.050060
      666 0.000548  -0.049393
      253 0.000535  -0.048183
      606 0.000516  -0.046510
      567 0.000511  -0.045995
      708 0.000491   0.044204
      577 0.000489  -0.043997
      153 0.000478   0.043089
      174 0.000468   0.042102
      699 0.000446  -0.040162
      641 0.000436  -0.039235
      575 0.000428   0.038540
      620 0.000419  -0.037705
      220 0.000417  -0.037566
      267 0.000411  -0.036997
      735 0.000409  -0.036845
      709 0.000396  -0.035623
      210 0.000394  -0.035459
      583 0.000390  -0.035093
      707 0.000370  -0.033347
      228 0.000366  -0.032989
      601 0.000354   0.031891
      848 0.000350  -0.031508
      696 0.000348  -0.031356
      179 0.000343   0.030846
      807 0.000339   0.030527
      412 0.000337  -0.030312
      362 0.000336  -0.030277
      419 0.000332  -0.029904
      631 0.000328  -0.029560
      403 0.000312   0.028119
      258 0.000300  -0.026987
      171 0.000299  -0.026892
      753 0.000296  -0.026690
      587 0.000293   0.026366
      756 0.000292  -0.026259
      204 0.000287   0.025878
      243 0.000281   0.025323
      383 0.000280   0.025198
      137 0.000279  -0.025096
      604 0.000275  -0.024760
      757 0.000274  -0.024691
      570 0.000261  -0.023508
       70 0.000257   0.023103
      576 0.000245  -0.022075
      377 0.000242  -0.021795
      273 0.000238  -0.021467
       69 0.000237   0.021344
      199 0.000230  -0.020712
      793 0.000228  -0.020536
      580 0.000227  -0.020411
      628 0.000221   0.019941
      400 0.000221  -0.019932
      564 0.000214  -0.019310
      815 0.000213  -0.019216
      658 0.000213   0.019140
      853 0.000210  -0.018884
      132 0.000206   0.018593
      741 0.000205   0.018503
      361 0.000202   0.018201
      230 0.000202  -0.018183
      665 0.000200  -0.018030
      573 0.000200   0.017968
      941 0.000198  -0.017864
      301 0.000196  -0.017682
      800 0.000196  -0.017650
      427 0.000196  -0.017630
      269 0.000196  -0.017629
      739 0.000193  -0.017412
      549 0.000193  -0.017351
      828 0.000189  -0.017053
      299 0.000188   0.016893
      254 0.000187   0.016815
      175 0.000186  -0.016762
      667 0.000180   0.016180
      787 0.000179   0.016117
      820 0.000178  -0.016068
      255 0.000176  -0.015859
      784 0.000175  -0.015767
      574 0.000174  -0.015694
       71 0.000173   0.015610
      373 0.000172  -0.015525
      271 0.000172   0.015505
      687 0.000172   0.015475
      247 0.000171   0.015407
      557 0.000169  -0.015194
      743 0.000168  -0.015139
      227 0.000167   0.015061
      277 0.000165   0.014873
      711 0.000163   0.014644
      235 0.000160  -0.014432
      369 0.000158   0.014272
      392 0.000155   0.013971
      161 0.000152   0.013728
      855 0.000151  -0.013622
      380 0.000150   0.013514
      750 0.000150   0.013494
      585 0.000148  -0.013352
      398 0.000148  -0.013299
      726 0.000146  -0.013103
      239 0.000144   0.012995
      795 0.000144   0.012994
      312 0.000143  -0.012897
      605 0.000143  -0.012887
      808 0.000140   0.012651
      217 0.000139  -0.012495
      857 0.000138  -0.012444
      295 0.000136  -0.012281
      566 0.000136   0.012209
      236 0.000135   0.012198
      355 0.000135   0.012144
      553 0.000134  -0.012108
      148 0.000133   0.012001
      234 0.000132   0.011931
      697 0.000132   0.011916
      908 0.000131  -0.011753
      263 0.000130  -0.011724
      257 0.000130  -0.011704
      690 0.000130   0.011672
      423 0.000129  -0.011644
      431 0.000128  -0.011570
      790 0.000127   0.011473
      847 0.000127   0.011466
      294 0.000127  -0.011427
      818 0.000127  -0.011404
      353 0.000126  -0.011327
      356 0.000125  -0.011267
      645 0.000125   0.011267
      736 0.000125  -0.011244
      742 0.000125  -0.011238
      354 0.000124   0.011174
      974 0.000124   0.011139
      591 0.000123   0.011082
      275 0.000123  -0.011056
      778 0.000119  -0.010726
      638 0.000118  -0.010644
      436 0.000116   0.010480
      629 0.000114  -0.010297
      616 0.000114  -0.010253
      799 0.000112  -0.010076
      882 0.000111   0.009977
      840 0.000109  -0.009834
      581 0.000108  -0.009683
      266 0.000106  -0.009532
      640 0.000106  -0.009526
      223 0.000105   0.009464
      859 0.000105   0.009446
      684 0.000104  -0.009371
      584 0.000104  -0.009364
      600 0.000103  -0.009285
      367 0.000103   0.009235
      241 0.000102   0.009184
      569 0.000101   0.009108
      844 0.000100  -0.009014
      611 0.000098  -0.008811
      572 0.000097  -0.008734
      281 0.000096   0.008674
      798 0.000096   0.008606
      561 0.000095   0.008569
      824 0.000095   0.008564
      107 0.000095  -0.008533
      740 0.000094  -0.008469
      292 0.000093  -0.008356
     1095 0.000092  -0.008270
      594 0.000091  -0.008235
      249 0.000091  -0.008171
      261 0.000090  -0.008114
      337 0.000090  -0.008088
      723 0.000089  -0.007994
      262 0.000086  -0.007776
      832 0.000086   0.007721
      734 0.000084  -0.007603
      206 0.000084   0.007574
      744 0.000083  -0.007487
      829 0.000083   0.007464
      308 0.000081  -0.007295
      302 0.000081  -0.007256
      251 0.000080  -0.007229
      955 0.000079   0.007131
      728 0.000079  -0.007122
      332 0.000079  -0.007078
      759 0.000078   0.007002
      279 0.000078  -0.006996
       91 0.000078  -0.006983
      298 0.000077  -0.006977
      937 0.000077  -0.006952
      632 0.000076   0.006860
     1005 0.000075   0.006799
      560 0.000075  -0.006769
      978 0.000075   0.006711
      654 0.000074   0.006633
      552 0.000073  -0.006614
      614 0.000073   0.006566
      701 0.000073  -0.006537
      386 0.000073   0.006529
      390 0.000072   0.006491
      748 0.000072  -0.006472
      913 0.000072  -0.006455
      596 0.000071  -0.006425
      722 0.000071  -0.006374
      291 0.000071   0.006354
      428 0.000070   0.006327
      222 0.000070  -0.006295
      879 0.000068  -0.006145
      343 0.000068  -0.006112
      922 0.000067  -0.006062
      803 0.000067   0.006025
      268 0.000067  -0.006017
      425 0.000067   0.006003
      209 0.000066  -0.005958
      414 0.000065   0.005872
      545 0.000065  -0.005870
      843 0.000065  -0.005867
       88 0.000064  -0.005792
      948 0.000064   0.005733
      891 0.000063  -0.005710
      597 0.000063  -0.005704
      782 0.000063  -0.005700
      826 0.000063  -0.005631
      863 0.000062  -0.005621
      539 0.000062   0.005617
      319 0.000061   0.005521
      374 0.000061   0.005513
      329 0.000061  -0.005471
      895 0.000058   0.005215
      322 0.000058  -0.005204
      776 0.000058  -0.005188
      762 0.000057   0.005146
      627 0.000056   0.005045
      290 0.000056   0.005039
      802 0.000056   0.005014
      831 0.000055   0.004968
      821 0.000054  -0.004887
      528 0.000054   0.004860
      313 0.000053  -0.004741
      325 0.000052  -0.004655
       93 0.000052  -0.004639
      407 0.000051  -0.004628
      801 0.000051  -0.004600
      323 0.000051  -0.004595
      232 0.000051  -0.004590
      397 0.000050  -0.004470
      792 0.000050   0.004459
      289 0.000049   0.004448
      193 0.000049  -0.004446
      104 0.000049   0.004418
      765 0.000049   0.004413
      394 0.000049   0.004373
      860 0.000048  -0.004364
      694 0.000048   0.004301
      198 0.000047   0.004252
      775 0.000047   0.004244
      169 0.000047  -0.004237
      770 0.000046   0.004180
      342 0.000046   0.004167
      542 0.000046   0.004139
      535 0.000046   0.004119
      789 0.000045   0.004097
      590 0.000044  -0.003998
      650 0.000044  -0.003937
      297 0.000044  -0.003935
      321 0.000042  -0.003813
      540 0.000042  -0.003750
      987 0.000041   0.003727
      867 0.000041   0.003720
      870 0.000041  -0.003717
      928 0.000041  -0.003700
      864 0.000041   0.003663
      881 0.000041  -0.003651
      805 0.000040  -0.003627
      858 0.000040  -0.003574
      409 0.000039  -0.003527
      823 0.000038   0.003428
      518 0.000038   0.003385
      773 0.000037   0.003369
      589 0.000037  -0.003354
      491 0.000037   0.003309
     1001 0.000036  -0.003276
      448 0.000036   0.003265
      874 0.000035  -0.003195
      201 0.000035  -0.003155
      933 0.000035   0.003115
      677 0.000035   0.003113
      315 0.000034   0.003083
      532 0.000034   0.003069
      488 0.000033   0.002989
      138 0.000033   0.002978
      608 0.000033  -0.002969
      410 0.000033  -0.002936
      965 0.000033  -0.002933
      904 0.000033   0.002928
      310 0.000032  -0.002863
      445 0.000032  -0.002837
      993 0.000031   0.002828
     1025 0.000031   0.002817
     1032 0.000031   0.002784
      894 0.000031  -0.002749
      475 0.000030  -0.002707
      943 0.000030   0.002701
      530 0.000030   0.002692
      636 0.000029  -0.002650
      950 0.000029  -0.002638
      524 0.000029  -0.002617
      942 0.000028   0.002521
      842 0.000028  -0.002512
      424 0.000027  -0.002466
      649 0.000027  -0.002465
      880 0.000027   0.002422
      603 0.000027  -0.002401
      366 0.000026   0.002379
     1017 0.000026   0.002355
      643 0.000025  -0.002291
      900 0.000025  -0.002257
      349 0.000024  -0.002204
     1034 0.000024  -0.002183
      938 0.000024   0.002173
      814 0.000024   0.002125
      224 0.000023  -0.002107
      830 0.000023   0.002097
      526 0.000023   0.002043
      917 0.000022   0.002002
      432 0.000022   0.002000
      685 0.000022  -0.001999
      244 0.000022  -0.001979
      680 0.000022   0.001967
      769 0.000021   0.001909
      502 0.000021   0.001879
      519 0.000021   0.001869
      245 0.000021  -0.001862
      455 0.000021  -0.001850
      727 0.000020  -0.001840
      794 0.000020   0.001802
      714 0.000020  -0.001801
      479 0.000020   0.001790
      536 0.000020  -0.001772
      856 0.000019   0.001725
      514 0.000019   0.001724
      437 0.000019   0.001716
      463 0.000019  -0.001703
      949 0.000019   0.001703
      646 0.000018   0.001665
      512 0.000018  -0.001664
     1052 0.000018   0.001629
      286 0.000018   0.001616
      346 0.000018   0.001611
      884 0.000018  -0.001602
      489 0.000018   0.001594
      505 0.000017   0.001570
      907 0.000017   0.001538
      458 0.000017   0.001501
      662 0.000016  -0.001465
      592 0.000016  -0.001451
      283 0.000016   0.001450
      538 0.000016   0.001438
      838 0.000016   0.001422
      839 0.000015  -0.001393
      732 0.000015   0.001391
      780 0.000015  -0.001389
     1010 0.000015   0.001348
      450 0.000015  -0.001335
      252 0.000014   0.001305
      285 0.000014   0.001288
       66 0.000014  -0.001255
      713 0.000014   0.001251
     1073 0.000014  -0.001222
      816 0.000014   0.001220
      811 0.000013   0.001202
      804 0.000013  -0.001194
      402 0.000013   0.001191
      250 0.000013  -0.001181
      324 0.000013  -0.001166
      320 0.000013  -0.001163
      883 0.000013   0.001163
      483 0.000013  -0.001141
      755 0.000013  -0.001131
      927 0.000012  -0.001112
       98 0.000012  -0.001106
      619 0.000012   0.001092
      284 0.000012   0.001091
      478 0.000012   0.001089
     1047 0.000012   0.001067
      462 0.000012   0.001061
      384 0.000012  -0.001059
      791 0.000012   0.001036
      669 0.000011   0.001021
      609 0.000011  -0.001017
      406 0.000011   0.001005
      634 0.000011  -0.001004
      487 0.000011  -0.000987
      934 0.000011  -0.000985
      921 0.000011  -0.000985
      809 0.000011   0.000971
      296 0.000011   0.000967
      598 0.000011   0.000958
      214 0.000011  -0.000954
      473 0.000011  -0.000951
      935 0.000011  -0.000950
      868 0.000010  -0.000939
      534 0.000010  -0.000939
      418 0.000010  -0.000933
      810 0.000010   0.000929
     1061 0.000010  -0.000926
      763 0.000010   0.000924
      461 0.000010   0.000923
      240 0.000010   0.000921
      335 0.000010   0.000907
      510 0.000010  -0.000907
      971 0.000010  -0.000906
       64 0.000010  -0.000904
      681 0.000010  -0.000904
euclid. distance of OLC and linear combination of EV * x_coef: 0.006985231419216158

Generate samples based on objective loadcase 704
nr_to_generate: 25

Parameter variation distribution settings
distribution: uniform
low: 0.7
high: 1.3

Total process runtime: 0:00:01.256341
