Date and Time:2023-05-12 14:12:20.591387

Initial Settings:
similarity_model: <function cosine_similarity at 0x000001D005A6E5E0>
similarity_threshold: 1e-05
nr_eigv_to_select: None
distribution: uniform
deviation: 0.3
nr_to_generate: 25
recompute: False

Selected eigenvectors and similarity score w.r.t objective loadcase:
objective_loadcase_nr: 295
similarity_model: cosine_similarity
similarity_threshold: 1e-05
nr_eigv_to_select: None
nr_eigv_selected: 536
approximation parameter model: lstsq
similarity score and approx. param. value
:  eigv_idx    score      value
        3 0.586955  27.989574
        1 0.514924  24.554705
        2 0.513096 -24.467555
        0 0.354052  16.883369
        6 0.027289   1.301308
       39 0.027267   1.300255
        4 0.012692   0.605237
      639 0.003294   0.157075
      218 0.002432  -0.115958
      593 0.002028  -0.096725
      186 0.002003  -0.095523
      612 0.001905  -0.090839
      586 0.001895   0.090365
      710 0.001612  -0.076890
       68 0.001387  -0.066136
      187 0.001308  -0.062353
      595 0.001232   0.058737
      716 0.001181   0.056302
      663 0.001082  -0.051578
      618 0.001057   0.050416
      626 0.001037   0.049464
      668 0.001028   0.049000
      143 0.000971   0.046310
      686 0.000917  -0.043728
      388 0.000875  -0.041749
      194 0.000875   0.041731
      749 0.000874  -0.041674
      688 0.000786  -0.037490
      599 0.000748   0.035649
      659 0.000744  -0.035463
      562 0.000704  -0.033575
      582 0.000704  -0.033551
      617 0.000700   0.033370
      635 0.000697   0.033229
      621 0.000695  -0.033136
      670 0.000664   0.031641
      704 0.000613  -0.029220
      183 0.000594   0.028323
      578 0.000593   0.028274
      341 0.000587   0.027985
      733 0.000555   0.026477
      718 0.000551  -0.026275
      567 0.000546  -0.026015
      606 0.000539  -0.025716
      602 0.000525  -0.025056
       69 0.000520   0.024817
      577 0.000517  -0.024653
      735 0.000507  -0.024165
      579 0.000498   0.023735
      153 0.000492   0.023483
      267 0.000490  -0.023367
      253 0.000487  -0.023223
      708 0.000480   0.022873
      698 0.000474  -0.022613
      575 0.000444   0.021176
      174 0.000429   0.020455
       71 0.000427   0.020384
      696 0.000426  -0.020300
      620 0.000417  -0.019867
      258 0.000412  -0.019661
      666 0.000411  -0.019600
      709 0.000406  -0.019371
      220 0.000400  -0.019051
      707 0.000382  -0.018194
      230 0.000381  -0.018160
      753 0.000380  -0.018139
      683 0.000376   0.017951
      601 0.000370   0.017622
      641 0.000364  -0.017356
      227 0.000356   0.016984
      700 0.000343   0.016333
      756 0.000337  -0.016047
      848 0.000334  -0.015910
      412 0.000332  -0.015817
      583 0.000331  -0.015787
      699 0.000327  -0.015571
      273 0.000314  -0.014991
      210 0.000314  -0.014981
      137 0.000309  -0.014749
      235 0.000308  -0.014675
      419 0.000307  -0.014648
      631 0.000307  -0.014631
      243 0.000303   0.014464
      403 0.000298   0.014227
      793 0.000296  -0.014138
      807 0.000295   0.014076
      853 0.000291  -0.013872
      587 0.000291   0.013865
      269 0.000284  -0.013546
      383 0.000280   0.013336
      362 0.000277  -0.013221
       70 0.000277   0.013207
      757 0.000270  -0.012858
      239 0.000261   0.012454
      263 0.000259  -0.012339
      741 0.000258   0.012312
      763 0.000253   0.012073
      759 0.000248  -0.011843
      182 0.000248  -0.011820
      361 0.000247   0.011802
      726 0.000247  -0.011793
      739 0.000244  -0.011640
      299 0.000240   0.011422
      570 0.000239  -0.011389
      750 0.000234   0.011135
      132 0.000224   0.010663
      787 0.000211   0.010061
      377 0.000209  -0.009944
      743 0.000199  -0.009468
      857 0.000194  -0.009267
      228 0.000194  -0.009248
      301 0.000194  -0.009243
      855 0.000189  -0.008991
      818 0.000187  -0.008913
      576 0.000186  -0.008885
      427 0.000186  -0.008870
      373 0.000181  -0.008643
      742 0.000181  -0.008611
      206 0.000179   0.008540
      604 0.000179  -0.008514
      564 0.000177  -0.008449
      247 0.000177   0.008427
      800 0.000175  -0.008340
      400 0.000174  -0.008318
      824 0.000174   0.008312
      549 0.000173  -0.008267
      580 0.000173  -0.008259
      658 0.000173   0.008231
      312 0.000172  -0.008197
      204 0.000172   0.008187
      175 0.000171  -0.008135
      795 0.000166   0.007898
      591 0.000165   0.007876
      392 0.000162   0.007739
      553 0.000161  -0.007677
      223 0.000160   0.007616
      184 0.000159  -0.007598
      199 0.000159  -0.007594
      711 0.000156   0.007456
      784 0.000155  -0.007407
      859 0.000152   0.007266
      290 0.000152   0.007252
      820 0.000152  -0.007228
      277 0.000151   0.007181
      628 0.000150   0.007169
      828 0.000150  -0.007134
      275 0.000149  -0.007105
      778 0.000148  -0.007045
      829 0.000146   0.006965
      790 0.000145   0.006907
      941 0.000144  -0.006873
      574 0.000144  -0.006860
      770 0.000144   0.006849
      355 0.000143   0.006804
      332 0.000142  -0.006782
      775 0.000140   0.006696
      667 0.000139   0.006649
      736 0.000139  -0.006645
      369 0.000137   0.006529
      605 0.000136  -0.006504
      616 0.000134  -0.006383
      337 0.000132  -0.006311
      808 0.000132   0.006286
      241 0.000131   0.006245
      665 0.000128  -0.006102
      557 0.000126  -0.006001
      329 0.000124  -0.005927
      566 0.000124   0.005890
      585 0.000123  -0.005884
      298 0.000123  -0.005854
      217 0.000123  -0.005846
      423 0.000119  -0.005685
      431 0.000118  -0.005625
      645 0.000114   0.005439
      179 0.000114   0.005433
      294 0.000114  -0.005415
      690 0.000114   0.005415
       88 0.000112  -0.005360
      279 0.000111  -0.005298
      257 0.000109  -0.005205
      398 0.000108  -0.005135
      815 0.000107  -0.005124
      266 0.000107  -0.005093
      201 0.000107  -0.005081
      354 0.000107   0.005080
      684 0.000106  -0.005055
      380 0.000105   0.005003
      687 0.000104   0.004982
      367 0.000104   0.004964
      271 0.000104   0.004962
      799 0.000104  -0.004945
      697 0.000104   0.004944
      285 0.000101   0.004820
      908 0.000100  -0.004792
      864 0.000100   0.004762
      769 0.000100   0.004762
      744 0.000100  -0.004746
      728 0.000098  -0.004665
      171 0.000097  -0.004613
      600 0.000094  -0.004499
      255 0.000092  -0.004396
      773 0.000092   0.004373
      943 0.000091   0.004352
       93 0.000091  -0.004352
      847 0.000091   0.004330
      569 0.000090   0.004307
      436 0.000090   0.004282
      638 0.000089  -0.004250
      353 0.000089  -0.004250
      611 0.000089  -0.004232
      104 0.000089   0.004230
      292 0.000089  -0.004227
      734 0.000089  -0.004224
      782 0.000088  -0.004220
      573 0.000088   0.004196
      974 0.000087   0.004149
      325 0.000085  -0.004062
      234 0.000085   0.004035
      295 0.000084  -0.004008
      948 0.000084   0.003996
      321 0.000083  -0.003976
      840 0.000083  -0.003971
      884 0.000083  -0.003949
      723 0.000082  -0.003929
      937 0.000082  -0.003903
      801 0.000081  -0.003852
      581 0.000080  -0.003823
      844 0.000079  -0.003773
      594 0.000079  -0.003766
      281 0.000078   0.003733
      251 0.000078  -0.003731
      261 0.000078  -0.003727
      860 0.000076  -0.003639
      342 0.000075   0.003582
      843 0.000075  -0.003557
      701 0.000074  -0.003540
      880 0.000074   0.003528
      762 0.000074  -0.003521
      589 0.000072  -0.003431
      552 0.000072  -0.003413
      978 0.000071   0.003407
      318 0.000070  -0.003350
      823 0.000070   0.003329
      870 0.000066  -0.003170
      694 0.000066   0.003138
      289 0.000065   0.003122
      560 0.000065  -0.003095
      390 0.000065   0.003088
      302 0.000064  -0.003043
      654 0.000064   0.003042
      364 0.000063  -0.003007
     1095 0.000063  -0.003005
      291 0.000063   0.002981
      826 0.000062  -0.002945
      629 0.000061  -0.002931
      882 0.000061   0.002891
      107 0.000060  -0.002873
      262 0.000060  -0.002865
      572 0.000060  -0.002848
     1005 0.000060   0.002843
      539 0.000059   0.002796
      584 0.000058  -0.002786
      913 0.000058  -0.002773
      313 0.000058  -0.002762
      386 0.000057   0.002725
      138 0.000057  -0.002708
      283 0.000057   0.002701
      765 0.000056   0.002673
      895 0.000056   0.002656
      792 0.000056   0.002656
      319 0.000055   0.002632
      789 0.000055   0.002627
      428 0.000055   0.002625
      308 0.000054  -0.002579
      323 0.000054  -0.002573
      780 0.000054   0.002571
      545 0.000053  -0.002533
      414 0.000052   0.002491
      894 0.000052  -0.002473
      356 0.000052  -0.002463
      805 0.000051  -0.002455
      874 0.000051  -0.002431
      590 0.000050  -0.002408
      226 0.000050   0.002404
      528 0.000050   0.002388
      425 0.000050   0.002382
      193 0.000050   0.002380
      244 0.000049  -0.002351
      722 0.000049  -0.002337
      225 0.000049   0.002329
      169 0.000049  -0.002315
      643 0.000048  -0.002282
      831 0.000048   0.002278
      315 0.000047   0.002247
      821 0.000047  -0.002245
      935 0.000047  -0.002232
      268 0.000047  -0.002219
      922 0.000046  -0.002216
      632 0.000046   0.002188
      535 0.000045   0.002148
      955 0.000044   0.002103
      343 0.000044  -0.002095
      957 0.000043   0.002066
      374 0.000042   0.002005
      561 0.000042   0.002003
      259 0.000041   0.001939
      413 0.000041  -0.001933
      830 0.000040   0.001931
      278 0.000040   0.001926
      610 0.000040  -0.001922
      322 0.000040  -0.001906
      252 0.000040  -0.001893
      237 0.000040   0.001891
      964 0.000040   0.001885
      240 0.000039  -0.001879
      842 0.000039  -0.001842
      988 0.000038  -0.001834
      264 0.000038   0.001827
      942 0.000038   0.001816
      881 0.000037  -0.001772
      394 0.000037   0.001749
       91 0.000037  -0.001746
      359 0.000037   0.001743
      222 0.000036   0.001736
      950 0.000036  -0.001733
     1096 0.000036   0.001724
      833 0.000036  -0.001711
      357 0.000035  -0.001689
      904 0.000035   0.001681
      406 0.000035  -0.001679
      971 0.000035  -0.001667
      491 0.000035   0.001667
      841 0.000035   0.001663
      627 0.000035   0.001650
      518 0.000034   0.001622
      407 0.000034  -0.001618
      284 0.000034   0.001608
      250 0.000033   0.001569
      727 0.000032  -0.001543
      849 0.000032   0.001532
      879 0.000032  -0.001530
     1073 0.000032  -0.001526
      488 0.000032   0.001524
      209 0.000032   0.001507
      532 0.000032   0.001504
      838 0.000031  -0.001496
      360 0.000031   0.001493
      320 0.000031   0.001479
      748 0.000031  -0.001476
      835 0.000031  -0.001465
      540 0.000030  -0.001430
      286 0.000030   0.001427
      921 0.000030  -0.001419
      597 0.000030  -0.001415
      409 0.000029  -0.001401
      333 0.000029  -0.001384
      596 0.000029  -0.001373
      811 0.000029   0.001361
      382 0.000028  -0.001358
      794 0.000028   0.001346
      933 0.000028   0.001330
      410 0.000028  -0.001328
      448 0.000027   0.001310
      334 0.000027   0.001304
      475 0.000027  -0.001287
      614 0.000027   0.001275
      524 0.000027  -0.001267
      983 0.000027   0.001266
      445 0.000026  -0.001261
      297 0.000026  -0.001260
      310 0.000026  -0.001255
      685 0.000026  -0.001231
      810 0.000026   0.001229
      798 0.000026  -0.001225
      636 0.000026  -0.001225
       73 0.000026   0.001220
      677 0.000026   0.001219
      568 0.000026   0.001218
      928 0.000025  -0.001209
      977 0.000025   0.001209
      260 0.000025  -0.001202
      791 0.000025   0.001200
      272 0.000025   0.001197
      832 0.000025   0.001195
      609 0.000025   0.001195
      366 0.000025   0.001193
      625 0.000025  -0.001180
      640 0.000025  -0.001176
      542 0.000024   0.001167
      316 0.000024  -0.001163
      655 0.000024  -0.001146
     1032 0.000024   0.001143
      876 0.000024  -0.001137
       54 0.000023   0.001117
      856 0.000023   0.001116
       74 0.000023   0.001116
       63 0.000023   0.001114
      526 0.000023   0.001105
      987 0.000023   0.001100
      927 0.000023  -0.001094
     1034 0.000023  -0.001083
     1010 0.000022   0.001062
      650 0.000022  -0.001048
      530 0.000022   0.001032
       56 0.000021  -0.001020
     1009 0.000021  -0.001016
       80 0.000021  -0.001011
      592 0.000021   0.001009
     1001 0.000021  -0.000989
      224 0.000021  -0.000986
      424 0.000021  -0.000984
       86 0.000021  -0.000982
      934 0.000020  -0.000973
      669 0.000020   0.000972
      868 0.000020   0.000971
      898 0.000020   0.000963
      188 0.000020  -0.000961
      296 0.000020  -0.000958
      232 0.000020   0.000953
       12 0.000020  -0.000946
      328 0.000020  -0.000939
      479 0.000019   0.000927
      959 0.000019  -0.000913
       11 0.000019   0.000911
      514 0.000019   0.000907
      350 0.000019   0.000904
      335 0.000019  -0.000902
      402 0.000019  -0.000902
      384 0.000019  -0.000898
      274 0.000019  -0.000898
       87 0.000019  -0.000896
       64 0.000019  -0.000895
      642 0.000018   0.000879
      270 0.000018  -0.000879
       61 0.000018   0.000859
      256 0.000018   0.000847
      875 0.000018  -0.000846
      432 0.000018   0.000841
       81 0.000018   0.000840
      764 0.000018  -0.000837
      536 0.000017  -0.000834
      916 0.000017  -0.000830
     1016 0.000017  -0.000803
      399 0.000017  -0.000802
      463 0.000017  -0.000799
       62 0.000017  -0.000798
      455 0.000017  -0.000794
      437 0.000017   0.000791
     1025 0.000016   0.000785
      713 0.000016   0.000784
      662 0.000016  -0.000780
      623 0.000016  -0.000776
     1003 0.000016  -0.000776
      397 0.000016  -0.000775
      293 0.000016   0.000774
      214 0.000016   0.000771
      902 0.000016  -0.000771
      671 0.000016   0.000758
        8 0.000016   0.000755
     1020 0.000016  -0.000750
        7 0.000016  -0.000747
      519 0.000016   0.000739
      512 0.000015  -0.000737
      502 0.000015   0.000730
      691 0.000015   0.000726
      714 0.000015  -0.000720
      837 0.000015  -0.000718
      776 0.000015  -0.000712
      238 0.000015  -0.000707
      131 0.000015   0.000704
     1017 0.000015   0.000692
      288 0.000014  -0.000690
      216 0.000014  -0.000689
       99 0.000014   0.000683
       75 0.000014   0.000673
      680 0.000014   0.000669
      839 0.000014   0.000668
       48 0.000014   0.000667
      803 0.000014   0.000665
       79 0.000014  -0.000663
      802 0.000014   0.000660
      324 0.000014  -0.000659
      809 0.000014   0.000651
      952 0.000014  -0.000650
      732 0.000013   0.000642
     1040 0.000013  -0.000635
      309 0.000013  -0.000632
      458 0.000013   0.000630
      814 0.000013   0.000625
      903 0.000013   0.000622
      656 0.000013   0.000611
      489 0.000013   0.000610
      644 0.000013   0.000608
      891 0.000013  -0.000604
      349 0.000013  -0.000601
      287 0.000013   0.000599
      966 0.000012   0.000592
      450 0.000012  -0.000592
      249 0.000012  -0.000591
      984 0.000012  -0.000590
      368 0.000012   0.000590
      405 0.000012   0.000590
       50 0.000012  -0.000587
      649 0.000012  -0.000580
       25 0.000012  -0.000564
       89 0.000012  -0.000563
       57 0.000012   0.000560
      676 0.000012   0.000560
      949 0.000012   0.000560
      899 0.000012  -0.000554
      505 0.000012   0.000549
       22 0.000011   0.000548
      245 0.000011  -0.000547
      229 0.000011  -0.000546
       65 0.000011   0.000542
      634 0.000011  -0.000537
      195 0.000011  -0.000533
     1052 0.000011   0.000528
      192 0.000011   0.000527
      917 0.000011   0.000522
      213 0.000011   0.000519
      648 0.000011  -0.000519
      231 0.000011  -0.000518
      487 0.000011  -0.000512
      994 0.000011  -0.000503
     1061 0.000011  -0.000501
       94 0.000010   0.000500
      816 0.000010   0.000497
      637 0.000010  -0.000495
      478 0.000010   0.000488
      461 0.000010   0.000485
     1036 0.000010   0.000484
      330 0.000010  -0.000483
      236 0.000010   0.000482
      993 0.000010   0.000482
      452 0.000010  -0.000479
euclid. distance of OLC and linear combination of EV * x_coef: 0.004647834476540836

Generate samples based on objective loadcase 295
nr_to_generate: 25

Parameter variation distribution settings
distribution: uniform
low: 0.7
high: 1.3

Total process runtime: 0:00:01.343435
