Date and Time:2023-05-12 14:20:29.707132

Initial Settings:
similarity_model: <function cosine_similarity at 0x000001D005A6E5E0>
similarity_threshold: 1e-05
nr_eigv_to_select: None
distribution: uniform
deviation: 0.3
nr_to_generate: 25
recompute: False

Selected eigenvectors and similarity score w.r.t objective loadcase:
objective_loadcase_nr: 664
similarity_model: cosine_similarity
similarity_threshold: 1e-05
nr_eigv_to_select: None
nr_eigv_selected: 590
approximation parameter model: lstsq
similarity score and approx. param. value
:  eigv_idx    score      value
        1 0.553541  46.797532
        3 0.540158  45.666052
        2 0.490958 -41.506583
        0 0.396805  33.546684
        6 0.053271   4.503630
       39 0.017334   1.465462
        4 0.010308   0.871479
      639 0.003606   0.304864
       68 0.002971  -0.251167
      186 0.002536  -0.214411
      612 0.002011  -0.169989
      593 0.002000  -0.169108
      586 0.001807   0.152746
      187 0.001675  -0.141607
      218 0.001667  -0.140919
      716 0.001635   0.138234
      710 0.001608  -0.135909
      618 0.001516   0.128183
      663 0.001406  -0.118848
      668 0.001393   0.117762
      194 0.001156   0.097714
      595 0.001128   0.095338
      659 0.001038  -0.087791
      686 0.000966  -0.081670
      617 0.000922   0.077922
      388 0.000868  -0.073359
      626 0.000837   0.070797
      688 0.000830  -0.070199
      143 0.000811   0.068539
      599 0.000801   0.067750
      635 0.000761   0.064324
      182 0.000753  -0.063627
      700 0.000746   0.063076
      562 0.000739  -0.062500
      582 0.000738  -0.062431
      183 0.000725   0.061329
      579 0.000715   0.060462
      670 0.000713   0.060320
       71 0.000712  -0.060160
      749 0.000691  -0.058392
      683 0.000649   0.054887
      621 0.000633  -0.053553
      578 0.000627   0.053043
      698 0.000614  -0.051890
      733 0.000613   0.051790
      253 0.000567  -0.047935
       69 0.000547  -0.046204
      666 0.000546  -0.046132
      341 0.000545   0.046097
      718 0.000545  -0.046067
      704 0.000526  -0.044488
      153 0.000516   0.043663
      184 0.000514  -0.043436
      602 0.000512  -0.043278
      708 0.000507   0.042863
       70 0.000486   0.041050
      174 0.000485   0.041023
      735 0.000462  -0.039078
      567 0.000444  -0.037532
      606 0.000437  -0.036915
      210 0.000433  -0.036626
      699 0.000423  -0.035759
      575 0.000416   0.035132
      709 0.000405  -0.034248
      577 0.000399  -0.033762
      641 0.000399  -0.033708
      228 0.000380  -0.032088
      620 0.000373  -0.031562
      362 0.000366  -0.030981
      583 0.000355  -0.030053
      631 0.000347  -0.029367
      707 0.000341  -0.028796
      220 0.000331  -0.027971
      267 0.000321  -0.027110
      179 0.000317   0.026816
      756 0.000312  -0.026350
      757 0.000305  -0.025800
      604 0.000304  -0.025691
      601 0.000299   0.025257
      419 0.000299  -0.025240
      848 0.000296  -0.025037
      243 0.000295   0.024922
      258 0.000294  -0.024816
      412 0.000291  -0.024636
      403 0.000285   0.024084
      171 0.000283  -0.023907
      576 0.000279  -0.023573
      807 0.000278   0.023485
      628 0.000273   0.023075
      137 0.000272  -0.022983
      587 0.000267   0.022580
      696 0.000262  -0.022185
      400 0.000247  -0.020892
      787 0.000246   0.020791
      204 0.000236   0.019953
      753 0.000235  -0.019864
      580 0.000234  -0.019783
      853 0.000233  -0.019700
      361 0.000231   0.019493
      271 0.000230   0.019472
      377 0.000230  -0.019434
      741 0.000227   0.019228
      815 0.000223  -0.018822
      199 0.000221  -0.018647
      383 0.000218   0.018452
      132 0.000217   0.018346
      658 0.000215   0.018196
      573 0.000205   0.017366
      570 0.000205  -0.017308
      739 0.000196  -0.016555
      273 0.000196  -0.016550
      175 0.000191  -0.016175
      257 0.000191  -0.016141
      941 0.000190  -0.016030
      564 0.000188  -0.015922
      373 0.000185  -0.015648
      566 0.000185   0.015634
      254 0.000185   0.015616
      574 0.000176  -0.014889
      235 0.000176  -0.014858
      301 0.000173  -0.014603
      227 0.000173   0.014602
      557 0.000172  -0.014577
      355 0.000172   0.014565
      857 0.000172  -0.014517
      750 0.000172   0.014507
      427 0.000170  -0.014409
      665 0.000170  -0.014385
      230 0.000169  -0.014262
      828 0.000166  -0.014059
      800 0.000162  -0.013730
      687 0.000161   0.013638
      277 0.000161   0.013609
      640 0.000160  -0.013533
      247 0.000160   0.013498
      820 0.000159  -0.013468
      367 0.000159   0.013457
      234 0.000158   0.013327
      793 0.000157  -0.013232
      726 0.000156  -0.013165
      217 0.000155  -0.013073
      711 0.000155   0.013065
      667 0.000152   0.012870
      790 0.000152   0.012818
      380 0.000151   0.012740
      759 0.000149   0.012603
      398 0.000148  -0.012524
      690 0.000148   0.012503
      241 0.000148   0.012495
      292 0.000147  -0.012436
      847 0.000146   0.012331
      549 0.000145  -0.012295
      784 0.000144  -0.012151
      743 0.000142  -0.012029
      275 0.000140  -0.011797
      261 0.000139  -0.011714
      262 0.000138  -0.011702
      859 0.000138   0.011685
      266 0.000138  -0.011665
      312 0.000135  -0.011380
      392 0.000133   0.011247
      299 0.000133   0.011231
      645 0.000130   0.011011
      818 0.000129  -0.010877
      295 0.000128  -0.010862
      605 0.000128  -0.010809
      436 0.000127   0.010742
      236 0.000126   0.010635
      808 0.000125   0.010601
      798 0.000125   0.010583
      161 0.000124   0.010501
      908 0.000123  -0.010414
      684 0.000123  -0.010412
      148 0.000123   0.010393
      263 0.000122  -0.010335
      294 0.000122  -0.010332
      255 0.000122  -0.010311
      353 0.000121  -0.010242
      855 0.000120  -0.010135
      552 0.000120  -0.010135
      697 0.000118   0.010009
      974 0.000118   0.009987
      423 0.000116  -0.009791
      581 0.000115  -0.009731
      239 0.000115   0.009682
      795 0.000114   0.009634
      269 0.000114  -0.009621
       91 0.000113  -0.009586
      431 0.000113  -0.009557
      390 0.000112   0.009446
      281 0.000110   0.009328
      553 0.000110  -0.009305
      354 0.000108   0.009116
      762 0.000107   0.009019
      824 0.000105   0.008876
      801 0.000104  -0.008783
      829 0.000103   0.008724
      840 0.000103  -0.008673
      584 0.000103  -0.008669
      736 0.000102  -0.008652
      805 0.000100  -0.008474
      638 0.000099  -0.008371
      882 0.000098   0.008264
      740 0.000098  -0.008261
      569 0.000097   0.008223
      107 0.000097  -0.008214
      844 0.000097  -0.008172
      585 0.000096  -0.008145
      629 0.000095  -0.008043
      742 0.000095  -0.008040
      799 0.000095  -0.008003
      723 0.000094  -0.007988
      249 0.000094  -0.007951
      600 0.000094  -0.007929
      734 0.000093  -0.007841
      572 0.000093  -0.007839
      611 0.000092  -0.007761
      308 0.000090  -0.007604
      364 0.000090  -0.007568
      386 0.000089   0.007528
      591 0.000089   0.007526
      728 0.000089  -0.007526
      597 0.000089  -0.007484
      198 0.000089   0.007483
     1095 0.000087  -0.007369
      616 0.000087  -0.007365
      302 0.000087  -0.007363
      803 0.000086   0.007242
      251 0.000085  -0.007175
      594 0.000085  -0.007144
      369 0.000081   0.006890
      701 0.000081  -0.006806
      560 0.000080  -0.006764
      138 0.000079   0.006682
      279 0.000079  -0.006665
      428 0.000078   0.006597
      291 0.000078   0.006568
      955 0.000077   0.006525
      826 0.000077  -0.006498
      778 0.000076  -0.006387
      802 0.000074   0.006290
      414 0.000074   0.006247
      223 0.000073   0.006155
      297 0.000073  -0.006132
      226 0.000072   0.006126
      225 0.000072   0.006091
      744 0.000070  -0.005931
     1005 0.000070   0.005915
      789 0.000070   0.005898
      832 0.000069   0.005870
      937 0.000069  -0.005861
      913 0.000068  -0.005714
      843 0.000067  -0.005693
      322 0.000067  -0.005685
      978 0.000067   0.005632
      545 0.000066  -0.005575
      343 0.000065  -0.005534
      770 0.000065   0.005523
      407 0.000065  -0.005523
      722 0.000065  -0.005507
      245 0.000064  -0.005427
      922 0.000064  -0.005376
      356 0.000062  -0.005202
      268 0.000061  -0.005194
      776 0.000061  -0.005176
      773 0.000061   0.005159
      425 0.000061   0.005140
      397 0.000061  -0.005116
      748 0.000060  -0.005110
      864 0.000060   0.005106
      359 0.000060   0.005074
      879 0.000060  -0.005036
      610 0.000059  -0.005007
      539 0.000059   0.004999
      632 0.000059   0.004991
      782 0.000059  -0.004986
      870 0.000059  -0.004985
      313 0.000058  -0.004937
      863 0.000058  -0.004891
      264 0.000057   0.004817
      654 0.000057   0.004810
      290 0.000057   0.004802
      643 0.000056  -0.004700
      895 0.000054   0.004597
      891 0.000054  -0.004592
      374 0.000054   0.004526
      603 0.000053  -0.004473
      589 0.000053  -0.004453
      561 0.000052   0.004432
      765 0.000052   0.004431
      252 0.000052  -0.004389
      329 0.000051  -0.004336
      948 0.000051   0.004296
      337 0.000050  -0.004259
      858 0.000050  -0.004232
      357 0.000050  -0.004198
      528 0.000050   0.004190
      169 0.000049  -0.004154
      821 0.000049  -0.004135
      104 0.000049   0.004131
      366 0.000049   0.004126
      874 0.000049  -0.004114
      342 0.000047   0.004001
      823 0.000047   0.003987
      240 0.000047  -0.003984
      542 0.000047   0.003938
      763 0.000045  -0.003835
      360 0.000045   0.003814
      382 0.000045  -0.003807
       81 0.000045   0.003804
      409 0.000045  -0.003769
      880 0.000045   0.003767
      331 0.000044   0.003700
      540 0.000044  -0.003692
      625 0.000044  -0.003690
      323 0.000043  -0.003666
      867 0.000043   0.003655
      349 0.000042  -0.003591
      309 0.000042   0.003541
      334 0.000041   0.003490
      884 0.000041  -0.003489
      987 0.000041   0.003472
      831 0.000041   0.003430
      860 0.000040  -0.003399
       74 0.000040   0.003378
      535 0.000040   0.003372
      928 0.000040  -0.003342
      609 0.000039   0.003311
      448 0.000039   0.003292
       88 0.000039  -0.003282
      224 0.000038  -0.003230
      237 0.000038   0.003197
      287 0.000038  -0.003182
      943 0.000037   0.003144
      319 0.000037   0.003091
      568 0.000037   0.003091
      894 0.000036  -0.003081
      881 0.000036  -0.003066
      950 0.000036  -0.003062
      780 0.000036  -0.003044
      206 0.000036   0.003036
      288 0.000036   0.003022
      394 0.000036   0.003004
      259 0.000035   0.002988
      596 0.000035  -0.002986
       80 0.000035  -0.002973
      904 0.000035   0.002937
       87 0.000035  -0.002935
      139 0.000035  -0.002919
     1001 0.000035  -0.002919
      325 0.000034  -0.002908
      298 0.000034  -0.002883
      518 0.000034   0.002872
      304 0.000034  -0.002863
      123 0.000034  -0.002854
      491 0.000034   0.002848
      413 0.000034   0.002843
      830 0.000034   0.002839
      250 0.000033   0.002820
      155 0.000033   0.002808
      310 0.000033  -0.002797
      314 0.000033  -0.002762
      965 0.000033  -0.002752
      933 0.000032   0.002739
      993 0.000032   0.002699
      488 0.000032   0.002691
      317 0.000032  -0.002688
      333 0.000031  -0.002641
      530 0.000031   0.002635
      130 0.000031  -0.002631
      942 0.000031   0.002627
      332 0.000031  -0.002624
      410 0.000031  -0.002610
      112 0.000031   0.002605
      532 0.000031   0.002594
     1025 0.000031   0.002588
      330 0.000031   0.002587
      406 0.000030  -0.002568
      376 0.000030  -0.002516
       84 0.000030   0.002509
      350 0.000030   0.002508
      556 0.000030   0.002499
      150 0.000030  -0.002494
      351 0.000029   0.002438
       63 0.000029   0.002437
      278 0.000029   0.002433
      475 0.000029  -0.002423
     1032 0.000029   0.002421
      193 0.000028  -0.002403
      368 0.000028   0.002373
      232 0.000028  -0.002365
       73 0.000028   0.002340
      432 0.000028   0.002339
      814 0.000027   0.002301
      524 0.000027  -0.002300
      320 0.000027   0.002278
      365 0.000027  -0.002259
      677 0.000027   0.002243
      852 0.000027  -0.002241
      145 0.000026   0.002238
      345 0.000026  -0.002212
      792 0.000026   0.002194
      181 0.000026   0.002190
      379 0.000026  -0.002190
      152 0.000026   0.002183
     1017 0.000026   0.002168
      103 0.000026   0.002166
      445 0.000026  -0.002163
      655 0.000025  -0.002142
      385 0.000025   0.002141
       45 0.000025   0.002141
      588 0.000025  -0.002126
      565 0.000025  -0.002094
      727 0.000025  -0.002077
      128 0.000024  -0.002071
      201 0.000024  -0.002070
      592 0.000024  -0.002068
      849 0.000024   0.002055
      842 0.000024  -0.002051
      424 0.000024  -0.002048
      154 0.000024   0.002026
      590 0.000024  -0.002007
       90 0.000024  -0.002005
      159 0.000023  -0.001980
      558 0.000023  -0.001980
      900 0.000023  -0.001935
      636 0.000023  -0.001916
      399 0.000023  -0.001914
      114 0.000022  -0.001867
      662 0.000022  -0.001862
      248 0.000022   0.001857
      791 0.000022   0.001849
     1034 0.000022  -0.001849
      131 0.000022  -0.001843
      779 0.000022   0.001821
      125 0.000022   0.001819
      519 0.000021   0.001815
      344 0.000021   0.001807
      434 0.000021   0.001801
      502 0.000021   0.001798
       64 0.000021  -0.001773
      188 0.000021  -0.001762
      321 0.000021  -0.001754
      536 0.000021  -0.001754
      917 0.000021   0.001742
      714 0.000020  -0.001717
      526 0.000020   0.001666
      623 0.000020  -0.001660
      614 0.000020   0.001658
      695 0.000019   0.001642
      336 0.000019  -0.001642
      455 0.000019  -0.001637
      938 0.000019   0.001632
       77 0.000019  -0.001631
      318 0.000019  -0.001629
      136 0.000019  -0.001610
      685 0.000019  -0.001604
      538 0.000019   0.001592
      238 0.000019  -0.001587
       75 0.000019   0.001575
      479 0.000019   0.001572
       55 0.000018   0.001558
      242 0.000018  -0.001555
      512 0.000018  -0.001551
       83 0.000018  -0.001549
       53 0.000018   0.001544
      835 0.000018  -0.001539
      489 0.000018   0.001535
      775 0.000018   0.001529
       54 0.000018   0.001527
      642 0.000018   0.001525
      352 0.000018   0.001522
      505 0.000018   0.001505
      296 0.000018  -0.001500
      644 0.000018   0.001500
      463 0.000018  -0.001491
     1052 0.000018   0.001490
      458 0.000018   0.001490
      949 0.000018   0.001488
       92 0.000018  -0.001487
       98 0.000018   0.001486
      151 0.000018   0.001483
      514 0.000017   0.001471
      613 0.000017   0.001469
       38 0.000017   0.001460
      358 0.000017  -0.001460
      619 0.000017   0.001457
      375 0.000017  -0.001453
      209 0.000017  -0.001448
      129 0.000017   0.001436
      371 0.000017  -0.001427
      964 0.000017   0.001421
      420 0.000017   0.001403
      437 0.000017   0.001402
       43 0.000016  -0.001385
      452 0.000016  -0.001385
      339 0.000016  -0.001367
      810 0.000016   0.001359
      811 0.000016   0.001340
       48 0.000016   0.001337
      158 0.000016  -0.001330
       57 0.000016   0.001322
       86 0.000015  -0.001308
      328 0.000015  -0.001292
      272 0.000015  -0.001289
      856 0.000015   0.001279
       62 0.000015  -0.001278
      548 0.000015  -0.001265
       51 0.000015  -0.001262
      794 0.000015   0.001256
      647 0.000014   0.001223
      653 0.000014  -0.001220
      165 0.000014   0.001220
       56 0.000014  -0.001207
      571 0.000014   0.001206
      988 0.000014  -0.001206
      713 0.000014   0.001192
      118 0.000014   0.001192
      402 0.000014  -0.001189
      229 0.000014  -0.001180
      133 0.000014  -0.001179
      921 0.000014  -0.001177
      111 0.000014  -0.001170
      907 0.000014   0.001167
       52 0.000014  -0.001166
      483 0.000014  -0.001158
      559 0.000014  -0.001155
       97 0.000014  -0.001153
      101 0.000014   0.001150
      384 0.000014  -0.001150
      222 0.000014  -0.001150
      927 0.000014  -0.001147
      971 0.000013  -0.001139
      732 0.000013   0.001131
       60 0.000013  -0.001127
      450 0.000013  -0.001127
      534 0.000013  -0.001117
      935 0.000013  -0.001111
        5 0.000013   0.001109
       36 0.000013  -0.001101
      966 0.000013   0.001097
      875 0.000013  -0.001084
      178 0.000013   0.001068
      282 0.000013   0.001061
      934 0.000012  -0.001054
      140 0.000012   0.001051
      340 0.000012   0.001041
      338 0.000012  -0.001035
      348 0.000012   0.001035
      816 0.000012   0.001029
      675 0.000012   0.001018
      671 0.000012   0.001017
      157 0.000012  -0.001014
      363 0.000012  -0.001008
      680 0.000012   0.001006
      646 0.000012  -0.001001
      676 0.000012   0.000993
      634 0.000012  -0.000989
      555 0.000012  -0.000977
      883 0.000012   0.000976
      876 0.000012  -0.000974
      180 0.000012  -0.000974
     1010 0.000012   0.000974
     1047 0.000011   0.000971
       29 0.000011  -0.000967
      669 0.000011   0.000964
      462 0.000011   0.000962
      256 0.000011   0.000962
       17 0.000011  -0.000956
      681 0.000011   0.000947
      838 0.000011   0.000942
      957 0.000011   0.000932
      113 0.000011  -0.000932
      868 0.000011  -0.000923
      105 0.000011   0.000917
      648 0.000011  -0.000908
      372 0.000011   0.000905
      769 0.000011  -0.000903
      473 0.000011  -0.000903
      110 0.000011  -0.000903
       96 0.000010  -0.000880
      156 0.000010   0.000879
      144 0.000010   0.000870
      543 0.000010  -0.000870
      109 0.000010  -0.000869
      347 0.000010   0.000862
      487 0.000010  -0.000861
       31 0.000010   0.000849
      656 0.000010   0.000848
      712 0.000010  -0.000848
euclid. distance of OLC and linear combination of EV * x_coef: 0.00801227333949424

Generate samples based on objective loadcase 664
nr_to_generate: 25

Parameter variation distribution settings
distribution: uniform
low: 0.7
high: 1.3

Total process runtime: 0:00:01.356683
