Date and Time:2023-05-12 14:13:59.097769

Initial Settings:
similarity_model: <function cosine_similarity at 0x000001D005A6E5E0>
similarity_threshold: 1e-05
nr_eigv_to_select: None
distribution: uniform
deviation: 0.3
nr_to_generate: 25
recompute: False

Selected eigenvectors and similarity score w.r.t objective loadcase:
objective_loadcase_nr: 369
similarity_model: cosine_similarity
similarity_threshold: 1e-05
nr_eigv_to_select: None
nr_eigv_selected: 644
approximation parameter model: lstsq
similarity score and approx. param. value
:  eigv_idx    score      value
        3 0.574142  49.265889
        1 0.526727  45.197282
        2 0.506242 -43.439495
        0 0.366924  31.484921
        6 0.033310   2.858235
       39 0.026163   2.244950
        4 0.011999   1.029572
      639 0.003264   0.280065
      218 0.002387  -0.204858
      186 0.002168  -0.186020
      593 0.001987  -0.170465
      612 0.001915  -0.164350
      586 0.001873   0.160706
      710 0.001693  -0.145309
      187 0.001437  -0.123266
      716 0.001361   0.116750
      595 0.001222   0.104895
      618 0.001116   0.095741
      668 0.001093   0.093827
      663 0.001075  -0.092211
      626 0.000994   0.085303
      686 0.000972  -0.083437
      194 0.000964   0.082694
      388 0.000871  -0.074744
      688 0.000822  -0.070518
      749 0.000816  -0.070051
      659 0.000810  -0.069524
      617 0.000744   0.063826
      599 0.000731   0.062755
       68 0.000722  -0.061930
      183 0.000715   0.061387
      562 0.000698  -0.059891
      635 0.000672   0.057667
      582 0.000668  -0.057348
      670 0.000662   0.056781
      621 0.000662  -0.056769
      704 0.000654  -0.056102
      578 0.000627   0.053828
      143 0.000614   0.052661
       69 0.000605   0.051932
       71 0.000584   0.050070
      253 0.000583  -0.050029
      341 0.000575   0.049329
      733 0.000561   0.048179
      718 0.000559  -0.048009
      602 0.000557  -0.047822
      567 0.000541  -0.046399
      579 0.000541   0.046393
      577 0.000538  -0.046157
      606 0.000531  -0.045595
      708 0.000520   0.044618
      698 0.000488  -0.041872
      666 0.000487  -0.041782
      735 0.000487  -0.041764
      153 0.000443   0.038000
      258 0.000441  -0.037863
      174 0.000441   0.037840
      220 0.000436  -0.037394
      620 0.000434  -0.037207
      709 0.000430  -0.036863
      696 0.000426  -0.036513
      267 0.000420  -0.036051
      700 0.000416   0.035728
      227 0.000413   0.035439
      575 0.000410   0.035200
      230 0.000402  -0.034472
      210 0.000394  -0.033840
      641 0.000381  -0.032698
      683 0.000368   0.031538
      707 0.000356  -0.030519
      753 0.000354  -0.030417
      848 0.000350  -0.030000
      601 0.000347   0.029763
      583 0.000346  -0.029670
      699 0.000341  -0.029263
      412 0.000335  -0.028764
      273 0.000322  -0.027646
      269 0.000309  -0.026539
      419 0.000308  -0.026433
      807 0.000306   0.026257
      756 0.000303  -0.026030
      793 0.000291  -0.024958
      362 0.000289  -0.024816
      204 0.000289   0.024804
      587 0.000281   0.024075
      853 0.000280  -0.024050
      383 0.000280   0.024016
      403 0.000280   0.024014
      757 0.000275  -0.023578
      239 0.000266   0.022854
      631 0.000260  -0.022334
      263 0.000254  -0.021764
      570 0.000247  -0.021222
      726 0.000244  -0.020971
      235 0.000242  -0.020777
      741 0.000242   0.020747
      206 0.000236   0.020291
      199 0.000224  -0.019180
      299 0.000218   0.018667
      763 0.000210   0.017999
      223 0.000210   0.017982
      750 0.000209   0.017941
      739 0.000209  -0.017936
      377 0.000205  -0.017608
      549 0.000205  -0.017589
      243 0.000196   0.016831
      184 0.000194  -0.016614
      312 0.000193  -0.016565
      580 0.000192  -0.016501
      818 0.000192  -0.016468
      301 0.000191  -0.016367
      427 0.000190  -0.016270
      247 0.000189   0.016195
      361 0.000185   0.015899
      369 0.000184   0.015806
      665 0.000184  -0.015783
      857 0.000182  -0.015581
      400 0.000181  -0.015563
      787 0.000181   0.015546
      564 0.000181  -0.015539
      175 0.000178  -0.015268
      392 0.000177   0.015167
      576 0.000176  -0.015123
      759 0.000175  -0.015017
      824 0.000174   0.014952
      800 0.000173  -0.014851
      591 0.000173   0.014824
      373 0.000172  -0.014760
      743 0.000172  -0.014718
      855 0.000164  -0.014054
      795 0.000163   0.014000
      658 0.000163   0.013966
      711 0.000162   0.013926
      604 0.000161  -0.013805
      279 0.000161  -0.013793
      628 0.000159   0.013666
      574 0.000157  -0.013458
      828 0.000157  -0.013433
      784 0.000156  -0.013384
      290 0.000155   0.013341
      275 0.000155  -0.013300
      257 0.000152  -0.013062
      337 0.000152  -0.013038
      941 0.000149  -0.012770
      553 0.000149  -0.012755
      251 0.000148  -0.012714
      687 0.000147   0.012613
      742 0.000146  -0.012561
      829 0.000146   0.012515
      295 0.000144  -0.012367
      605 0.000143  -0.012254
      859 0.000143   0.012245
      667 0.000142   0.012148
      182 0.000139  -0.011945
      820 0.000137  -0.011790
      778 0.000137  -0.011733
      380 0.000135   0.011619
      356 0.000135  -0.011572
      398 0.000134  -0.011537
      775 0.000127   0.010902
      629 0.000126  -0.010791
      201 0.000125  -0.010762
      697 0.000125   0.010760
      585 0.000125  -0.010739
       70 0.000125   0.010736
      268 0.000125  -0.010731
      298 0.000125  -0.010696
      790 0.000123   0.010567
      431 0.000121  -0.010369
      770 0.000120   0.010318
      423 0.000120  -0.010299
      241 0.000120   0.010289
      616 0.000117  -0.010079
      255 0.000117  -0.010074
      815 0.000117  -0.010025
      808 0.000116   0.009979
      217 0.000115  -0.009869
      354 0.000114   0.009797
      332 0.000112  -0.009647
      600 0.000112  -0.009582
      132 0.000111   0.009520
      353 0.000109  -0.009351
      557 0.000108  -0.009301
      581 0.000108  -0.009257
      728 0.000107  -0.009180
      908 0.000103  -0.008879
      292 0.000103  -0.008857
      569 0.000102   0.008769
      572 0.000101  -0.008646
      773 0.000100   0.008563
      594 0.000100  -0.008547
       88 0.000098  -0.008451
      561 0.000098   0.008427
       93 0.000098  -0.008405
      262 0.000097  -0.008316
      436 0.000097   0.008312
      736 0.000096  -0.008204
      690 0.000096   0.008196
      799 0.000095  -0.008168
      261 0.000093  -0.008005
      638 0.000093  -0.007958
      974 0.000092   0.007931
      864 0.000092   0.007893
      744 0.000091  -0.007839
      782 0.000091  -0.007771
      573 0.000090   0.007765
      769 0.000090   0.007697
      137 0.000089  -0.007598
      138 0.000088  -0.007558
      847 0.000088   0.007548
      840 0.000088  -0.007543
      611 0.000086  -0.007406
      249 0.000086   0.007370
      948 0.000086   0.007357
      277 0.000086   0.007356
      566 0.000085   0.007293
      283 0.000084   0.007227
      179 0.000084   0.007180
       66 0.000084  -0.007176
      608 0.000083  -0.007164
      614 0.000083   0.007122
      943 0.000083   0.007120
      329 0.000083  -0.007084
      844 0.000082  -0.007078
      355 0.000082   0.007073
      937 0.000082  -0.007058
      321 0.000081  -0.006946
      291 0.000081   0.006939
      171 0.000081  -0.006925
      294 0.000081  -0.006916
      271 0.000080   0.006852
      281 0.000080   0.006843
      319 0.000080   0.006837
      234 0.000079   0.006768
      722 0.000079  -0.006743
      748 0.000076  -0.006562
      792 0.000076   0.006542
      734 0.000076  -0.006516
      112 0.000075   0.006473
      843 0.000075  -0.006430
      123 0.000075  -0.006411
      198 0.000074  -0.006390
      694 0.000074   0.006350
      978 0.000074   0.006315
      860 0.000073  -0.006303
      684 0.000073  -0.006263
      266 0.000073  -0.006261
      107 0.000073  -0.006244
      136 0.000072  -0.006219
      627 0.000072   0.006204
      584 0.000072  -0.006190
      645 0.000072   0.006161
      103 0.000070   0.006041
      632 0.000070   0.005999
      367 0.000069   0.005912
      128 0.000068  -0.005857
      884 0.000068  -0.005848
      560 0.000068  -0.005836
     1095 0.000068  -0.005836
      302 0.000068  -0.005814
      343 0.000068  -0.005801
      308 0.000066  -0.005674
      826 0.000066  -0.005666
      325 0.000066  -0.005657
      144 0.000065   0.005583
      882 0.000065   0.005562
      823 0.000064   0.005513
      425 0.000064   0.005509
       95 0.000064  -0.005467
     1005 0.000064   0.005464
      650 0.000063  -0.005413
      762 0.000063  -0.005401
      654 0.000063   0.005395
      880 0.000062   0.005348
      142 0.000062   0.005332
      801 0.000061  -0.005251
      545 0.000061  -0.005207
      278 0.000060   0.005140
      913 0.000060  -0.005126
      130 0.000060  -0.005114
       59 0.000060   0.005113
      406 0.000058   0.005016
       60 0.000058   0.005007
      428 0.000058   0.004979
      870 0.000058  -0.004958
      322 0.000058  -0.004944
      289 0.000057   0.004924
      259 0.000057  -0.004889
      285 0.000057   0.004885
      539 0.000057   0.004871
      146 0.000057   0.004854
      315 0.000056   0.004794
      895 0.000056   0.004765
      765 0.000055   0.004742
      342 0.000054   0.004667
      147 0.000054   0.004663
      104 0.000054   0.004655
      413 0.000054  -0.004636
      286 0.000054   0.004633
      105 0.000054   0.004617
      232 0.000054  -0.004601
      589 0.000054  -0.004592
      414 0.000053   0.004580
      649 0.000053  -0.004571
       64 0.000053  -0.004559
      852 0.000053   0.004523
      386 0.000053   0.004521
      402 0.000053   0.004507
      131 0.000052   0.004501
      590 0.000052  -0.004486
       94 0.000052  -0.004431
      151 0.000051  -0.004373
      528 0.000050   0.004315
      831 0.000050   0.004256
      723 0.000050  -0.004249
      193 0.000049   0.004207
       58 0.000049   0.004184
      568 0.000049  -0.004176
      139 0.000049  -0.004169
      922 0.000048  -0.004141
      596 0.000048  -0.004120
      114 0.000048  -0.004116
      228 0.000048  -0.004105
      161 0.000048   0.004091
      598 0.000048   0.004089
       78 0.000047  -0.004060
      152 0.000047  -0.004057
      955 0.000047   0.004051
      244 0.000047  -0.004004
      390 0.000047   0.004002
      272 0.000046  -0.003990
       86 0.000046   0.003952
       77 0.000046  -0.003937
      935 0.000046  -0.003906
      535 0.000045   0.003858
      646 0.000044   0.003783
      364 0.000044   0.003760
      841 0.000044   0.003755
      780 0.000044   0.003734
       52 0.000043   0.003689
      222 0.000043   0.003647
      874 0.000042  -0.003606
      129 0.000042   0.003578
      120 0.000042   0.003577
      552 0.000041  -0.003553
      821 0.000041  -0.003548
      894 0.000041  -0.003538
      832 0.000040   0.003463
      407 0.000040  -0.003455
      323 0.000040  -0.003409
      830 0.000039   0.003307
      274 0.000038   0.003285
       12 0.000038  -0.003253
      957 0.000038   0.003252
       99 0.000038  -0.003235
      833 0.000038  -0.003219
      881 0.000037  -0.003203
      842 0.000037  -0.003197
       79 0.000037   0.003185
      776 0.000037  -0.003170
       50 0.000037  -0.003167
      374 0.000037   0.003147
      879 0.000036  -0.003097
      942 0.000036   0.003092
       11 0.000036   0.003089
       73 0.000035  -0.003044
      260 0.000035   0.003024
       81 0.000035   0.003010
      118 0.000035   0.002997
      518 0.000035   0.002996
      254 0.000035  -0.002961
       75 0.000034   0.002945
       76 0.000034  -0.002928
      320 0.000034  -0.002928
      395 0.000034   0.002926
      270 0.000034   0.002919
      640 0.000034  -0.002911
      284 0.000034   0.002904
      491 0.000034   0.002904
      849 0.000033  -0.002869
      335 0.000033   0.002847
      636 0.000033  -0.002834
      252 0.000033   0.002790
       83 0.000032  -0.002781
      409 0.000032  -0.002780
      225 0.000032  -0.002774
      264 0.000032  -0.002758
      540 0.000032  -0.002752
      625 0.000032   0.002718
      250 0.000032  -0.002710
      803 0.000031   0.002686
      609 0.000031  -0.002659
      344 0.000031   0.002635
       98 0.000031  -0.002635
      532 0.000031   0.002629
      366 0.000031   0.002626
      214 0.000031  -0.002624
      971 0.000031  -0.002622
      804 0.000031  -0.002618
      542 0.000030   0.002617
      394 0.000030   0.002607
      448 0.000030   0.002606
      592 0.000030   0.002603
     1073 0.000030  -0.002601
      310 0.000030  -0.002593
      950 0.000030  -0.002591
      779 0.000030  -0.002589
      445 0.000030  -0.002589
      488 0.000030   0.002552
      921 0.000030  -0.002539
       74 0.000030   0.002536
      701 0.000029  -0.002520
      988 0.000029  -0.002510
      125 0.000029   0.002495
      216 0.000029   0.002491
      655 0.000029   0.002480
      346 0.000029   0.002477
      933 0.000029   0.002474
      755 0.000029  -0.002474
      226 0.000029  -0.002471
      181 0.000029  -0.002468
       53 0.000029  -0.002456
       56 0.000029  -0.002450
      288 0.000028   0.002443
      623 0.000028   0.002435
      318 0.000028  -0.002422
      385 0.000028   0.002420
      359 0.000028  -0.002411
      809 0.000028   0.002396
      396 0.000028  -0.002380
      256 0.000028  -0.002370
      410 0.000028  -0.002364
      904 0.000027   0.002359
      835 0.000027  -0.002352
      287 0.000027  -0.002329
      656 0.000027  -0.002329
      964 0.000027   0.002321
      794 0.000027   0.002312
      928 0.000027  -0.002305
      424 0.000027  -0.002298
      169 0.000026  -0.002270
     1096 0.000026   0.002265
       92 0.000026   0.002257
      524 0.000026  -0.002232
      336 0.000026  -0.002226
       87 0.000026   0.002219
       51 0.000026   0.002214
      134 0.000026   0.002207
      987 0.000025   0.002187
     1034 0.000025  -0.002182
      475 0.000025  -0.002179
      100 0.000025   0.002161
      376 0.000025  -0.002159
     1032 0.000025   0.002150
       45 0.000025  -0.002147
       29 0.000025   0.002143
       91 0.000024  -0.002097
      375 0.000024  -0.002095
      938 0.000024   0.002093
      170 0.000024   0.002090
      106 0.000024  -0.002078
       57 0.000024   0.002054
      977 0.000024   0.002040
      185 0.000024   0.002038
      110 0.000024  -0.002037
      145 0.000024  -0.002028
      530 0.000024   0.002022
      156 0.000023  -0.002006
      397 0.000023  -0.002001
      150 0.000023   0.001997
     1001 0.000023  -0.001977
      983 0.000023   0.001975
      811 0.000023   0.001974
      802 0.000023   0.001973
      642 0.000023  -0.001965
      159 0.000023   0.001964
      839 0.000023  -0.001964
      588 0.000023  -0.001954
      675 0.000022   0.001930
       38 0.000022  -0.001920
      526 0.000022   0.001919
      927 0.000022  -0.001912
      702 0.000022  -0.001912
      141 0.000022  -0.001894
      705 0.000022  -0.001889
      677 0.000022   0.001888
     1010 0.000022   0.001882
      293 0.000022  -0.001872
      245 0.000022  -0.001855
      691 0.000022  -0.001855
      571 0.000021  -0.001831
      352 0.000021   0.001807
      856 0.000021   0.001805
       44 0.000021   0.001783
      729 0.000021   0.001781
      213 0.000021  -0.001770
      111 0.000021  -0.001769
      556 0.000021  -0.001762
       36 0.000020   0.001757
      155 0.000020  -0.001745
      113 0.000020  -0.001735
      837 0.000020   0.001730
      242 0.000020  -0.001714
        5 0.000020  -0.001712
       90 0.000020  -0.001712
       31 0.000020  -0.001706
      597 0.000020  -0.001704
      934 0.000020  -0.001690
      637 0.000020   0.001678
      102 0.000020  -0.001678
      717 0.000020   0.001675
      387 0.000020  -0.001675
      215 0.000020   0.001673
      368 0.000019   0.001660
      365 0.000019  -0.001657
      108 0.000019   0.001643
      349 0.000019  -0.001632
      115 0.000019  -0.001627
     1025 0.000019   0.001613
      693 0.000019  -0.001613
      720 0.000019   0.001613
      671 0.000018  -0.001576
      514 0.000018   0.001575
      357 0.000018   0.001574
      231 0.000018  -0.001563
      959 0.000018  -0.001556
     1009 0.000018  -0.001554
      714 0.000018  -0.001553
      502 0.000018   0.001549
      379 0.000018  -0.001538
      297 0.000018  -0.001528
      746 0.000018  -0.001528
      664 0.000018  -0.001528
      309 0.000018   0.001526
      339 0.000018   0.001522
      437 0.000018   0.001520
      916 0.000018  -0.001520
      479 0.000018   0.001511
      168 0.000017  -0.001497
      891 0.000017  -0.001496
       19 0.000017  -0.001494
      358 0.000017  -0.001491
      536 0.000017  -0.001488
       55 0.000017  -0.001487
       21 0.000017  -0.001483
      789 0.000017   0.001479
      644 0.000017  -0.001478
      868 0.000017   0.001474
      907 0.000017   0.001466
       85 0.000017   0.001455
      519 0.000017   0.001448
      455 0.000017  -0.001447
      345 0.000017  -0.001437
      558 0.000016   0.001415
      554 0.000016   0.001407
      463 0.000016  -0.001405
      875 0.000016   0.001396
      432 0.000016   0.001391
       22 0.000016   0.001372
      662 0.000016  -0.001365
      180 0.000016  -0.001364
     1017 0.000016   0.001358
      676 0.000016  -0.001334
      195 0.000016   0.001332
       84 0.000015   0.001324
      163 0.000015  -0.001321
      196 0.000015   0.001300
      512 0.000015  -0.001298
      505 0.000015   0.001290
      747 0.000015  -0.001284
      489 0.000015   0.001266
      314 0.000015  -0.001254
      348 0.000015  -0.001254
      458 0.000015   0.001249
      949 0.000015   0.001247
      401 0.000014   0.001234
      384 0.000014   0.001224
      316 0.000014  -0.001219
      902 0.000014   0.001217
       67 0.000014  -0.001217
      738 0.000014   0.001205
       61 0.000014  -0.001198
      240 0.000014   0.001197
      766 0.000014  -0.001196
      426 0.000014   0.001187
     1003 0.000014  -0.001179
      154 0.000014  -0.001163
       42 0.000013  -0.001150
     1016 0.000013  -0.001147
       43 0.000013   0.001135
      603 0.000013   0.001132
      643 0.000013   0.001113
      993 0.000013   0.001106
      450 0.000013  -0.001103
      732 0.000013   0.001102
      810 0.000013   0.001097
      324 0.000013  -0.001091
      338 0.000013   0.001084
     1052 0.000013   0.001077
      858 0.000013  -0.001077
      233 0.000013  -0.001075
      899 0.000013   0.001075
      559 0.000013   0.001075
      478 0.000013   0.001074
      984 0.000012  -0.001066
      404 0.000012   0.001056
      135 0.000012  -0.001049
      191 0.000012   0.001040
      917 0.000012   0.001037
      237 0.000012  -0.001029
      876 0.000012   0.001020
      164 0.000012   0.001014
      333 0.000012   0.001011
      203 0.000012   0.001010
      685 0.000012  -0.001009
      814 0.000012   0.001009
       27 0.000012  -0.001005
      192 0.000012  -0.001004
      796 0.000012   0.001002
      378 0.000012   0.000994
      550 0.000012   0.000994
      173 0.000012   0.000993
      613 0.000011   0.000956
      551 0.000011   0.000950
      838 0.000011  -0.000946
      903 0.000011   0.000943
      898 0.000011   0.000943
      703 0.000011   0.000921
      547 0.000011   0.000919
      816 0.000011   0.000918
     1020 0.000011  -0.000914
     1040 0.000011  -0.000911
      483 0.000011  -0.000903
      681 0.000010  -0.000900
      166 0.000010   0.000900
      209 0.000010   0.000897
      669 0.000010  -0.000897
      122 0.000010  -0.000891
     1061 0.000010  -0.000875
      548 0.000010   0.000875
      418 0.000010  -0.000875
      148 0.000010   0.000873
      462 0.000010   0.000869
      487 0.000010  -0.000867
euclid. distance of OLC and linear combination of EV * x_coef: 0.008272743372827794

Generate samples based on objective loadcase 369
nr_to_generate: 25

Parameter variation distribution settings
distribution: uniform
low: 0.7
high: 1.3

Total process runtime: 0:00:01.353480
