Date and Time:2023-05-12 14:15:36.360485

Initial Settings:
similarity_model: <function cosine_similarity at 0x000001D005A6E5E0>
similarity_threshold: 1e-05
nr_eigv_to_select: None
distribution: uniform
deviation: 0.3
nr_to_generate: 25
recompute: False

Selected eigenvectors and similarity score w.r.t objective loadcase:
objective_loadcase_nr: 441
similarity_model: cosine_similarity
similarity_threshold: 1e-05
nr_eigv_to_select: None
nr_eigv_selected: 486
approximation parameter model: lstsq
similarity score and approx. param. value
:  eigv_idx    score      value
        3 0.584001  39.620210
        1 0.515707  34.986913
        2 0.514849 -34.928743
        0 0.355037  24.086651
        6 0.028968   1.965250
       39 0.028287   1.919097
        4 0.012637   0.857307
      639 0.003413   0.231526
      218 0.002521  -0.171028
      593 0.002103  -0.142661
      186 0.001967  -0.133457
      612 0.001967  -0.133416
      586 0.001965   0.133310
      710 0.001580  -0.107189
      187 0.001294  -0.087818
      595 0.001279   0.086761
      716 0.001210   0.082117
      663 0.001116  -0.075724
      626 0.001086   0.073644
       68 0.001051  -0.071317
      618 0.001045   0.070913
      668 0.001019   0.069114
      388 0.000908  -0.061588
      686 0.000905  -0.061398
      194 0.000868   0.058889
      749 0.000815  -0.055282
      143 0.000798   0.054145
      599 0.000773   0.052441
      688 0.000772  -0.052363
      659 0.000745  -0.050545
      582 0.000728  -0.049375
      621 0.000728  -0.049371
      562 0.000726  -0.049244
      617 0.000718   0.048701
      635 0.000714   0.048451
      670 0.000688   0.046707
      704 0.000639  -0.043357
      578 0.000618   0.041914
      341 0.000608   0.041224
      183 0.000600   0.040675
      733 0.000578   0.039245
      718 0.000570  -0.038692
      567 0.000567  -0.038481
      606 0.000560  -0.037967
      577 0.000540  -0.036653
      602 0.000537  -0.036418
       69 0.000529   0.035916
      267 0.000497  -0.033751
      579 0.000493   0.033440
      698 0.000491  -0.033298
      253 0.000483  -0.032746
      708 0.000478   0.032456
      735 0.000478  -0.032445
       71 0.000463   0.031395
      575 0.000456   0.030949
      153 0.000455   0.030849
      220 0.000448  -0.030385
      696 0.000445  -0.030216
      258 0.000441  -0.029948
      620 0.000431  -0.029222
      666 0.000418  -0.028385
      174 0.000415   0.028161
      753 0.000402  -0.027264
      709 0.000401  -0.027213
      601 0.000389   0.026366
      707 0.000388  -0.026331
      230 0.000387  -0.026266
      683 0.000384   0.026085
      641 0.000383  -0.025995
      227 0.000360   0.024401
      700 0.000355   0.024082
      848 0.000353  -0.023968
      412 0.000345  -0.023438
      583 0.000343  -0.023286
      699 0.000337  -0.022835
      273 0.000331  -0.022436
      210 0.000323  -0.021899
      419 0.000319  -0.021631
      756 0.000316  -0.021471
      793 0.000316  -0.021416
      807 0.000311   0.021080
      403 0.000304   0.020647
      631 0.000303  -0.020525
      587 0.000302   0.020502
      269 0.000289  -0.019617
      235 0.000288  -0.019562
      383 0.000288   0.019537
      853 0.000278  -0.018883
      763 0.000275   0.018659
      362 0.000274  -0.018580
      759 0.000273  -0.018547
      239 0.000272   0.018461
      263 0.000269  -0.018243
      182 0.000267  -0.018125
      757 0.000258  -0.017534
      570 0.000253  -0.017183
      243 0.000253   0.017133
      299 0.000251   0.017032
      361 0.000241   0.016335
      741 0.000239   0.016222
      726 0.000238  -0.016140
      739 0.000227  -0.015394
      137 0.000217  -0.014714
      377 0.000216  -0.014672
      750 0.000214   0.014526
      743 0.000211  -0.014336
      184 0.000207  -0.014057
      206 0.000207   0.014041
      301 0.000201  -0.013647
      204 0.000199   0.013495
      855 0.000197  -0.013334
       70 0.000196   0.013281
      427 0.000194  -0.013139
      818 0.000192  -0.013043
      373 0.000191  -0.012935
      742 0.000191  -0.012929
      247 0.000187   0.012715
      312 0.000187  -0.012681
      604 0.000187  -0.012675
      564 0.000186  -0.012645
      549 0.000183  -0.012421
      800 0.000183  -0.012400
      857 0.000182  -0.012362
      580 0.000181  -0.012282
      576 0.000180  -0.012234
      787 0.000178   0.012108
      795 0.000176   0.011937
      199 0.000175  -0.011904
      392 0.000175   0.011860
      824 0.000174   0.011788
      223 0.000173   0.011728
      591 0.000172   0.011693
      658 0.000172   0.011678
      400 0.000172  -0.011646
      132 0.000172   0.011645
      553 0.000169  -0.011443
      175 0.000165  -0.011182
      290 0.000163   0.011062
      784 0.000161  -0.010923
      228 0.000160  -0.010869
      337 0.000159  -0.010805
      778 0.000158  -0.010724
      828 0.000157  -0.010638
      820 0.000155  -0.010545
      275 0.000155  -0.010499
      574 0.000154  -0.010416
      369 0.000153   0.010413
      775 0.000153   0.010411
      332 0.000153  -0.010369
      711 0.000152   0.010317
      667 0.000152   0.010280
      941 0.000148  -0.010067
      829 0.000146   0.009907
      665 0.000145  -0.009804
      628 0.000142   0.009626
      859 0.000142   0.009609
      616 0.000141  -0.009568
      736 0.000138  -0.009375
      808 0.000137   0.009304
      605 0.000135  -0.009185
      585 0.000135  -0.009136
      557 0.000131  -0.008883
      179 0.000130   0.008834
      790 0.000129   0.008773
      355 0.000127   0.008629
      329 0.000127  -0.008591
      770 0.000125   0.008483
      423 0.000124  -0.008398
      298 0.000124  -0.008394
      279 0.000124  -0.008384
      431 0.000123  -0.008320
      277 0.000122   0.008265
      257 0.000120  -0.008113
      217 0.000118  -0.008007
      566 0.000118   0.007995
      354 0.000117   0.007963
      687 0.000117   0.007931
      294 0.000115  -0.007821
      398 0.000115  -0.007806
       88 0.000114  -0.007741
      645 0.000114   0.007712
      255 0.000112  -0.007605
      201 0.000112  -0.007596
      380 0.000110   0.007478
      241 0.000109   0.007425
      697 0.000108   0.007358
      769 0.000108   0.007310
      799 0.000108  -0.007307
      171 0.000107  -0.007254
      815 0.000107  -0.007248
      744 0.000106  -0.007193
      690 0.000106   0.007183
      908 0.000104  -0.007048
      271 0.000103   0.007018
      569 0.000101   0.006833
      684 0.000096  -0.006540
      295 0.000096  -0.006537
      638 0.000096  -0.006520
      728 0.000096  -0.006502
      600 0.000095  -0.006443
      864 0.000094   0.006375
      367 0.000094   0.006346
      321 0.000093  -0.006301
       93 0.000093  -0.006284
      266 0.000092  -0.006268
      611 0.000090  -0.006119
      353 0.000090  -0.006113
      285 0.000090   0.006110
      292 0.000090  -0.006090
      436 0.000090   0.006082
      251 0.000090  -0.006079
      974 0.000090   0.006076
      948 0.000089   0.006046
      782 0.000089  -0.006041
      573 0.000089   0.006041
      762 0.000089  -0.006036
      840 0.000087  -0.005902
      943 0.000086   0.005847
      325 0.000086  -0.005824
      937 0.000086  -0.005810
      734 0.000085  -0.005749
      581 0.000082  -0.005572
      261 0.000082  -0.005564
      847 0.000082   0.005550
      773 0.000082   0.005542
      844 0.000082  -0.005533
      860 0.000081  -0.005525
      104 0.000081   0.005475
      234 0.000080   0.005419
      594 0.000079  -0.005329
      723 0.000078  -0.005271
      281 0.000075   0.005108
      978 0.000075   0.005066
      356 0.000074  -0.005006
      884 0.000073  -0.004954
      843 0.000073  -0.004934
      342 0.000072   0.004885
      560 0.000071  -0.004821
      629 0.000071  -0.004818
      694 0.000071   0.004798
      654 0.000069   0.004683
      823 0.000068   0.004618
      584 0.000067  -0.004553
      880 0.000065   0.004414
     1095 0.000065  -0.004387
      552 0.000065  -0.004385
      701 0.000064  -0.004374
      138 0.000064  -0.004371
      283 0.000064   0.004350
      302 0.000064  -0.004345
      572 0.000064  -0.004336
      262 0.000063  -0.004274
      882 0.000063   0.004247
      792 0.000062   0.004239
      268 0.000062  -0.004229
      319 0.000062   0.004210
     1005 0.000062   0.004195
      390 0.000062   0.004174
      291 0.000061   0.004161
      826 0.000061  -0.004139
      107 0.000061  -0.004137
      539 0.000061   0.004122
      318 0.000061  -0.004106
      589 0.000060  -0.004102
      913 0.000060  -0.004091
      289 0.000059   0.004013
      780 0.000059   0.003996
      870 0.000059  -0.003995
      722 0.000058  -0.003953
      895 0.000058   0.003933
      323 0.000056  -0.003779
      632 0.000056   0.003776
      765 0.000055   0.003740
      428 0.000054   0.003692
      545 0.000054  -0.003666
      590 0.000053  -0.003607
      831 0.000053   0.003589
      425 0.000053   0.003583
      386 0.000053   0.003568
      528 0.000052   0.003522
      414 0.000051   0.003464
      561 0.000050   0.003364
      789 0.000049   0.003316
      315 0.000049   0.003291
      922 0.000048  -0.003247
      308 0.000048  -0.003236
      627 0.000047   0.003219
      821 0.000047  -0.003206
      193 0.000047   0.003195
      343 0.000047  -0.003184
      801 0.000047  -0.003183
      535 0.000047   0.003173
      935 0.000046  -0.003144
      322 0.000046  -0.003141
      413 0.000045  -0.003066
      955 0.000044   0.003017
      244 0.000044  -0.002991
      894 0.000044  -0.002979
      614 0.000043   0.002947
      596 0.000043  -0.002922
      874 0.000043  -0.002920
      169 0.000043  -0.002906
      313 0.000042  -0.002819
      748 0.000041  -0.002805
      957 0.000041   0.002753
      842 0.000040  -0.002725
      830 0.000040   0.002693
      881 0.000039  -0.002634
      643 0.000038  -0.002593
      374 0.000038   0.002582
      284 0.000038   0.002577
      364 0.000038  -0.002551
      278 0.000037   0.002524
      942 0.000036   0.002449
      491 0.000036   0.002447
      650 0.000036  -0.002439
      833 0.000036  -0.002431
      841 0.000036   0.002412
      518 0.000035   0.002402
     1073 0.000035  -0.002342
      838 0.000034  -0.002330
      988 0.000034  -0.002308
      879 0.000033  -0.002240
      971 0.000033  -0.002232
      488 0.000033   0.002224
      532 0.000033   0.002222
      407 0.000032  -0.002201
      950 0.000032  -0.002187
      964 0.000032   0.002186
     1096 0.000032   0.002173
      798 0.000032  -0.002166
      394 0.000032   0.002155
      727 0.000031  -0.002084
      610 0.000030  -0.002056
      832 0.000030   0.002031
      540 0.000030  -0.002029
      131 0.000030   0.002008
      921 0.000030  -0.002002
      161 0.000029   0.001988
      597 0.000029  -0.001978
      409 0.000029  -0.001969
      835 0.000029  -0.001968
      933 0.000029   0.001964
      366 0.000029   0.001953
      410 0.000029  -0.001953
      445 0.000028  -0.001891
      475 0.000028  -0.001889
      448 0.000028   0.001883
       91 0.000028  -0.001869
      333 0.000028  -0.001868
      811 0.000027   0.001863
      524 0.000027  -0.001862
      904 0.000027   0.001846
      636 0.000027  -0.001844
      794 0.000027   0.001836
      225 0.000027   0.001826
      226 0.000027   0.001818
      310 0.000027  -0.001812
      542 0.000026   0.001762
      928 0.000026  -0.001762
      297 0.000026  -0.001757
      685 0.000026  -0.001736
      849 0.000026   0.001731
      983 0.000025   0.001703
      977 0.000025   0.001700
     1032 0.000025   0.001671
      856 0.000025   0.001670
     1034 0.000025  -0.001664
      286 0.000024   0.001659
      526 0.000024   0.001638
      677 0.000024   0.001623
      805 0.000024  -0.001608
     1010 0.000024   0.001606
      264 0.000024   0.001598
      987 0.000023   0.001585
      810 0.000023   0.001584
      791 0.000023   0.001565
      359 0.000023   0.001548
      927 0.000022  -0.001516
      868 0.000022   0.001506
      357 0.000022  -0.001494
      530 0.000022   0.001489
      406 0.000022  -0.001478
      424 0.000022  -0.001475
     1001 0.000021  -0.001426
      959 0.000021  -0.001415
      649 0.000021  -0.001413
      198 0.000021  -0.001392
     1009 0.000020  -0.001377
      479 0.000020   0.001363
      934 0.000020  -0.001344
      514 0.000020   0.001336
      259 0.000019   0.001314
      382 0.000019  -0.001279
      397 0.000018  -0.001254
      640 0.000018  -0.001248
      592 0.000018   0.001231
      764 0.000018  -0.001224
      809 0.000018   0.001215
      536 0.000018  -0.001210
      916 0.000018  -0.001201
      209 0.000018   0.001200
      669 0.000018   0.001193
      776 0.000017  -0.001182
      437 0.000017   0.001177
      463 0.000017  -0.001175
      455 0.000017  -0.001170
      360 0.000017   0.001159
      222 0.000017   0.001142
      432 0.000017   0.001134
     1025 0.000017   0.001121
      320 0.000016   0.001113
       45 0.000016   0.001103
      568 0.000016   0.001094
      237 0.000016   0.001093
      384 0.000016  -0.001090
      512 0.000016  -0.001082
      324 0.000016  -0.001073
      519 0.000016   0.001071
      240 0.000016  -0.001064
      655 0.000016  -0.001064
      898 0.000016   0.001063
      502 0.000016   0.001059
      876 0.000016  -0.001053
      609 0.000016   0.001052
      714 0.000015  -0.001046
     1003 0.000015  -0.001043
     1016 0.000015  -0.001038
      713 0.000015   0.001015
      680 0.000015   0.001014
      875 0.000015  -0.001007
     1017 0.000015   0.000988
      252 0.000015  -0.000985
      907 0.000014   0.000973
      903 0.000014   0.000951
      984 0.000014  -0.000948
      188 0.000014  -0.000942
      316 0.000014  -0.000928
      732 0.000014   0.000918
      814 0.000014   0.000916
      625 0.000013  -0.000910
      458 0.000013   0.000908
      949 0.000013   0.000903
      245 0.000013  -0.000893
     1020 0.000013  -0.000893
      489 0.000013   0.000891
       51 0.000013  -0.000887
      450 0.000013  -0.000875
       38 0.000013   0.000870
      837 0.000013  -0.000869
      236 0.000013   0.000855
      891 0.000013  -0.000851
      623 0.000012  -0.000846
      779 0.000012  -0.000844
     1040 0.000012  -0.000839
      740 0.000012   0.000839
      839 0.000012   0.000834
      662 0.000012  -0.000832
      505 0.000012   0.000806
      350 0.000012   0.000806
      803 0.000012   0.000795
      938 0.000011   0.000776
     1052 0.000011   0.000772
      917 0.000011   0.000762
      260 0.000011  -0.000759
      272 0.000011   0.000755
      270 0.000011  -0.000745
      487 0.000011  -0.000745
      634 0.000011  -0.000736
     1061 0.000011  -0.000736
      402 0.000011  -0.000733
      478 0.000011   0.000733
      648 0.000011  -0.000733
      816 0.000011   0.000728
      642 0.000011   0.000725
      296 0.000011  -0.000722
      399 0.000011  -0.000722
       58 0.000011  -0.000718
      760 0.000011  -0.000716
      346 0.000011   0.000716
      802 0.000010   0.000711
      461 0.000010   0.000708
      250 0.000010   0.000704
      349 0.000010  -0.000697
     1015 0.000010  -0.000685
      224 0.000010  -0.000681
euclid. distance of OLC and linear combination of EV * x_coef: 0.006394258828723719

Generate samples based on objective loadcase 441
nr_to_generate: 25

Parameter variation distribution settings
distribution: uniform
low: 0.7
high: 1.3

Total process runtime: 0:00:01.333863
