Date and Time:2023-05-12 14:11:13.948416

Initial Settings:
similarity_model: <function cosine_similarity at 0x000001D005A6E5E0>
similarity_threshold: 1e-05
nr_eigv_to_select: None
distribution: uniform
deviation: 0.3
nr_to_generate: 25
recompute: False

Selected eigenvectors and similarity score w.r.t objective loadcase:
objective_loadcase_nr: 245
similarity_model: cosine_similarity
similarity_threshold: 1e-05
nr_eigv_to_select: None
nr_eigv_selected: 492
approximation parameter model: lstsq
similarity score and approx. param. value
:  eigv_idx    score      value
        1 0.562297  61.203302
        3 0.526429  57.299223
        2 0.486850 -52.991222
        0 0.406852  44.283899
        6 0.061203   6.661699
       39 0.014093   1.533961
        4 0.009710   1.056861
       68 0.004464  -0.485906
      639 0.003861   0.420232
      186 0.002406  -0.261926
      612 0.002118  -0.230574
      593 0.002002  -0.217905
      586 0.001819   0.198002
       71 0.001751  -0.190608
      716 0.001682   0.183132
      618 0.001644   0.178977
      187 0.001620  -0.176367
      663 0.001579  -0.171837
      710 0.001478  -0.160883
      668 0.001462   0.159125
      218 0.001438  -0.156470
       69 0.001434  -0.156037
      182 0.001186  -0.129086
      595 0.001145   0.124621
      194 0.001117   0.121622
      659 0.001099  -0.119579
      617 0.001008   0.109748
      184 0.000912  -0.099249
      686 0.000907  -0.098745
      143 0.000881   0.095867
      388 0.000880  -0.095792
      700 0.000867   0.094374
      599 0.000814   0.088596
      683 0.000801   0.087191
      688 0.000800  -0.087060
      635 0.000795   0.086494
      579 0.000792   0.086180
      626 0.000783   0.085192
      562 0.000775  -0.084311
      183 0.000750   0.081653
      582 0.000747  -0.081313
       70 0.000739   0.080404
      670 0.000729   0.079394
      578 0.000710   0.077249
      749 0.000663  -0.072163
      698 0.000651  -0.070876
      733 0.000632   0.068752
      621 0.000631  -0.068697
      666 0.000596  -0.064925
      228 0.000588  -0.063986
      602 0.000537  -0.058503
      341 0.000537   0.058461
      253 0.000535  -0.058259
      718 0.000499  -0.054271
      179 0.000489   0.053232
      708 0.000479   0.052172
      735 0.000463  -0.050443
      153 0.000458   0.049798
      171 0.000453  -0.049270
      174 0.000445   0.048435
      699 0.000443  -0.048259
      641 0.000438  -0.047726
      567 0.000420  -0.045712
      210 0.000419  -0.045632
      606 0.000411  -0.044691
      704 0.000409  -0.044478
      583 0.000400  -0.043563
      362 0.000396  -0.043130
      220 0.000395  -0.042951
      577 0.000384  -0.041777
      709 0.000377  -0.041088
      575 0.000376   0.040967
      620 0.000362  -0.039396
      137 0.000356  -0.038700
      604 0.000341  -0.037105
      631 0.000341  -0.037084
      628 0.000319   0.034741
      756 0.000318  -0.034623
      576 0.000317  -0.034555
      267 0.000311  -0.033898
      757 0.000311  -0.033852
      848 0.000311  -0.033842
      243 0.000311   0.033827
      419 0.000308  -0.033542
      807 0.000298   0.032445
      601 0.000298   0.032437
      254 0.000297   0.032323
      412 0.000295  -0.032115
      204 0.000292   0.031754
      403 0.000290   0.031555
      573 0.000276   0.030045
      400 0.000270  -0.029422
      707 0.000270  -0.029342
      587 0.000262   0.028560
      815 0.000250  -0.027175
      759 0.000248   0.027044
      132 0.000241   0.026259
      383 0.000240   0.026166
      787 0.000240   0.026163
      271 0.000240   0.026118
      741 0.000238   0.025869
      377 0.000236  -0.025735
      277 0.000236   0.025701
      570 0.000234  -0.025443
      148 0.000234   0.025417
      236 0.000232   0.025266
      658 0.000231   0.025167
      199 0.000231  -0.025136
      161 0.000231   0.025101
      258 0.000228  -0.024863
      580 0.000227  -0.024678
      853 0.000223  -0.024312
      640 0.000218  -0.023704
      739 0.000210  -0.022807
      941 0.000208  -0.022621
      665 0.000205  -0.022364
      753 0.000203  -0.022059
      564 0.000201  -0.021873
      234 0.000200   0.021784
      687 0.000193   0.021056
       91 0.000192  -0.020874
      549 0.000189  -0.020537
      361 0.000187   0.020356
      255 0.000183  -0.019865
      828 0.000182  -0.019772
      427 0.000178  -0.019357
      800 0.000176  -0.019185
      175 0.000174  -0.018928
      557 0.000173  -0.018836
      798 0.000172   0.018767
      301 0.000171  -0.018621
      750 0.000169   0.018376
      138 0.000169   0.018370
      820 0.000167  -0.018198
      295 0.000166  -0.018083
      667 0.000163   0.017786
      380 0.000163   0.017749
      249 0.000163  -0.017738
      398 0.000162  -0.017595
      257 0.000158  -0.017148
      566 0.000157   0.017062
      696 0.000156  -0.016979
      711 0.000156   0.016958
      355 0.000156   0.016942
      367 0.000153   0.016648
      373 0.000152  -0.016558
      574 0.000152  -0.016505
      353 0.000150  -0.016276
      222 0.000147  -0.016047
      857 0.000147  -0.015962
      784 0.000147  -0.015954
      743 0.000147  -0.015952
      847 0.000146   0.015886
      247 0.000145   0.015832
      585 0.000145  -0.015744
      690 0.000143   0.015603
      790 0.000141   0.015382
      273 0.000140  -0.015223
      436 0.000138   0.015021
      107 0.000136  -0.014850
      908 0.000135  -0.014684
      217 0.000133  -0.014500
      299 0.000133   0.014475
      645 0.000132   0.014395
      762 0.000132   0.014361
      629 0.000132  -0.014327
      793 0.000130  -0.014146
      974 0.000129   0.014075
      605 0.000129  -0.014030
      308 0.000129  -0.014011
      808 0.000127   0.013772
      740 0.000127  -0.013769
      581 0.000126  -0.013736
      763 0.000123  -0.013411
      262 0.000123  -0.013398
      423 0.000120  -0.013098
      281 0.000120   0.013098
      431 0.000120  -0.013077
      882 0.000120   0.013076
      241 0.000119   0.012997
      855 0.000119  -0.012981
      600 0.000119  -0.012913
      266 0.000118  -0.012885
      269 0.000118  -0.012856
      294 0.000118  -0.012843
      684 0.000118  -0.012832
      356 0.000118  -0.012817
      261 0.000117  -0.012719
      697 0.000117   0.012714
      392 0.000117   0.012703
      818 0.000115  -0.012537
      859 0.000113   0.012337
      638 0.000113  -0.012332
      594 0.000113  -0.012275
      840 0.000112  -0.012177
      198 0.000111   0.012054
      726 0.000108  -0.011796
      561 0.000107   0.011642
      795 0.000105   0.011454
      736 0.000105  -0.011420
      354 0.000103   0.011253
      390 0.000102   0.011073
      369 0.000101   0.011030
      801 0.000101  -0.010963
      799 0.000100  -0.010869
      803 0.000100   0.010864
      584 0.000100  -0.010858
      611 0.000098  -0.010699
      572 0.000098  -0.010676
      193 0.000097  -0.010545
      844 0.000097  -0.010543
      292 0.000096  -0.010503
     1095 0.000096  -0.010471
      723 0.000096  -0.010432
      235 0.000096  -0.010398
      302 0.000095  -0.010326
      386 0.000095   0.010307
      597 0.000094  -0.010282
      553 0.000093  -0.010135
      832 0.000093   0.010087
      209 0.000093  -0.010084
      955 0.000089   0.009691
      275 0.000089  -0.009647
      734 0.000088  -0.009540
      552 0.000088  -0.009537
      312 0.000087  -0.009463
      742 0.000086  -0.009362
      802 0.000085   0.009304
      632 0.000085   0.009264
      428 0.000085   0.009229
      829 0.000085   0.009215
      824 0.000084   0.009144
      343 0.000083  -0.009022
      414 0.000080   0.008696
      805 0.000080  -0.008694
      701 0.000079  -0.008652
      863 0.000079  -0.008627
      596 0.000078  -0.008530
      374 0.000078   0.008472
      268 0.000078  -0.008445
      313 0.000076  -0.008294
      879 0.000076  -0.008283
     1005 0.000076   0.008222
      748 0.000075  -0.008204
      891 0.000074  -0.008108
      407 0.000074  -0.008028
      778 0.000073  -0.007974
      913 0.000073  -0.007973
      843 0.000073  -0.007971
      545 0.000073  -0.007946
      569 0.000072   0.007839
      744 0.000072  -0.007824
      922 0.000071  -0.007742
      776 0.000071  -0.007680
      614 0.000070   0.007673
      826 0.000070  -0.007641
      728 0.000070  -0.007585
      937 0.000070  -0.007577
      425 0.000069   0.007546
      978 0.000069   0.007463
      603 0.000068  -0.007363
      397 0.000065  -0.007122
      291 0.000064   0.006992
      251 0.000064  -0.006979
      722 0.000064  -0.006925
      322 0.000064  -0.006919
      654 0.000064   0.006914
      539 0.000062   0.006736
      560 0.000062  -0.006708
      780 0.000060  -0.006521
      394 0.000059   0.006401
      263 0.000058  -0.006366
      789 0.000058   0.006311
      319 0.000057   0.006246
      895 0.000056   0.006141
      782 0.000055  -0.006010
      591 0.000054   0.005922
      297 0.000054  -0.005843
      542 0.000052   0.005660
      867 0.000051   0.005603
      318 0.000051   0.005582
      765 0.000051   0.005519
      773 0.000051   0.005505
      528 0.000051   0.005504
      298 0.000051  -0.005499
      223 0.000050   0.005472
      831 0.000050   0.005436
      245 0.000050  -0.005406
      409 0.000049  -0.005376
      540 0.000049  -0.005354
      858 0.000048  -0.005257
      770 0.000047   0.005156
      821 0.000047  -0.005155
      987 0.000047   0.005083
      948 0.000047   0.005071
      169 0.000046  -0.005007
      677 0.000045   0.004931
      589 0.000045  -0.004928
      928 0.000045  -0.004873
      349 0.000043  -0.004710
      870 0.000042  -0.004593
      448 0.000042   0.004564
      323 0.000042  -0.004541
      881 0.000041  -0.004490
      864 0.000041   0.004438
      131 0.000041  -0.004410
      965 0.000040  -0.004366
     1001 0.000040  -0.004337
      838 0.000040   0.004323
      232 0.000040  -0.004303
      535 0.000039   0.004267
      993 0.000038   0.004189
      320 0.000038  -0.004117
      874 0.000038  -0.004106
      823 0.000038   0.004091
      413 0.000037   0.004069
      608 0.000037  -0.004041
      402 0.000037   0.003991
      224 0.000037  -0.003979
      310 0.000037  -0.003978
      616 0.000036  -0.003946
      337 0.000036  -0.003904
      650 0.000036  -0.003879
      904 0.000036   0.003871
      518 0.000036   0.003871
     1025 0.000036   0.003867
       88 0.000035   0.003858
      933 0.000035   0.003836
      289 0.000035   0.003797
      530 0.000035   0.003776
      342 0.000034   0.003694
      860 0.000034  -0.003694
      627 0.000034   0.003675
      406 0.000034   0.003669
      830 0.000033   0.003613
      491 0.000033   0.003605
      592 0.000033  -0.003597
      410 0.000033  -0.003548
      950 0.000032  -0.003516
       93 0.000032   0.003510
      264 0.000032   0.003495
      445 0.000032  -0.003470
      276 0.000032  -0.003448
      366 0.000031   0.003406
     1032 0.000031   0.003393
      325 0.000031  -0.003376
      296 0.000031   0.003343
      636 0.000031  -0.003323
      894 0.000031  -0.003323
      662 0.000031  -0.003322
      488 0.000030   0.003313
      769 0.000030  -0.003311
      532 0.000030   0.003300
      590 0.000030  -0.003267
      335 0.000030   0.003247
      900 0.000030  -0.003237
     1017 0.000029   0.003198
      432 0.000029   0.003192
      475 0.000029  -0.003118
      839 0.000029  -0.003105
      424 0.000029  -0.003104
      364 0.000028  -0.003098
      792 0.000028   0.003027
      332 0.000028  -0.003021
      315 0.000028   0.003006
      942 0.000027   0.002990
      214 0.000027  -0.002989
      524 0.000027  -0.002947
      227 0.000026  -0.002789
      814 0.000026   0.002785
      880 0.000025   0.002730
      917 0.000025   0.002718
      216 0.000024   0.002654
      213 0.000024  -0.002649
      239 0.000024   0.002607
      502 0.000024   0.002599
      538 0.000024   0.002559
      237 0.000023  -0.002544
      519 0.000023   0.002544
      643 0.000022  -0.002427
      285 0.000022  -0.002415
     1034 0.000022  -0.002390
      505 0.000022   0.002355
      455 0.000022  -0.002341
      938 0.000021   0.002340
      329 0.000021  -0.002336
      489 0.000021   0.002260
      713 0.000021   0.002259
      350 0.000021   0.002233
      536 0.000020  -0.002217
      714 0.000020  -0.002210
      943 0.000020   0.002206
     1052 0.000020   0.002155
      779 0.000020   0.002148
      357 0.000019  -0.002108
      359 0.000019   0.002089
      215 0.000019   0.002084
      512 0.000019  -0.002075
      727 0.000019  -0.002066
      240 0.000019   0.002062
      252 0.000019  -0.002052
      868 0.000019  -0.002049
      685 0.000019  -0.002020
      382 0.000019  -0.002020
      884 0.000019  -0.002020
      437 0.000018   0.002009
      949 0.000018   0.002001
      842 0.000018  -0.001999
      233 0.000018  -0.001990
      675 0.000018   0.001989
      463 0.000018  -0.001981
      458 0.000018   0.001977
      526 0.000018   0.001964
      287 0.000018   0.001957
      278 0.000018  -0.001956
      680 0.000018   0.001939
      649 0.000018  -0.001919
      360 0.000018   0.001908
      479 0.000017   0.001871
      321 0.000017  -0.001863
      588 0.000017   0.001858
      192 0.000017   0.001833
      384 0.000016  -0.001782
      775 0.000016  -0.001764
      514 0.000016   0.001739
      347 0.000016   0.001715
      334 0.000015   0.001673
      197 0.000015   0.001669
      856 0.000015   0.001647
      903 0.000015  -0.001643
      259 0.000015   0.001638
      450 0.000015  -0.001633
      191 0.000015  -0.001625
      195 0.000015  -0.001619
      837 0.000015   0.001606
      196 0.000015  -0.001592
      324 0.000015  -0.001578
      420 0.000014   0.001576
      230 0.000014  -0.001560
      483 0.000014  -0.001559
      755 0.000014  -0.001558
      732 0.000014   0.001552
      244 0.000014   0.001550
      619 0.000014   0.001545
      907 0.000014   0.001541
      316 0.000014   0.001529
      534 0.000014  -0.001519
      449 0.000014  -0.001513
      462 0.000014   0.001513
      178 0.000014   0.001503
      883 0.000014   0.001482
      405 0.000013  -0.001458
      221 0.000013  -0.001456
      188 0.000013  -0.001446
      272 0.000013  -0.001433
     1047 0.000013   0.001414
      288 0.000013  -0.001384
      293 0.000013  -0.001377
      226 0.000012   0.001345
      543 0.000012  -0.001313
      279 0.000012  -0.001303
      646 0.000012   0.001291
      274 0.000012   0.001289
      816 0.000012   0.001284
      286 0.000012   0.001276
      876 0.000012   0.001272
      764 0.000012   0.001269
       13 0.000012  -0.001266
      804 0.000012  -0.001265
       14 0.000012   0.001260
      478 0.000012   0.001259
      642 0.000012  -0.001259
      966 0.000012   0.001257
      760 0.000012   0.001255
      201 0.000012   0.001253
      510 0.000011  -0.001240
      473 0.000011  -0.001238
      112 0.000011  -0.001230
      634 0.000011  -0.001219
      664 0.000011  -0.001214
      693 0.000011  -0.001193
      791 0.000011   0.001179
      418 0.000011  -0.001169
      250 0.000011   0.001158
      959 0.000011   0.001150
      887 0.000011  -0.001147
      875 0.000010   0.001140
      613 0.000010  -0.001138
      238 0.000010  -0.001131
      200 0.000010  -0.001122
      927 0.000010  -0.001114
      609 0.000010  -0.001094
euclid. distance of OLC and linear combination of EV * x_coef: 0.011248409596581983

Generate samples based on objective loadcase 245
nr_to_generate: 25

Parameter variation distribution settings
distribution: uniform
low: 0.7
high: 1.3

Total process runtime: 0:00:01.387293
