Date and Time:2023-05-12 14:20:32.334472

Initial Settings:
similarity_model: <function cosine_similarity at 0x000001D005A6E5E0>
similarity_threshold: 1e-05
nr_eigv_to_select: None
distribution: uniform
deviation: 0.3
nr_to_generate: 25
recompute: False

Selected eigenvectors and similarity score w.r.t objective loadcase:
objective_loadcase_nr: 666
similarity_model: cosine_similarity
similarity_threshold: 1e-05
nr_eigv_to_select: None
nr_eigv_selected: 486
approximation parameter model: lstsq
similarity score and approx. param. value
:  eigv_idx    score      value
        3 0.592662  30.723467
        1 0.514159  26.653882
        2 0.508338 -26.352112
        0 0.352922  18.295414
       39 0.025992   1.347434
        6 0.023000   1.192306
        4 0.012753   0.661106
      639 0.003006   0.155826
      218 0.002316  -0.120053
       68 0.002148  -0.111360
      593 0.001864  -0.096627
      186 0.001833  -0.095026
      586 0.001751   0.090795
      612 0.001739  -0.090137
      710 0.001672  -0.086679
      187 0.001211  -0.062783
      143 0.001153   0.059786
      595 0.001141   0.059146
      716 0.001109   0.057504
      618 0.001036   0.053707
      668 0.001023   0.053026
      626 0.000978   0.050686
      663 0.000971  -0.050323
      686 0.000958  -0.049667
      749 0.000947  -0.049085
      688 0.000820  -0.042510
      388 0.000811  -0.042042
      194 0.000802   0.041592
      659 0.000745  -0.038598
      617 0.000703   0.036468
      599 0.000685   0.035495
      621 0.000644  -0.033381
      562 0.000640  -0.033200
      704 0.000630  -0.032663
      582 0.000630  -0.032662
      670 0.000627   0.032479
      635 0.000619   0.032085
      183 0.000606   0.031419
      578 0.000569   0.029499
      735 0.000544  -0.028178
      341 0.000541   0.028029
      718 0.000539  -0.027927
      733 0.000524   0.027171
      567 0.000514  -0.026652
      606 0.000507  -0.026305
      577 0.000507  -0.026284
      708 0.000500   0.025932
      602 0.000498  -0.025819
      579 0.000494   0.025623
      253 0.000454  -0.023533
      267 0.000452  -0.023412
      698 0.000443  -0.022974
      153 0.000442   0.022934
      666 0.000438  -0.022704
      696 0.000432  -0.022416
      709 0.000422  -0.021881
      258 0.000417  -0.021592
      220 0.000415  -0.021531
      620 0.000407  -0.021085
      137 0.000403  -0.020912
      174 0.000403   0.020893
       70 0.000395   0.020462
      575 0.000388   0.020092
      753 0.000374  -0.019373
      707 0.000360  -0.018657
      756 0.000346  -0.017947
      641 0.000342  -0.017750
      601 0.000337   0.017445
      848 0.000330  -0.017083
      243 0.000329   0.017038
      230 0.000321  -0.016662
      227 0.000318   0.016499
      412 0.000316  -0.016387
      583 0.000312  -0.016184
      853 0.000311  -0.016143
      699 0.000308  -0.015982
      683 0.000307   0.015936
      273 0.000307  -0.015914
      700 0.000303   0.015691
      759 0.000289  -0.014960
      419 0.000287  -0.014868
      210 0.000284  -0.014710
      763 0.000278   0.014412
      757 0.000278  -0.014389
      235 0.000276  -0.014294
      741 0.000275   0.014232
      793 0.000274  -0.014226
      362 0.000271  -0.014037
      228 0.000271  -0.014028
      269 0.000270  -0.013991
      587 0.000266   0.013803
      807 0.000266   0.013772
      383 0.000266   0.013769
      726 0.000265  -0.013757
      403 0.000260   0.013456
      182 0.000257  -0.013338
      739 0.000255  -0.013243
      631 0.000254  -0.013171
      750 0.000254   0.013148
       69 0.000252   0.013059
      132 0.000251   0.013001
      787 0.000239   0.012369
      570 0.000239  -0.012368
      263 0.000236  -0.012238
      184 0.000235  -0.012197
      299 0.000234   0.012118
      239 0.000226   0.011718
      857 0.000215  -0.011153
      204 0.000214   0.011116
      818 0.000211  -0.010938
      206 0.000206   0.010668
      743 0.000193  -0.010021
      576 0.000189  -0.009817
      377 0.000189  -0.009774
      824 0.000188   0.009766
      549 0.000188  -0.009729
      301 0.000181  -0.009371
      427 0.000177  -0.009198
      742 0.000177  -0.009168
      199 0.000177  -0.009151
      859 0.000175   0.009084
      369 0.000175   0.009070
      312 0.000174  -0.009037
      361 0.000173   0.008987
      400 0.000172  -0.008931
      337 0.000171  -0.008870
      564 0.000171  -0.008863
      247 0.000171   0.008858
      392 0.000170   0.008807
      770 0.000168   0.008712
      373 0.000163  -0.008464
      223 0.000162   0.008408
      241 0.000161   0.008364
      829 0.000161   0.008324
      658 0.000161   0.008321
      591 0.000160   0.008309
      795 0.000160   0.008275
      175 0.000159  -0.008232
      580 0.000155  -0.008058
      290 0.000154   0.008004
      800 0.000153  -0.007937
      277 0.000152   0.007891
      790 0.000150   0.007790
      711 0.000149   0.007733
      778 0.000149  -0.007731
      604 0.000149  -0.007731
      553 0.000149  -0.007727
      275 0.000149  -0.007704
      665 0.000146  -0.007584
      628 0.000145   0.007501
      332 0.000144  -0.007457
      775 0.000143   0.007413
      855 0.000142  -0.007349
       71 0.000141   0.007331
      605 0.000139  -0.007200
      356 0.000135  -0.006996
      784 0.000133  -0.006875
      801 0.000129  -0.006664
      380 0.000126   0.006521
      574 0.000126  -0.006506
      773 0.000124   0.006444
      828 0.000122  -0.006350
      616 0.000122  -0.006348
      179 0.000122   0.006338
      667 0.000122   0.006331
      762 0.000122  -0.006312
      687 0.000120   0.006232
      820 0.000120  -0.006196
      585 0.000119  -0.006173
      271 0.000117   0.006087
      728 0.000117  -0.006062
      864 0.000117   0.006050
      941 0.000116  -0.006018
      354 0.000115   0.005949
      171 0.000115  -0.005948
      279 0.000114  -0.005929
      943 0.000113   0.005853
      398 0.000112  -0.005807
      431 0.000112  -0.005790
      423 0.000112  -0.005782
      234 0.000111   0.005775
      736 0.000111  -0.005762
      329 0.000110  -0.005688
      298 0.000110  -0.005683
      697 0.000109   0.005637
      201 0.000109  -0.005636
      884 0.000109  -0.005634
      769 0.000108   0.005612
      566 0.000104   0.005411
      251 0.000103  -0.005347
      557 0.000101  -0.005233
      744 0.000101  -0.005231
      257 0.000101  -0.005223
      295 0.000099  -0.005130
      629 0.000099  -0.005111
      880 0.000098   0.005104
      690 0.000098   0.005089
      217 0.000096  -0.005002
      808 0.000094   0.004897
      684 0.000094  -0.004868
      107 0.000093  -0.004816
      255 0.000093  -0.004812
      638 0.000093  -0.004801
      321 0.000092  -0.004777
      600 0.000092  -0.004776
      782 0.000090  -0.004641
      353 0.000089  -0.004624
      436 0.000089   0.004610
      589 0.000089  -0.004594
      815 0.000087  -0.004526
      847 0.000085   0.004395
      799 0.000085  -0.004394
      294 0.000085  -0.004391
      870 0.000084  -0.004363
      908 0.000083  -0.004279
       88 0.000082  -0.004260
      843 0.000081  -0.004220
      262 0.000081  -0.004213
       91 0.000080  -0.004163
      308 0.000080  -0.004155
      281 0.000078   0.004043
      645 0.000078   0.004036
      325 0.000078  -0.004032
      611 0.000078  -0.004020
      292 0.000077  -0.004003
      826 0.000077  -0.003985
      343 0.000075  -0.003906
      569 0.000075   0.003893
       93 0.000075  -0.003875
      594 0.000075  -0.003871
      734 0.000074  -0.003861
      581 0.000074  -0.003852
      948 0.000074   0.003840
      367 0.000074   0.003814
      561 0.000071   0.003701
      285 0.000071   0.003660
      844 0.000070  -0.003652
      792 0.000070   0.003630
      974 0.000070   0.003611
      823 0.000069   0.003600
      840 0.000069  -0.003582
      937 0.000069  -0.003576
      261 0.000069  -0.003571
      573 0.000069   0.003567
      266 0.000069  -0.003563
      894 0.000068  -0.003537
      355 0.000068   0.003533
      874 0.000067  -0.003495
      860 0.000067  -0.003457
      765 0.000065   0.003347
      291 0.000064   0.003302
      654 0.000064   0.003297
      614 0.000064   0.003294
      694 0.000063   0.003273
      302 0.000063  -0.003262
      748 0.000063  -0.003244
      283 0.000063   0.003242
      978 0.000061   0.003162
      319 0.000061   0.003160
      386 0.000060   0.003136
      572 0.000060  -0.003088
      278 0.000059   0.003084
      289 0.000059   0.003074
      957 0.000059   0.003053
      841 0.000058   0.002988
      413 0.000057  -0.002975
      722 0.000057  -0.002954
      964 0.000057   0.002948
      935 0.000055  -0.002851
      545 0.000055  -0.002844
      632 0.000055   0.002842
      904 0.000055   0.002834
      425 0.000055   0.002827
      428 0.000054   0.002821
      539 0.000054   0.002820
      104 0.000054   0.002804
      988 0.000054  -0.002776
      627 0.000053   0.002771
      138 0.000053  -0.002757
      608 0.000053  -0.002741
      780 0.000053   0.002739
      723 0.000053  -0.002737
     1096 0.000051   0.002654
      414 0.000051   0.002654
      560 0.000051  -0.002637
      833 0.000050  -0.002602
     1005 0.000050   0.002577
      323 0.000049  -0.002564
      852 0.000049   0.002564
      315 0.000049   0.002546
      161 0.000049   0.002539
      198 0.000049  -0.002535
     1095 0.000049  -0.002526
      913 0.000048  -0.002511
      342 0.000048   0.002497
      950 0.000048  -0.002490
      895 0.000047   0.002449
      528 0.000047   0.002425
      590 0.000046  -0.002405
      942 0.000046   0.002404
      407 0.000046  -0.002395
      552 0.000045  -0.002337
      830 0.000044   0.002305
      971 0.000044  -0.002278
      650 0.000044  -0.002273
      244 0.000044  -0.002268
      798 0.000044  -0.002263
      169 0.000043  -0.002243
      701 0.000043  -0.002226
      322 0.000043  -0.002221
      882 0.000042   0.002201
      535 0.000042   0.002198
      649 0.000042  -0.002184
      236 0.000042   0.002176
      268 0.000042  -0.002162
      584 0.000042  -0.002156
      318 0.000041  -0.002149
      364 0.000041   0.002132
      596 0.000041  -0.002111
      821 0.000040  -0.002058
      831 0.000040   0.002055
      842 0.000039  -0.002037
      313 0.000039  -0.002032
      390 0.000039   0.002022
      835 0.000038  -0.001978
      849 0.000038  -0.001958
      922 0.000037  -0.001939
      983 0.000036   0.001866
      406 0.000036   0.001858
      805 0.000035  -0.001828
      921 0.000035  -0.001816
      193 0.000034   0.001777
      755 0.000033  -0.001712
      977 0.000032   0.001679
      518 0.000032   0.001676
      297 0.000032  -0.001673
     1073 0.000032  -0.001668
      597 0.000032  -0.001667
      409 0.000032  -0.001661
      491 0.000032   0.001634
      286 0.000031   0.001619
      881 0.000031  -0.001590
      540 0.000030  -0.001569
      955 0.000030   0.001560
      804 0.000029  -0.001522
      394 0.000029   0.001497
      598 0.000029   0.001493
      532 0.000029   0.001492
      402 0.000028   0.001472
      310 0.000028  -0.001472
     1009 0.000028  -0.001465
      832 0.000028   0.001463
      677 0.000028   0.001447
      488 0.000028   0.001443
      445 0.000027  -0.001415
      448 0.000027   0.001401
      927 0.000027  -0.001395
      803 0.000027   0.001392
      794 0.000027   0.001385
      592 0.000026   0.001356
      779 0.000026  -0.001342
      938 0.000026   0.001332
      410 0.000025  -0.001317
      802 0.000025   0.001315
      366 0.000025   0.001311
      898 0.000025   0.001295
      374 0.000025   0.001288
      568 0.000024  -0.001266
      148 0.000024   0.001259
      636 0.000024  -0.001251
      837 0.000024   0.001239
      524 0.000024  -0.001234
      934 0.000024  -0.001233
      359 0.000024  -0.001231
      475 0.000024  -0.001231
      933 0.000023   0.001209
      131 0.000023   0.001208
     1016 0.000023  -0.001206
      789 0.000023   0.001205
      838 0.000023  -0.001205
      225 0.000023  -0.001199
     1020 0.000023  -0.001174
      729 0.000022   0.001165
      646 0.000022   0.001163
      248 0.000022  -0.001161
      424 0.000022  -0.001157
      675 0.000022   0.001147
      899 0.000022   0.001143
      526 0.000022   0.001136
      959 0.000022  -0.001124
     1003 0.000022  -0.001123
     1034 0.000022  -0.001119
      226 0.000021  -0.001113
      346 0.000021   0.001105
      530 0.000021   0.001096
     1010 0.000021   0.001080
      740 0.000021   0.001079
      879 0.000021  -0.001069
      542 0.000020   0.001051
      916 0.000020  -0.001043
      928 0.000020  -0.001036
      868 0.000020   0.001025
      249 0.000020   0.001021
      256 0.000019  -0.000986
     1032 0.000019   0.000978
      360 0.000019  -0.000969
      662 0.000019  -0.000965
      856 0.000018   0.000953
      702 0.000018  -0.000947
      746 0.000018  -0.000946
     1040 0.000018  -0.000946
      357 0.000018   0.000926
      514 0.000017   0.000889
      966 0.000017   0.000886
      479 0.000017   0.000874
      839 0.000017  -0.000872
      432 0.000016   0.000853
      809 0.000016   0.000843
      437 0.000016   0.000840
      987 0.000016   0.000837
      502 0.000016   0.000837
      640 0.000016  -0.000819
      994 0.000016  -0.000816
      397 0.000016  -0.000811
      875 0.000016   0.000804
      328 0.000015  -0.000801
      519 0.000015   0.000799
      455 0.000015  -0.000794
      222 0.000015  -0.000792
      536 0.000015  -0.000787
      463 0.000015  -0.000784
      764 0.000015  -0.000781
      747 0.000015  -0.000777
      903 0.000015   0.000775
      714 0.000015  -0.000775
      902 0.000015   0.000768
      610 0.000015  -0.000766
      588 0.000014  -0.000751
      949 0.000014   0.000747
      811 0.000014   0.000747
      776 0.000014  -0.000743
      727 0.000014  -0.000737
      717 0.000014   0.000727
     1001 0.000014  -0.000721
      505 0.000014   0.000720
      334 0.000014   0.000719
      512 0.000014  -0.000713
      250 0.000014   0.000710
      214 0.000014  -0.000706
      216 0.000014   0.000705
      693 0.000014  -0.000702
      489 0.000013   0.000698
       56 0.000013  -0.000693
      732 0.000013   0.000688
      685 0.000013  -0.000687
      623 0.000013   0.000682
      984 0.000013  -0.000670
      265 0.000013  -0.000663
      405 0.000013  -0.000660
      609 0.000013  -0.000659
      458 0.000013   0.000659
      245 0.000013  -0.000654
      224 0.000012  -0.000639
      936 0.000012  -0.000619
       98 0.000012  -0.000615
      324 0.000012  -0.000611
      691 0.000012  -0.000610
      450 0.000012  -0.000609
      705 0.000011  -0.000592
      215 0.000011   0.000588
      772 0.000011  -0.000587
      478 0.000011   0.000576
       50 0.000011  -0.000575
      316 0.000011  -0.000568
      307 0.000011   0.000560
      887 0.000011   0.000558
     1046 0.000011  -0.000557
     1025 0.000011   0.000555
      647 0.000011   0.000552
     1017 0.000011   0.000552
      656 0.000011  -0.000549
      613 0.000011   0.000545
      796 0.000010   0.000544
      720 0.000010   0.000542
      238 0.000010   0.000523
      901 0.000010  -0.000520
euclid. distance of OLC and linear combination of EV * x_coef: 0.004996965225169603

Generate samples based on objective loadcase 666
nr_to_generate: 25

Parameter variation distribution settings
distribution: uniform
low: 0.7
high: 1.3

Total process runtime: 0:00:01.281903
