Date and Time:2023-05-12 14:20:56.630757

Initial Settings:
similarity_model: <function cosine_similarity at 0x000001D005A6E5E0>
similarity_threshold: 1e-05
nr_eigv_to_select: None
distribution: uniform
deviation: 0.3
nr_to_generate: 25
recompute: False

Selected eigenvectors and similarity score w.r.t objective loadcase:
objective_loadcase_nr: 683
similarity_model: cosine_similarity
similarity_threshold: 1e-05
nr_eigv_to_select: None
nr_eigv_selected: 544
approximation parameter model: lstsq
similarity score and approx. param. value
:  eigv_idx    score      value
        3 0.558448  55.015763
        1 0.541524  53.348543
        2 0.495673 -48.831452
        0 0.383150  37.746208
        6 0.042136   4.151005
       39 0.020630   2.032417
        4 0.011095   1.093013
      639 0.003305   0.325564
      186 0.002136  -0.210407
      612 0.001906  -0.187755
      593 0.001882  -0.185435
      586 0.001750   0.172404
      218 0.001728  -0.170196
      710 0.001594  -0.156988
      716 0.001439   0.141723
      187 0.001403  -0.138242
       68 0.001379  -0.135862
      143 0.001349   0.132913
      618 0.001287   0.126828
      668 0.001203   0.118555
      663 0.001199  -0.118089
      595 0.001139   0.112214
      194 0.000940   0.092613
      686 0.000931  -0.091691
      749 0.000907  -0.089395
      659 0.000881  -0.086761
      626 0.000847   0.083458
      388 0.000833  -0.082049
      617 0.000830   0.081736
      688 0.000820  -0.080816
      182 0.000788  -0.077633
      599 0.000730   0.071929
      562 0.000705  -0.069447
      635 0.000704   0.069374
      183 0.000698   0.068765
      582 0.000683  -0.067271
      578 0.000662   0.065241
      670 0.000616   0.060716
      621 0.000616  -0.060647
      184 0.000613  -0.060432
      579 0.000611   0.060164
      683 0.000554   0.054567
      700 0.000548   0.053958
      153 0.000544   0.053549
       69 0.000538   0.052967
      735 0.000534  -0.052628
      733 0.000533   0.052545
       71 0.000531   0.052342
      341 0.000524   0.051668
      228 0.000519  -0.051114
      666 0.000506  -0.049835
      698 0.000491  -0.048350
      137 0.000488  -0.048039
      708 0.000479   0.047198
      174 0.000477   0.047016
      606 0.000463  -0.045650
      253 0.000458  -0.045106
      567 0.000453  -0.044606
      577 0.000445  -0.043865
      718 0.000419  -0.041294
      220 0.000417  -0.041046
      709 0.000406  -0.040005
      602 0.000405  -0.039881
      704 0.000377  -0.037107
      756 0.000375  -0.036930
      583 0.000361  -0.035608
      641 0.000360  -0.035479
      575 0.000357   0.035124
      620 0.000350  -0.034451
      243 0.000346   0.034067
      258 0.000346  -0.034045
      699 0.000345  -0.034010
      267 0.000337  -0.033200
      757 0.000337  -0.033182
      741 0.000332   0.032700
      601 0.000330   0.032469
      362 0.000321  -0.031602
      179 0.000320   0.031513
      848 0.000302  -0.029734
      631 0.000298  -0.029392
      412 0.000293  -0.028829
      739 0.000293  -0.028824
      419 0.000292  -0.028768
      807 0.000292   0.028732
      403 0.000289   0.028486
      383 0.000288   0.028373
      853 0.000284  -0.027955
      210 0.000283  -0.027854
      204 0.000283   0.027852
      132 0.000272   0.026768
      199 0.000262  -0.025857
      753 0.000260  -0.025662
      171 0.000258  -0.025388
      587 0.000256   0.025207
      787 0.000255   0.025119
      707 0.000251  -0.024710
      576 0.000247  -0.024367
      604 0.000247  -0.024359
       70 0.000245   0.024171
      750 0.000244   0.024048
      696 0.000238  -0.023424
      570 0.000234  -0.023048
      585 0.000227  -0.022330
      628 0.000224   0.022075
      377 0.000222  -0.021840
      235 0.000215  -0.021169
      271 0.000215   0.021138
      400 0.000213  -0.021001
      356 0.000208  -0.020516
      273 0.000203  -0.020017
      793 0.000198  -0.019527
      175 0.000190  -0.018766
      254 0.000189   0.018588
      658 0.000187   0.018406
      299 0.000184   0.018176
      743 0.000184  -0.018146
      369 0.000183   0.018044
      726 0.000183  -0.018006
      573 0.000182   0.017964
      564 0.000179  -0.017654
      857 0.000179  -0.017622
      277 0.000177   0.017423
      580 0.000176  -0.017341
      605 0.000176  -0.017313
      301 0.000174  -0.017154
      427 0.000171  -0.016834
      800 0.000171  -0.016819
      665 0.000170  -0.016756
      815 0.000169  -0.016658
      828 0.000165  -0.016271
      941 0.000165  -0.016235
      557 0.000163  -0.016080
      818 0.000162  -0.015996
      711 0.000159   0.015636
      269 0.000156  -0.015394
      549 0.000154  -0.015183
      257 0.000152  -0.014993
      247 0.000149   0.014684
      855 0.000149  -0.014670
      222 0.000149  -0.014639
      820 0.000148  -0.014599
      790 0.000147   0.014504
      241 0.000146   0.014394
      667 0.000145   0.014315
      234 0.000144   0.014148
      687 0.000143   0.014115
      824 0.000142   0.013957
      596 0.000141  -0.013923
      262 0.000141  -0.013873
      784 0.000138  -0.013637
      263 0.000136  -0.013422
      380 0.000134   0.013216
      239 0.000134   0.013161
      859 0.000134   0.013160
      553 0.000134  -0.013153
      847 0.000130   0.012817
      217 0.000130  -0.012800
      742 0.000129  -0.012735
      566 0.000129   0.012682
      230 0.000128  -0.012658
      373 0.000128  -0.012590
      275 0.000127  -0.012499
      574 0.000127  -0.012486
      795 0.000126   0.012448
      255 0.000124  -0.012242
      354 0.000124   0.012198
      361 0.000123   0.012160
      353 0.000123  -0.012122
      690 0.000121   0.011933
      829 0.000120   0.011821
      398 0.000120  -0.011793
      808 0.000119   0.011763
      392 0.000118   0.011609
      294 0.000116  -0.011400
      312 0.000115  -0.011345
      770 0.000114   0.011249
      423 0.000114  -0.011221
      209 0.000113  -0.011132
      431 0.000113  -0.011097
      591 0.000111   0.010963
      295 0.000111  -0.010927
      736 0.000110  -0.010805
      801 0.000109  -0.010749
      588 0.000109   0.010692
      908 0.000108  -0.010645
      436 0.000107   0.010530
      697 0.000106   0.010473
      236 0.000105   0.010382
      206 0.000105   0.010303
      249 0.000104  -0.010215
      974 0.000103   0.010150
      261 0.000101  -0.009949
      640 0.000100  -0.009811
      645 0.000099   0.009801
      281 0.000099   0.009710
      148 0.000097   0.009543
      773 0.000096   0.009501
      799 0.000096  -0.009500
      778 0.000096  -0.009452
      193 0.000095  -0.009381
      882 0.000094   0.009310
      308 0.000094  -0.009301
      161 0.000094   0.009277
      840 0.000094  -0.009242
      364 0.000093   0.009183
      298 0.000093  -0.009135
      594 0.000092  -0.009016
      394 0.000091   0.008964
      684 0.000090  -0.008899
      611 0.000090  -0.008818
      279 0.000089  -0.008759
      629 0.000089  -0.008722
      266 0.000088  -0.008693
      744 0.000088  -0.008628
      107 0.000087  -0.008552
      343 0.000086  -0.008449
      844 0.000085  -0.008331
      734 0.000084  -0.008260
      638 0.000084  -0.008226
      337 0.000083  -0.008154
      169 0.000082  -0.008055
      728 0.000081  -0.007947
      843 0.000081  -0.007945
      798 0.000080   0.007880
      386 0.000080   0.007846
      572 0.000079  -0.007734
      581 0.000078  -0.007724
       88 0.000078  -0.007700
      359 0.000077  -0.007627
      832 0.000077   0.007606
     1095 0.000077  -0.007559
      302 0.000077  -0.007553
      367 0.000075   0.007411
      782 0.000074  -0.007329
      552 0.000074  -0.007304
      332 0.000073  -0.007161
      313 0.000072  -0.007133
      701 0.000072  -0.007071
      616 0.000072  -0.007062
      322 0.000071  -0.006982
      740 0.000071  -0.006974
      864 0.000070   0.006855
      597 0.000070  -0.006848
       93 0.000069  -0.006824
      600 0.000069  -0.006809
      632 0.000069   0.006787
      590 0.000069  -0.006779
      289 0.000069   0.006757
      355 0.000068   0.006694
      654 0.000067   0.006623
      937 0.000067  -0.006552
      268 0.000066  -0.006546
      428 0.000066   0.006534
      978 0.000066   0.006496
      943 0.000066   0.006483
      723 0.000066  -0.006463
      569 0.000065   0.006449
       91 0.000065  -0.006359
      286 0.000064   0.006346
      955 0.000064   0.006342
      292 0.000064  -0.006311
     1005 0.000064   0.006284
      584 0.000064  -0.006271
      414 0.000064   0.006270
      748 0.000063  -0.006243
      561 0.000063   0.006212
      826 0.000063  -0.006183
      104 0.000063   0.006177
      948 0.000062   0.006108
      291 0.000061   0.006048
      589 0.000061  -0.006027
      251 0.000061  -0.006008
      350 0.000061  -0.005968
      765 0.000060   0.005950
      913 0.000060  -0.005930
      545 0.000060  -0.005868
      283 0.000059   0.005802
      329 0.000059  -0.005763
      803 0.000058   0.005751
      879 0.000057  -0.005662
      323 0.000057  -0.005628
      321 0.000057  -0.005591
      870 0.000056  -0.005518
      922 0.000056  -0.005482
      223 0.000055   0.005468
      894 0.000055  -0.005451
      539 0.000055   0.005449
      805 0.000055  -0.005424
      425 0.000055   0.005409
      880 0.000054   0.005365
      226 0.000054  -0.005336
      776 0.000054  -0.005279
      891 0.000053  -0.005264
      831 0.000053   0.005236
      560 0.000053  -0.005230
      357 0.000053   0.005227
      904 0.000053   0.005185
      802 0.000053   0.005179
      614 0.000052   0.005161
      225 0.000052  -0.005119
      874 0.000052  -0.005107
      374 0.000051   0.005051
      775 0.000051   0.005025
      227 0.000051   0.004976
      884 0.000050  -0.004934
      823 0.000050   0.004920
      860 0.000049  -0.004784
      789 0.000048   0.004751
      528 0.000048   0.004701
      264 0.000047   0.004669
      722 0.000047  -0.004662
      895 0.000047   0.004636
      863 0.000047  -0.004608
      821 0.000046  -0.004568
      278 0.000046   0.004549
      407 0.000046  -0.004524
      272 0.000045  -0.004456
      319 0.000045   0.004385
      290 0.000044   0.004366
      360 0.000042  -0.004137
      792 0.000042   0.004092
      694 0.000041   0.004086
      636 0.000041  -0.004001
      535 0.000041   0.003997
      250 0.000040   0.003949
      763 0.000040   0.003911
      259 0.000040   0.003903
      942 0.000039   0.003865
      216 0.000038  -0.003780
      542 0.000038   0.003695
      540 0.000037  -0.003686
      252 0.000037  -0.003677
      409 0.000036  -0.003580
      274 0.000036   0.003513
      950 0.000035  -0.003461
      881 0.000035  -0.003442
      293 0.000035  -0.003432
      288 0.000035   0.003413
      195 0.000035  -0.003404
      334 0.000034   0.003387
      987 0.000034   0.003371
      200 0.000034  -0.003341
      928 0.000034  -0.003332
      491 0.000033   0.003269
      518 0.000033   0.003251
      867 0.000032   0.003191
      240 0.000032   0.003176
      448 0.000032   0.003171
      310 0.000032  -0.003140
      390 0.000032   0.003107
      382 0.000031   0.003089
      221 0.000031   0.003086
      488 0.000031   0.003070
      532 0.000031   0.003061
     1001 0.000031  -0.003017
      325 0.000031  -0.003013
      131 0.000030   0.002954
      215 0.000030  -0.002951
      964 0.000030   0.002914
      649 0.000029  -0.002883
      410 0.000029  -0.002860
      933 0.000029   0.002846
      260 0.000028  -0.002782
      568 0.000028  -0.002774
      335 0.000028  -0.002738
      224 0.000028  -0.002718
      643 0.000028  -0.002717
      328 0.000028  -0.002712
      475 0.000028  -0.002710
      935 0.000027  -0.002701
      197 0.000027   0.002689
      214 0.000027   0.002685
      769 0.000027   0.002671
      858 0.000027  -0.002658
      445 0.000027  -0.002640
      559 0.000027  -0.002621
      304 0.000027   0.002616
      530 0.000026   0.002608
      524 0.000026  -0.002591
      138 0.000026   0.002577
     1032 0.000026   0.002572
      957 0.000026   0.002565
      349 0.000026   0.002534
     1025 0.000026   0.002525
      333 0.000026  -0.002525
      245 0.000026  -0.002516
      213 0.000026   0.002512
      759 0.000025   0.002479
      270 0.000025   0.002476
      237 0.000025  -0.002471
      287 0.000025  -0.002469
      993 0.000025   0.002465
      297 0.000025  -0.002464
      677 0.000025   0.002451
      988 0.000025  -0.002432
      762 0.000025   0.002426
      650 0.000024  -0.002396
      842 0.000024  -0.002389
      276 0.000024  -0.002351
       53 0.000024   0.002325
      318 0.000023  -0.002308
      309 0.000023  -0.002297
      556 0.000023   0.002290
      971 0.000023  -0.002278
      965 0.000023  -0.002275
      627 0.000023   0.002274
      432 0.000023   0.002219
      330 0.000022  -0.002217
      724 0.000022   0.002212
      188 0.000022  -0.002212
      397 0.000022  -0.002208
      625 0.000022  -0.002189
      424 0.000022  -0.002174
      342 0.000022   0.002159
      192 0.000022   0.002122
     1034 0.000021  -0.002101
     1017 0.000021   0.002028
      526 0.000021   0.002023
      900 0.000020  -0.001992
      712 0.000020   0.001989
      265 0.000020  -0.001987
      315 0.000020   0.001986
      814 0.000020   0.001983
     1096 0.000020   0.001977
      196 0.000020  -0.001968
       52 0.000020  -0.001960
      479 0.000020   0.001930
      680 0.000019   0.001907
      811 0.000019   0.001903
      830 0.000019   0.001884
      399 0.000019  -0.001879
      927 0.000019  -0.001856
      248 0.000019  -0.001855
      244 0.000019  -0.001851
      921 0.000019  -0.001847
      603 0.000019  -0.001846
      856 0.000019   0.001830
      405 0.000019   0.001829
      336 0.000019   0.001827
      917 0.000018   0.001816
      519 0.000018   0.001808
      681 0.000018  -0.001802
       63 0.000018   0.001791
      714 0.000018  -0.001788
      229 0.000018   0.001774
      455 0.000018  -0.001763
      502 0.000018   0.001757
      514 0.000018   0.001729
       55 0.000017   0.001724
      598 0.000017  -0.001722
      385 0.000017  -0.001713
       60 0.000017  -0.001688
      347 0.000017  -0.001687
      463 0.000017  -0.001686
      536 0.000017  -0.001682
       64 0.000017  -0.001682
      610 0.000017  -0.001668
      352 0.000017   0.001666
      437 0.000017   0.001653
      685 0.000017  -0.001649
      934 0.000017  -0.001648
      512 0.000017  -0.001646
      729 0.000017   0.001628
      647 0.000017   0.001626
      338 0.000016  -0.001606
      201 0.000016  -0.001604
       98 0.000016  -0.001582
      804 0.000016  -0.001571
      331 0.000016  -0.001569
      833 0.000016  -0.001550
      705 0.000016  -0.001549
      902 0.000016  -0.001549
      841 0.000016   0.001543
      966 0.000015   0.001524
      489 0.000015   0.001515
      653 0.000015  -0.001514
      883 0.000015   0.001497
      232 0.000015   0.001496
      285 0.000015   0.001491
     1052 0.000015   0.001489
      565 0.000015   0.001483
      983 0.000015   0.001481
      505 0.000015   0.001474
      458 0.000015   0.001461
      346 0.000015   0.001455
      810 0.000015   0.001449
      732 0.000015   0.001446
     1073 0.000015  -0.001443
      794 0.000015   0.001438
      242 0.000015   0.001437
      746 0.000015  -0.001430
      977 0.000014   0.001405
     1010 0.000014   0.001400
      695 0.000014  -0.001356
      809 0.000014   0.001348
      160 0.000014  -0.001340
      755 0.000014  -0.001337
       66 0.000013  -0.001317
      737 0.000013   0.001303
      450 0.000013  -0.001293
      837 0.000013  -0.001287
      185 0.000013   0.001257
      780 0.000013  -0.001256
      363 0.000013   0.001252
      164 0.000013   0.001247
      949 0.000013   0.001243
      371 0.000013  -0.001239
      938 0.000013   0.001234
      816 0.000012   0.001229
     1009 0.000012  -0.001223
       50 0.000012   0.001222
      747 0.000012  -0.001197
      198 0.000012   0.001195
      348 0.000012   0.001194
      165 0.000012   0.001189
      420 0.000012   0.001177
      404 0.000012   0.001176
      538 0.000012   0.001168
      483 0.000012  -0.001140
      327 0.000011   0.001132
      551 0.000011   0.001128
      401 0.000011   0.001124
      413 0.000011   0.001120
      634 0.000011  -0.001117
      791 0.000011   0.001115
      154 0.000011   0.001115
      558 0.000011   0.001104
     1020 0.000011  -0.001102
      994 0.000011  -0.001088
      324 0.000011   0.001085
      317 0.000011  -0.001071
      376 0.000011   0.001069
      899 0.000011  -0.001057
     1016 0.000011  -0.001054
      916 0.000011  -0.001041
      637 0.000010   0.001021
       59 0.000010  -0.001019
      623 0.000010  -0.001018
      751 0.000010   0.001016
       19 0.000010   0.001008
      487 0.000010  -0.000998
      473 0.000010  -0.000998
      835 0.000010  -0.000993
      434 0.000010   0.000988
euclid. distance of OLC and linear combination of EV * x_coef: 0.009293833528698505

Generate samples based on objective loadcase 683
nr_to_generate: 25

Parameter variation distribution settings
distribution: uniform
low: 0.7
high: 1.3

Total process runtime: 0:00:01.486670
