Date and Time:2023-05-12 14:17:51.746826

Initial Settings:
similarity_model: <function cosine_similarity at 0x000001D005A6E5E0>
similarity_threshold: 1e-05
nr_eigv_to_select: None
distribution: uniform
deviation: 0.3
nr_to_generate: 25
recompute: False

Selected eigenvectors and similarity score w.r.t objective loadcase:
objective_loadcase_nr: 544
similarity_model: cosine_similarity
similarity_threshold: 1e-05
nr_eigv_to_select: None
nr_eigv_selected: 624
approximation parameter model: lstsq
similarity score and approx. param. value
:  eigv_idx    score      value
        3 0.558199  49.053371
        1 0.540616  47.508205
        2 0.497558 -43.724419
        0 0.382229  33.589542
        6 0.042460   3.731337
       39 0.022091   1.941270
        4 0.011147   0.979601
      639 0.003327   0.292369
      186 0.002325  -0.204304
      218 0.001986  -0.174518
      593 0.001948  -0.171200
      612 0.001930  -0.169607
      586 0.001819   0.159816
      710 0.001698  -0.149257
      187 0.001540  -0.135303
      716 0.001524   0.133932
      618 0.001265   0.111142
      668 0.001227   0.107785
      595 0.001179   0.103650
      663 0.001174  -0.103134
      194 0.001049   0.092203
       68 0.001044  -0.091732
      686 0.001007  -0.088480
      659 0.000916  -0.080476
      626 0.000915   0.080385
      388 0.000863  -0.075837
      688 0.000854  -0.075015
      143 0.000834   0.073269
      617 0.000833   0.073207
      183 0.000778   0.068354
      749 0.000774  -0.068009
      599 0.000734   0.064536
      562 0.000706  -0.062058
      635 0.000677   0.059469
      670 0.000674   0.059260
      582 0.000672  -0.059067
      578 0.000657   0.057727
      621 0.000636  -0.055878
      579 0.000608   0.053442
      704 0.000599  -0.052647
      253 0.000587  -0.051615
      733 0.000573   0.050354
      700 0.000552   0.048480
      341 0.000551   0.048419
      666 0.000543  -0.047734
      698 0.000542  -0.047623
      718 0.000537  -0.047225
       69 0.000535   0.047033
      708 0.000533   0.046872
       71 0.000526   0.046201
      602 0.000525  -0.046148
      567 0.000496  -0.043616
      577 0.000494  -0.043425
      606 0.000491  -0.043168
      735 0.000479  -0.042108
      153 0.000479   0.042080
      174 0.000475   0.041755
      683 0.000468   0.041146
      709 0.000437  -0.038363
      210 0.000415  -0.036475
      220 0.000407  -0.035725
      620 0.000406  -0.035640
      182 0.000401  -0.035274
      184 0.000393  -0.034570
      641 0.000390  -0.034254
      575 0.000377   0.033144
      699 0.000377  -0.033109
      267 0.000375  -0.032982
      696 0.000363  -0.031918
      583 0.000360  -0.031674
      204 0.000356   0.031295
      258 0.000351  -0.030876
      848 0.000337  -0.029606
      707 0.000334  -0.029340
      601 0.000329   0.028928
      412 0.000317  -0.027859
      362 0.000316  -0.027730
      756 0.000312  -0.027456
      230 0.000308  -0.027051
      807 0.000305   0.026819
      419 0.000303  -0.026617
      757 0.000293  -0.025758
      753 0.000291  -0.025578
      403 0.000286   0.025154
      227 0.000278   0.024466
      383 0.000278   0.024454
      199 0.000272  -0.023905
      587 0.000265   0.023327
      631 0.000265  -0.023279
      273 0.000262  -0.023016
      243 0.000260   0.022832
      853 0.000258  -0.022666
      570 0.000253  -0.022257
      269 0.000247  -0.021716
      741 0.000247   0.021665
      793 0.000236  -0.020781
      739 0.000218  -0.019190
      576 0.000216  -0.018940
      377 0.000212  -0.018604
      726 0.000209  -0.018376
      604 0.000207  -0.018156
      400 0.000205  -0.018007
      787 0.000205   0.017994
      580 0.000201  -0.017701
      369 0.000201   0.017679
      665 0.000199  -0.017523
      137 0.000198  -0.017444
      628 0.000198   0.017416
      206 0.000197   0.017353
      750 0.000196   0.017240
      228 0.000195  -0.017159
      239 0.000195   0.017151
      356 0.000195  -0.017151
      175 0.000192  -0.016836
      549 0.000191  -0.016827
      564 0.000191  -0.016782
      235 0.000187  -0.016469
      658 0.000185   0.016260
      427 0.000182  -0.016032
      301 0.000182  -0.015981
      179 0.000181   0.015929
      299 0.000181   0.015864
      263 0.000178  -0.015625
       70 0.000178   0.015618
      800 0.000171  -0.015051
      247 0.000170   0.014911
      132 0.000168   0.014805
      857 0.000168  -0.014776
      223 0.000168   0.014765
      941 0.000166  -0.014610
      687 0.000166   0.014559
      828 0.000164  -0.014433
      711 0.000164   0.014432
      818 0.000164  -0.014419
      171 0.000164  -0.014404
      815 0.000163  -0.014368
      312 0.000162  -0.014204
      295 0.000159  -0.013943
      784 0.000158  -0.013845
      585 0.000158  -0.013845
      574 0.000155  -0.013600
      392 0.000154   0.013498
      380 0.000154   0.013497
      667 0.000152   0.013350
      605 0.000149  -0.013095
      743 0.000148  -0.012969
      573 0.000146   0.012845
      257 0.000145  -0.012700
      820 0.000144  -0.012659
      373 0.000144  -0.012649
      591 0.000144   0.012624
      795 0.000141   0.012401
      255 0.000140  -0.012345
      824 0.000140   0.012335
      629 0.000140  -0.012285
      361 0.000137   0.012056
      855 0.000137  -0.012018
      275 0.000136  -0.011978
      217 0.000136  -0.011966
      398 0.000135  -0.011857
      790 0.000133   0.011728
      859 0.000132   0.011575
      553 0.000132  -0.011566
      251 0.000131  -0.011539
      353 0.000129  -0.011310
      279 0.000127  -0.011193
      271 0.000127   0.011137
      697 0.000126   0.011103
      277 0.000125   0.010941
      557 0.000124  -0.010938
      241 0.000124   0.010917
      431 0.000118  -0.010409
      829 0.000118   0.010394
      354 0.000118   0.010384
      423 0.000118  -0.010381
      742 0.000116  -0.010197
      561 0.000115   0.010119
      808 0.000113   0.009929
      337 0.000112  -0.009869
      847 0.000112   0.009864
      581 0.000112  -0.009810
      908 0.000111  -0.009754
      600 0.000111  -0.009742
      268 0.000109  -0.009600
      778 0.000109  -0.009539
      436 0.000108   0.009467
      638 0.000106  -0.009351
      690 0.000106   0.009295
      974 0.000104   0.009149
      234 0.000104   0.009144
      262 0.000102  -0.008942
      594 0.000101  -0.008916
      572 0.000100  -0.008788
      364 0.000099   0.008700
      292 0.000099  -0.008697
      290 0.000099   0.008686
      770 0.000098   0.008598
      728 0.000097  -0.008544
      616 0.000096  -0.008454
      566 0.000096   0.008396
      298 0.000094  -0.008286
      569 0.000094   0.008251
      107 0.000094  -0.008244
      614 0.000093   0.008185
      799 0.000093  -0.008181
      308 0.000093  -0.008141
      840 0.000092  -0.008128
      736 0.000092  -0.008103
      161 0.000092   0.008051
      281 0.000091   0.008031
      773 0.000091   0.008017
      261 0.000091  -0.008012
      201 0.000088  -0.007722
      611 0.000088  -0.007719
      748 0.000088  -0.007715
      844 0.000088  -0.007691
      343 0.000087  -0.007625
      882 0.000086   0.007583
      801 0.000086  -0.007531
      596 0.000084  -0.007372
      291 0.000083   0.007326
      722 0.000082  -0.007181
      266 0.000082  -0.007176
      684 0.000081  -0.007126
      294 0.000081  -0.007114
      332 0.000081  -0.007082
      734 0.000080  -0.007050
      782 0.000080  -0.007018
      584 0.000080  -0.007009
      608 0.000079  -0.006919
      645 0.000079   0.006904
      632 0.000078   0.006874
      225 0.000078  -0.006826
       66 0.000077  -0.006810
     1095 0.000077  -0.006808
      226 0.000077  -0.006742
      744 0.000076  -0.006668
      763 0.000075   0.006608
      302 0.000075  -0.006602
      640 0.000075  -0.006583
      843 0.000074  -0.006528
      319 0.000074   0.006522
       93 0.000074  -0.006500
       88 0.000073  -0.006459
      627 0.000073   0.006409
      937 0.000073  -0.006402
      775 0.000071   0.006273
      864 0.000071   0.006209
      832 0.000070   0.006174
      359 0.000070  -0.006138
      978 0.000069   0.006080
      198 0.000069  -0.006072
      386 0.000068   0.006010
      826 0.000068  -0.006005
      948 0.000067   0.005929
      654 0.000067   0.005888
     1005 0.000067   0.005859
      560 0.000067  -0.005846
      425 0.000066   0.005844
      236 0.000065   0.005732
      428 0.000065   0.005714
      792 0.000065   0.005711
      148 0.000065   0.005709
      545 0.000064  -0.005626
      355 0.000063   0.005547
      128 0.000063  -0.005509
      913 0.000062  -0.005463
      254 0.000062   0.005446
      136 0.000062  -0.005435
      650 0.000062  -0.005423
      955 0.000062   0.005422
      943 0.000062   0.005420
      723 0.000062  -0.005415
      414 0.000060   0.005302
      123 0.000060  -0.005284
      367 0.000060   0.005277
      322 0.000060  -0.005276
      694 0.000059   0.005210
      568 0.000059  -0.005204
      803 0.000059   0.005168
      798 0.000059   0.005147
      776 0.000058  -0.005105
      112 0.000058   0.005083
       91 0.000057  -0.004997
      406 0.000057   0.004972
      922 0.000056  -0.004897
      539 0.000056   0.004886
      590 0.000055  -0.004875
      765 0.000055   0.004864
      649 0.000055  -0.004847
      289 0.000055   0.004828
      870 0.000055  -0.004822
      740 0.000054  -0.004770
      283 0.000054   0.004768
      325 0.000054  -0.004751
      552 0.000054  -0.004727
      321 0.000054  -0.004717
      394 0.000053   0.004690
      860 0.000052  -0.004608
      130 0.000052  -0.004607
      879 0.000052  -0.004599
      103 0.000052   0.004599
      880 0.000052   0.004578
      895 0.000052   0.004572
       60 0.000052   0.004546
      240 0.000051   0.004505
      357 0.000051   0.004503
      315 0.000051   0.004501
       59 0.000051   0.004455
      589 0.000050  -0.004432
      286 0.000050   0.004430
       95 0.000050  -0.004426
      144 0.000050   0.004411
      232 0.000050  -0.004390
      831 0.000050   0.004363
      374 0.000050   0.004356
      528 0.000049   0.004326
      884 0.000049  -0.004312
      142 0.000049   0.004308
      329 0.000048  -0.004250
      823 0.000048   0.004212
      802 0.000046   0.004083
      769 0.000046   0.004053
      259 0.000046  -0.004019
       64 0.000046  -0.004009
      209 0.000045  -0.003989
      874 0.000045  -0.003975
      278 0.000045   0.003966
      237 0.000045  -0.003944
       86 0.000045   0.003943
      852 0.000044   0.003888
      402 0.000044   0.003876
      646 0.000044   0.003833
      821 0.000044  -0.003826
      894 0.000044  -0.003824
       78 0.000043  -0.003819
      407 0.000043  -0.003814
      891 0.000043  -0.003783
      535 0.000043   0.003768
       58 0.000043   0.003750
      609 0.000042  -0.003720
      598 0.000042   0.003693
       94 0.000042  -0.003688
      139 0.000042  -0.003647
      320 0.000041  -0.003617
      138 0.000041  -0.003611
      169 0.000041  -0.003572
      104 0.000040   0.003510
      904 0.000040   0.003498
      701 0.000040  -0.003484
      849 0.000040  -0.003478
      147 0.000040   0.003477
      597 0.000039  -0.003460
      390 0.000039   0.003451
      542 0.000038   0.003374
      146 0.000038   0.003372
       73 0.000038  -0.003361
      151 0.000038  -0.003351
       77 0.000038  -0.003332
      105 0.000038   0.003321
      244 0.000038  -0.003301
      540 0.000037  -0.003273
      863 0.000037  -0.003266
      252 0.000037   0.003244
      625 0.000036   0.003197
      881 0.000036  -0.003156
      409 0.000036  -0.003133
      129 0.000035   0.003119
      120 0.000035   0.003108
      942 0.000035   0.003091
      131 0.000035   0.003081
      518 0.000034   0.003007
       52 0.000034   0.003005
      118 0.000034   0.002984
      152 0.000034  -0.002983
      950 0.000034  -0.002980
      397 0.000034  -0.002964
       79 0.000034   0.002960
      448 0.000034   0.002951
      360 0.000033  -0.002943
      804 0.000033  -0.002938
      491 0.000033   0.002937
      928 0.000033  -0.002911
      272 0.000033  -0.002907
      297 0.000033  -0.002905
      310 0.000033  -0.002895
      987 0.000033   0.002877
      264 0.000033  -0.002871
      222 0.000032  -0.002839
      755 0.000032  -0.002805
       87 0.000032   0.002790
       45 0.000032  -0.002776
      636 0.000032  -0.002775
       12 0.000032  -0.002773
      323 0.000031  -0.002761
      532 0.000031   0.002682
      114 0.000030  -0.002674
      842 0.000030  -0.002663
       11 0.000030   0.002647
       51 0.000030   0.002645
      933 0.000030   0.002644
      346 0.000030   0.002628
       50 0.000030  -0.002627
      342 0.000030   0.002608
      488 0.000030   0.002606
      445 0.000030  -0.002603
      395 0.000029   0.002574
     1001 0.000029  -0.002568
      623 0.000029   0.002535
      935 0.000029  -0.002528
      410 0.000029  -0.002515
      656 0.000029  -0.002509
      841 0.000029   0.002509
      655 0.000028   0.002497
      181 0.000028  -0.002488
      270 0.000028   0.002485
       98 0.000028  -0.002482
      250 0.000028  -0.002478
      805 0.000028  -0.002450
       76 0.000028  -0.002443
      335 0.000028   0.002433
      424 0.000028  -0.002430
       99 0.000028  -0.002427
      938 0.000027   0.002398
      858 0.000027  -0.002391
      256 0.000027  -0.002387
      867 0.000027   0.002377
      530 0.000027   0.002371
      839 0.000027  -0.002366
     1032 0.000027   0.002354
      677 0.000027   0.002351
      830 0.000027   0.002338
      702 0.000026  -0.002316
      475 0.000026  -0.002304
      642 0.000026  -0.002297
      524 0.000026  -0.002293
       92 0.000026   0.002246
      875 0.000025   0.002223
       29 0.000025   0.002214
      274 0.000025   0.002203
      293 0.000025  -0.002190
     1025 0.000025   0.002182
      110 0.000024  -0.002134
      957 0.000024   0.002133
      413 0.000024  -0.002132
      344 0.000024   0.002128
      159 0.000024   0.002104
     1034 0.000024  -0.002093
      705 0.000024  -0.002086
       75 0.000024   0.002074
      794 0.000024   0.002069
      350 0.000023  -0.002016
      288 0.000023   0.002013
       38 0.000023  -0.002000
      691 0.000023  -0.001996
      993 0.000023   0.001978
      296 0.000022   0.001971
      134 0.000022   0.001958
      964 0.000022   0.001951
       83 0.000022  -0.001934
      971 0.000022  -0.001930
      746 0.000022  -0.001926
      876 0.000022   0.001916
      336 0.000022  -0.001915
      260 0.000022   0.001906
      988 0.000022  -0.001902
      385 0.000022   0.001898
       31 0.000022  -0.001897
      396 0.000022  -0.001891
       56 0.000022  -0.001890
      833 0.000022  -0.001890
      287 0.000021  -0.001872
      779 0.000021  -0.001860
      571 0.000021  -0.001848
      526 0.000021   0.001847
      671 0.000021  -0.001844
      675 0.000021   0.001836
      965 0.000021  -0.001830
      921 0.000021  -0.001827
      809 0.000021   0.001823
     1017 0.000021   0.001812
      693 0.000021  -0.001810
      156 0.000021  -0.001807
      313 0.000021  -0.001806
      248 0.000020  -0.001795
       43 0.000020   0.001767
      387 0.000020  -0.001744
       53 0.000020  -0.001739
      714 0.000020  -0.001738
      502 0.000020   0.001730
      375 0.000020  -0.001725
      432 0.000019   0.001707
      837 0.000019   0.001705
      384 0.000019   0.001702
       36 0.000019   0.001683
      519 0.000019   0.001673
      214 0.000019  -0.001662
      729 0.000019   0.001658
      155 0.000019  -0.001650
     1073 0.000019  -0.001636
      348 0.000019  -0.001630
      141 0.000019  -0.001626
       22 0.000018   0.001625
       57 0.000018   0.001625
      927 0.000018  -0.001614
      106 0.000018  -0.001612
      150 0.000018   0.001608
      125 0.000018   0.001601
      789 0.000018   0.001578
      479 0.000018   0.001572
      747 0.000018  -0.001563
       44 0.000018   0.001558
      536 0.000018  -0.001556
      455 0.000018  -0.001555
      100 0.000018   0.001555
      637 0.000018   0.001555
      437 0.000018   0.001554
      514 0.000018   0.001548
      856 0.000018   0.001545
      592 0.000018   0.001539
      900 0.000017  -0.001538
       74 0.000017   0.001528
      352 0.000017   0.001520
      949 0.000017   0.001520
      676 0.000017  -0.001517
      917 0.000017   0.001513
      339 0.000017   0.001509
      185 0.000017   0.001505
      644 0.000017  -0.001500
      285 0.000017   0.001497
      463 0.000017  -0.001471
      558 0.000017   0.001471
     1010 0.000017   0.001453
        5 0.000017  -0.001453
      814 0.000017   0.001451
      249 0.000016   0.001445
      382 0.000016   0.001438
      309 0.000016   0.001437
       21 0.000016  -0.001435
      489 0.000016   0.001433
       81 0.000016   0.001429
      505 0.000016   0.001426
      835 0.000016  -0.001425
      934 0.000016  -0.001419
      376 0.000016  -0.001416
     1096 0.000016   0.001416
       19 0.000016  -0.001398
      328 0.000016  -0.001390
      512 0.000016  -0.001390
      458 0.000016   0.001390
      664 0.000016  -0.001378
       85 0.000016   0.001376
      111 0.000016  -0.001374
      145 0.000016  -0.001371
      347 0.000015  -0.001359
      366 0.000015   0.001358
      556 0.000015  -0.001357
      811 0.000015   0.001349
      588 0.000015   0.001336
     1052 0.000015   0.001324
      229 0.000015   0.001309
       54 0.000015  -0.001298
      163 0.000015  -0.001275
      245 0.000014  -0.001272
      983 0.000014   0.001271
      907 0.000014   0.001260
       67 0.000014  -0.001255
      977 0.000014   0.001251
      324 0.000014  -0.001244
      168 0.000014  -0.001221
      662 0.000014  -0.001221
      732 0.000014   0.001208
      216 0.000014   0.001201
      170 0.000014   0.001198
      113 0.000013  -0.001180
      643 0.000013   0.001175
      681 0.000013  -0.001164
      450 0.000013  -0.001158
      379 0.000013  -0.001152
      703 0.000013   0.001149
      796 0.000013   0.001139
      333 0.000013   0.001118
      334 0.000013   0.001118
      685 0.000013  -0.001107
      102 0.000013  -0.001104
      426 0.000012   0.001098
      338 0.000012   0.001089
       61 0.000012  -0.001086
      916 0.000012  -0.001074
       55 0.000012  -0.001068
      899 0.000012   0.001064
      478 0.000012   0.001063
      717 0.000012   0.001054
      238 0.000012   0.001052
      538 0.000012   0.001043
      345 0.000012  -0.001036
       20 0.000012  -0.001031
      766 0.000012  -0.001031
      610 0.000012   0.001028
      565 0.000012   0.001027
     1009 0.000012  -0.001021
      816 0.000011   0.001009
      483 0.000011  -0.001005
       97 0.000011   0.000992
      462 0.000011   0.000958
      554 0.000011   0.000952
       18 0.000011  -0.000947
      902 0.000011   0.000939
       63 0.000011  -0.000938
      363 0.000011   0.000937
      135 0.000011  -0.000934
      751 0.000011   0.000933
      534 0.000011  -0.000931
      418 0.000011  -0.000928
       25 0.000011  -0.000926
      108 0.000011   0.000925
       27 0.000011  -0.000924
      115 0.000011  -0.000923
      966 0.000010   0.000917
      883 0.000010   0.000913
      213 0.000010  -0.000912
      473 0.000010  -0.000903
      669 0.000010  -0.000888
      706 0.000010  -0.000881
euclid. distance of OLC and linear combination of EV * x_coef: 0.008605311001665903

Generate samples based on objective loadcase 544
nr_to_generate: 25

Parameter variation distribution settings
distribution: uniform
low: 0.7
high: 1.3

Total process runtime: 0:00:01.354081
