Date and Time:2023-05-12 14:08:54.590118

Initial Settings:
similarity_model: <function cosine_similarity at 0x000001D005A6E5E0>
similarity_threshold: 1e-05
nr_eigv_to_select: None
distribution: uniform
deviation: 0.3
nr_to_generate: 25
recompute: False

Selected eigenvectors and similarity score w.r.t objective loadcase:
objective_loadcase_nr: 140
similarity_model: cosine_similarity
similarity_threshold: 1e-05
nr_eigv_to_select: None
nr_eigv_selected: 539
approximation parameter model: lstsq
similarity score and approx. param. value
:  eigv_idx    score      value
        1 0.550720  67.651277
        3 0.541757  66.550287
        2 0.494761 -60.777217
        0 0.393776  48.371996
        6 0.052870   6.494590
       39 0.019391   2.382006
        4 0.010482   1.287575
      639 0.003654   0.448924
      186 0.002360  -0.289891
      593 0.002078  -0.255233
      612 0.002062  -0.253346
      586 0.001886   0.231669
      218 0.001656  -0.203435
      716 0.001647   0.202332
      710 0.001582  -0.194390
      187 0.001580  -0.194133
      618 0.001405   0.172609
      663 0.001380  -0.169568
      668 0.001333   0.163787
       68 0.001325  -0.162791
      595 0.001204   0.147936
      143 0.001111   0.136501
      194 0.001063   0.130609
      659 0.001001  -0.123003
      686 0.000973  -0.119536
      617 0.000931   0.114394
      626 0.000919   0.112904
      388 0.000909  -0.111707
      182 0.000873  -0.107243
      688 0.000833  -0.102267
      599 0.000797   0.097868
      183 0.000763   0.093757
      635 0.000762   0.093612
      562 0.000760  -0.093420
      582 0.000739  -0.090834
      670 0.000729   0.089507
      578 0.000703   0.086321
      700 0.000698   0.085716
      184 0.000697  -0.085670
      621 0.000681  -0.083620
      749 0.000675  -0.082948
      579 0.000668   0.082011
      683 0.000636   0.078078
      733 0.000619   0.076080
      698 0.000617  -0.075842
      341 0.000572   0.070303
      666 0.000554  -0.068101
      153 0.000532   0.065408
      718 0.000527  -0.064763
      704 0.000515  -0.063280
      602 0.000505  -0.061979
      228 0.000502  -0.061614
      174 0.000494   0.060660
      253 0.000491  -0.060357
      708 0.000488   0.059896
      606 0.000473  -0.058049
      567 0.000469  -0.057648
      577 0.000464  -0.057045
      735 0.000440  -0.054044
       69 0.000440   0.054037
      699 0.000430  -0.052820
       71 0.000430   0.052766
      641 0.000408  -0.050115
      575 0.000407   0.049995
      220 0.000407  -0.049955
      709 0.000398  -0.048896
      583 0.000389  -0.047780
      620 0.000376  -0.046239
      267 0.000368  -0.045225
      137 0.000364  -0.044679
      179 0.000363   0.044613
      210 0.000362  -0.044523
      601 0.000351   0.043142
      362 0.000343  -0.042096
      631 0.000332  -0.040832
      707 0.000325  -0.039904
      848 0.000323  -0.039697
      243 0.000321   0.039422
      807 0.000321   0.039407
      412 0.000318  -0.039054
      419 0.000318  -0.039024
      756 0.000315  -0.038651
      403 0.000310   0.038021
      757 0.000305  -0.037467
      171 0.000299  -0.036736
      604 0.000297  -0.036488
      258 0.000295  -0.036240
      696 0.000293  -0.036010
      204 0.000279   0.034329
      587 0.000273   0.033507
      383 0.000272   0.033450
      753 0.000260  -0.031892
      570 0.000252  -0.030930
      199 0.000251  -0.030845
      132 0.000246   0.030195
      254 0.000245   0.030141
      741 0.000245   0.030074
      576 0.000244  -0.030030
      377 0.000239  -0.029400
      628 0.000235   0.028865
      739 0.000229  -0.028113
      400 0.000227  -0.027931
      853 0.000226  -0.027784
       70 0.000221   0.027203
      273 0.000221  -0.027127
      815 0.000219  -0.026926
      573 0.000218   0.026764
      580 0.000217  -0.026714
      564 0.000217  -0.026621
      787 0.000212   0.026087
      658 0.000205   0.025211
      175 0.000201  -0.024645
      271 0.000200   0.024575
      665 0.000197  -0.024159
      941 0.000194  -0.023890
      793 0.000194  -0.023884
      427 0.000186  -0.022883
      800 0.000186  -0.022867
      585 0.000186  -0.022795
      301 0.000186  -0.022788
      828 0.000184  -0.022554
      549 0.000183  -0.022517
      711 0.000175   0.021513
      361 0.000173   0.021306
      687 0.000172   0.021187
      820 0.000172  -0.021139
      557 0.000172  -0.021134
      667 0.000171   0.020977
      750 0.000169   0.020783
      743 0.000164  -0.020096
      784 0.000160  -0.019709
      299 0.000160   0.019630
      574 0.000159  -0.019501
      255 0.000159  -0.019484
      369 0.000158   0.019393
      373 0.000156  -0.019201
      236 0.000156   0.019131
      247 0.000155   0.019093
      277 0.000151   0.018560
      235 0.000151  -0.018505
      380 0.000150   0.018472
      269 0.000150  -0.018471
      356 0.000150  -0.018459
      857 0.000149  -0.018265
      234 0.000149   0.018253
      566 0.000148   0.018208
      257 0.000147  -0.018103
      295 0.000145  -0.017840
      726 0.000143  -0.017553
      275 0.000142  -0.017420
      855 0.000141  -0.017315
      249 0.000141  -0.017291
      398 0.000140  -0.017156
      847 0.000140   0.017144
      217 0.000139  -0.017019
      790 0.000137   0.016809
      605 0.000136  -0.016713
      392 0.000133   0.016376
      808 0.000132   0.016184
      553 0.000130  -0.016014
      148 0.000130   0.015953
      795 0.000130   0.015947
      161 0.000130   0.015937
      818 0.000130  -0.015928
      697 0.000130   0.015928
      759 0.000130   0.015909
      690 0.000129   0.015873
      353 0.000128  -0.015731
      908 0.000126  -0.015451
      645 0.000124   0.015225
      423 0.000124  -0.015223
      354 0.000124   0.015185
      431 0.000123  -0.015158
      222 0.000122  -0.015043
      355 0.000121   0.014840
      974 0.000121   0.014836
      736 0.000119  -0.014581
      294 0.000118  -0.014486
      436 0.000118   0.014441
      742 0.000116  -0.014235
      262 0.000116  -0.014219
      640 0.000115  -0.014180
      241 0.000115   0.014164
      798 0.000114   0.013974
      581 0.000114  -0.013944
      230 0.000113  -0.013894
      882 0.000112   0.013749
      859 0.000112   0.013738
      312 0.000111  -0.013636
      596 0.000111  -0.013606
      740 0.000108  -0.013318
      638 0.000108  -0.013289
      308 0.000108  -0.013230
      840 0.000107  -0.013183
      239 0.000107   0.013174
      799 0.000106  -0.013021
      266 0.000106  -0.013002
      591 0.000105   0.012922
      600 0.000105  -0.012911
      263 0.000104  -0.012736
      261 0.000103  -0.012659
      367 0.000102   0.012518
      292 0.000101  -0.012350
      281 0.000100   0.012344
      561 0.000100   0.012242
      629 0.000098  -0.012035
      824 0.000098   0.011981
      844 0.000097  -0.011945
      584 0.000096  -0.011832
      611 0.000096  -0.011811
      778 0.000096  -0.011791
      684 0.000095  -0.011642
      832 0.000094   0.011556
      616 0.000093  -0.011444
      279 0.000091  -0.011136
     1095 0.000091  -0.011136
      209 0.000090  -0.011026
      572 0.000089  -0.010920
      298 0.000088  -0.010827
      569 0.000087   0.010689
      107 0.000087  -0.010684
      723 0.000086  -0.010620
      829 0.000086   0.010561
      728 0.000085  -0.010452
      734 0.000085  -0.010385
      386 0.000082   0.010063
      193 0.000082  -0.010053
      302 0.000081  -0.010008
      762 0.000081   0.009915
      594 0.000081  -0.009894
       88 0.000080  -0.009818
      744 0.000080  -0.009794
      955 0.000079   0.009740
      748 0.000077  -0.009411
      701 0.000076  -0.009381
      803 0.000075   0.009217
      337 0.000074  -0.009063
      801 0.000073  -0.009023
      169 0.000073  -0.009007
     1005 0.000073   0.008967
      343 0.000073  -0.008966
      614 0.000072   0.008798
      428 0.000072   0.008787
      560 0.000071  -0.008736
      978 0.000071   0.008698
      879 0.000070  -0.008572
      937 0.000070  -0.008571
      323 0.000070  -0.008553
      632 0.000069   0.008497
      913 0.000069  -0.008469
      552 0.000069  -0.008463
      891 0.000068  -0.008410
      863 0.000068  -0.008371
      227 0.000068   0.008326
      390 0.000067   0.008272
      414 0.000067   0.008229
      843 0.000067  -0.008217
      922 0.000067  -0.008171
      313 0.000066  -0.008109
      654 0.000066   0.008097
      198 0.000066   0.008089
      545 0.000066  -0.008073
      776 0.000066  -0.008069
      425 0.000066   0.008056
      826 0.000065  -0.007989
      597 0.000065  -0.007982
      394 0.000065   0.007968
      802 0.000064   0.007854
      332 0.000064  -0.007817
      104 0.000063   0.007732
      291 0.000063   0.007707
      782 0.000060  -0.007361
       91 0.000060  -0.007361
      319 0.000060   0.007348
      374 0.000059   0.007296
      539 0.000059   0.007261
       93 0.000058  -0.007139
      805 0.000058  -0.007095
      948 0.000057   0.006950
      831 0.000056   0.006888
      206 0.000056   0.006839
      588 0.000055   0.006795
      590 0.000055  -0.006766
      770 0.000054   0.006658
      268 0.000054  -0.006630
      789 0.000054   0.006589
      329 0.000053  -0.006542
      773 0.000053   0.006539
      895 0.000053   0.006526
      765 0.000053   0.006501
      821 0.000051  -0.006321
      528 0.000051   0.006297
      722 0.000051  -0.006266
      223 0.000051   0.006243
      694 0.000050   0.006095
      251 0.000048  -0.005842
      589 0.000047  -0.005774
      407 0.000047  -0.005761
      542 0.000047   0.005759
      397 0.000047  -0.005739
      870 0.000046  -0.005608
      867 0.000045   0.005560
      325 0.000045  -0.005488
      864 0.000044   0.005420
      535 0.000044   0.005354
      858 0.000043  -0.005233
      540 0.000042  -0.005190
      987 0.000042   0.005125
      860 0.000041  -0.005071
      928 0.000041  -0.005062
      874 0.000041  -0.005043
      792 0.000041   0.005023
      904 0.000041   0.004980
      643 0.000040  -0.004931
      409 0.000039  -0.004749
      232 0.000039  -0.004731
      342 0.000038   0.004700
      289 0.000038   0.004696
      881 0.000038  -0.004617
      894 0.000037  -0.004605
      290 0.000037   0.004590
     1001 0.000037  -0.004510
      603 0.000037  -0.004493
      138 0.000036   0.004471
      448 0.000036   0.004450
      322 0.000036  -0.004410
      518 0.000036   0.004403
      823 0.000036   0.004385
      288 0.000036   0.004370
      491 0.000035   0.004345
      259 0.000035   0.004337
      315 0.000035   0.004246
      278 0.000035   0.004242
      224 0.000034  -0.004193
      933 0.000034   0.004141
      264 0.000034   0.004128
      286 0.000034   0.004117
      943 0.000033   0.004074
      965 0.000033  -0.004057
      532 0.000033   0.004052
      310 0.000033  -0.004047
      993 0.000033   0.004013
      950 0.000032  -0.003973
      942 0.000032   0.003923
      880 0.000032   0.003902
     1025 0.000032   0.003892
      410 0.000032  -0.003885
      488 0.000032   0.003876
      763 0.000031  -0.003841
      780 0.000031  -0.003837
      445 0.000031  -0.003798
      627 0.000031   0.003770
      530 0.000031   0.003756
      287 0.000030  -0.003746
     1032 0.000030   0.003706
       60 0.000030  -0.003698
      475 0.000030  -0.003624
       63 0.000029   0.003618
      775 0.000029   0.003610
      260 0.000029  -0.003537
      297 0.000028  -0.003484
      283 0.000028   0.003445
      524 0.000028  -0.003427
      293 0.000028  -0.003380
      200 0.000027  -0.003376
      424 0.000027  -0.003324
      900 0.000027  -0.003277
      360 0.000027  -0.003259
      842 0.000027  -0.003256
      677 0.000026   0.003210
       74 0.000026   0.003206
     1017 0.000026   0.003188
      636 0.000026  -0.003182
      103 0.000026  -0.003170
      195 0.000025  -0.003102
       75 0.000025   0.003051
      364 0.000025   0.003034
       59 0.000023  -0.002854
      160 0.000023   0.002849
      917 0.000023   0.002832
      814 0.000023   0.002832
      432 0.000023   0.002826
     1034 0.000023  -0.002826
      330 0.000022  -0.002761
      197 0.000022   0.002673
       64 0.000022  -0.002671
      838 0.000022   0.002653
      592 0.000022  -0.002641
      245 0.000021  -0.002631
      680 0.000021   0.002614
      526 0.000021   0.002585
      502 0.000021   0.002580
      884 0.000021  -0.002573
      519 0.000021   0.002556
      685 0.000021  -0.002532
      714 0.000021  -0.002529
      455 0.000020  -0.002483
      331 0.000020  -0.002473
      105 0.000020  -0.002437
      142 0.000020  -0.002436
      650 0.000020  -0.002412
      479 0.000020   0.002407
      366 0.000019   0.002377
      320 0.000019  -0.002369
      830 0.000019   0.002368
      625 0.000019  -0.002355
      128 0.000019  -0.002321
      358 0.000019   0.002306
      536 0.000019  -0.002293
      437 0.000018   0.002264
      463 0.000018  -0.002259
      514 0.000018   0.002257
       89 0.000018   0.002256
      357 0.000018   0.002253
      130 0.000018  -0.002253
      489 0.000018   0.002238
      188 0.000018  -0.002234
       86 0.000018   0.002231
      949 0.000018   0.002231
     1052 0.000018   0.002227
      681 0.000018  -0.002225
      512 0.000018  -0.002209
      321 0.000018  -0.002205
      856 0.000018   0.002178
      221 0.000018   0.002175
       79 0.000018   0.002170
      326 0.000017   0.002134
      938 0.000017   0.002106
      114 0.000017   0.002094
       87 0.000017   0.002091
      345 0.000017   0.002088
      505 0.000017   0.002070
      794 0.000017   0.002063
       52 0.000017  -0.002035
       76 0.000016  -0.002022
      458 0.000016   0.002021
      565 0.000016  -0.002002
      568 0.000016  -0.001998
      150 0.000016   0.001993
      196 0.000016  -0.001985
      346 0.000016   0.001984
      883 0.000016   0.001982
      282 0.000016   0.001972
       77 0.000016  -0.001971
      101 0.000016  -0.001961
      344 0.000016  -0.001956
      154 0.000016  -0.001948
       83 0.000016  -0.001943
      118 0.000016   0.001928
      156 0.000016  -0.001928
       78 0.000016  -0.001927
      144 0.000016  -0.001926
      538 0.000016   0.001917
      907 0.000016   0.001915
      732 0.000015   0.001897
      158 0.000015  -0.001896
      649 0.000015  -0.001893
      276 0.000015  -0.001892
      653 0.000015  -0.001890
      265 0.000015  -0.001847
      129 0.000015   0.001832
      244 0.000015  -0.001830
       82 0.000015  -0.001827
      349 0.000015  -0.001826
      152 0.000015  -0.001819
      112 0.000015  -0.001810
      192 0.000015   0.001790
      613 0.000015  -0.001789
      350 0.000015  -0.001784
      450 0.000015  -0.001784
      619 0.000015   0.001783
      307 0.000014  -0.001732
      181 0.000014   0.001729
      868 0.000014  -0.001727
       17 0.000014  -0.001727
       19 0.000014   0.001709
      123 0.000014  -0.001705
       95 0.000014   0.001685
       53 0.000014   0.001677
      318 0.000013   0.001655
      376 0.000013  -0.001644
      727 0.000013  -0.001640
      396 0.000013   0.001632
      559 0.000013   0.001623
      379 0.000013  -0.001622
      927 0.000013  -0.001606
      348 0.000013   0.001603
     1010 0.000013   0.001593
      755 0.000013  -0.001577
       50 0.000013   0.001576
      375 0.000013  -0.001567
      903 0.000013  -0.001566
      724 0.000013   0.001564
      791 0.000013   0.001547
      314 0.000013  -0.001540
      483 0.000012  -0.001534
      296 0.000012   0.001533
      729 0.000012   0.001531
      338 0.000012   0.001530
      816 0.000012   0.001512
      608 0.000012  -0.001501
      426 0.000012   0.001499
      120 0.000012   0.001495
      309 0.000012   0.001481
      139 0.000012  -0.001473
      462 0.000012   0.001462
      108 0.000012  -0.001460
     1047 0.000012   0.001452
      647 0.000012   0.001449
      401 0.000012  -0.001448
      395 0.000012  -0.001431
      971 0.000012  -0.001418
       96 0.000012   0.001414
      966 0.000011   0.001411
      804 0.000011  -0.001408
      333 0.000011  -0.001407
      964 0.000011   0.001403
      113 0.000011   0.001382
      634 0.000011  -0.001375
      902 0.000011  -0.001371
      695 0.000011  -0.001367
      141 0.000011   0.001365
      609 0.000011  -0.001364
      478 0.000011   0.001362
      934 0.000011  -0.001353
      712 0.000011   0.001345
       21 0.000011   0.001342
       73 0.000011   0.001326
      623 0.000011  -0.001319
      839 0.000011  -0.001301
      487 0.000011  -0.001290
      473 0.000010  -0.001289
       72 0.000010  -0.001273
      534 0.000010  -0.001254
      921 0.000010  -0.001251
      418 0.000010  -0.001247
      327 0.000010   0.001246
      133 0.000010  -0.001242
      662 0.000010  -0.001239
euclid. distance of OLC and linear combination of EV * x_coef: 0.011539222056297945

Generate samples based on objective loadcase 140
nr_to_generate: 25

Parameter variation distribution settings
distribution: uniform
low: 0.7
high: 1.3

Total process runtime: 0:00:01.299781
