Date and Time:2023-05-12 14:16:27.778217

Initial Settings:
similarity_model: <function cosine_similarity at 0x000001D005A6E5E0>
similarity_threshold: 1e-05
nr_eigv_to_select: None
distribution: uniform
deviation: 0.3
nr_to_generate: 25
recompute: False

Selected eigenvectors and similarity score w.r.t objective loadcase:
objective_loadcase_nr: 480
similarity_model: cosine_similarity
similarity_threshold: 1e-05
nr_eigv_to_select: None
nr_eigv_selected: 590
approximation parameter model: lstsq
similarity score and approx. param. value
:  eigv_idx    score      value
        1 0.568407  75.499601
        3 0.521755  69.302980
        2 0.479001 -63.624116
        0 0.413549  54.930385
        6 0.062406   8.289171
       39 0.011519   1.529998
        4 0.009320   1.237896
       68 0.004828  -0.641327
      639 0.003677   0.488408
      186 0.002243  -0.297919
      612 0.002025  -0.268972
      593 0.001873  -0.248736
       71 0.001858  -0.246776
      716 0.001694   0.224955
      586 0.001685   0.223866
      618 0.001675   0.222522
      663 0.001545  -0.205153
       69 0.001544  -0.205085
      187 0.001541  -0.204648
      668 0.001491   0.197997
      710 0.001485  -0.197298
      182 0.001459  -0.193845
      218 0.001278  -0.169795
      143 0.001139   0.151277
      184 0.001122  -0.148987
      659 0.001116  -0.148179
      595 0.001050   0.139468
      617 0.001048   0.139235
      194 0.001044   0.138605
      686 0.000904  -0.120068
      700 0.000897   0.119098
      683 0.000833   0.110653
      579 0.000826   0.109666
      388 0.000821  -0.108997
      688 0.000815  -0.108259
       70 0.000798   0.105979
      599 0.000786   0.104438
      635 0.000762   0.101206
      749 0.000761  -0.101143
      562 0.000734  -0.097502
      582 0.000721  -0.095775
      183 0.000715   0.095013
      626 0.000678   0.090051
      578 0.000670   0.088942
      670 0.000669   0.088859
      666 0.000621  -0.082548
      698 0.000620  -0.082372
      228 0.000609  -0.080848
      179 0.000599   0.079584
      733 0.000593   0.078823
      621 0.000581  -0.077151
      253 0.000581  -0.077123
      171 0.000565  -0.075058
      602 0.000545  -0.072422
      735 0.000518  -0.068753
      137 0.000507  -0.067335
      341 0.000497   0.066069
      708 0.000489   0.064923
      641 0.000424  -0.056331
      718 0.000419  -0.055634
      153 0.000418   0.055524
      362 0.000414  -0.055000
      699 0.000414  -0.054936
      174 0.000407   0.054002
      210 0.000394  -0.052341
      220 0.000383  -0.050838
      709 0.000378  -0.050230
      583 0.000375  -0.049838
      567 0.000364  -0.048290
      606 0.000356  -0.047327
      575 0.000355   0.047144
      243 0.000353   0.046944
      756 0.000350  -0.046534
      631 0.000349  -0.046294
      757 0.000347  -0.046145
      628 0.000342   0.045366
      576 0.000335  -0.044497
      604 0.000327  -0.043390
      577 0.000326  -0.043318
      132 0.000319   0.042320
      759 0.000311   0.041271
      161 0.000307   0.040835
      148 0.000307   0.040834
      620 0.000300  -0.039817
      271 0.000299   0.039672
      573 0.000294   0.039011
      741 0.000293   0.038860
      419 0.000289  -0.038355
      254 0.000286   0.037927
      400 0.000283  -0.037596
      787 0.000278   0.036975
      704 0.000277  -0.036854
      807 0.000274   0.036427
      848 0.000272  -0.036122
      267 0.000272  -0.036111
      412 0.000269  -0.035725
      853 0.000257  -0.034086
      815 0.000256  -0.033968
      403 0.000250   0.033244
       91 0.000244  -0.032373
      587 0.000244   0.032360
      739 0.000244  -0.032354
      640 0.000240  -0.031820
      277 0.000238   0.031592
      601 0.000234   0.031052
      236 0.000234   0.031032
      204 0.000233   0.030995
      377 0.000230  -0.030558
      580 0.000227  -0.030111
      658 0.000225   0.029825
      138 0.000220   0.029214
      361 0.000214   0.028376
      665 0.000208  -0.027665
      570 0.000207  -0.027549
      707 0.000206  -0.027323
      383 0.000202   0.026854
      941 0.000201  -0.026678
      234 0.000200   0.026570
      750 0.000200   0.026549
      564 0.000200  -0.026504
      798 0.000196   0.026004
      687 0.000193   0.025577
      355 0.000193   0.025574
      199 0.000192  -0.025541
      258 0.000192  -0.025519
      249 0.000188  -0.024956
      367 0.000187   0.024851
      549 0.000185  -0.024607
      198 0.000183   0.024336
      566 0.000176   0.023396
      398 0.000176  -0.023330
      828 0.000172  -0.022807
      763 0.000171  -0.022773
      800 0.000167  -0.022125
      427 0.000166  -0.022009
      857 0.000164  -0.021807
      373 0.000162  -0.021514
      847 0.000161   0.021412
      762 0.000160   0.021222
      380 0.000160   0.021199
      295 0.000159  -0.021169
      301 0.000158  -0.021018
      820 0.000156  -0.020753
      175 0.000156  -0.020725
      107 0.000156  -0.020721
      255 0.000156  -0.020680
      262 0.000154  -0.020509
      753 0.000154  -0.020498
      257 0.000152  -0.020150
      790 0.000150   0.019908
      557 0.000149  -0.019811
      353 0.000149  -0.019761
      711 0.000147   0.019503
      222 0.000146  -0.019452
      667 0.000146   0.019409
      690 0.000146   0.019390
      436 0.000144   0.019106
      740 0.000143  -0.018997
      574 0.000143  -0.018973
      743 0.000140  -0.018552
      684 0.000137  -0.018144
      645 0.000131   0.017451
      801 0.000130  -0.017319
      299 0.000130   0.017292
      908 0.000130  -0.017215
      193 0.000129  -0.017084
      784 0.000127  -0.016882
      281 0.000127   0.016850
      974 0.000126   0.016780
      390 0.000125   0.016661
      561 0.000124   0.016492
      294 0.000123  -0.016388
      859 0.000123   0.016311
      308 0.000122  -0.016181
      247 0.000120   0.015902
      594 0.000119  -0.015829
      581 0.000118  -0.015695
      882 0.000118   0.015663
      808 0.000117   0.015527
      629 0.000117  -0.015523
      605 0.000115  -0.015316
      266 0.000115  -0.015271
      818 0.000114  -0.015174
      217 0.000114  -0.015090
      431 0.000113  -0.015046
      423 0.000113  -0.014997
      638 0.000112  -0.014923
      392 0.000110   0.014609
      600 0.000109  -0.014457
      273 0.000108  -0.014306
      803 0.000107   0.014249
      261 0.000107  -0.014190
      614 0.000106   0.014104
      241 0.000106   0.014077
      855 0.000105  -0.013912
      840 0.000105  -0.013884
      552 0.000102  -0.013575
      407 0.000101  -0.013368
      723 0.000101  -0.013368
      597 0.000100  -0.013300
      726 0.000100  -0.013272
      364 0.000099  -0.013108
      302 0.000098  -0.013059
      584 0.000098  -0.013056
      386 0.000098   0.013003
      697 0.000096   0.012689
      805 0.000095  -0.012676
      611 0.000095  -0.012596
     1095 0.000094  -0.012550
      799 0.000094  -0.012526
      802 0.000094   0.012443
      312 0.000094  -0.012429
      734 0.000093  -0.012380
      572 0.000093  -0.012319
      209 0.000091  -0.012111
      955 0.000091   0.012089
      832 0.000091   0.012062
      736 0.000091  -0.012041
      844 0.000089  -0.011864
      428 0.000089   0.011816
      843 0.000088  -0.011718
      824 0.000087   0.011529
      701 0.000086  -0.011435
      793 0.000086  -0.011399
      275 0.000085  -0.011355
      829 0.000085   0.011324
      795 0.000085   0.011289
      414 0.000084   0.011176
      343 0.000083  -0.011050
      863 0.000083  -0.011011
      359 0.000082   0.010915
       93 0.000082   0.010830
      354 0.000081   0.010814
      206 0.000080  -0.010661
      349 0.000080  -0.010625
      318 0.000079   0.010513
      313 0.000078  -0.010318
      397 0.000077  -0.010226
      585 0.000077  -0.010175
      826 0.000076  -0.010127
      232 0.000076  -0.010073
      350 0.000076   0.010066
      879 0.000076  -0.010055
      545 0.000076  -0.010049
      891 0.000075  -0.009896
     1005 0.000073   0.009662
      748 0.000073  -0.009635
      608 0.000072  -0.009610
      780 0.000072  -0.009559
      776 0.000072  -0.009526
      402 0.000071   0.009486
      131 0.000071  -0.009459
      913 0.000071  -0.009422
      632 0.000070   0.009330
      425 0.000070   0.009314
      744 0.000070  -0.009291
       88 0.000069   0.009228
      922 0.000069  -0.009168
      374 0.000069   0.009164
      789 0.000068   0.009003
      937 0.000067  -0.008920
      742 0.000067  -0.008887
      297 0.000067  -0.008880
      773 0.000067   0.008865
      770 0.000066   0.008737
      696 0.000066  -0.008727
      603 0.000065  -0.008614
      292 0.000064  -0.008520
      978 0.000063   0.008400
      728 0.000063  -0.008341
      677 0.000062   0.008213
      319 0.000061   0.008163
      722 0.000060  -0.007976
      357 0.000060  -0.007912
      406 0.000058   0.007760
      335 0.000058   0.007751
      539 0.000058   0.007724
      289 0.000058   0.007720
      553 0.000057  -0.007594
      569 0.000057   0.007569
      782 0.000057  -0.007541
      409 0.000057  -0.007527
      291 0.000056   0.007403
      560 0.000055  -0.007306
      589 0.000054  -0.007208
      320 0.000054  -0.007195
      356 0.000054  -0.007159
      867 0.000053   0.007075
      542 0.000053   0.007033
      895 0.000052   0.006962
      765 0.000052   0.006937
      838 0.000052   0.006890
      778 0.000051  -0.006814
      540 0.000051  -0.006782
      369 0.000051   0.006743
      769 0.000050  -0.006672
      201 0.000050   0.006597
      413 0.000050   0.006581
      858 0.000049  -0.006485
      290 0.000049  -0.006484
      366 0.000049   0.006473
      286 0.000049   0.006473
      528 0.000048   0.006375
      322 0.000048  -0.006328
      214 0.000048  -0.006328
      864 0.000048   0.006322
      259 0.000048   0.006313
      213 0.000047  -0.006254
      609 0.000047  -0.006199
      987 0.000047   0.006197
      870 0.000047  -0.006195
      588 0.000046  -0.006116
      654 0.000046   0.006095
      293 0.000046  -0.006060
      830 0.000045   0.005968
      965 0.000045  -0.005921
      823 0.000044   0.005853
      235 0.000044  -0.005825
      227 0.000044  -0.005788
      928 0.000043  -0.005769
      448 0.000043   0.005754
      775 0.000043  -0.005724
      821 0.000043  -0.005719
      874 0.000043  -0.005685
      226 0.000043   0.005678
      164 0.000042  -0.005631
      613 0.000042  -0.005613
      360 0.000042   0.005594
      610 0.000042   0.005549
      948 0.000042   0.005533
      216 0.000042   0.005521
      592 0.000041  -0.005509
      169 0.000041  -0.005484
      264 0.000041   0.005431
      904 0.000040   0.005373
      993 0.000040   0.005337
     1001 0.000040  -0.005334
      225 0.000040   0.005304
      224 0.000039  -0.005196
      251 0.000039  -0.005175
      342 0.000039   0.005166
      881 0.000039  -0.005142
      310 0.000038  -0.005085
      325 0.000038  -0.005051
      839 0.000038  -0.005018
      215 0.000037   0.004921
      894 0.000036  -0.004828
      394 0.000036   0.004812
     1025 0.000036   0.004790
      314 0.000036   0.004757
      309 0.000036  -0.004739
      268 0.000036  -0.004717
      535 0.000035   0.004690
      304 0.000035   0.004681
      333 0.000035   0.004642
      260 0.000035  -0.004635
      530 0.000035   0.004615
      384 0.000035  -0.004587
      518 0.000035   0.004587
      662 0.000034  -0.004553
      165 0.000034  -0.004538
      269 0.000034  -0.004527
      831 0.000034   0.004484
      933 0.000034   0.004478
      382 0.000034  -0.004472
      694 0.000033  -0.004444
      296 0.000033   0.004419
       80 0.000032   0.004299
      950 0.000032  -0.004255
      880 0.000032   0.004240
       81 0.000032  -0.004233
      432 0.000032   0.004191
      410 0.000031  -0.004138
      675 0.000031   0.004117
      445 0.000031  -0.004090
       59 0.000031  -0.004073
      276 0.000030  -0.004051
     1032 0.000030   0.003992
      491 0.000030   0.003989
       76 0.000030  -0.003966
      146 0.000030   0.003938
      298 0.000030  -0.003934
     1017 0.000030   0.003925
       60 0.000029  -0.003886
      814 0.000029   0.003879
      158 0.000029   0.003861
      230 0.000029   0.003860
      900 0.000029  -0.003854
      288 0.000029   0.003848
      860 0.000029  -0.003813
      424 0.000029  -0.003802
       75 0.000028   0.003785
      591 0.000028   0.003769
      324 0.000028  -0.003764
      643 0.000028  -0.003756
      596 0.000028  -0.003723
      532 0.000028   0.003717
      103 0.000028   0.003677
      317 0.000028  -0.003660
      942 0.000027   0.003622
      884 0.000027  -0.003576
      837 0.000027   0.003576
      105 0.000027   0.003549
      250 0.000027  -0.003546
      475 0.000026  -0.003509
      488 0.000026   0.003504
      713 0.000026   0.003479
      943 0.000026   0.003462
      160 0.000025   0.003386
      598 0.000025   0.003371
      938 0.000025   0.003364
      524 0.000025  -0.003360
      285 0.000025  -0.003345
      502 0.000025   0.003334
      128 0.000025  -0.003298
      505 0.000025   0.003283
      323 0.000025  -0.003275
      625 0.000025  -0.003270
      387 0.000024   0.003252
      917 0.000024   0.003250
      538 0.000024   0.003237
      159 0.000024   0.003220
       63 0.000024   0.003196
      779 0.000024   0.003185
      650 0.000024  -0.003157
      712 0.000024  -0.003136
      130 0.000024  -0.003135
      519 0.000023   0.003118
      555 0.000023   0.003102
      326 0.000023  -0.003101
      376 0.000023  -0.003087
      330 0.000023   0.003020
       78 0.000023  -0.003008
      489 0.000023   0.003005
      347 0.000023   0.002997
       86 0.000023  -0.002990
      110 0.000022   0.002930
      695 0.000022   0.002924
       57 0.000022  -0.002920
      162 0.000022  -0.002862
       98 0.000022   0.002860
      147 0.000022   0.002857
      248 0.000021   0.002807
      554 0.000021  -0.002793
      868 0.000021  -0.002779
      152 0.000021   0.002770
      664 0.000021  -0.002761
      727 0.000021  -0.002759
      455 0.000021  -0.002756
      724 0.000021  -0.002737
     1034 0.000021  -0.002724
      714 0.000020  -0.002714
      221 0.000020  -0.002611
       96 0.000020  -0.002602
     1052 0.000020   0.002599
       66 0.000020  -0.002596
      681 0.000019   0.002584
      352 0.000019  -0.002566
      334 0.000019   0.002544
      685 0.000019  -0.002504
      536 0.000019  -0.002501
      223 0.000019   0.002497
      458 0.000019   0.002476
      636 0.000019  -0.002472
      512 0.000019  -0.002466
      693 0.000018  -0.002441
      287 0.000018  -0.002429
       55 0.000018  -0.002398
       89 0.000018  -0.002380
       72 0.000018  -0.002376
      437 0.000018   0.002374
      379 0.000018  -0.002327
      337 0.000018  -0.002325
      420 0.000017   0.002306
      245 0.000017  -0.002295
      463 0.000017  -0.002294
      755 0.000017  -0.002293
      345 0.000017  -0.002290
      108 0.000017   0.002286
      115 0.000017   0.002269
      136 0.000017   0.002269
      792 0.000017   0.002267
      129 0.000017   0.002261
      283 0.000017   0.002258
      565 0.000017  -0.002241
      344 0.000017   0.002238
      145 0.000017  -0.002209
      114 0.000017   0.002203
      966 0.000017   0.002200
      673 0.000016   0.002183
      619 0.000016   0.002183
      526 0.000016   0.002144
      112 0.000016  -0.002135
      252 0.000016   0.002132
      133 0.000016  -0.002123
      903 0.000016  -0.002119
      316 0.000016   0.002099
      623 0.000016  -0.002089
       64 0.000015  -0.002042
      449 0.000015  -0.002029
      959 0.000015   0.002027
      949 0.000015   0.002008
      239 0.000015   0.001998
      883 0.000015   0.001996
      764 0.000015   0.001991
      479 0.000015   0.001991
      282 0.000015   0.001981
      338 0.000015  -0.001979
      627 0.000015   0.001979
       53 0.000015  -0.001977
       62 0.000015  -0.001943
      265 0.000015  -0.001940
      450 0.000015  -0.001935
      170 0.000015  -0.001934
      242 0.000014  -0.001897
      109 0.000014   0.001894
      514 0.000014   0.001892
      534 0.000014  -0.001873
      760 0.000014   0.001864
      462 0.000014   0.001836
      332 0.000014  -0.001832
      483 0.000014  -0.001829
      348 0.000014  -0.001829
      856 0.000014   0.001797
       94 0.000013   0.001789
      244 0.000013   0.001784
       87 0.000013  -0.001778
       67 0.000013   0.001778
      279 0.000013  -0.001777
      671 0.000013   0.001776
      642 0.000013  -0.001768
      101 0.000013   0.001760
       23 0.000013   0.001758
      375 0.000013  -0.001757
       21 0.000013   0.001753
      181 0.000013   0.001750
      543 0.000013  -0.001736
     1047 0.000013   0.001721
      100 0.000013   0.001719
      233 0.000013  -0.001714
      331 0.000013  -0.001697
      849 0.000013  -0.001683
      478 0.000013   0.001680
      732 0.000013   0.001676
      705 0.000013   0.001670
      134 0.000013  -0.001665
      510 0.000013  -0.001665
      964 0.000013   0.001664
      646 0.000012   0.001658
      116 0.000012   0.001654
      163 0.000012  -0.001635
      791 0.000012   0.001620
      125 0.000012  -0.001615
      680 0.000012   0.001600
      907 0.000012   0.001596
      563 0.000012  -0.001576
      102 0.000012  -0.001568
      229 0.000012  -0.001534
      616 0.000011   0.001513
      927 0.000011  -0.001512
      816 0.000011   0.001511
      634 0.000011  -0.001500
      405 0.000011  -0.001499
      876 0.000011   0.001498
     1074 0.000011   0.001498
      372 0.000011   0.001485
      395 0.000011  -0.001484
      473 0.000011  -0.001482
      418 0.000011  -0.001481
      123 0.000011   0.001478
      559 0.000011   0.001472
      752 0.000011   0.001463
      150 0.000011  -0.001447
      434 0.000011   0.001437
      934 0.000011  -0.001423
      984 0.000011   0.001409
      126 0.000011  -0.001409
       19 0.000011   0.001407
      104 0.000011  -0.001402
      452 0.000011  -0.001401
       92 0.000010  -0.001393
      178 0.000010   0.001391
       65 0.000010  -0.001389
       24 0.000010  -0.001386
      385 0.000010  -0.001377
      172 0.000010  -0.001374
      185 0.000010  -0.001361
      644 0.000010   0.001349
      305 0.000010   0.001336
      875 0.000010   0.001335
euclid. distance of OLC and linear combination of EV * x_coef: 0.011848211569257238

Generate samples based on objective loadcase 480
nr_to_generate: 25

Parameter variation distribution settings
distribution: uniform
low: 0.7
high: 1.3

Total process runtime: 0:00:01.348300
