Date and Time:2023-05-12 14:20:17.875040

Initial Settings:
similarity_model: <function cosine_similarity at 0x000001D005A6E5E0>
similarity_threshold: 1e-05
nr_eigv_to_select: None
distribution: uniform
deviation: 0.3
nr_to_generate: 25
recompute: False

Selected eigenvectors and similarity score w.r.t objective loadcase:
objective_loadcase_nr: 655
similarity_model: cosine_similarity
similarity_threshold: 1e-05
nr_eigv_to_select: None
nr_eigv_selected: 539
approximation parameter model: lstsq
similarity score and approx. param. value
:  eigv_idx    score      value
        1 0.561664  73.376137
        3 0.529964  69.234909
        2 0.484842 -63.340095
        0 0.405939  53.032118
        6 0.058459   7.637116
       39 0.014653   1.914239
        4 0.009769   1.276207
      639 0.003637   0.475092
       68 0.003175  -0.414815
      186 0.002269  -0.296466
      612 0.002030  -0.265135
      593 0.001948  -0.254541
      586 0.001752   0.228839
      716 0.001683   0.219837
      618 0.001582   0.206650
      710 0.001537  -0.200831
      187 0.001474  -0.192569
      663 0.001461  -0.190859
      668 0.001429   0.186640
      218 0.001395  -0.182207
      182 0.001330  -0.173705
      143 0.001227   0.160266
      595 0.001124   0.146885
      659 0.001064  -0.139061
      194 0.001035   0.135199
      184 0.000953  -0.124505
      617 0.000950   0.124080
      686 0.000943  -0.123182
      388 0.000857  -0.111907
      688 0.000830  -0.108404
      700 0.000812   0.106109
      635 0.000765   0.099987
      626 0.000764   0.099799
      683 0.000753   0.098309
      599 0.000752   0.098177
      579 0.000749   0.097861
      562 0.000737  -0.096315
      749 0.000732  -0.095656
       71 0.000724  -0.094558
      582 0.000711  -0.092940
      578 0.000693   0.090551
      670 0.000686   0.089595
      183 0.000682   0.089062
      228 0.000617  -0.080668
      698 0.000610  -0.079661
      733 0.000602   0.078676
      621 0.000597  -0.078051
      666 0.000589  -0.076977
       69 0.000562  -0.073479
       70 0.000529   0.069115
      253 0.000525  -0.068546
      341 0.000517   0.067582
      179 0.000516   0.067355
      137 0.000512  -0.066895
      153 0.000493   0.064396
      735 0.000492  -0.064273
      708 0.000478   0.062458
      174 0.000475   0.062070
      718 0.000454  -0.059278
      602 0.000450  -0.058846
      171 0.000440  -0.057421
      699 0.000429  -0.056007
      606 0.000427  -0.055798
      567 0.000412  -0.053878
      641 0.000398  -0.051980
      577 0.000394  -0.051453
      709 0.000392  -0.051178
      583 0.000390  -0.050926
      575 0.000381   0.049783
      362 0.000374  -0.048889
      220 0.000374  -0.048822
      704 0.000364  -0.047576
      620 0.000364  -0.047493
      756 0.000348  -0.045424
      210 0.000342  -0.044701
      204 0.000334   0.043674
      757 0.000334  -0.043628
      604 0.000334  -0.043608
      403 0.000314   0.041050
      631 0.000306  -0.040016
      243 0.000306   0.040012
      848 0.000297  -0.038807
      628 0.000297   0.038797
      601 0.000294   0.038453
      419 0.000293  -0.038315
      807 0.000292   0.038175
      254 0.000286   0.037394
      267 0.000284  -0.037101
      199 0.000283  -0.036994
      576 0.000282  -0.036821
      383 0.000281   0.036690
      741 0.000279   0.036404
      412 0.000276  -0.036055
      573 0.000268   0.035048
      132 0.000263   0.034306
      400 0.000258  -0.033651
      739 0.000255  -0.033357
      787 0.000255   0.033253
      277 0.000252   0.032886
      707 0.000250  -0.032662
      587 0.000248   0.032377
      759 0.000244   0.031917
      570 0.000244  -0.031898
      815 0.000238  -0.031116
      271 0.000238   0.031029
      853 0.000232  -0.030361
      258 0.000232  -0.030354
      356 0.000231  -0.030160
      377 0.000229  -0.029858
      658 0.000229   0.029854
      161 0.000227   0.029591
      148 0.000223   0.029125
      580 0.000217  -0.028326
      564 0.000211  -0.027602
      585 0.000197  -0.025749
      665 0.000196  -0.025621
      941 0.000195  -0.025439
      753 0.000192  -0.025090
      750 0.000191   0.024979
      234 0.000190   0.024876
      255 0.000190  -0.024811
      175 0.000189  -0.024664
      640 0.000184  -0.024010
      828 0.000177  -0.023129
      236 0.000176   0.022951
      800 0.000174  -0.022744
      557 0.000174  -0.022697
      566 0.000169   0.022016
      687 0.000169   0.022014
      301 0.000167  -0.021765
      138 0.000165   0.021609
      605 0.000165  -0.021568
      667 0.000165   0.021529
      193 0.000165  -0.021523
      209 0.000165  -0.021492
      798 0.000164   0.021461
      369 0.000164   0.021369
      427 0.000163  -0.021357
      380 0.000162   0.021190
      257 0.000162  -0.021136
       91 0.000162  -0.021110
      711 0.000160   0.020879
      217 0.000157  -0.020511
      696 0.000156  -0.020337
      857 0.000155  -0.020271
      690 0.000153   0.020038
      241 0.000153   0.020023
      820 0.000153  -0.020017
      222 0.000152  -0.019864
      847 0.000152   0.019843
      247 0.000150   0.019636
      743 0.000150  -0.019541
      235 0.000147  -0.019260
      574 0.000146  -0.019072
      790 0.000146   0.019022
      353 0.000144  -0.018797
      784 0.000143  -0.018665
      740 0.000138  -0.017987
      273 0.000137  -0.017835
      354 0.000131   0.017121
      269 0.000131  -0.017070
      629 0.000130  -0.017042
      793 0.000129  -0.016916
      436 0.000129   0.016828
      398 0.000128  -0.016679
      295 0.000127  -0.016592
      763 0.000127  -0.016564
      596 0.000127  -0.016540
      107 0.000126  -0.016484
      549 0.000126  -0.016434
      697 0.000125   0.016296
      908 0.000125  -0.016280
      974 0.000125   0.016271
      299 0.000124   0.016210
      294 0.000123  -0.016121
      262 0.000123  -0.016094
      552 0.000122  -0.015898
      818 0.000121  -0.015859
      855 0.000121  -0.015840
      581 0.000120  -0.015615
      762 0.000119   0.015525
      859 0.000118   0.015474
      808 0.000117   0.015246
      726 0.000116  -0.015205
      281 0.000116   0.015187
      801 0.000115  -0.015086
      423 0.000114  -0.014936
      249 0.000114  -0.014907
      308 0.000114  -0.014886
      882 0.000114   0.014829
      736 0.000113  -0.014793
      645 0.000113   0.014756
      832 0.000112   0.014596
      431 0.000111  -0.014543
      553 0.000110  -0.014377
      361 0.000109   0.014247
      373 0.000108  -0.014067
      840 0.000107  -0.013958
      251 0.000107  -0.013947
      684 0.000107  -0.013920
      392 0.000103   0.013501
      394 0.000103   0.013431
      268 0.000102  -0.013324
      292 0.000102  -0.013283
      261 0.000101  -0.013212
      795 0.000101   0.013189
      367 0.000101   0.013132
      632 0.000099   0.012977
      594 0.000099  -0.012918
      266 0.000099  -0.012908
      799 0.000098  -0.012756
      561 0.000097   0.012723
      291 0.000097   0.012688
      844 0.000096  -0.012586
      312 0.000096  -0.012527
      803 0.000096   0.012509
      343 0.000095  -0.012472
      824 0.000095   0.012448
      829 0.000095   0.012424
      638 0.000095  -0.012360
      386 0.000093   0.012112
      611 0.000093  -0.012099
     1095 0.000092  -0.012069
      584 0.000092  -0.012040
      364 0.000092   0.011994
      600 0.000092  -0.011994
      302 0.000091  -0.011903
      742 0.000089  -0.011667
      374 0.000086   0.011180
      355 0.000085   0.011159
      955 0.000085   0.011100
      734 0.000084  -0.010994
      776 0.000083  -0.010826
      863 0.000082  -0.010729
      802 0.000082   0.010683
      701 0.000080  -0.010515
      297 0.000080  -0.010480
      588 0.000080   0.010438
      428 0.000080   0.010426
      805 0.000079  -0.010277
      748 0.000078  -0.010232
      569 0.000078   0.010185
      560 0.000077  -0.010090
      414 0.000077   0.010000
      723 0.000076  -0.009867
      843 0.000073  -0.009566
      359 0.000072  -0.009443
      744 0.000072  -0.009415
     1005 0.000072   0.009412
      891 0.000072  -0.009372
      603 0.000072  -0.009366
      879 0.000072  -0.009358
      773 0.000072   0.009352
      654 0.000071   0.009275
      263 0.000071  -0.009231
      572 0.000071  -0.009220
      826 0.000070  -0.009083
      913 0.000069  -0.008956
      313 0.000068  -0.008949
      616 0.000067  -0.008800
      937 0.000067  -0.008790
      545 0.000066  -0.008667
      922 0.000066  -0.008645
      978 0.000066   0.008562
      325 0.000065  -0.008546
      597 0.000064  -0.008419
      722 0.000064  -0.008369
      770 0.000064   0.008367
      245 0.000063  -0.008271
      226 0.000061  -0.007971
      782 0.000061  -0.007930
      728 0.000060  -0.007826
      169 0.000060  -0.007795
      198 0.000059   0.007736
      425 0.000059   0.007695
      780 0.000059  -0.007690
      225 0.000059  -0.007679
      539 0.000059   0.007646
      589 0.000057  -0.007500
      413 0.000057   0.007496
      591 0.000057   0.007475
      789 0.000057   0.007464
      778 0.000056  -0.007316
      636 0.000056  -0.007307
      360 0.000056  -0.007295
      867 0.000055   0.007161
      831 0.000055   0.007151
      765 0.000055   0.007145
      357 0.000052   0.006814
      610 0.000051  -0.006726
      858 0.000051  -0.006713
      239 0.000051   0.006653
      870 0.000051  -0.006643
      542 0.000051   0.006610
      216 0.000050  -0.006552
      289 0.000050   0.006485
      948 0.000049   0.006410
      895 0.000049   0.006391
      821 0.000049  -0.006348
      275 0.000048  -0.006313
      227 0.000048  -0.006308
      874 0.000048  -0.006292
      528 0.000048   0.006243
      397 0.000048  -0.006232
      333 0.000048  -0.006206
      590 0.000047  -0.006202
      250 0.000047   0.006148
      540 0.000047  -0.006136
      347 0.000046  -0.005978
      350 0.000046  -0.005973
      407 0.000045  -0.005861
      987 0.000045   0.005852
      214 0.000044   0.005805
      864 0.000044   0.005695
      904 0.000043   0.005630
      390 0.000043   0.005617
      252 0.000043  -0.005562
      272 0.000042  -0.005491
      322 0.000042  -0.005450
      928 0.000041  -0.005420
      409 0.000041  -0.005384
      224 0.000041  -0.005383
      894 0.000041  -0.005358
      965 0.000040  -0.005266
      274 0.000040   0.005242
      320 0.000040   0.005219
      448 0.000039   0.005133
      215 0.000039  -0.005103
     1001 0.000038  -0.005028
      627 0.000038   0.004971
      592 0.000038  -0.004955
      535 0.000037   0.004883
      650 0.000037  -0.004855
      334 0.000037   0.004845
      993 0.000037   0.004821
      213 0.000037   0.004804
      331 0.000037   0.004778
      881 0.000036  -0.004750
      351 0.000036  -0.004680
      677 0.000035   0.004546
      310 0.000035  -0.004527
      880 0.000034   0.004499
     1025 0.000034   0.004486
      328 0.000034  -0.004424
      491 0.000034   0.004377
      319 0.000033   0.004321
      530 0.000033   0.004304
      823 0.000033   0.004293
      348 0.000033  -0.004284
      933 0.000033   0.004281
      943 0.000033   0.004280
      518 0.000033   0.004280
      649 0.000033  -0.004279
      201 0.000032   0.004240
      402 0.000032  -0.004226
      335 0.000032  -0.004210
      406 0.000032  -0.004204
      410 0.000032  -0.004168
      488 0.000032   0.004148
      164 0.000032   0.004139
      329 0.000032  -0.004116
      614 0.000031   0.004073
      680 0.000031   0.004069
      532 0.000030   0.003982
      942 0.000030   0.003978
      324 0.000030  -0.003978
      950 0.000030  -0.003949
     1032 0.000030   0.003927
      475 0.000030  -0.003926
      860 0.000030  -0.003857
      769 0.000029  -0.003784
      432 0.000029   0.003764
      900 0.000029  -0.003727
      814 0.000028   0.003663
      792 0.000028   0.003647
     1017 0.000027   0.003581
      337 0.000027  -0.003573
      368 0.000027  -0.003565
      609 0.000027   0.003557
      524 0.000027  -0.003551
      884 0.000027  -0.003512
      287 0.000025   0.003248
      286 0.000025   0.003243
      445 0.000025  -0.003211
      382 0.000024   0.003164
      165 0.000024   0.003153
      223 0.000024   0.003150
      288 0.000024  -0.003133
      424 0.000024  -0.003131
      917 0.000023   0.003067
      559 0.000023  -0.003035
      349 0.000023   0.003025
      838 0.000023   0.002999
      240 0.000023   0.002960
      332 0.000023  -0.002942
      396 0.000022   0.002907
      405 0.000022   0.002903
      519 0.000022   0.002881
      868 0.000022  -0.002855
      221 0.000022   0.002825
      323 0.000021  -0.002808
      248 0.000021  -0.002800
      714 0.000021  -0.002787
      502 0.000021   0.002779
      479 0.000021   0.002771
      420 0.000021   0.002763
      206 0.000021   0.002751
      837 0.000021  -0.002726
     1034 0.000021  -0.002720
      282 0.000021  -0.002718
      662 0.000021  -0.002713
      538 0.000021   0.002708
      330 0.000020   0.002650
       53 0.000020   0.002624
      685 0.000020  -0.002596
      613 0.000020   0.002567
      455 0.000020  -0.002549
      536 0.000019  -0.002523
      188 0.000019  -0.002510
      852 0.000019  -0.002501
      489 0.000019   0.002490
      842 0.000019  -0.002488
      229 0.000019   0.002478
     1052 0.000019   0.002474
      637 0.000019   0.002465
      512 0.000019  -0.002447
      284 0.000019   0.002430
      279 0.000019  -0.002425
       55 0.000018   0.002396
      452 0.000018  -0.002375
      195 0.000018  -0.002373
      556 0.000018   0.002369
      463 0.000018  -0.002358
      458 0.000018   0.002358
      643 0.000018  -0.002358
      270 0.000018   0.002349
      883 0.000018   0.002348
      309 0.000018  -0.002341
      237 0.000018  -0.002326
      317 0.000018  -0.002321
      526 0.000018   0.002293
       98 0.000017  -0.002274
      260 0.000017   0.002258
      363 0.000017   0.002237
      346 0.000017   0.002234
      938 0.000017   0.002214
      681 0.000017  -0.002212
      514 0.000017   0.002212
      365 0.000017   0.002198
      278 0.000017  -0.002193
      775 0.000017  -0.002168
      437 0.000017   0.002163
      395 0.000016  -0.002095
      505 0.000016   0.002079
      371 0.000016   0.002065
      321 0.000016   0.002062
      705 0.000016  -0.002061
       66 0.000016  -0.002058
      162 0.000016   0.002047
      732 0.000016   0.002032
      568 0.000015  -0.002022
      259 0.000015  -0.002021
      856 0.000015   0.001967
      379 0.000015  -0.001963
      903 0.000015  -0.001948
      426 0.000015   0.001941
      633 0.000015  -0.001940
      966 0.000015   0.001936
      104 0.000015   0.001899
      949 0.000014   0.001882
      598 0.000014  -0.001879
      326 0.000014  -0.001874
      804 0.000014  -0.001868
      849 0.000014   0.001865
      647 0.000014   0.001843
      724 0.000014   0.001810
      543 0.000014  -0.001806
      315 0.000014   0.001785
      358 0.000014   0.001780
      293 0.000014   0.001773
      816 0.000014   0.001767
      483 0.000013  -0.001752
      450 0.000013  -0.001742
      907 0.000013   0.001735
      336 0.000013  -0.001729
      729 0.000013   0.001726
      555 0.000013  -0.001712
      370 0.000013   0.001705
      712 0.000013   0.001703
      298 0.000013  -0.001695
      694 0.000013   0.001690
      927 0.000013  -0.001681
      644 0.000013  -0.001671
      755 0.000013  -0.001667
      170 0.000013   0.001646
     1047 0.000013   0.001645
      375 0.000013  -0.001641
      242 0.000012   0.001622
      192 0.000012   0.001610
      376 0.000012  -0.001590
      534 0.000012  -0.001589
      387 0.000012  -0.001587
       52 0.000012  -0.001587
      648 0.000012  -0.001561
      565 0.000012   0.001560
      634 0.000012  -0.001559
      964 0.000012   0.001556
       43 0.000012   0.001546
      934 0.000012  -0.001527
      551 0.000012   0.001526
      200 0.000012  -0.001505
       57 0.000011   0.001495
      619 0.000011   0.001493
      779 0.000011   0.001479
      352 0.000011  -0.001466
      180 0.000011  -0.001465
      669 0.000011   0.001457
      473 0.000011  -0.001444
      296 0.000011  -0.001439
      314 0.000011   0.001437
      399 0.000011  -0.001427
      185 0.000011   0.001421
      462 0.000011   0.001419
      550 0.000011   0.001405
      156 0.000011   0.001404
      461 0.000011   0.001377
      178 0.000011   0.001377
      794 0.000010   0.001370
      197 0.000010   0.001367
      935 0.000010  -0.001351
       88 0.000010   0.001345
      487 0.000010  -0.001343
      921 0.000010  -0.001342
      128 0.000010  -0.001340
      440 0.000010  -0.001337
      327 0.000010  -0.001336
      160 0.000010  -0.001335
       97 0.000010   0.001333
      554 0.000010   0.001312
euclid. distance of OLC and linear combination of EV * x_coef: 0.011936206822779192

Generate samples based on objective loadcase 655
nr_to_generate: 25

Parameter variation distribution settings
distribution: uniform
low: 0.7
high: 1.3

Total process runtime: 0:00:01.293908
