Date and Time:2023-05-12 14:13:22.185338

Initial Settings:
similarity_model: <function cosine_similarity at 0x000001D005A6E5E0>
similarity_threshold: 1e-05
nr_eigv_to_select: None
distribution: uniform
deviation: 0.3
nr_to_generate: 25
recompute: False

Selected eigenvectors and similarity score w.r.t objective loadcase:
objective_loadcase_nr: 341
similarity_model: cosine_similarity
similarity_threshold: 1e-05
nr_eigv_to_select: None
nr_eigv_selected: 640
approximation parameter model: lstsq
similarity score and approx. param. value
:  eigv_idx    score      value
        1 0.554729  50.153382
        3 0.541001  48.912217
        2 0.487902 -44.111509
        0 0.397967  35.980435
        6 0.051792   4.682543
       39 0.017510   1.583095
        4 0.010235   0.925338
      639 0.003420   0.309216
      186 0.002569  -0.232274
      593 0.001947  -0.176048
      612 0.001939  -0.175347
      586 0.001738   0.157138
      187 0.001728  -0.156192
       68 0.001645  -0.148714
      716 0.001643   0.148526
      710 0.001635  -0.147797
      218 0.001497  -0.135379
      618 0.001472   0.133095
      668 0.001343   0.121429
      663 0.001307  -0.118123
      194 0.001143   0.103295
      143 0.001119   0.101151
      595 0.001069   0.096689
      659 0.001002  -0.090605
      686 0.000976  -0.088279
      617 0.000868   0.078471
      688 0.000849  -0.076772
      388 0.000838  -0.075732
      626 0.000804   0.072669
      183 0.000788   0.071208
      749 0.000786  -0.071066
      599 0.000784   0.070846
      582 0.000727  -0.065716
      635 0.000723   0.065410
      562 0.000709  -0.064115
      700 0.000694   0.062748
      579 0.000691   0.062505
      182 0.000689  -0.062301
      670 0.000660   0.059712
      683 0.000617   0.055774
      621 0.000587  -0.053073
      578 0.000587   0.053052
      666 0.000581  -0.052560
      698 0.000570  -0.051541
      733 0.000566   0.051197
      174 0.000534   0.048265
      341 0.000532   0.048076
      153 0.000529   0.047872
      602 0.000527  -0.047642
      708 0.000524   0.047374
      184 0.000518  -0.046828
      735 0.000489  -0.044212
      253 0.000485  -0.043856
      718 0.000471  -0.042552
      228 0.000457  -0.041318
      606 0.000451  -0.040734
      704 0.000432  -0.039099
      567 0.000419  -0.037889
      709 0.000416  -0.037622
      575 0.000411   0.037121
      641 0.000398  -0.035985
      620 0.000390  -0.035279
      699 0.000386  -0.034933
      210 0.000375  -0.033914
      577 0.000373  -0.033681
      362 0.000360  -0.032571
      137 0.000345  -0.031164
      243 0.000341   0.030848
      756 0.000337  -0.030493
      757 0.000336  -0.030358
      220 0.000336  -0.030343
      583 0.000328  -0.029689
      631 0.000307  -0.027726
       69 0.000304   0.027464
      267 0.000300  -0.027157
      707 0.000299  -0.027046
      419 0.000292  -0.026442
      848 0.000292  -0.026419
      412 0.000287  -0.025939
       71 0.000282   0.025462
      741 0.000280   0.025351
      601 0.000280   0.025324
      807 0.000278   0.025145
      179 0.000278   0.025112
       70 0.000277   0.025055
      576 0.000276  -0.024988
      403 0.000263   0.023765
      587 0.000260   0.023464
      787 0.000259   0.023450
      628 0.000258   0.023294
      204 0.000257   0.023214
      258 0.000254  -0.022965
      853 0.000253  -0.022850
      254 0.000252   0.022826
      171 0.000252  -0.022740
      739 0.000248  -0.022420
      400 0.000240  -0.021682
      361 0.000238   0.021499
      580 0.000235  -0.021241
      696 0.000234  -0.021198
      604 0.000233  -0.021037
      271 0.000226   0.020405
      377 0.000225  -0.020338
      277 0.000222   0.020092
      815 0.000219  -0.019759
      658 0.000218   0.019675
      753 0.000217  -0.019614
      383 0.000212   0.019169
      132 0.000210   0.018994
      236 0.000210   0.018955
      255 0.000207  -0.018748
      573 0.000204   0.018455
      570 0.000201  -0.018176
      234 0.000197   0.017822
      566 0.000197   0.017814
      750 0.000196   0.017726
      665 0.000193  -0.017474
      175 0.000192  -0.017377
      564 0.000192  -0.017325
      199 0.000188  -0.017023
      941 0.000185  -0.016708
      355 0.000183   0.016575
      373 0.000182  -0.016481
      557 0.000179  -0.016168
      574 0.000177  -0.015961
      273 0.000176  -0.015871
      301 0.000171  -0.015454
      857 0.000170  -0.015355
      427 0.000170  -0.015344
      828 0.000166  -0.015005
      759 0.000166   0.014973
      820 0.000165  -0.014903
      726 0.000163  -0.014723
      800 0.000162  -0.014612
      549 0.000162  -0.014603
      687 0.000161   0.014585
      667 0.000160   0.014509
      247 0.000160   0.014481
      161 0.000159   0.014369
      398 0.000157  -0.014222
      367 0.000157   0.014185
      711 0.000156   0.014148
      605 0.000156  -0.014110
      790 0.000155   0.013993
      299 0.000153   0.013851
      241 0.000153   0.013833
      251 0.000152  -0.013750
      793 0.000151  -0.013650
      743 0.000146  -0.013181
      847 0.000146   0.013180
      818 0.000144  -0.013001
      380 0.000144   0.012984
      784 0.000142  -0.012806
      269 0.000141  -0.012738
      294 0.000141  -0.012720
      640 0.000137  -0.012351
      257 0.000136  -0.012316
      859 0.000130   0.011798
      217 0.000130  -0.011793
      798 0.000128   0.011565
      392 0.000125   0.011330
      227 0.000125   0.011309
      855 0.000125  -0.011300
      262 0.000124  -0.011228
      436 0.000123   0.011124
      690 0.000122   0.011073
      684 0.000122  -0.011047
      629 0.000120  -0.010840
      908 0.000120  -0.010814
      808 0.000119   0.010776
      353 0.000117  -0.010553
      723 0.000116  -0.010473
      974 0.000114   0.010308
      616 0.000114  -0.010300
      423 0.000114  -0.010287
      390 0.000113   0.010212
      431 0.000113  -0.010194
      553 0.000112  -0.010083
      795 0.000110   0.009966
      198 0.000108   0.009808
      364 0.000107  -0.009674
      762 0.000107   0.009665
      148 0.000107   0.009654
      281 0.000106   0.009605
      801 0.000106  -0.009598
      824 0.000106   0.009553
      230 0.000106  -0.009543
      584 0.000105  -0.009516
      600 0.000105  -0.009484
      882 0.000104   0.009446
      581 0.000104  -0.009442
      740 0.000103  -0.009341
      107 0.000103  -0.009328
      313 0.000103  -0.009285
      734 0.000103  -0.009284
      742 0.000101  -0.009148
      354 0.000098   0.008880
      840 0.000098  -0.008872
      829 0.000097   0.008781
      736 0.000097  -0.008739
      701 0.000097  -0.008735
      308 0.000095  -0.008616
      805 0.000095  -0.008566
      645 0.000094   0.008486
      569 0.000094   0.008471
      638 0.000092  -0.008328
      295 0.000092  -0.008324
      799 0.000092  -0.008318
      588 0.000092  -0.008316
      728 0.000092  -0.008302
      359 0.000091   0.008217
      844 0.000090  -0.008149
      552 0.000090  -0.008144
      697 0.000089   0.008089
      591 0.000087   0.007895
      292 0.000087  -0.007844
      386 0.000086   0.007815
      597 0.000086  -0.007795
     1095 0.000086  -0.007770
      268 0.000086  -0.007759
      803 0.000084   0.007594
      302 0.000084  -0.007560
      291 0.000083   0.007512
      610 0.000083  -0.007497
      235 0.000083  -0.007489
      611 0.000083  -0.007482
      832 0.000082   0.007405
       91 0.000082  -0.007393
      245 0.000081  -0.007318
      266 0.000081  -0.007315
      323 0.000080  -0.007271
      249 0.000080  -0.007203
      263 0.000079  -0.007185
      298 0.000079  -0.007121
      955 0.000078   0.007086
      773 0.000078   0.007040
       66 0.000078  -0.007038
      261 0.000077  -0.006976
       80 0.000077   0.006958
      312 0.000077  -0.006943
      770 0.000076   0.006864
      369 0.000076   0.006857
      428 0.000076   0.006837
      826 0.000075  -0.006809
      802 0.000075   0.006792
      223 0.000075   0.006751
      843 0.000074  -0.006695
      572 0.000074  -0.006687
      560 0.000074  -0.006685
       81 0.000074  -0.006661
       73 0.000073  -0.006566
      594 0.000072  -0.006547
      232 0.000072  -0.006537
      748 0.000072  -0.006506
      776 0.000072  -0.006504
      414 0.000072   0.006469
      744 0.000071  -0.006441
      407 0.000071  -0.006433
      632 0.000070   0.006370
      128 0.000070  -0.006366
      654 0.000069   0.006282
      209 0.000069  -0.006279
     1005 0.000069   0.006214
      222 0.000068  -0.006122
      789 0.000067   0.006075
      545 0.000066  -0.005989
      226 0.000066   0.005963
      146 0.000066  -0.005934
      913 0.000065  -0.005912
      879 0.000065  -0.005872
      922 0.000065  -0.005856
      937 0.000064  -0.005803
      863 0.000064  -0.005779
      778 0.000064  -0.005779
      782 0.000064  -0.005765
      978 0.000063   0.005717
      158 0.000063   0.005701
      891 0.000063  -0.005688
      425 0.000062   0.005629
      279 0.000062  -0.005563
      343 0.000061  -0.005547
      225 0.000061   0.005529
      275 0.000060  -0.005394
      289 0.000059   0.005333
      589 0.000059  -0.005331
      864 0.000058   0.005235
      763 0.000058  -0.005224
      357 0.000058  -0.005201
      329 0.000058  -0.005200
       59 0.000057   0.005196
      349 0.000057  -0.005159
      114 0.000056   0.005022
      765 0.000055   0.004982
      539 0.000055   0.004978
      870 0.000055  -0.004957
      239 0.000054   0.004894
      650 0.000054  -0.004866
      342 0.000053   0.004823
      130 0.000053  -0.004797
      337 0.000053  -0.004788
       93 0.000053  -0.004783
      397 0.000052  -0.004725
       88 0.000052  -0.004707
      382 0.000052  -0.004706
      722 0.000052  -0.004697
      286 0.000052   0.004693
      609 0.000052   0.004684
      561 0.000052   0.004666
      103 0.000051  -0.004644
      105 0.000051  -0.004642
      677 0.000051   0.004637
      895 0.000050   0.004525
      366 0.000050   0.004487
       74 0.000049  -0.004461
      374 0.000049   0.004426
      904 0.000049   0.004423
      874 0.000048  -0.004377
      528 0.000048   0.004344
       60 0.000048   0.004330
      821 0.000048  -0.004317
      145 0.000048   0.004297
      948 0.000047   0.004285
      139 0.000047  -0.004279
      159 0.000047   0.004263
      823 0.000047   0.004234
      332 0.000047  -0.004221
      542 0.000046   0.004165
      309 0.000046  -0.004149
      118 0.000045   0.004079
      568 0.000045   0.004069
      409 0.000045  -0.004066
      867 0.000044   0.004002
      649 0.000044  -0.003999
       64 0.000044  -0.003997
      831 0.000044   0.003982
      894 0.000044  -0.003935
      858 0.000043  -0.003929
      636 0.000043  -0.003926
      136 0.000043  -0.003906
      224 0.000043  -0.003891
      347 0.000043   0.003875
      274 0.000043   0.003865
      131 0.000042   0.003840
      880 0.000042   0.003833
      540 0.000042  -0.003815
      780 0.000042  -0.003766
       95 0.000042   0.003762
       57 0.000041   0.003750
      152 0.000041   0.003724
      221 0.000041  -0.003717
      160 0.000041  -0.003695
      108 0.000040  -0.003638
      535 0.000040   0.003635
      304 0.000040   0.003614
      727 0.000040  -0.003605
      216 0.000040   0.003604
      928 0.000040  -0.003597
      943 0.000040   0.003596
      613 0.000040   0.003594
      272 0.000040  -0.003575
      987 0.000039   0.003562
      322 0.000039  -0.003497
      950 0.000039  -0.003492
      348 0.000039   0.003484
      104 0.000038   0.003396
      860 0.000037  -0.003370
      448 0.000037   0.003360
      319 0.000037   0.003330
      356 0.000037  -0.003325
       78 0.000037  -0.003313
      283 0.000037   0.003309
      394 0.000036   0.003291
       90 0.000036   0.003268
      830 0.000035   0.003204
      965 0.000035  -0.003194
      646 0.000035   0.003182
      884 0.000035  -0.003181
       20 0.000035  -0.003181
      881 0.000035  -0.003158
      685 0.000035  -0.003150
      330 0.000035  -0.003122
      350 0.000034   0.003080
      518 0.000034   0.003070
      129 0.000034   0.003053
      331 0.000034  -0.003049
       67 0.000034  -0.003031
     1001 0.000034  -0.003030
      260 0.000033   0.003027
      942 0.000033   0.003024
       87 0.000033   0.002999
      491 0.000032   0.002931
      240 0.000032  -0.002926
       84 0.000032  -0.002900
      110 0.000032  -0.002895
      933 0.000032   0.002869
       18 0.000032  -0.002851
      993 0.000031   0.002845
      592 0.000031  -0.002837
      310 0.000031  -0.002833
      713 0.000031   0.002826
      585 0.000031  -0.002821
      376 0.000031  -0.002816
      627 0.000031   0.002809
      325 0.000031  -0.002803
     1025 0.000031   0.002782
      532 0.000031   0.002782
      351 0.000030   0.002755
      530 0.000030   0.002753
      938 0.000030   0.002740
       82 0.000030  -0.002735
      296 0.000030  -0.002680
      410 0.000030  -0.002672
       79 0.000030   0.002671
      488 0.000029   0.002631
      259 0.000029  -0.002625
       56 0.000029  -0.002616
       22 0.000029   0.002615
      112 0.000029  -0.002591
      284 0.000028   0.002567
      195 0.000028   0.002563
      558 0.000028   0.002548
     1032 0.000028   0.002548
      191 0.000028   0.002542
      445 0.000028  -0.002538
      712 0.000028  -0.002525
      169 0.000028  -0.002518
      814 0.000028   0.002512
      838 0.000028   0.002512
      181 0.000028  -0.002505
      724 0.000028  -0.002493
      475 0.000028  -0.002490
       99 0.000027   0.002486
      200 0.000027   0.002471
      282 0.000027  -0.002427
      360 0.000027   0.002409
      336 0.000026   0.002387
      424 0.000026  -0.002385
      524 0.000026  -0.002384
      900 0.000026  -0.002373
      147 0.000026  -0.002363
      792 0.000026   0.002361
      334 0.000026   0.002347
       98 0.000026  -0.002343
      192 0.000026  -0.002340
      432 0.000026   0.002339
      155 0.000026  -0.002320
      120 0.000026   0.002315
      248 0.000026   0.002314
      379 0.000025  -0.002296
      142 0.000025  -0.002276
      178 0.000025   0.002258
      100 0.000025  -0.002253
       58 0.000025   0.002251
      233 0.000025  -0.002237
     1017 0.000025   0.002233
      385 0.000025   0.002233
       94 0.000025   0.002232
      197 0.000025  -0.002228
      196 0.000025   0.002225
      237 0.000024   0.002201
      406 0.000024  -0.002171
      125 0.000024  -0.002168
      608 0.000024  -0.002159
      413 0.000024   0.002157
      242 0.000024  -0.002156
      596 0.000024   0.002155
      162 0.000024   0.002132
      215 0.000023   0.002118
      238 0.000023  -0.002112
      320 0.000023   0.002105
       65 0.000023   0.002102
      113 0.000023   0.002095
      694 0.000023   0.002060
      297 0.000023  -0.002048
      231 0.000023  -0.002039
      185 0.000022   0.002021
      842 0.000022  -0.002012
      680 0.000022   0.002010
      102 0.000022   0.002000
      157 0.000022   0.001975
      151 0.000022   0.001975
      917 0.000022   0.001972
      229 0.000022  -0.001971
      193 0.000022  -0.001956
     1034 0.000022  -0.001948
      115 0.000021   0.001923
      779 0.000021   0.001920
      502 0.000021   0.001917
      278 0.000021   0.001900
      555 0.000021   0.001883
      358 0.000021   0.001870
      519 0.000021   0.001870
      401 0.000020  -0.001838
      714 0.000020  -0.001817
      106 0.000020   0.001808
      888 0.000020   0.001797
      964 0.000020   0.001782
      285 0.000020   0.001781
      138 0.000020   0.001777
      526 0.000020   0.001765
      177 0.000019  -0.001753
       23 0.000019  -0.001740
      455 0.000019  -0.001736
      307 0.000019  -0.001729
      333 0.000019  -0.001712
      489 0.000019   0.001708
      505 0.000019   0.001696
       76 0.000019  -0.001688
      536 0.000019  -0.001685
      949 0.000019   0.001682
      791 0.000018   0.001666
      642 0.000018  -0.001661
       21 0.000018  -0.001654
       31 0.000018  -0.001653
       48 0.000018   0.001633
      365 0.000018  -0.001626
      966 0.000018   0.001616
      363 0.000018  -0.001596
      479 0.000018   0.001584
      512 0.000017  -0.001581
      669 0.000017   0.001565
      514 0.000017   0.001563
     1052 0.000017   0.001559
       43 0.000017  -0.001557
      463 0.000017  -0.001555
       85 0.000017  -0.001555
      384 0.000017  -0.001553
      327 0.000017   0.001552
      214 0.000017  -0.001551
      164 0.000017   0.001540
       50 0.000017  -0.001538
      691 0.000017   0.001531
      345 0.000017   0.001517
      123 0.000017  -0.001515
      437 0.000017   0.001513
      458 0.000017   0.001499
       55 0.000016   0.001488
      314 0.000016   0.001487
      988 0.000016  -0.001475
       13 0.000016   0.001456
      434 0.000016   0.001454
      856 0.000016   0.001453
      883 0.000016   0.001447
      839 0.000016  -0.001427
      662 0.000016  -0.001418
      109 0.000016  -0.001413
      265 0.000016   0.001413
       46 0.000016   0.001412
      172 0.000016  -0.001409
      695 0.000016   0.001408
      538 0.000015   0.001399
      565 0.000015   0.001394
       89 0.000015   0.001371
      737 0.000015  -0.001371
       25 0.000015  -0.001364
       14 0.000015  -0.001362
      664 0.000015  -0.001358
       47 0.000015  -0.001353
      887 0.000015   0.001349
      190 0.000015   0.001342
      971 0.000015  -0.001336
       45 0.000015   0.001333
       29 0.000015   0.001329
      375 0.000015  -0.001328
      124 0.000015   0.001324
      656 0.000015  -0.001323
       33 0.000015   0.001319
      176 0.000015   0.001319
      326 0.000014   0.001301
      372 0.000014   0.001295
      405 0.000014  -0.001292
      927 0.000014  -0.001289
      775 0.000014   0.001287
      637 0.000014   0.001282
      675 0.000014   0.001273
        7 0.000014   0.001260
        8 0.000014  -0.001249
      344 0.000014  -0.001240
      450 0.000014  -0.001239
      598 0.000014   0.001233
      554 0.000014  -0.001223
      868 0.000013  -0.001219
      603 0.000013  -0.001212
      705 0.000013   0.001202
      141 0.000013   0.001197
      167 0.000013   0.001190
      794 0.000013   0.001187
       86 0.000013   0.001182
      483 0.000013  -0.001177
      935 0.000013  -0.001158
       41 0.000013   0.001158
      252 0.000013  -0.001150
      335 0.000013  -0.001149
       16 0.000013  -0.001147
      899 0.000013   0.001142
      934 0.000013  -0.001142
       24 0.000013   0.001135
      270 0.000012   0.001126
      201 0.000012  -0.001125
       40 0.000012  -0.001123
      811 0.000012   0.001120
      903 0.000012  -0.001115
      420 0.000012   0.001103
      816 0.000012   0.001099
        5 0.000012  -0.001097
      769 0.000012  -0.001088
      140 0.000012   0.001082
      462 0.000012   0.001079
       97 0.000012   0.001079
      876 0.000012  -0.001076
      135 0.000012  -0.001075
       49 0.000012   0.001073
     1047 0.000012   0.001072
      810 0.000012   0.001061
      321 0.000012  -0.001060
      548 0.000012  -0.001060
      729 0.000012  -0.001054
      875 0.000012  -0.001050
      921 0.000012  -0.001040
      534 0.000011  -0.001028
       75 0.000011  -0.001026
      619 0.000011   0.001024
      907 0.000011   0.001012
      625 0.000011  -0.001011
      318 0.000011  -0.001003
     1010 0.000011   0.001001
      634 0.000011  -0.000995
      732 0.000011   0.000995
      117 0.000011   0.000988
      644 0.000011  -0.000978
      317 0.000011  -0.000975
      473 0.000010  -0.000944
      936 0.000010  -0.000940
      563 0.000010  -0.000936
       72 0.000010   0.000925
      404 0.000010  -0.000924
      276 0.000010   0.000924
      168 0.000010   0.000917
      510 0.000010  -0.000912
      550 0.000010  -0.000910
euclid. distance of OLC and linear combination of EV * x_coef: 0.00799966155079892

Generate samples based on objective loadcase 341
nr_to_generate: 25

Parameter variation distribution settings
distribution: uniform
low: 0.7
high: 1.3

Total process runtime: 0:00:01.353116
