Date and Time:2023-05-12 14:26:34.157754

Initial Settings:
similarity_model: <function cosine_similarity at 0x000001D005A6E5E0>
similarity_threshold: 1e-05
nr_eigv_to_select: None
distribution: uniform
deviation: 0.3
nr_to_generate: 25
recompute: False

Selected eigenvectors and similarity score w.r.t objective loadcase:
objective_loadcase_nr: 934
similarity_model: cosine_similarity
similarity_threshold: 1e-05
nr_eigv_to_select: None
nr_eigv_selected: 518
approximation parameter model: lstsq
similarity score and approx. param. value
:  eigv_idx    score      value
        3 0.561341  47.010689
        1 0.534418  44.756035
        2 0.505578 -42.340770
        0 0.375651  31.459681
        6 0.041783   3.499230
       39 0.024870   2.082780
        4 0.011511   0.964033
      639 0.003555   0.297693
      186 0.002293  -0.191998
      218 0.002184  -0.182877
      593 0.002116  -0.177221
      612 0.002039  -0.170760
      586 0.001962   0.164334
      710 0.001619  -0.135622
      187 0.001513  -0.126704
      716 0.001490   0.124809
      595 0.001278   0.107008
      663 0.001230  -0.103036
      618 0.001198   0.100297
      668 0.001170   0.097956
      626 0.001037   0.086848
      194 0.001035   0.086687
      686 0.000961  -0.080511
      388 0.000925  -0.077483
      659 0.000873  -0.073072
      617 0.000837   0.070105
      688 0.000811  -0.067950
       69 0.000810   0.067795
       71 0.000804   0.067293
      599 0.000784   0.065632
      183 0.000755   0.063197
      562 0.000746  -0.062460
      582 0.000742  -0.062179
      143 0.000730   0.061113
      635 0.000728   0.060999
      670 0.000721   0.060374
      621 0.000720  -0.060282
      749 0.000708  -0.059300
      578 0.000681   0.057029
      704 0.000627  -0.052478
      733 0.000605   0.050641
      341 0.000599   0.050172
      579 0.000567   0.047446
      718 0.000567  -0.047446
      698 0.000558  -0.046766
      253 0.000547  -0.045827
      606 0.000539  -0.045108
      567 0.000538  -0.045052
      602 0.000534  -0.044751
      577 0.000526  -0.044032
      700 0.000516   0.043231
      708 0.000510   0.042706
      666 0.000497  -0.041593
      153 0.000480   0.040229
      683 0.000480   0.040203
      174 0.000470   0.039320
      267 0.000452  -0.037861
      735 0.000438  -0.036693
      220 0.000433  -0.036273
      620 0.000419  -0.035071
      709 0.000418  -0.034986
      210 0.000417  -0.034917
      575 0.000414   0.034703
      641 0.000411  -0.034455
      696 0.000408  -0.034198
      601 0.000388   0.032527
      699 0.000385  -0.032226
       68 0.000380  -0.031820
      707 0.000371  -0.031067
      583 0.000370  -0.030971
      182 0.000366  -0.030689
      258 0.000361  -0.030238
      848 0.000361  -0.030193
      230 0.000356  -0.029842
      184 0.000356  -0.029829
      412 0.000345  -0.028888
      807 0.000342   0.028678
      753 0.000341  -0.028570
      204 0.000338   0.028304
      419 0.000326  -0.027329
      383 0.000314   0.026259
      403 0.000304   0.025501
      362 0.000302  -0.025314
      756 0.000301  -0.025234
      587 0.000294   0.024622
      227 0.000291   0.024402
      631 0.000289  -0.024213
      570 0.000286  -0.023913
      793 0.000284  -0.023753
      273 0.000277  -0.023213
      269 0.000272  -0.022749
      757 0.000267  -0.022345
      199 0.000258  -0.021618
      243 0.000253   0.021188
      853 0.000244  -0.020473
      239 0.000228   0.019121
      299 0.000226   0.018944
      377 0.000225  -0.018831
      741 0.000221   0.018507
      206 0.000216   0.018108
      564 0.000215  -0.018038
      576 0.000214  -0.017916
      604 0.000213  -0.017809
      235 0.000212  -0.017750
      739 0.000210  -0.017588
      580 0.000207  -0.017319
      549 0.000204  -0.017108
      726 0.000203  -0.017042
      263 0.000199  -0.016693
      301 0.000199  -0.016644
      369 0.000198   0.016601
      427 0.000198  -0.016550
      800 0.000196  -0.016376
      400 0.000193  -0.016154
      658 0.000192   0.016120
      175 0.000187  -0.015701
      828 0.000184  -0.015417
      784 0.000180  -0.015085
      941 0.000180  -0.015060
      223 0.000179   0.015026
      750 0.000179   0.014995
      665 0.000179  -0.014976
      585 0.000178  -0.014904
      247 0.000177   0.014854
      743 0.000175  -0.014675
      356 0.000173  -0.014519
      820 0.000172  -0.014432
      628 0.000172   0.014420
      855 0.000171  -0.014291
      361 0.000170   0.014232
      818 0.000169  -0.014146
      667 0.000168   0.014085
      574 0.000168  -0.014030
      228 0.000166  -0.013943
      392 0.000166   0.013918
      179 0.000165   0.013855
      255 0.000162  -0.013560
      795 0.000162   0.013546
      553 0.000158  -0.013273
      312 0.000158  -0.013265
      787 0.000158   0.013258
      711 0.000157   0.013185
      815 0.000157  -0.013159
      373 0.000156  -0.013079
      591 0.000154   0.012929
      857 0.000152  -0.012750
      605 0.000151  -0.012679
      742 0.000148  -0.012408
      687 0.000148   0.012368
      573 0.000147   0.012340
      171 0.000147  -0.012314
      557 0.000145  -0.012138
      217 0.000145  -0.012133
      132 0.000144   0.012035
      398 0.000140  -0.011747
      277 0.000140   0.011711
      137 0.000138  -0.011568
      824 0.000138   0.011553
      295 0.000138  -0.011539
      778 0.000137  -0.011475
      337 0.000136  -0.011368
      380 0.000136   0.011358
      808 0.000135   0.011304
      275 0.000131  -0.010938
      354 0.000130   0.010912
      332 0.000130  -0.010852
      763 0.000127   0.010672
      431 0.000127  -0.010653
      423 0.000127  -0.010646
      697 0.000124   0.010396
      616 0.000124  -0.010383
      790 0.000122   0.010241
      908 0.000122  -0.010224
      736 0.000121  -0.010137
      353 0.000118  -0.009846
      638 0.000116  -0.009733
      257 0.000115  -0.009604
      859 0.000114   0.009580
      600 0.000114  -0.009578
      271 0.000114   0.009549
      690 0.000113   0.009476
      645 0.000113   0.009428
      829 0.000112   0.009385
      298 0.000112  -0.009360
      974 0.000111   0.009336
      799 0.000111  -0.009280
      294 0.000110  -0.009209
      629 0.000108  -0.009058
      561 0.000108   0.009050
      566 0.000108   0.009031
      569 0.000106   0.008871
      840 0.000104  -0.008711
      847 0.000103   0.008636
      251 0.000102  -0.008583
      279 0.000102  -0.008555
      436 0.000102   0.008553
      201 0.000102  -0.008547
      290 0.000102   0.008530
      775 0.000099   0.008250
       88 0.000097  -0.008146
      596 0.000096  -0.008000
      882 0.000094   0.007868
      581 0.000094  -0.007855
      844 0.000094  -0.007841
      611 0.000093  -0.007821
      268 0.000093  -0.007749
      266 0.000093  -0.007747
       93 0.000092  -0.007699
      594 0.000090  -0.007562
      584 0.000090  -0.007504
      241 0.000088   0.007401
      614 0.000088   0.007385
      684 0.000087  -0.007308
      728 0.000087  -0.007289
      744 0.000086  -0.007210
      734 0.000086  -0.007184
      329 0.000085  -0.007106
      355 0.000085   0.007089
      937 0.000085  -0.007077
      782 0.000084  -0.007069
      281 0.000084   0.007029
       70 0.000083   0.006977
     1095 0.000082  -0.006876
      632 0.000081   0.006806
      234 0.000081   0.006768
      770 0.000080   0.006701
      289 0.000079   0.006640
      722 0.000079  -0.006638
      723 0.000079  -0.006616
      948 0.000078   0.006525
      261 0.000077  -0.006480
      572 0.000077  -0.006408
      978 0.000076   0.006405
      759 0.000075  -0.006307
      560 0.000075  -0.006290
      319 0.000073   0.006151
      325 0.000073  -0.006139
      627 0.000073   0.006104
      302 0.000073  -0.006098
      343 0.000072  -0.006063
      254 0.000072   0.006021
     1005 0.000071   0.005963
      321 0.000071  -0.005934
      161 0.000071   0.005925
      107 0.000071  -0.005925
      748 0.000070  -0.005840
      364 0.000069   0.005820
      843 0.000069  -0.005741
      292 0.000069  -0.005737
      913 0.000068  -0.005730
      291 0.000068   0.005710
      308 0.000067  -0.005627
      694 0.000067   0.005608
      769 0.000067   0.005607
      654 0.000067   0.005590
      198 0.000066  -0.005563
      860 0.000066  -0.005526
      955 0.000066   0.005503
      425 0.000065   0.005463
      367 0.000065   0.005436
      792 0.000065   0.005435
      262 0.000064  -0.005391
      104 0.000064   0.005359
      138 0.000063  -0.005315
      864 0.000063   0.005265
      226 0.000062  -0.005211
      545 0.000062  -0.005192
      428 0.000061   0.005130
      773 0.000061   0.005111
      590 0.000061  -0.005089
      895 0.000061   0.005076
      225 0.000060  -0.005058
      922 0.000060  -0.005040
      539 0.000060   0.005016
      394 0.000060   0.005000
      831 0.000059   0.004942
      832 0.000059   0.004934
      374 0.000059   0.004920
      826 0.000058  -0.004836
      650 0.000057  -0.004805
      879 0.000057  -0.004758
      414 0.000057   0.004736
      315 0.000056   0.004680
      701 0.000056  -0.004676
      283 0.000056   0.004673
      821 0.000054  -0.004508
      236 0.000053   0.004462
      386 0.000053   0.004425
      528 0.000053   0.004416
      359 0.000052  -0.004362
      765 0.000052   0.004349
      322 0.000051  -0.004276
      943 0.000051   0.004275
      240 0.000051   0.004243
      640 0.000050  -0.004157
      323 0.000049  -0.004130
      823 0.000049   0.004110
      776 0.000048  -0.004033
      535 0.000047   0.003922
      285 0.000046   0.003883
      286 0.000046   0.003860
      237 0.000046  -0.003857
      244 0.000044  -0.003716
      891 0.000044  -0.003664
      148 0.000043   0.003582
      342 0.000042   0.003500
      881 0.000042  -0.003485
      589 0.000041  -0.003467
      313 0.000041  -0.003466
      552 0.000041  -0.003413
      608 0.000040  -0.003371
      169 0.000040  -0.003363
      870 0.000040  -0.003354
      740 0.000040  -0.003321
      131 0.000040   0.003313
      542 0.000038   0.003162
      357 0.000038   0.003144
      880 0.000037   0.003092
      518 0.000037   0.003075
      252 0.000036   0.003050
      852 0.000036   0.003011
      491 0.000036   0.003002
      803 0.000036   0.002996
      407 0.000036  -0.002983
      540 0.000035  -0.002955
      597 0.000035  -0.002944
      928 0.000035  -0.002932
      232 0.000035  -0.002925
      390 0.000035   0.002917
      588 0.000034   0.002869
      987 0.000034   0.002857
      360 0.000034  -0.002832
      884 0.000034  -0.002823
      842 0.000034  -0.002816
      532 0.000034   0.002809
      789 0.000033   0.002801
      646 0.000033   0.002789
      284 0.000033   0.002787
      933 0.000033   0.002756
      798 0.000033   0.002731
      409 0.000033  -0.002724
      413 0.000033  -0.002723
      649 0.000033  -0.002723
      448 0.000032   0.002673
      445 0.000032  -0.002662
      488 0.000032   0.002652
      222 0.000031  -0.002632
      209 0.000031  -0.002616
     1001 0.000031  -0.002593
      894 0.000031  -0.002592
      609 0.000031  -0.002579
      310 0.000030  -0.002549
      410 0.000030  -0.002538
      874 0.000030  -0.002478
      636 0.000030  -0.002472
      863 0.000029  -0.002440
     1032 0.000029   0.002427
      801 0.000029  -0.002423
      942 0.000029   0.002408
      802 0.000029   0.002402
      475 0.000029  -0.002391
      568 0.000029  -0.002390
      524 0.000028  -0.002358
      835 0.000028  -0.002345
      950 0.000028  -0.002327
       91 0.000027  -0.002264
      334 0.000027  -0.002254
      938 0.000027   0.002250
      424 0.000027  -0.002244
      346 0.000027   0.002233
      297 0.000026  -0.002213
      904 0.000026   0.002211
      530 0.000026   0.002196
      935 0.000026  -0.002177
      320 0.000026  -0.002176
      250 0.000026  -0.002166
      794 0.000026   0.002166
       98 0.000025  -0.002134
     1025 0.000025   0.002133
     1034 0.000025  -0.002120
      350 0.000025  -0.002092
      830 0.000024   0.002042
      526 0.000024   0.002003
     1073 0.000024  -0.001987
      296 0.000023   0.001929
      993 0.000023   0.001913
      965 0.000023  -0.001906
      677 0.000023   0.001900
      406 0.000023   0.001885
      397 0.000023  -0.001885
       95 0.000022  -0.001864
      625 0.000022   0.001836
      780 0.000022   0.001819
      856 0.000022   0.001804
     1017 0.000022   0.001802
      727 0.000021  -0.001783
      324 0.000021  -0.001752
      685 0.000021  -0.001730
      804 0.000021  -0.001730
      680 0.000021   0.001729
      867 0.000020   0.001697
      479 0.000020   0.001688
      858 0.000020  -0.001656
     1010 0.000019   0.001631
      514 0.000019   0.001625
      755 0.000019  -0.001604
      921 0.000019  -0.001587
      455 0.000019  -0.001585
      502 0.000019   0.001573
      714 0.000019  -0.001566
      437 0.000019   0.001565
      519 0.000019   0.001563
      907 0.000019   0.001562
      811 0.000019   0.001562
      536 0.000018  -0.001542
      809 0.000018   0.001536
      971 0.000018  -0.001522
      463 0.000018  -0.001507
      917 0.000018   0.001490
      900 0.000018  -0.001490
      249 0.000018  -0.001478
      949 0.000018   0.001478
      432 0.000018   0.001476
      264 0.000017  -0.001448
      849 0.000017  -0.001445
      103 0.000017   0.001440
      702 0.000017  -0.001437
      875 0.000017   0.001421
      242 0.000017   0.001418
      957 0.000017   0.001417
      512 0.000017  -0.001411
       89 0.000017  -0.001405
      876 0.000017   0.001397
       81 0.000017   0.001390
      229 0.000017   0.001387
      489 0.000016   0.001381
      317 0.000016   0.001379
      762 0.000016  -0.001379
      287 0.000016   0.001369
       80 0.000016  -0.001364
      927 0.000016  -0.001360
       74 0.000016   0.001338
      833 0.000016  -0.001332
      662 0.000016  -0.001317
      363 0.000016   0.001314
      779 0.000016  -0.001309
     1052 0.000016   0.001308
      505 0.000016   0.001307
      402 0.000016   0.001299
      841 0.000015   0.001294
      681 0.000015  -0.001289
      112 0.000015   0.001287
      598 0.000015   0.001286
      988 0.000015  -0.001283
      331 0.000015  -0.001261
      382 0.000015   0.001259
      458 0.000015   0.001254
      814 0.000015   0.001244
      732 0.000015   0.001243
      259 0.000015  -0.001234
      838 0.000015  -0.001226
      613 0.000015  -0.001225
      123 0.000014  -0.001214
      934 0.000014  -0.001212
      351 0.000014  -0.001193
      450 0.000014  -0.001186
      642 0.000014  -0.001169
      314 0.000014   0.001158
      288 0.000014  -0.001145
      810 0.000013   0.001126
      101 0.000013   0.001124
      231 0.000013   0.001117
      128 0.000013  -0.001107
      164 0.000013  -0.001098
      155 0.000013   0.001089
      347 0.000013  -0.001087
      610 0.000013   0.001086
      150 0.000013  -0.001067
      318 0.000013  -0.001066
      656 0.000013  -0.001055
      180 0.000013   0.001049
      816 0.000012   0.001035
       73 0.000012   0.001029
      964 0.000012   0.001016
      309 0.000012  -0.001010
      478 0.000012   0.001009
      278 0.000012   0.000993
      366 0.000012   0.000991
      713 0.000012   0.000991
      977 0.000012   0.000986
      916 0.000012  -0.000969
      185 0.000012  -0.000964
      368 0.000011  -0.000960
      746 0.000011  -0.000941
      365 0.000011   0.000935
      483 0.000011  -0.000927
      462 0.000011   0.000922
      983 0.000011   0.000921
      538 0.000011   0.000921
      130 0.000011  -0.000905
      426 0.000011   0.000904
       75 0.000011   0.000903
       45 0.000011  -0.000901
       92 0.000011   0.000900
      304 0.000011   0.000899
     1096 0.000011   0.000893
       94 0.000011  -0.000885
     1061 0.000011  -0.000883
      487 0.000010  -0.000874
       43 0.000010   0.000872
      248 0.000010  -0.000851
      418 0.000010  -0.000850
      705 0.000010  -0.000848
      307 0.000010  -0.000847
      473 0.000010  -0.000844
      839 0.000010  -0.000842
      293 0.000010  -0.000839
     1047 0.000010   0.000838
euclid. distance of OLC and linear combination of EV * x_coef: 0.007911704543616099

Generate samples based on objective loadcase 934
nr_to_generate: 25

Parameter variation distribution settings
distribution: uniform
low: 0.7
high: 1.3

Total process runtime: 0:00:01.311333
