Date and Time:2023-05-12 14:21:35.586876

Initial Settings:
similarity_model: <function cosine_similarity at 0x000001D005A6E5E0>
similarity_threshold: 1e-05
nr_eigv_to_select: None
distribution: uniform
deviation: 0.3
nr_to_generate: 25
recompute: False

Selected eigenvectors and similarity score w.r.t objective loadcase:
objective_loadcase_nr: 712
similarity_model: cosine_similarity
similarity_threshold: 1e-05
nr_eigv_to_select: None
nr_eigv_selected: 502
approximation parameter model: lstsq
similarity score and approx. param. value
:  eigv_idx    score      value
        3 0.572080  43.117235
        1 0.526115  39.652864
        2 0.509385 -38.391951
        0 0.366432  27.617702
        6 0.035414   2.669148
       39 0.026704   2.012633
        4 0.012022   0.906065
      639 0.003449   0.259979
      218 0.002400  -0.180913
      186 0.002166  -0.163220
      593 0.002103  -0.158465
      612 0.001981  -0.149325
      586 0.001957   0.147482
      710 0.001625  -0.122468
      187 0.001413  -0.106477
      716 0.001368   0.103134
      595 0.001271   0.095802
      663 0.001155  -0.087028
      618 0.001128   0.085047
      668 0.001098   0.082773
      626 0.001066   0.080374
      194 0.000963   0.072553
      686 0.000941  -0.070960
      388 0.000910  -0.068556
      659 0.000811  -0.061095
      688 0.000797  -0.060081
      599 0.000779   0.058699
      617 0.000772   0.058154
      749 0.000755  -0.056934
      562 0.000732  -0.055162
      582 0.000730  -0.055013
      621 0.000721  -0.054344
      635 0.000720   0.054299
      670 0.000703   0.052949
       69 0.000698   0.052585
       71 0.000651   0.049077
      183 0.000649   0.048915
      143 0.000649   0.048901
      704 0.000643  -0.048452
      578 0.000628   0.047350
      341 0.000603   0.045470
      733 0.000587   0.044215
      718 0.000575  -0.043327
       68 0.000566  -0.042634
      567 0.000556  -0.041931
      606 0.000550  -0.041480
      602 0.000537  -0.040499
      577 0.000533  -0.040166
      253 0.000532  -0.040124
      579 0.000531   0.040025
      698 0.000519  -0.039097
      708 0.000497   0.037428
      267 0.000484  -0.036503
      153 0.000482   0.036356
      735 0.000457  -0.034435
      666 0.000451  -0.033968
      575 0.000448   0.033791
      174 0.000443   0.033374
      696 0.000437  -0.032910
      700 0.000431   0.032510
      620 0.000428  -0.032242
      683 0.000417   0.031412
      220 0.000415  -0.031281
      709 0.000412  -0.031090
      258 0.000411  -0.030961
      707 0.000392  -0.029564
      641 0.000386  -0.029128
      230 0.000386  -0.029108
      601 0.000381   0.028737
      210 0.000374  -0.028217
      753 0.000374  -0.028205
      699 0.000357  -0.026910
      848 0.000353  -0.026604
      227 0.000349   0.026269
      583 0.000347  -0.026164
      412 0.000342  -0.025812
      807 0.000326   0.024567
      419 0.000319  -0.024053
      273 0.000311  -0.023433
      756 0.000310  -0.023352
      631 0.000308  -0.023208
      403 0.000307   0.023123
      793 0.000304  -0.022945
      587 0.000299   0.022553
      383 0.000291   0.021956
      362 0.000291  -0.021923
      235 0.000289  -0.021791
      182 0.000287  -0.021601
      269 0.000282  -0.021255
      853 0.000264  -0.019887
      757 0.000259  -0.019495
      239 0.000257   0.019333
      570 0.000255  -0.019243
      263 0.000248  -0.018662
      299 0.000238   0.017914
      204 0.000230   0.017357
      361 0.000229   0.017247
      726 0.000228  -0.017166
      243 0.000225   0.016929
      741 0.000222   0.016699
      377 0.000219  -0.016518
      739 0.000217  -0.016339
      184 0.000216  -0.016260
      763 0.000209   0.015724
      580 0.000204  -0.015375
      301 0.000199  -0.015010
      604 0.000198  -0.014912
      199 0.000198  -0.014891
      750 0.000195   0.014704
      855 0.000195  -0.014661
      427 0.000193  -0.014544
      206 0.000193   0.014538
      800 0.000191  -0.014379
      564 0.000190  -0.014319
      743 0.000188  -0.014189
      576 0.000186  -0.014036
      658 0.000185   0.013963
      759 0.000185  -0.013946
      818 0.000185  -0.013927
      549 0.000183  -0.013823
      247 0.000182   0.013738
      400 0.000182  -0.013731
      373 0.000181  -0.013643
      175 0.000176  -0.013255
      312 0.000175  -0.013177
      574 0.000172  -0.012971
      784 0.000172  -0.012932
      828 0.000170  -0.012808
      742 0.000169  -0.012755
      795 0.000169   0.012752
      223 0.000169   0.012716
      857 0.000169  -0.012703
      392 0.000168   0.012667
      591 0.000168   0.012629
      820 0.000167  -0.012583
      941 0.000163  -0.012259
      553 0.000163  -0.012250
      711 0.000162   0.012237
      824 0.000162   0.012229
      787 0.000159   0.012015
      369 0.000158   0.011916
      628 0.000153   0.011551
      275 0.000152  -0.011484
      667 0.000152   0.011480
      616 0.000152  -0.011447
      778 0.000150  -0.011339
      665 0.000149  -0.011205
      132 0.000147   0.011048
      290 0.000144   0.010848
      605 0.000142  -0.010682
      332 0.000141  -0.010601
      217 0.000140  -0.010564
      585 0.000140  -0.010525
      808 0.000140   0.010523
      337 0.000138  -0.010408
      736 0.000138  -0.010380
      557 0.000135  -0.010173
      829 0.000135   0.010149
      179 0.000132   0.009927
      775 0.000130   0.009818
      257 0.000130  -0.009794
      859 0.000129   0.009702
      137 0.000129  -0.009689
      228 0.000128  -0.009642
      815 0.000128  -0.009620
      398 0.000127  -0.009554
      355 0.000127   0.009538
      790 0.000126   0.009462
      423 0.000124  -0.009341
      687 0.000123   0.009305
      431 0.000123  -0.009260
       70 0.000122   0.009224
      298 0.000118  -0.008918
      380 0.000118   0.008899
      277 0.000118   0.008858
      354 0.000117   0.008788
      645 0.000116   0.008723
      279 0.000115  -0.008689
      566 0.000115   0.008673
      295 0.000115  -0.008641
      569 0.000114   0.008573
      690 0.000114   0.008567
      329 0.000114  -0.008557
       88 0.000113  -0.008554
      266 0.000113  -0.008551
      294 0.000113  -0.008530
      255 0.000113  -0.008518
      908 0.000112  -0.008471
      697 0.000112   0.008446
      171 0.000112  -0.008440
      799 0.000111  -0.008395
      201 0.000106  -0.007994
      684 0.000105  -0.007911
      573 0.000104   0.007868
      241 0.000103   0.007770
      353 0.000103  -0.007749
      638 0.000102  -0.007724
      770 0.000102   0.007684
      600 0.000102  -0.007681
      974 0.000100   0.007509
      436 0.000096   0.007264
      271 0.000096   0.007222
      581 0.000095  -0.007182
      840 0.000095  -0.007147
       93 0.000094  -0.007113
      728 0.000094  -0.007100
      744 0.000093  -0.007028
      261 0.000093  -0.006975
      292 0.000092  -0.006922
      611 0.000092  -0.006906
      367 0.000090   0.006804
      356 0.000090  -0.006802
      782 0.000089  -0.006745
      769 0.000088   0.006668
      847 0.000088   0.006666
      734 0.000088  -0.006649
      937 0.000088  -0.006596
      948 0.000087   0.006563
      844 0.000086  -0.006518
      594 0.000086  -0.006479
      723 0.000086  -0.006466
      285 0.000085   0.006414
      584 0.000084  -0.006357
      104 0.000083   0.006243
      321 0.000082  -0.006144
      325 0.000081  -0.006137
      864 0.000081   0.006115
      560 0.000080  -0.005992
      572 0.000079  -0.005963
      281 0.000079   0.005954
      629 0.000078  -0.005891
      860 0.000078  -0.005869
      978 0.000077   0.005807
      251 0.000076  -0.005702
      882 0.000075   0.005664
      268 0.000073  -0.005525
     1095 0.000073  -0.005499
      943 0.000071   0.005353
      843 0.000070  -0.005310
      701 0.000070  -0.005255
      291 0.000070   0.005249
      654 0.000070   0.005247
      302 0.000069  -0.005187
      694 0.000067   0.005079
      342 0.000067   0.005045
     1005 0.000067   0.005022
      289 0.000066   0.004993
      561 0.000066   0.004975
      234 0.000066   0.004969
      552 0.000065  -0.004893
      913 0.000064  -0.004845
      773 0.000064   0.004795
      262 0.000063  -0.004779
      823 0.000063   0.004758
      138 0.000062  -0.004681
      319 0.000061   0.004616
      390 0.000061   0.004604
      792 0.000061   0.004596
      722 0.000060  -0.004554
      895 0.000060   0.004532
      539 0.000060   0.004516
      826 0.000059  -0.004431
      425 0.000059   0.004419
      632 0.000058   0.004383
      545 0.000058  -0.004380
      428 0.000058   0.004371
      318 0.000056  -0.004215
      283 0.000055   0.004180
      831 0.000055   0.004142
      590 0.000054  -0.004091
      884 0.000054  -0.004084
      414 0.000054   0.004063
      107 0.000054  -0.004049
      955 0.000053   0.004025
      922 0.000053  -0.004007
      765 0.000053   0.003994
      789 0.000052   0.003954
      596 0.000052  -0.003929
      323 0.000052  -0.003920
      386 0.000052   0.003910
      528 0.000052   0.003907
      821 0.000052  -0.003904
      322 0.000051  -0.003849
      284 0.000050   0.003789
      880 0.000050   0.003745
      762 0.000049  -0.003701
      870 0.000049  -0.003676
      374 0.000049   0.003674
      244 0.000049  -0.003656
      315 0.000048   0.003654
      343 0.000048  -0.003627
      589 0.000048  -0.003591
      780 0.000047   0.003530
      535 0.000046   0.003496
      313 0.000045  -0.003423
      627 0.000045   0.003387
      614 0.000044   0.003320
      748 0.000044  -0.003286
      879 0.000042  -0.003202
      308 0.000042  -0.003138
      394 0.000041   0.003097
      169 0.000041  -0.003072
      881 0.000040  -0.003050
      222 0.000040   0.003000
      935 0.000039  -0.002972
      193 0.000039   0.002962
      643 0.000038  -0.002902
      413 0.000038  -0.002889
      842 0.000038  -0.002828
      832 0.000036   0.002724
      491 0.000036   0.002717
      518 0.000035   0.002669
      830 0.000035   0.002632
      894 0.000034  -0.002568
      650 0.000034  -0.002564
      874 0.000034  -0.002535
      532 0.000033   0.002477
      488 0.000033   0.002468
      540 0.000032  -0.002438
      597 0.000032  -0.002424
      542 0.000032   0.002413
      942 0.000032   0.002402
      933 0.000031   0.002328
      333 0.000031  -0.002323
     1073 0.000031  -0.002313
      448 0.000030   0.002277
      957 0.000030   0.002276
      409 0.000030  -0.002255
      407 0.000030  -0.002242
      928 0.000030  -0.002234
      286 0.000029   0.002217
      410 0.000029  -0.002194
      727 0.000029  -0.002193
      610 0.000029  -0.002184
      835 0.000029  -0.002163
      794 0.000028   0.002140
      677 0.000028   0.002124
      445 0.000028  -0.002123
      987 0.000028   0.002114
      475 0.000028  -0.002109
      310 0.000028  -0.002096
      636 0.000028  -0.002086
      524 0.000028  -0.002082
      950 0.000028  -0.002080
      811 0.000027   0.002060
      833 0.000027  -0.002059
      640 0.000027  -0.002051
      838 0.000027  -0.002046
     1032 0.000027   0.002034
      297 0.000027  -0.002034
      971 0.000027  -0.002002
      776 0.000026  -0.001994
      161 0.000026   0.001976
      841 0.000026   0.001964
      921 0.000026  -0.001954
      366 0.000026   0.001931
     1001 0.000026  -0.001926
      259 0.000025   0.001896
      264 0.000025   0.001895
     1034 0.000025  -0.001859
      364 0.000025  -0.001856
      856 0.000024   0.001836
      685 0.000024  -0.001836
      891 0.000024  -0.001827
      424 0.000024  -0.001821
      530 0.000024   0.001819
      988 0.000024  -0.001809
      526 0.000024   0.001799
      131 0.000024   0.001794
      810 0.000023   0.001749
      278 0.000023   0.001743
     1010 0.000023   0.001696
      801 0.000022  -0.001674
      252 0.000022  -0.001636
      649 0.000021  -0.001620
     1096 0.000021   0.001598
      397 0.000021  -0.001568
     1025 0.000021   0.001549
      198 0.000020  -0.001529
      406 0.000020  -0.001523
      791 0.000020   0.001514
      964 0.000020   0.001513
      479 0.000020   0.001504
      927 0.000020  -0.001501
      226 0.000020   0.001498
      977 0.000020   0.001491
      904 0.000020   0.001488
      514 0.000020   0.001475
      907 0.000019   0.001469
      225 0.000019   0.001468
      250 0.000019   0.001442
      983 0.000019   0.001401
      536 0.000018  -0.001370
      324 0.000018  -0.001361
       73 0.000018   0.001357
      272 0.000018   0.001355
      260 0.000018  -0.001335
      934 0.000018  -0.001334
      849 0.000018   0.001326
      455 0.000018  -0.001326
     1017 0.000018   0.001325
      437 0.000017   0.001316
      463 0.000017  -0.001315
      519 0.000017   0.001305
      432 0.000017   0.001305
      714 0.000017  -0.001296
      502 0.000017   0.001285
      669 0.000017   0.001263
      868 0.000017   0.001261
      382 0.000017  -0.001254
      254 0.000016   0.001225
      713 0.000016   0.001222
      512 0.000016  -0.001219
      959 0.000016  -0.001209
      662 0.000016  -0.001197
      916 0.000016  -0.001196
      805 0.000016  -0.001195
       63 0.000016   0.001192
      655 0.000016  -0.001191
      809 0.000016   0.001182
       74 0.000016   0.001182
      188 0.000016  -0.001171
     1009 0.000016  -0.001169
      320 0.000015   0.001151
      993 0.000015   0.001149
      803 0.000015   0.001143
      680 0.000015   0.001125
      209 0.000015   0.001106
      458 0.000015   0.001101
      357 0.000015  -0.001095
      316 0.000014  -0.001091
       80 0.000014  -0.001087
      814 0.000014   0.001080
      237 0.000014   0.001079
      489 0.000014   0.001077
      608 0.000014  -0.001077
      732 0.000014   0.001072
       54 0.000014   0.001066
      592 0.000014   0.001065
      274 0.000014  -0.001063
      949 0.000014   0.001062
       56 0.000014  -0.001049
      917 0.000014   0.001038
      384 0.000014  -0.001038
      625 0.000014  -0.001026
      876 0.000013  -0.001014
      360 0.000013   0.001005
      938 0.000013   0.001003
     1052 0.000013   0.000999
       12 0.000013  -0.000999
      764 0.000013  -0.000993
       91 0.000013  -0.000992
      317 0.000013   0.000992
      450 0.000013  -0.000986
      240 0.000013  -0.000985
      802 0.000013   0.000983
       86 0.000013  -0.000977
      505 0.000013   0.000962
       11 0.000013   0.000957
      858 0.000012  -0.000940
       61 0.000012   0.000926
       98 0.000012  -0.000925
      346 0.000012   0.000920
      399 0.000012  -0.000919
      965 0.000012  -0.000918
       64 0.000012  -0.000907
       62 0.000012  -0.000906
      249 0.000012  -0.000906
      609 0.000012   0.000891
     1003 0.000012  -0.000889
      270 0.000012  -0.000880
      816 0.000012   0.000871
      245 0.000012  -0.000870
      568 0.000012   0.000869
      288 0.000012  -0.000868
        8 0.000012   0.000868
        7 0.000011  -0.000858
      216 0.000011  -0.000857
      224 0.000011  -0.000849
      984 0.000011  -0.000843
      634 0.000011  -0.000836
     1061 0.000011  -0.000829
      483 0.000011  -0.000829
      487 0.000011  -0.000826
       81 0.000011   0.000825
      478 0.000011   0.000825
     1016 0.000011  -0.000817
      359 0.000011   0.000816
      335 0.000011  -0.000810
      900 0.000011  -0.000809
      740 0.000011  -0.000805
       87 0.000011  -0.000799
      214 0.000011   0.000798
      238 0.000011  -0.000797
      287 0.000010   0.000786
      952 0.000010  -0.000786
       79 0.000010  -0.000785
      461 0.000010   0.000785
      309 0.000010  -0.000784
      642 0.000010   0.000774
      779 0.000010  -0.000766
       99 0.000010   0.000755
euclid. distance of OLC and linear combination of EV * x_coef: 0.0070441238300675

Generate samples based on objective loadcase 712
nr_to_generate: 25

Parameter variation distribution settings
distribution: uniform
low: 0.7
high: 1.3

Total process runtime: 0:00:01.377714
