Date and Time:2023-05-12 14:27:29.026189

Initial Settings:
similarity_model: <function cosine_similarity at 0x000001D005A6E5E0>
similarity_threshold: 1e-05
nr_eigv_to_select: None
distribution: uniform
deviation: 0.3
nr_to_generate: 25
recompute: False

Selected eigenvectors and similarity score w.r.t objective loadcase:
objective_loadcase_nr: 975
similarity_model: cosine_similarity
similarity_threshold: 1e-05
nr_eigv_to_select: None
nr_eigv_selected: 624
approximation parameter model: lstsq
similarity score and approx. param. value
:  eigv_idx    score      value
        3 0.556866  44.469941
        1 0.542372  43.312459
        2 0.495664 -39.582503
        0 0.384125  30.675276
        6 0.042684   3.408666
       39 0.021973   1.754742
        4 0.011036   0.881276
      639 0.003268   0.260983
      186 0.002578  -0.205888
      593 0.001974  -0.157647
      218 0.001911  -0.152591
      612 0.001888  -0.150736
      586 0.001772   0.141492
      710 0.001708  -0.136414
      187 0.001696  -0.135429
      716 0.001544   0.123269
      618 0.001298   0.103653
      668 0.001231   0.098278
      663 0.001154  -0.092154
      194 0.001144   0.091323
      595 0.001135   0.090614
      686 0.000997  -0.079597
       71 0.000934   0.074618
      659 0.000906  -0.072377
      626 0.000906   0.072334
       69 0.000874   0.069829
      688 0.000851  -0.067936
      388 0.000846  -0.067526
      143 0.000840   0.067101
      749 0.000816  -0.065184
      617 0.000797   0.063678
      183 0.000749   0.059853
      599 0.000743   0.059299
      582 0.000738  -0.058963
      635 0.000715   0.057066
      562 0.000691  -0.055178
      670 0.000651   0.051979
      621 0.000627  -0.050043
      579 0.000597   0.047684
      153 0.000571   0.045568
      578 0.000557   0.044479
      341 0.000551   0.044038
      733 0.000549   0.043806
      704 0.000543  -0.043342
      708 0.000542   0.043283
      700 0.000541   0.043216
      174 0.000532   0.042506
      253 0.000518  -0.041363
      698 0.000518  -0.041346
      718 0.000503  -0.040142
      602 0.000500  -0.039908
      666 0.000493  -0.039381
      735 0.000488  -0.039010
      606 0.000488  -0.038974
      567 0.000480  -0.038330
      683 0.000470   0.037509
      709 0.000440  -0.035114
       68 0.000437  -0.034863
      577 0.000418  -0.033415
      575 0.000417   0.033333
      210 0.000416  -0.033192
      620 0.000392  -0.031287
      258 0.000364  -0.029083
      641 0.000363  -0.028968
      699 0.000354  -0.028241
      696 0.000342  -0.027306
      601 0.000339   0.027057
      756 0.000336  -0.026851
      227 0.000336   0.026850
      267 0.000335  -0.026720
      707 0.000327  -0.026095
      230 0.000325  -0.025935
      631 0.000325  -0.025928
      220 0.000324  -0.025908
      362 0.000324  -0.025899
      757 0.000308  -0.024586
      848 0.000306  -0.024476
      583 0.000302  -0.024102
      412 0.000300  -0.023949
      419 0.000293  -0.023387
      807 0.000293   0.023385
      243 0.000286   0.022839
      403 0.000281   0.022472
      753 0.000278  -0.022219
      587 0.000272   0.021704
      853 0.000269  -0.021496
      741 0.000269   0.021461
      182 0.000260  -0.020782
      576 0.000251  -0.020061
      361 0.000250   0.019928
      273 0.000237  -0.018943
      580 0.000229  -0.018277
      570 0.000228  -0.018229
      739 0.000226  -0.018017
      204 0.000225   0.017965
      383 0.000224   0.017899
      235 0.000223  -0.017799
      787 0.000221   0.017654
      726 0.000220  -0.017546
      377 0.000219  -0.017476
      793 0.000212  -0.016905
      750 0.000212   0.016895
      199 0.000211  -0.016877
      400 0.000211  -0.016845
      628 0.000203   0.016186
      175 0.000202  -0.016129
      271 0.000202   0.016095
      604 0.000200  -0.015960
      373 0.000196  -0.015685
      239 0.000193   0.015423
      574 0.000193  -0.015382
      137 0.000185  -0.014807
      564 0.000184  -0.014727
      658 0.000184   0.014691
      800 0.000178  -0.014249
      301 0.000178  -0.014199
      247 0.000177   0.014107
      257 0.000177  -0.014097
      857 0.000175  -0.013996
      941 0.000172  -0.013760
      427 0.000171  -0.013682
      228 0.000171  -0.013652
      263 0.000171  -0.013635
      355 0.000170   0.013587
      818 0.000169  -0.013535
      566 0.000169   0.013472
      815 0.000168  -0.013438
      820 0.000165  -0.013156
      828 0.000164  -0.013131
      241 0.000163   0.013016
      299 0.000163   0.012995
      132 0.000162   0.012936
      855 0.000161  -0.012847
      711 0.000161   0.012841
      184 0.000159  -0.012717
      784 0.000158  -0.012596
      605 0.000157  -0.012544
      269 0.000156  -0.012492
      557 0.000156  -0.012469
      312 0.000153  -0.012220
      790 0.000152   0.012156
      743 0.000152  -0.012113
      665 0.000151  -0.012061
      217 0.000149  -0.011888
      616 0.000147  -0.011741
      251 0.000146  -0.011682
      275 0.000146  -0.011648
      367 0.000146   0.011629
      549 0.000145  -0.011590
      262 0.000145  -0.011580
      292 0.000145  -0.011558
      392 0.000144   0.011510
      687 0.000142   0.011319
      667 0.000139   0.011106
      573 0.000138   0.011030
      553 0.000137  -0.010908
      824 0.000136   0.010854
      398 0.000135  -0.010758
      255 0.000135  -0.010750
      859 0.000132   0.010564
      795 0.000131   0.010454
      808 0.000131   0.010452
      380 0.000129   0.010295
      223 0.000126   0.010047
      279 0.000125  -0.010016
      277 0.000125   0.009958
       88 0.000125  -0.009949
      690 0.000123   0.009784
      847 0.000122   0.009742
      569 0.000122   0.009728
      179 0.000121   0.009695
      261 0.000119  -0.009524
      254 0.000118   0.009440
      591 0.000118   0.009424
      234 0.000118   0.009416
      829 0.000116   0.009281
      294 0.000115  -0.009195
      908 0.000115  -0.009161
      600 0.000114  -0.009081
      423 0.000114  -0.009075
      266 0.000113  -0.008984
      742 0.000112  -0.008928
      431 0.000112  -0.008917
      364 0.000111  -0.008882
      354 0.000111   0.008880
      778 0.000110  -0.008795
      436 0.000109   0.008709
      295 0.000108  -0.008659
      974 0.000107   0.008571
      697 0.000106   0.008470
      684 0.000106  -0.008448
      645 0.000105   0.008374
      736 0.000105  -0.008365
      799 0.000104  -0.008338
      206 0.000103   0.008250
      390 0.000102   0.008184
      584 0.000101  -0.008043
      770 0.000099   0.007890
      610 0.000099  -0.007867
      734 0.000098  -0.007838
      552 0.000098  -0.007832
      298 0.000097  -0.007765
      290 0.000097   0.007710
      353 0.000094  -0.007530
      281 0.000094   0.007501
      171 0.000094  -0.007497
      840 0.000093  -0.007436
      104 0.000093   0.007430
      882 0.000091   0.007267
      560 0.000089  -0.007086
      723 0.000088  -0.007041
      844 0.000086  -0.006831
      369 0.000084   0.006733
      728 0.000084  -0.006706
      782 0.000083  -0.006649
      329 0.000083  -0.006648
      226 0.000083   0.006633
       93 0.000083  -0.006617
      245 0.000083  -0.006602
      225 0.000082   0.006522
      611 0.000082  -0.006512
     1095 0.000079  -0.006302
      337 0.000078  -0.006262
      268 0.000078  -0.006209
      291 0.000077   0.006167
      594 0.000077  -0.006130
      744 0.000077  -0.006120
      801 0.000076  -0.006092
      638 0.000076  -0.006081
      722 0.000076  -0.006071
      302 0.000075  -0.006006
      789 0.000075   0.005977
      843 0.000073  -0.005853
      937 0.000073  -0.005810
      386 0.000072   0.005760
       70 0.000072   0.005744
      864 0.000072   0.005722
      360 0.000071   0.005696
      609 0.000071   0.005663
      357 0.000071  -0.005649
      201 0.000070  -0.005628
      325 0.000070  -0.005611
      581 0.000070  -0.005579
      308 0.000070  -0.005574
      640 0.000070  -0.005562
      629 0.000069  -0.005516
      332 0.000069  -0.005515
      955 0.000068   0.005400
      978 0.000067   0.005363
      428 0.000067   0.005326
      318 0.000066  -0.005310
      832 0.000065   0.005219
     1005 0.000065   0.005207
      826 0.000065  -0.005201
      773 0.000065   0.005190
       81 0.000065   0.005186
       74 0.000064   0.005141
      913 0.000063  -0.005056
      585 0.000063  -0.005053
      414 0.000063   0.005039
      948 0.000063   0.005024
      589 0.000063  -0.005003
      342 0.000062   0.004966
      155 0.000062  -0.004965
       64 0.000062  -0.004963
      775 0.000062   0.004963
      763 0.000062   0.004960
      545 0.000061  -0.004871
      805 0.000061  -0.004859
      105 0.000061   0.004843
      322 0.000060  -0.004753
      114 0.000059  -0.004750
      136 0.000059   0.004743
      701 0.000059  -0.004727
      278 0.000059   0.004713
      144 0.000058  -0.004649
      359 0.000058   0.004618
      625 0.000057  -0.004586
      922 0.000057  -0.004571
      425 0.000057   0.004550
      138 0.000057  -0.004548
      823 0.000057   0.004540
      572 0.000057  -0.004518
      588 0.000057  -0.004515
      406 0.000056  -0.004503
      879 0.000056  -0.004489
      943 0.000055   0.004412
      860 0.000055  -0.004390
      895 0.000055   0.004390
      288 0.000055   0.004375
      158 0.000055   0.004364
      539 0.000055   0.004356
      222 0.000054   0.004316
      159 0.000054   0.004311
       99 0.000054  -0.004284
      252 0.000053  -0.004260
      765 0.000053   0.004230
      643 0.000053  -0.004227
       75 0.000053   0.004225
      798 0.000053   0.004215
      568 0.000053   0.004206
      870 0.000053  -0.004204
      287 0.000053  -0.004202
      831 0.000052   0.004184
      107 0.000052  -0.004175
      740 0.000052  -0.004131
      366 0.000051   0.004071
      128 0.000050   0.003988
      315 0.000050   0.003977
      762 0.000049   0.003940
      240 0.000049  -0.003920
      343 0.000049  -0.003919
      654 0.000049   0.003910
      350 0.000049   0.003907
      125 0.000049   0.003879
      169 0.000048  -0.003870
       63 0.000048   0.003870
      821 0.000048  -0.003848
      142 0.000048  -0.003845
      528 0.000048   0.003816
      880 0.000047   0.003741
       83 0.000047  -0.003717
      314 0.000047  -0.003717
      891 0.000046  -0.003686
      597 0.000046  -0.003670
      407 0.000046  -0.003668
      803 0.000046   0.003644
      884 0.000046  -0.003635
      236 0.000046   0.003634
       66 0.000045  -0.003584
      632 0.000045   0.003579
      108 0.000044   0.003549
      272 0.000044  -0.003546
      264 0.000044   0.003543
      333 0.000044  -0.003527
      131 0.000044   0.003526
      613 0.000043   0.003467
      103 0.000043   0.003457
       77 0.000043  -0.003422
      150 0.000042   0.003392
      237 0.000042   0.003387
      802 0.000042   0.003360
      535 0.000042   0.003343
      397 0.000041  -0.003303
      321 0.000041  -0.003295
      894 0.000041  -0.003295
      874 0.000041  -0.003279
      748 0.000041  -0.003263
      561 0.000040   0.003224
      320 0.000040   0.003216
      904 0.000040   0.003157
      296 0.000039  -0.003126
      542 0.000039   0.003120
      133 0.000039  -0.003115
      274 0.000039   0.003101
      776 0.000039  -0.003094
      334 0.000039   0.003087
      374 0.000037   0.002990
      319 0.000037   0.002988
      198 0.000037   0.002985
      193 0.000037   0.002979
      792 0.000037   0.002978
      881 0.000037  -0.002972
      110 0.000037   0.002953
      349 0.000037  -0.002951
      409 0.000036  -0.002891
      863 0.000036  -0.002888
      540 0.000036  -0.002875
      402 0.000036  -0.002870
      384 0.000036  -0.002861
       80 0.000036  -0.002848
      309 0.000035   0.002820
      950 0.000035  -0.002817
       95 0.000035  -0.002801
      283 0.000035   0.002801
      154 0.000035  -0.002800
      987 0.000035   0.002799
      146 0.000035  -0.002788
       94 0.000035  -0.002771
      928 0.000035  -0.002769
      285 0.000035   0.002768
       90 0.000034  -0.002744
      316 0.000034  -0.002702
       56 0.000034  -0.002689
      491 0.000034   0.002686
      448 0.000033   0.002669
      313 0.000033  -0.002668
      118 0.000033  -0.002667
      942 0.000033   0.002667
      356 0.000033  -0.002654
       84 0.000033   0.002652
       76 0.000033  -0.002636
      518 0.000033   0.002629
      358 0.000033  -0.002622
      769 0.000033   0.002616
      134 0.000033  -0.002613
      694 0.000032   0.002580
      558 0.000032   0.002567
      101 0.000032  -0.002555
      830 0.000032   0.002541
      336 0.000032  -0.002540
      849 0.000031   0.002510
       78 0.000031  -0.002509
      139 0.000031   0.002494
       57 0.000031   0.002481
      310 0.000031  -0.002474
      488 0.000031   0.002468
      532 0.000031   0.002466
      112 0.000031   0.002440
      933 0.000030   0.002432
     1001 0.000030  -0.002430
      248 0.000030   0.002418
      181 0.000030  -0.002397
      185 0.000030   0.002396
      842 0.000029  -0.002327
      331 0.000029   0.002324
      965 0.000029  -0.002281
      368 0.000028   0.002261
      250 0.000028   0.002259
      410 0.000028  -0.002244
      636 0.000028  -0.002227
      382 0.000028  -0.002216
      475 0.000028  -0.002202
      224 0.000028  -0.002197
      395 0.000027  -0.002189
      858 0.000027  -0.002156
      530 0.000027   0.002148
      120 0.000027  -0.002145
      524 0.000027  -0.002132
      238 0.000027  -0.002119
     1032 0.000026   0.002098
      794 0.000026   0.002088
      867 0.000026   0.002079
       17 0.000026  -0.002077
      371 0.000026  -0.002073
       89 0.000026   0.002066
      394 0.000026   0.002056
      993 0.000026   0.002052
     1025 0.000026   0.002047
      109 0.000025   0.002023
      242 0.000025  -0.002018
      935 0.000025  -0.002014
       79 0.000025   0.001986
       48 0.000025   0.001983
      445 0.000025  -0.001973
      161 0.000025   0.001970
      326 0.000025   0.001969
       54 0.000025   0.001967
      387 0.000025   0.001962
       86 0.000025   0.001962
      244 0.000025  -0.001962
      424 0.000024  -0.001955
      323 0.000024  -0.001939
       15 0.000024   0.001934
      157 0.000024   0.001926
       55 0.000024   0.001902
      232 0.000024  -0.001899
      396 0.000024   0.001899
       62 0.000024  -0.001891
      592 0.000024  -0.001889
      338 0.000024   0.001889
      727 0.000023  -0.001876
      113 0.000023  -0.001863
      814 0.000023   0.001835
      791 0.000023   0.001809
     1034 0.000023  -0.001805
      231 0.000023  -0.001804
      876 0.000022  -0.001796
       53 0.000022   0.001794
      623 0.000022  -0.001792
      642 0.000022   0.001784
      875 0.000022  -0.001779
      432 0.000022   0.001776
      938 0.000022   0.001762
      328 0.000022  -0.001751
      162 0.000022   0.001747
      324 0.000022  -0.001731
      115 0.000022  -0.001729
      348 0.000022  -0.001726
       45 0.000021   0.001698
     1017 0.000021   0.001652
      988 0.000021  -0.001651
      102 0.000021  -0.001646
      964 0.000021   0.001642
      526 0.000021   0.001640
      856 0.000020   0.001630
       96 0.000020   0.001621
      147 0.000020  -0.001619
      209 0.000020   0.001602
       97 0.000020  -0.001602
      644 0.000020   0.001598
       12 0.000020  -0.001591
      555 0.000020   0.001580
      714 0.000020  -0.001580
      286 0.000020   0.001573
      590 0.000020  -0.001565
      164 0.000020   0.001559
      971 0.000020  -0.001558
      724 0.000019  -0.001555
       23 0.000019  -0.001550
      921 0.000019  -0.001550
      141 0.000019   0.001548
      297 0.000019  -0.001544
      685 0.000019  -0.001537
      479 0.000019   0.001533
      695 0.000019   0.001527
      149 0.000019  -0.001516
      270 0.000019   0.001495
      519 0.000019   0.001495
      536 0.000019  -0.001489
       24 0.000019   0.001485
       38 0.000019   0.001484
      213 0.000019   0.001483
      713 0.000018   0.001461
      260 0.000018   0.001459
      160 0.000018  -0.001440
      502 0.000018   0.001439
      514 0.000018   0.001438
      888 0.000018   0.001436
      900 0.000018  -0.001429
      106 0.000018  -0.001424
      917 0.000018   0.001422
       11 0.000018   0.001407
      455 0.000017  -0.001392
      119 0.000017  -0.001392
      927 0.000017  -0.001373
      655 0.000017  -0.001354
      463 0.000017  -0.001349
      949 0.000017   0.001344
      100 0.000017   0.001338
      966 0.000017   0.001332
      957 0.000017   0.001332
      608 0.000017   0.001329
      335 0.000017  -0.001320
      512 0.000016  -0.001306
      229 0.000016  -0.001300
      214 0.000016   0.001289
      304 0.000016  -0.001287
     1073 0.000016  -0.001285
       73 0.000016   0.001285
      702 0.000016  -0.001280
      385 0.000016  -0.001275
      437 0.000016   0.001266
      458 0.000016   0.001261
      489 0.000016   0.001257
      934 0.000015  -0.001232
      841 0.000015   0.001226
      811 0.000015   0.001226
      188 0.000015  -0.001219
     1052 0.000015   0.001218
     1096 0.000015   0.001197
      653 0.000015  -0.001194
     1010 0.000015   0.001175
       31 0.000015   0.001173
      130 0.000015   0.001169
      837 0.000015  -0.001169
      249 0.000015  -0.001162
      833 0.000014  -0.001158
      129 0.000014  -0.001146
      887 0.000014   0.001138
      505 0.000014   0.001138
      712 0.000014  -0.001129
      452 0.000014  -0.001126
      647 0.000014   0.001116
       30 0.000014   0.001116
      810 0.000014   0.001089
      196 0.000014   0.001084
      614 0.000014  -0.001079
      907 0.000014   0.001078
      156 0.000013  -0.001073
       72 0.000013  -0.001072
        5 0.000013  -0.001068
       46 0.000013   0.001056
      852 0.000013  -0.001052
      401 0.000013  -0.001043
      677 0.000013   0.001031
      191 0.000013   0.001030
       59 0.000013   0.001019
      202 0.000013  -0.001012
      662 0.000013  -0.001003
      450 0.000012  -0.000997
      559 0.000012   0.000991
      565 0.000012   0.000986
      816 0.000012   0.000986
      176 0.000012   0.000977
      483 0.000012  -0.000955
      779 0.000012   0.000953
      556 0.000012  -0.000946
      284 0.000012   0.000942
      135 0.000012   0.000940
      219 0.000012  -0.000934
       58 0.000012   0.000931
       29 0.000012  -0.000928
       28 0.000012  -0.000926
      563 0.000012  -0.000926
      732 0.000011   0.000916
      634 0.000011  -0.000915
      538 0.000011   0.000904
      339 0.000011   0.000901
      345 0.000011  -0.000882
      370 0.000011  -0.000881
      124 0.000011  -0.000876
      664 0.000011   0.000871
      487 0.000011  -0.000866
       19 0.000011   0.000861
      983 0.000011   0.000859
      729 0.000011  -0.000853
      126 0.000011   0.000852
      534 0.000011  -0.000849
      180 0.000011  -0.000848
      619 0.000011   0.000846
      916 0.000011  -0.000841
      759 0.000011   0.000839
     1009 0.000010  -0.000836
      127 0.000010   0.000832
      835 0.000010  -0.000831
      207 0.000010   0.000828
      746 0.000010   0.000824
      883 0.000010   0.000821
      461 0.000010   0.000809
       41 0.000010  -0.000807
       50 0.000010  -0.000805
      603 0.000010   0.000804
      977 0.000010   0.000799
euclid. distance of OLC and linear combination of EV * x_coef: 0.007400765690356234

Generate samples based on objective loadcase 975
nr_to_generate: 25

Parameter variation distribution settings
distribution: uniform
low: 0.7
high: 1.3

Total process runtime: 0:00:01.379495
