Date and Time:2023-05-12 14:10:18.382438

Initial Settings:
similarity_model: <function cosine_similarity at 0x000001D005A6E5E0>
similarity_threshold: 1e-05
nr_eigv_to_select: None
distribution: uniform
deviation: 0.3
nr_to_generate: 25
recompute: False

Selected eigenvectors and similarity score w.r.t objective loadcase:
objective_loadcase_nr: 203
similarity_model: cosine_similarity
similarity_threshold: 1e-05
nr_eigv_to_select: None
nr_eigv_selected: 476
approximation parameter model: lstsq
similarity score and approx. param. value
:  eigv_idx    score      value
        3 0.579958  34.152993
        1 0.519549  30.595566
        2 0.512557 -30.183825
        0 0.359214  21.153676
        6 0.031884   1.877617
       39 0.026970   1.588232
        4 0.012414   0.731016
      639 0.003442   0.202668
      218 0.002377  -0.139963
      593 0.002104  -0.123881
      186 0.001978  -0.116457
      586 0.001965   0.115727
      612 0.001960  -0.115401
      710 0.001588  -0.093533
      187 0.001313  -0.077332
      595 0.001279   0.075293
      716 0.001266   0.074532
       68 0.001155  -0.068021
      663 0.001145  -0.067452
      626 0.001098   0.064671
      618 0.001080   0.063605
      668 0.001063   0.062623
      143 0.000944   0.055580
      686 0.000939  -0.055297
      388 0.000913  -0.053794
      194 0.000883   0.051994
      688 0.000793  -0.046697
      659 0.000791  -0.046555
      599 0.000777   0.045755
      617 0.000765   0.045060
      749 0.000760  -0.044756
      621 0.000737  -0.043384
      562 0.000729  -0.042948
      582 0.000722  -0.042493
      670 0.000721   0.042435
      635 0.000707   0.041616
      704 0.000684  -0.040305
      183 0.000643   0.037869
      578 0.000641   0.037758
      341 0.000603   0.035537
      733 0.000600   0.035314
      718 0.000594  -0.035000
       69 0.000586   0.034526
      567 0.000563  -0.033169
      606 0.000559  -0.032911
      577 0.000550  -0.032397
       71 0.000544   0.032056
      602 0.000540  -0.031785
      698 0.000532  -0.031300
      579 0.000508   0.029944
      708 0.000493   0.029023
      253 0.000475  -0.028001
      267 0.000474  -0.027920
      696 0.000468  -0.027578
      735 0.000457  -0.026899
      666 0.000454  -0.026733
      220 0.000446  -0.026276
      153 0.000445   0.026221
      575 0.000439   0.025876
      620 0.000439  -0.025849
      174 0.000421   0.024782
      258 0.000416  -0.024525
      709 0.000409  -0.024061
      753 0.000398  -0.023443
      707 0.000398  -0.023440
      683 0.000396   0.023331
      641 0.000394  -0.023184
      700 0.000392   0.023096
      601 0.000384   0.022612
      848 0.000371  -0.021822
      230 0.000367  -0.021637
      699 0.000362  -0.021339
      182 0.000357  -0.021009
      583 0.000352  -0.020727
      412 0.000349  -0.020570
      210 0.000332  -0.019570
      807 0.000326   0.019215
      227 0.000323   0.019005
      419 0.000322  -0.018951
      184 0.000319  -0.018764
      793 0.000315  -0.018577
      273 0.000312  -0.018347
      403 0.000301   0.017715
      756 0.000300  -0.017680
      587 0.000299   0.017615
      383 0.000297   0.017494
      631 0.000288  -0.016954
      243 0.000282   0.016625
      269 0.000280  -0.016476
      137 0.000279  -0.016442
      362 0.000277  -0.016283
      570 0.000265  -0.015630
      235 0.000264  -0.015557
      853 0.000262  -0.015418
      204 0.000257   0.015108
      763 0.000250   0.014733
      757 0.000249  -0.014670
      239 0.000242   0.014238
      299 0.000241   0.014167
      759 0.000235  -0.013844
      263 0.000235  -0.013820
      726 0.000227  -0.013383
      377 0.000222  -0.013045
      741 0.000221   0.013031
      206 0.000218   0.012809
      739 0.000213  -0.012553
       70 0.000209   0.012337
      228 0.000208  -0.012232
      199 0.000206  -0.012110
      743 0.000203  -0.011944
      301 0.000200  -0.011794
      750 0.000200   0.011786
      549 0.000199  -0.011714
      427 0.000197  -0.011584
      132 0.000194   0.011413
      564 0.000193  -0.011368
      361 0.000191   0.011266
      604 0.000191  -0.011266
      800 0.000188  -0.011051
      369 0.000187   0.011037
      247 0.000186   0.010967
      580 0.000185  -0.010900
      818 0.000184  -0.010864
      576 0.000182  -0.010738
      312 0.000181  -0.010664
      742 0.000179  -0.010563
      658 0.000179   0.010526
      855 0.000178  -0.010509
      373 0.000178  -0.010486
      795 0.000178   0.010469
      392 0.000177   0.010447
      400 0.000175  -0.010282
      223 0.000174   0.010272
      591 0.000172   0.010142
      857 0.000169  -0.009960
      784 0.000168  -0.009909
      179 0.000167   0.009809
      665 0.000167  -0.009806
      175 0.000166  -0.009763
      787 0.000166   0.009762
      337 0.000163  -0.009613
      828 0.000162  -0.009525
      553 0.000161  -0.009492
      824 0.000160   0.009427
      778 0.000159  -0.009392
      275 0.000158  -0.009305
      820 0.000157  -0.009268
      667 0.000157   0.009234
      941 0.000155  -0.009124
      574 0.000154  -0.009048
      616 0.000153  -0.009028
      711 0.000151   0.008907
      585 0.000147  -0.008650
      332 0.000146  -0.008596
      775 0.000144   0.008474
      171 0.000144  -0.008451
      290 0.000142   0.008340
      356 0.000141  -0.008327
      687 0.000140   0.008257
      605 0.000139  -0.008214
      628 0.000139   0.008214
      277 0.000133   0.007810
      255 0.000133  -0.007803
      859 0.000132   0.007774
      736 0.000131  -0.007740
      354 0.000131   0.007726
      829 0.000130   0.007644
      808 0.000129   0.007589
      557 0.000126  -0.007429
      790 0.000125   0.007367
      423 0.000125  -0.007367
      431 0.000125  -0.007344
      217 0.000122  -0.007208
      380 0.000122   0.007160
      241 0.000121   0.007135
      398 0.000121  -0.007108
      279 0.000119  -0.007003
      815 0.000119  -0.007000
      697 0.000116   0.006860
      295 0.000115  -0.006761
      271 0.000115   0.006759
      298 0.000113  -0.006653
      770 0.000113   0.006633
      257 0.000109  -0.006445
      908 0.000108  -0.006370
      638 0.000108  -0.006355
      799 0.000107  -0.006287
      329 0.000106  -0.006228
      645 0.000105   0.006205
      769 0.000105   0.006201
      744 0.000105  -0.006185
      201 0.000105  -0.006164
      294 0.000103  -0.006077
      566 0.000103   0.006066
       88 0.000101  -0.005956
      251 0.000099  -0.005857
      573 0.000099   0.005817
      569 0.000099   0.005806
      690 0.000098   0.005793
      728 0.000097  -0.005701
      684 0.000097  -0.005692
      600 0.000097  -0.005689
      353 0.000096  -0.005647
      974 0.000095   0.005584
      436 0.000093   0.005454
      629 0.000092  -0.005435
      840 0.000090  -0.005305
      234 0.000089   0.005249
      611 0.000089  -0.005226
      762 0.000089  -0.005220
      581 0.000088  -0.005176
      355 0.000088   0.005172
      321 0.000087  -0.005131
      782 0.000086  -0.005081
       93 0.000085  -0.005016
      844 0.000084  -0.004966
      937 0.000084  -0.004928
      948 0.000083   0.004917
      864 0.000083   0.004914
      266 0.000083  -0.004899
      107 0.000083  -0.004881
      847 0.000082   0.004818
      594 0.000080  -0.004728
      325 0.000079  -0.004668
      773 0.000079   0.004655
      292 0.000078  -0.004607
      261 0.000077  -0.004557
      561 0.000077   0.004539
      943 0.000077   0.004512
      654 0.000076   0.004472
      281 0.000076   0.004451
      734 0.000075  -0.004446
      262 0.000075  -0.004409
      860 0.000074  -0.004343
      978 0.000074   0.004342
      572 0.000073  -0.004321
      792 0.000073   0.004288
      843 0.000072  -0.004234
      367 0.000072   0.004233
      882 0.000071   0.004198
      722 0.000071  -0.004165
      584 0.000070  -0.004142
      694 0.000070   0.004120
      723 0.000068  -0.004024
      343 0.000068  -0.004018
     1095 0.000068  -0.004017
      308 0.000067  -0.003959
      319 0.000067   0.003958
      161 0.000067   0.003921
      560 0.000066  -0.003911
      614 0.000066   0.003879
      632 0.000066   0.003861
      302 0.000066  -0.003860
      289 0.000065   0.003808
      285 0.000064   0.003786
     1005 0.000064   0.003771
      268 0.000063  -0.003724
      884 0.000063  -0.003720
      748 0.000063  -0.003681
      104 0.000062   0.003655
      913 0.000062  -0.003651
      291 0.000062   0.003649
      627 0.000062   0.003645
      826 0.000062  -0.003637
      539 0.000060   0.003549
      283 0.000059   0.003498
      880 0.000059   0.003481
      138 0.000059  -0.003481
      425 0.000059   0.003480
      823 0.000059   0.003475
      596 0.000059  -0.003471
      895 0.000059   0.003456
      589 0.000058  -0.003399
      545 0.000057  -0.003343
      428 0.000056   0.003277
      590 0.000055  -0.003268
      386 0.000055   0.003245
      870 0.000055  -0.003211
      765 0.000053   0.003103
      528 0.000052   0.003067
      315 0.000052   0.003049
      323 0.000052  -0.003049
      650 0.000052  -0.003037
      414 0.000051   0.003030
      831 0.000051   0.003020
      552 0.000051  -0.003012
      922 0.000051  -0.003004
      701 0.000051  -0.002981
      780 0.000051   0.002976
      413 0.000050  -0.002960
      342 0.000050   0.002946
       91 0.000050  -0.002935
      821 0.000050  -0.002919
      955 0.000049   0.002885
      322 0.000049  -0.002856
      535 0.000047   0.002772
      801 0.000047  -0.002751
      390 0.000047   0.002741
      236 0.000045   0.002667
      244 0.000045  -0.002658
      198 0.000045  -0.002631
      894 0.000043  -0.002516
      169 0.000043  -0.002515
      830 0.000042   0.002478
      254 0.000042   0.002472
      879 0.000041  -0.002392
      874 0.000040  -0.002385
      364 0.000040   0.002356
      852 0.000039   0.002325
      842 0.000039  -0.002317
      935 0.000039  -0.002307
      881 0.000039  -0.002307
      278 0.000038   0.002255
      649 0.000038  -0.002217
      313 0.000037  -0.002183
      832 0.000037   0.002178
      318 0.000037  -0.002173
      841 0.000037   0.002152
      407 0.000036  -0.002139
      148 0.000036   0.002127
      374 0.000036   0.002111
      518 0.000036   0.002108
      491 0.000036   0.002106
      131 0.000036   0.002093
      394 0.000035   0.002082
      957 0.000035   0.002072
      904 0.000034   0.002010
      942 0.000034   0.002008
      226 0.000034  -0.001988
      950 0.000034  -0.001977
      597 0.000033  -0.001958
      532 0.000033   0.001931
      297 0.000032  -0.001910
      540 0.000032  -0.001894
      225 0.000032  -0.001892
      488 0.000032   0.001881
      286 0.000032   0.001864
      833 0.000031  -0.001854
     1073 0.000031  -0.001851
      677 0.000031   0.001849
      835 0.000031  -0.001848
      789 0.000031   0.001828
      608 0.000031  -0.001817
      409 0.000031  -0.001801
      988 0.000030  -0.001792
      359 0.000030  -0.001768
      933 0.000030   0.001754
      445 0.000030  -0.001748
      410 0.000029  -0.001708
      448 0.000029   0.001705
      964 0.000029   0.001704
      971 0.000029  -0.001692
      794 0.000029   0.001688
      928 0.000028  -0.001666
      542 0.000028   0.001663
      310 0.000028  -0.001655
     1096 0.000028   0.001626
      636 0.000028  -0.001620
      475 0.000027  -0.001605
      524 0.000027  -0.001600
      776 0.000027  -0.001566
      987 0.000026   0.001527
      921 0.000026  -0.001524
     1034 0.000025  -0.001486
      240 0.000025   0.001485
     1032 0.000025   0.001485
      938 0.000025   0.001467
      526 0.000024   0.001432
      424 0.000024  -0.001429
      193 0.000024   0.001420
      222 0.000024  -0.001394
      346 0.000023   0.001381
      798 0.000023  -0.001379
      530 0.000023   0.001371
     1001 0.000023  -0.001366
      397 0.000023  -0.001360
      856 0.000023   0.001350
      646 0.000023   0.001350
      779 0.000022  -0.001314
     1010 0.000022   0.001303
      983 0.000022   0.001276
      891 0.000021  -0.001259
      755 0.000021  -0.001248
      685 0.000021  -0.001247
      977 0.000021   0.001242
      849 0.000021  -0.001236
      727 0.000021  -0.001226
      237 0.000021  -0.001220
      927 0.000020  -0.001200
      804 0.000020  -0.001186
      366 0.000020   0.001178
      357 0.000020   0.001175
      811 0.000020   0.001168
      643 0.000020  -0.001160
      809 0.000020   0.001160
      514 0.000019   0.001140
      479 0.000019   0.001128
      803 0.000019   0.001122
      838 0.000019  -0.001103
     1025 0.000018   0.001088
      837 0.000018   0.001069
      360 0.000018  -0.001066
      934 0.000018  -0.001064
      437 0.000018   0.001059
      406 0.000018   0.001052
     1009 0.000018  -0.001036
      455 0.000018  -0.001033
      536 0.000017  -0.001018
      463 0.000017  -0.001017
      592 0.000017   0.001015
      959 0.000017  -0.001013
      502 0.000017   0.001008
      764 0.000017  -0.001005
      519 0.000017   0.000994
      702 0.000017  -0.000992
      402 0.000017   0.000989
     1017 0.000016   0.000968
      802 0.000016   0.000965
      949 0.000016   0.000964
      868 0.000016   0.000963
      899 0.000016   0.000963
      714 0.000016  -0.000956
      432 0.000016   0.000948
      839 0.000016  -0.000936
      284 0.000016   0.000935
      512 0.000016  -0.000925
      324 0.000016  -0.000918
      333 0.000016  -0.000917
      916 0.000015  -0.000911
      732 0.000015   0.000869
      810 0.000014   0.000852
      229 0.000014   0.000851
      209 0.000014  -0.000840
      489 0.000014   0.000823
      458 0.000014   0.000816
       98 0.000014  -0.000816
      640 0.000014  -0.000805
      248 0.000014  -0.000803
      505 0.000013   0.000794
     1016 0.000013  -0.000790
     1003 0.000013  -0.000786
      675 0.000013   0.000781
      350 0.000013  -0.000780
      450 0.000013  -0.000778
      917 0.000013   0.000774
      662 0.000013  -0.000772
      993 0.000013   0.000765
      610 0.000013  -0.000754
      902 0.000013   0.000740
      296 0.000013   0.000737
      887 0.000012   0.000735
     1052 0.000012   0.000727
     1020 0.000012  -0.000718
      907 0.000012   0.000717
      232 0.000012  -0.000710
      478 0.000012   0.000705
      888 0.000012   0.000697
      568 0.000011  -0.000677
      984 0.000011  -0.000667
      598 0.000011   0.000662
      816 0.000011   0.000659
      814 0.000011   0.000645
      328 0.000011  -0.000640
     1040 0.000011  -0.000638
      898 0.000011   0.000628
      487 0.000011  -0.000622
      214 0.000010  -0.000614
      245 0.000010  -0.000612
      363 0.000010   0.000608
     1061 0.000010  -0.000601
      426 0.000010   0.000600
      483 0.000010  -0.000599
      746 0.000010  -0.000598
      903 0.000010   0.000593
      461 0.000010   0.000592
      858 0.000010  -0.000590
euclid. distance of OLC and linear combination of EV * x_coef: 0.005000160288411514

Generate samples based on objective loadcase 203
nr_to_generate: 25

Parameter variation distribution settings
distribution: uniform
low: 0.7
high: 1.3

Total process runtime: 0:00:01.274612
