Date and Time:2023-05-12 14:27:31.825795

Initial Settings:
similarity_model: <function cosine_similarity at 0x000001D005A6E5E0>
similarity_threshold: 1e-05
nr_eigv_to_select: None
distribution: uniform
deviation: 0.3
nr_to_generate: 25
recompute: False

Selected eigenvectors and similarity score w.r.t objective loadcase:
objective_loadcase_nr: 977
similarity_model: cosine_similarity
similarity_threshold: 1e-05
nr_eigv_to_select: None
nr_eigv_selected: 447
approximation parameter model: lstsq
similarity score and approx. param. value
:  eigv_idx    score      value
        1 0.555767  67.954409
        3 0.532387  65.095771
        2 0.493944 -60.395222
        0 0.399652  48.866106
        6 0.059291   7.249631
       39 0.015987   1.954739
        4 0.010132   1.238870
       68 0.004754  -0.581235
      639 0.004014   0.490830
      186 0.002451  -0.299687
      612 0.002180  -0.266497
      593 0.002105  -0.257356
       71 0.001997  -0.244148
      586 0.001920   0.234793
      716 0.001640   0.200568
      618 0.001634   0.199829
       69 0.001628  -0.199031
      663 0.001625  -0.198710
      218 0.001618  -0.197891
      187 0.001605  -0.196246
      710 0.001467  -0.179376
      668 0.001450   0.177335
      595 0.001212   0.148157
      194 0.001140   0.139442
      659 0.001100  -0.134527
      182 0.001067  -0.130520
      617 0.000992   0.121326
      388 0.000917  -0.112114
      686 0.000904  -0.110582
      626 0.000860   0.105146
      700 0.000859   0.105064
      599 0.000842   0.102927
      635 0.000822   0.100537
      562 0.000791  -0.096691
       70 0.000788   0.096315
      670 0.000786   0.096092
      688 0.000781  -0.095465
      582 0.000780  -0.095322
      683 0.000778   0.095071
      579 0.000776   0.094861
      184 0.000751  -0.091842
      578 0.000712   0.087057
      183 0.000699   0.085480
      143 0.000688   0.084119
      698 0.000688  -0.084083
      733 0.000678   0.082840
      621 0.000677  -0.082820
      718 0.000596  -0.072845
      666 0.000589  -0.071978
      228 0.000583  -0.071248
      602 0.000568  -0.069406
      253 0.000566  -0.069226
      341 0.000565   0.069055
      749 0.000563  -0.068815
      704 0.000549  -0.067111
      699 0.000476  -0.058225
      708 0.000464   0.056730
      567 0.000457  -0.055846
      174 0.000454   0.055521
      641 0.000451  -0.055104
      210 0.000438  -0.053615
      606 0.000432  -0.052841
      179 0.000430   0.052634
      153 0.000424   0.051847
      735 0.000420  -0.051406
      577 0.000414  -0.050598
      575 0.000410   0.050129
      583 0.000406  -0.049596
      620 0.000401  -0.049012
      171 0.000393  -0.048009
      362 0.000387  -0.047325
      220 0.000375  -0.045908
      709 0.000373  -0.045604
      267 0.000354  -0.043233
      707 0.000352  -0.043061
      631 0.000348  -0.042542
      604 0.000337  -0.041151
      848 0.000330  -0.040297
      601 0.000322   0.039404
      419 0.000317  -0.038717
      403 0.000314   0.038439
      204 0.000314   0.038398
      576 0.000311  -0.038080
      628 0.000310   0.037890
      412 0.000306  -0.037434
      807 0.000291   0.035604
      756 0.000287  -0.035146
      243 0.000285   0.034882
      137 0.000283  -0.034565
      587 0.000280   0.034235
      757 0.000279  -0.034120
      383 0.000268   0.032779
      400 0.000265  -0.032443
      199 0.000264  -0.032277
      573 0.000253   0.030935
      258 0.000249  -0.030453
      254 0.000248   0.030267
      815 0.000245  -0.029933
      753 0.000244  -0.029859
      271 0.000242   0.029643
      377 0.000241  -0.029516
      570 0.000236  -0.028815
      236 0.000233   0.028524
      696 0.000233  -0.028438
      580 0.000232  -0.028380
      787 0.000232   0.028306
      658 0.000230   0.028174
      161 0.000223   0.027268
      148 0.000220   0.026883
      132 0.000218   0.026633
      665 0.000215  -0.026293
      564 0.000214  -0.026202
      640 0.000214  -0.026198
      277 0.000214   0.026135
      941 0.000208  -0.025419
       91 0.000206  -0.025179
      853 0.000197  -0.024121
      234 0.000190   0.023197
      667 0.000188   0.022932
      687 0.000185   0.022630
      361 0.000184   0.022521
      175 0.000182  -0.022208
      759 0.000181   0.022137
      301 0.000180  -0.022059
      557 0.000180  -0.022025
      427 0.000180  -0.022012
      273 0.000176  -0.021569
      566 0.000176   0.021502
      741 0.000174   0.021303
      828 0.000174  -0.021234
      800 0.000172  -0.020996
      739 0.000170  -0.020765
      217 0.000169  -0.020633
      257 0.000169  -0.020603
      574 0.000165  -0.020142
      255 0.000164  -0.020053
      138 0.000163   0.019979
      549 0.000161  -0.019635
      380 0.000160   0.019562
      711 0.000158   0.019340
      820 0.000156  -0.019110
      743 0.000155  -0.018995
      247 0.000155   0.018906
      299 0.000154   0.018887
      398 0.000153  -0.018768
      784 0.000152  -0.018561
      857 0.000150  -0.018348
      373 0.000150  -0.018289
      798 0.000147   0.017982
      690 0.000147   0.017945
      353 0.000145  -0.017710
      790 0.000144   0.017612
      356 0.000144  -0.017606
      645 0.000143   0.017523
      295 0.000143  -0.017499
      793 0.000142  -0.017410
      355 0.000142   0.017364
      750 0.000139   0.016983
      585 0.000138  -0.016883
      908 0.000137  -0.016726
      436 0.000136   0.016582
      367 0.000134   0.016421
      249 0.000134  -0.016359
      107 0.000134  -0.016356
      697 0.000134   0.016324
      847 0.000133   0.016286
      629 0.000133  -0.016266
      369 0.000130   0.015859
      581 0.000129  -0.015737
      269 0.000128  -0.015654
      974 0.000128   0.015610
      855 0.000127  -0.015513
      294 0.000124  -0.015171
      736 0.000124  -0.015147
      859 0.000123   0.015077
      808 0.000123   0.015068
      423 0.000123  -0.015041
      431 0.000120  -0.014722
      600 0.000120  -0.014668
      266 0.000119  -0.014583
      354 0.000119   0.014571
      605 0.000118  -0.014394
      553 0.000117  -0.014335
      281 0.000117   0.014321
      638 0.000116  -0.014198
      795 0.000115   0.014063
      726 0.000115  -0.014056
      392 0.000115   0.014018
      552 0.000114  -0.013919
      818 0.000113  -0.013780
      594 0.000112  -0.013753
      740 0.000111  -0.013538
      241 0.000110   0.013418
      840 0.000110  -0.013394
      684 0.000108  -0.013183
      882 0.000107   0.013043
      742 0.000106  -0.012994
      801 0.000106  -0.012921
      762 0.000105   0.012860
      222 0.000105  -0.012815
      803 0.000104   0.012765
      261 0.000104  -0.012758
      308 0.000104  -0.012667
      263 0.000103  -0.012652
      844 0.000103  -0.012580
      584 0.000102  -0.012515
      312 0.000102  -0.012471
      829 0.000102   0.012423
      292 0.000102  -0.012422
      572 0.000100  -0.012288
      611 0.000099  -0.012104
      799 0.000098  -0.011993
      235 0.000098  -0.011979
      262 0.000094  -0.011498
      302 0.000094  -0.011487
      386 0.000094   0.011474
     1095 0.000094  -0.011457
      832 0.000094   0.011452
      723 0.000092  -0.011232
      291 0.000092   0.011208
      561 0.000091   0.011158
      802 0.000089   0.010853
      390 0.000088   0.010812
      632 0.000088   0.010739
      701 0.000087  -0.010663
      394 0.000087   0.010652
      824 0.000087   0.010641
      805 0.000086  -0.010527
      569 0.000086   0.010513
      597 0.000085  -0.010417
      374 0.000083   0.010209
      955 0.000083   0.010170
      428 0.000083   0.010170
      193 0.000083  -0.010163
      734 0.000082  -0.010039
      343 0.000080  -0.009833
      560 0.000080  -0.009813
      275 0.000079  -0.009686
      209 0.000079  -0.009665
      414 0.000079   0.009612
      826 0.000077  -0.009434
      778 0.000077  -0.009416
      776 0.000077  -0.009383
      313 0.000077  -0.009382
      744 0.000077  -0.009373
      268 0.000076  -0.009264
     1005 0.000076   0.009252
      913 0.000075  -0.009172
      728 0.000074  -0.009103
      937 0.000073  -0.008937
      748 0.000072  -0.008844
      591 0.000072   0.008771
      978 0.000071   0.008725
      654 0.000071   0.008676
      763 0.000071  -0.008633
      922 0.000070  -0.008619
      545 0.000069  -0.008437
      722 0.000069  -0.008419
      232 0.000067  -0.008243
      596 0.000066  -0.008094
      879 0.000066  -0.008037
      539 0.000066   0.008037
      863 0.000065  -0.007918
      425 0.000063   0.007764
      895 0.000061   0.007518
      789 0.000061   0.007463
      603 0.000060  -0.007284
      843 0.000059  -0.007273
      298 0.000059  -0.007181
      616 0.000059  -0.007165
      891 0.000058  -0.007089
      206 0.000058   0.007073
      322 0.000057  -0.006973
      198 0.000057   0.006963
      407 0.000057  -0.006949
      251 0.000056  -0.006902
      831 0.000055   0.006743
      780 0.000055  -0.006716
      858 0.000054  -0.006570
      614 0.000053   0.006485
      528 0.000052   0.006379
      782 0.000051  -0.006294
      325 0.000051  -0.006264
      870 0.000050  -0.006156
      542 0.000050   0.006145
      131 0.000050  -0.006125
      948 0.000050   0.006066
      329 0.000049  -0.005978
      821 0.000048  -0.005930
      540 0.000048  -0.005897
      864 0.000048   0.005820
      397 0.000047  -0.005780
      223 0.000047   0.005745
      239 0.000047   0.005706
      337 0.000046  -0.005660
      765 0.000046   0.005602
      867 0.000046   0.005593
      297 0.000046  -0.005586
      224 0.000046  -0.005584
      279 0.000045  -0.005558
      289 0.000045   0.005519
      409 0.000045  -0.005483
      987 0.000045   0.005461
      627 0.000045   0.005455
      928 0.000044  -0.005357
      319 0.000043   0.005301
      881 0.000043  -0.005249
      323 0.000043  -0.005234
      860 0.000043  -0.005219
      589 0.000042  -0.005179
      413 0.000042   0.005098
      448 0.000042   0.005093
       88 0.000041   0.005035
      535 0.000041   0.005017
       93 0.000040   0.004885
      332 0.000039  -0.004735
      874 0.000039  -0.004729
      770 0.000039   0.004716
      773 0.000038   0.004672
      677 0.000037   0.004538
     1001 0.000037  -0.004514
      643 0.000037  -0.004467
      518 0.000036   0.004360
      933 0.000036   0.004354
      950 0.000035  -0.004305
      491 0.000035   0.004271
      823 0.000035   0.004269
      530 0.000035   0.004231
      993 0.000034   0.004201
      410 0.000034  -0.004139
      636 0.000034  -0.004127
      310 0.000033  -0.004094
     1025 0.000033   0.004066
      488 0.000033   0.004052
      965 0.000033  -0.004007
      342 0.000032   0.003961
      532 0.000032   0.003880
      245 0.000031  -0.003794
      475 0.000031  -0.003776
     1032 0.000031   0.003760
      680 0.000031   0.003748
      842 0.000030  -0.003701
      590 0.000030  -0.003699
      592 0.000030  -0.003655
      333 0.000030  -0.003639
      884 0.000030  -0.003630
      432 0.000030   0.003625
      880 0.000029   0.003601
      814 0.000029   0.003566
      524 0.000029  -0.003506
      792 0.000029   0.003486
      169 0.000028  -0.003450
     1017 0.000028   0.003445
      445 0.000028  -0.003440
      608 0.000028  -0.003431
      610 0.000028  -0.003425
      650 0.000027  -0.003330
      942 0.000027   0.003306
      230 0.000027  -0.003241
      852 0.000026  -0.003235
      424 0.000026  -0.003198
      900 0.000026  -0.003131
      904 0.000025   0.003090
      694 0.000024   0.002955
      538 0.000024   0.002935
      894 0.000024  -0.002910
      406 0.000024  -0.002891
      917 0.000024   0.002880
     1034 0.000023  -0.002850
      519 0.000023   0.002841
      315 0.000023   0.002840
      227 0.000023   0.002803
      685 0.000023  -0.002777
      502 0.000023   0.002764
      536 0.000022  -0.002734
      938 0.000022   0.002703
      334 0.000021   0.002612
      455 0.000021  -0.002610
      216 0.000021  -0.002519
      943 0.000021   0.002514
      949 0.000020   0.002500
      489 0.000020   0.002476
      714 0.000020  -0.002471
      662 0.000020  -0.002444
      479 0.000020   0.002439
      512 0.000020  -0.002438
      320 0.000020   0.002416
      366 0.000020   0.002413
      324 0.000019  -0.002360
      727 0.000019  -0.002353
      420 0.000019   0.002329
      505 0.000019   0.002321
     1052 0.000019   0.002318
      830 0.000019   0.002316
      463 0.000019  -0.002288
      526 0.000019   0.002270
      458 0.000018   0.002256
      849 0.000018   0.002243
      214 0.000018   0.002167
      437 0.000018   0.002163
      290 0.000018   0.002160
      514 0.000017   0.002105
      838 0.000017   0.002075
      349 0.000017  -0.002069
      402 0.000017  -0.002062
      779 0.000016   0.001993
      278 0.000016  -0.001992
      732 0.000016   0.001963
      713 0.000016   0.001950
      856 0.000016   0.001919
      669 0.000016   0.001910
      335 0.000016  -0.001902
      321 0.000015  -0.001878
      452 0.000015  -0.001849
      907 0.000015   0.001836
      483 0.000015  -0.001810
      201 0.000015  -0.001799
      534 0.000015  -0.001791
      837 0.000014  -0.001766
      450 0.000014  -0.001757
      286 0.000014   0.001739
      619 0.000014   0.001723
      215 0.000014  -0.001664
      399 0.000013  -0.001636
      816 0.000013   0.001634
      543 0.000013  -0.001604
      769 0.000013  -0.001564
      462 0.000013   0.001559
     1047 0.000013   0.001552
      791 0.000013   0.001544
      296 0.000013  -0.001535
      875 0.000012  -0.001522
      634 0.000012  -0.001492
      213 0.000012   0.001460
     1010 0.000012   0.001456
      237 0.000012   0.001454
      868 0.000012  -0.001449
      681 0.000012  -0.001438
      346 0.000012   0.001420
      473 0.000011  -0.001378
      487 0.000011  -0.001346
      188 0.000011  -0.001345
      876 0.000011  -0.001315
      649 0.000011  -0.001309
      888 0.000011   0.001306
      655 0.000010  -0.001262
      927 0.000010  -0.001227
euclid. distance of OLC and linear combination of EV * x_coef: 0.010853632111740816

Generate samples based on objective loadcase 977
nr_to_generate: 25

Parameter variation distribution settings
distribution: uniform
low: 0.7
high: 1.3

Total process runtime: 0:00:01.290146
