Date and Time:2023-05-12 14:08:38.733595

Initial Settings:
similarity_model: <function cosine_similarity at 0x000001D005A6E5E0>
similarity_threshold: 1e-05
nr_eigv_to_select: None
distribution: uniform
deviation: 0.3
nr_to_generate: 25
recompute: False

Selected eigenvectors and similarity score w.r.t objective loadcase:
objective_loadcase_nr: 128
similarity_model: cosine_similarity
similarity_threshold: 1e-05
nr_eigv_to_select: None
nr_eigv_selected: 562
approximation parameter model: lstsq
similarity score and approx. param. value
:  eigv_idx    score      value
        1 0.560539  55.177284
        3 0.533555  52.521051
        2 0.483687 -47.612248
        0 0.404519  39.819290
        6 0.056149   5.527118
       39 0.012941   1.273896
        4 0.009851   0.969677
       68 0.005270  -0.518769
      639 0.003603   0.354699
      186 0.002240  -0.220527
       71 0.002136  -0.210293
      612 0.001989  -0.195790
      593 0.001864  -0.183486
       69 0.001765  -0.173785
      586 0.001679   0.165232
      618 0.001614   0.158859
      716 0.001558   0.153327
      187 0.001543  -0.151885
      663 0.001484  -0.146052
      710 0.001474  -0.145080
      668 0.001415   0.139305
      218 0.001392  -0.137057
      182 0.001215  -0.119580
      143 0.001076   0.105901
      595 0.001055   0.103804
      659 0.001045  -0.102842
      194 0.001034   0.101740
      617 0.000980   0.096489
      184 0.000963  -0.094768
       70 0.000881   0.086679
      686 0.000874  -0.085994
      749 0.000848  -0.083482
      388 0.000810  -0.079780
      700 0.000809   0.079608
      688 0.000796  -0.078332
      579 0.000786   0.077398
      683 0.000786   0.077352
      635 0.000755   0.074328
      599 0.000752   0.074013
      183 0.000732   0.072054
      562 0.000722  -0.071054
      626 0.000683   0.067221
      582 0.000680  -0.066900
      578 0.000657   0.064644
      670 0.000639   0.062948
      228 0.000583  -0.057401
      666 0.000572  -0.056304
      621 0.000569  -0.056037
      698 0.000569  -0.056023
      733 0.000565   0.055601
      735 0.000547  -0.053847
      179 0.000511   0.050286
      602 0.000511  -0.050254
      341 0.000495   0.048714
      253 0.000494  -0.048591
      171 0.000485  -0.047719
      137 0.000481  -0.047354
      708 0.000478   0.047051
      153 0.000452   0.044489
      174 0.000410   0.040406
      641 0.000407  -0.040016
      718 0.000401  -0.039468
      362 0.000401  -0.039461
      220 0.000398  -0.039205
      583 0.000384  -0.037815
      210 0.000384  -0.037752
      699 0.000382  -0.037622
      709 0.000376  -0.036974
      243 0.000373   0.036687
      567 0.000371  -0.036478
      756 0.000364  -0.035783
      576 0.000351  -0.034541
      606 0.000347  -0.034158
      757 0.000344  -0.033850
      628 0.000332   0.032690
      631 0.000331  -0.032623
      575 0.000328   0.032244
      577 0.000322  -0.031648
      620 0.000313  -0.030812
      741 0.000313   0.030764
      604 0.000312  -0.030720
      254 0.000303   0.029854
      132 0.000288   0.028346
      419 0.000286  -0.028170
      787 0.000284   0.027966
      848 0.000279  -0.027472
      267 0.000277  -0.027258
      853 0.000274  -0.026991
      400 0.000274  -0.026963
      412 0.000273  -0.026895
      807 0.000271   0.026711
      277 0.000267   0.026303
      403 0.000266   0.026197
      573 0.000266   0.026182
      704 0.000262  -0.025838
      739 0.000253  -0.024879
      148 0.000247   0.024270
      601 0.000244   0.024010
      271 0.000242   0.023802
      587 0.000240   0.023612
      258 0.000237  -0.023311
      161 0.000235   0.023158
       91 0.000233  -0.022922
      236 0.000231   0.022716
      640 0.000229  -0.022511
      815 0.000226  -0.022279
      750 0.000226   0.022266
      759 0.000226   0.022240
      658 0.000223   0.021982
      204 0.000222   0.021854
      377 0.000221  -0.021796
      361 0.000216   0.021236
      234 0.000208   0.020482
      383 0.000206   0.020263
      580 0.000203  -0.019961
      549 0.000201  -0.019750
      138 0.000199   0.019548
      570 0.000195  -0.019213
      941 0.000191  -0.018784
      707 0.000188  -0.018551
      249 0.000188  -0.018516
      687 0.000186   0.018308
      367 0.000186   0.018268
      355 0.000185   0.018237
      564 0.000183  -0.018055
      665 0.000183  -0.018040
      199 0.000179  -0.017593
      753 0.000177  -0.017438
      857 0.000172  -0.016884
      798 0.000170   0.016688
      828 0.000168  -0.016501
      427 0.000167  -0.016479
      566 0.000166   0.016366
      255 0.000164  -0.016114
      800 0.000163  -0.016060
      373 0.000162  -0.015913
      198 0.000160   0.015794
      175 0.000158  -0.015579
      301 0.000156  -0.015374
      295 0.000155  -0.015249
      308 0.000155  -0.015245
      820 0.000154  -0.015166
      557 0.000154  -0.015155
      380 0.000153   0.015080
      222 0.000153  -0.015017
      790 0.000152   0.014962
      257 0.000152  -0.014948
      107 0.000151  -0.014825
      398 0.000150  -0.014800
      262 0.000150  -0.014795
      743 0.000150  -0.014789
      847 0.000149   0.014639
      711 0.000148   0.014618
      353 0.000144  -0.014140
      581 0.000138  -0.013568
      667 0.000138   0.013546
      436 0.000137   0.013486
      690 0.000135   0.013325
      801 0.000134  -0.013209
      818 0.000133  -0.013081
      859 0.000131   0.012855
      574 0.000129  -0.012732
      247 0.000127   0.012510
      726 0.000125  -0.012267
      908 0.000125  -0.012263
      784 0.000124  -0.012231
      762 0.000124   0.012192
      392 0.000123   0.012146
      281 0.000123   0.012141
      241 0.000123   0.012137
      294 0.000121  -0.011927
      273 0.000121  -0.011910
      684 0.000120  -0.011828
      299 0.000120   0.011780
      645 0.000119   0.011717
      974 0.000118   0.011626
      629 0.000117  -0.011529
      261 0.000117  -0.011480
      390 0.000116   0.011463
      808 0.000115   0.011314
      855 0.000114  -0.011266
      431 0.000114  -0.011215
      269 0.000113  -0.011159
      605 0.000112  -0.011057
      423 0.000112  -0.011047
      585 0.000112  -0.011022
      882 0.000111   0.010920
      763 0.000110  -0.010833
      740 0.000110  -0.010807
      793 0.000110  -0.010780
      824 0.000108   0.010659
      266 0.000106  -0.010412
      594 0.000104  -0.010281
      840 0.000104  -0.010249
      561 0.000103   0.010183
      572 0.000101  -0.009981
      829 0.000100   0.009800
      723 0.000098  -0.009676
      364 0.000097  -0.009559
      217 0.000097  -0.009545
      638 0.000096  -0.009427
      302 0.000094  -0.009256
      600 0.000094  -0.009235
      386 0.000093   0.009193
      734 0.000093  -0.009192
      795 0.000093   0.009177
      805 0.000093  -0.009155
      803 0.000093   0.009147
      611 0.000093  -0.009127
      799 0.000093  -0.009120
      697 0.000091   0.008965
      312 0.000090  -0.008897
      770 0.000090   0.008888
      193 0.000090  -0.008880
      292 0.000089  -0.008713
     1095 0.000088  -0.008698
      843 0.000088  -0.008634
      275 0.000086  -0.008499
      844 0.000086  -0.008417
      407 0.000085  -0.008396
      428 0.000085   0.008384
      736 0.000085  -0.008357
      297 0.000084  -0.008281
      955 0.000084   0.008250
      773 0.000084   0.008247
      397 0.000083  -0.008186
      802 0.000082   0.008078
      414 0.000081   0.007972
      584 0.000080  -0.007903
      742 0.000079  -0.007821
      614 0.000079   0.007792
      343 0.000079  -0.007769
      701 0.000079  -0.007755
      235 0.000078  -0.007690
      597 0.000078  -0.007683
      354 0.000078   0.007649
      632 0.000077   0.007574
      318 0.000076   0.007519
      349 0.000076  -0.007479
      832 0.000075   0.007385
      545 0.000074  -0.007299
      552 0.000074  -0.007272
      553 0.000074  -0.007257
      728 0.000074  -0.007256
      359 0.000073   0.007220
      744 0.000073  -0.007216
      402 0.000072   0.007077
      268 0.000071  -0.006976
      589 0.000070  -0.006939
      879 0.000070  -0.006903
      826 0.000070  -0.006893
     1005 0.000069   0.006827
      320 0.000069  -0.006826
      319 0.000069   0.006788
      863 0.000069  -0.006772
      335 0.000069   0.006767
      696 0.000068  -0.006725
      913 0.000068  -0.006700
      425 0.000068   0.006685
      937 0.000068  -0.006677
      209 0.000068  -0.006644
      778 0.000067  -0.006581
      891 0.000067  -0.006575
      406 0.000066   0.006495
      374 0.000065   0.006446
      922 0.000065  -0.006393
      216 0.000064   0.006274
      748 0.000063  -0.006243
       88 0.000063   0.006238
      978 0.000063   0.006237
      782 0.000063  -0.006218
      264 0.000063   0.006172
      789 0.000062   0.006136
      214 0.000061  -0.005959
      323 0.000060  -0.005893
       93 0.000060   0.005889
      864 0.000060   0.005867
      315 0.000059   0.005820
      654 0.000059   0.005807
      357 0.000059  -0.005789
      313 0.000059  -0.005785
      539 0.000058   0.005711
      765 0.000057   0.005628
      350 0.000057   0.005581
      360 0.000056   0.005525
      322 0.000056  -0.005472
      596 0.000055  -0.005412
      776 0.000055  -0.005398
      780 0.000055  -0.005381
      276 0.000054  -0.005337
      226 0.000054   0.005302
      169 0.000053  -0.005262
      206 0.000053  -0.005241
      895 0.000053   0.005179
      409 0.000052  -0.005134
      296 0.000052   0.005070
      369 0.000051   0.005043
      382 0.000050  -0.004967
      603 0.000050  -0.004949
      830 0.000050   0.004941
      223 0.000050   0.004885
      356 0.000050  -0.004878
      131 0.000049  -0.004864
      251 0.000049  -0.004845
      870 0.000049  -0.004836
      347 0.000049   0.004821
      225 0.000049   0.004800
      608 0.000049  -0.004791
      722 0.000048  -0.004769
      540 0.000048  -0.004763
      823 0.000048   0.004710
      366 0.000048   0.004683
      542 0.000047   0.004635
      342 0.000047   0.004588
      528 0.000047   0.004580
      677 0.000046   0.004538
      821 0.000046  -0.004514
      259 0.000046   0.004491
      948 0.000046   0.004485
      874 0.000045  -0.004459
      867 0.000045   0.004404
      215 0.000045   0.004390
      904 0.000044   0.004355
      569 0.000044   0.004348
      333 0.000044   0.004337
      213 0.000044  -0.004298
      838 0.000043   0.004249
      987 0.000043   0.004229
      560 0.000043  -0.004214
      894 0.000042  -0.004181
      245 0.000042  -0.004172
      232 0.000042  -0.004150
      263 0.000042  -0.004131
      880 0.000041   0.004027
      448 0.000041   0.004005
      928 0.000041  -0.004001
      831 0.000040   0.003976
      592 0.000040  -0.003943
      881 0.000039  -0.003859
      291 0.000039   0.003858
      310 0.000039  -0.003842
      943 0.000039   0.003834
      884 0.000039  -0.003831
      858 0.000039  -0.003803
      965 0.000038  -0.003724
      839 0.000038  -0.003702
     1001 0.000037  -0.003648
      993 0.000036   0.003532
      535 0.000035   0.003472
      950 0.000035  -0.003459
      860 0.000034  -0.003393
      272 0.000034  -0.003374
      337 0.000034  -0.003332
      287 0.000034   0.003308
      530 0.000034   0.003307
      224 0.000033  -0.003285
      518 0.000033   0.003274
      289 0.000033   0.003259
      933 0.000033   0.003253
      445 0.000033  -0.003247
     1025 0.000033   0.003238
      591 0.000033   0.003228
      650 0.000033  -0.003227
      662 0.000032  -0.003180
      636 0.000032  -0.003106
      351 0.000031   0.003081
      274 0.000031   0.003057
      233 0.000031  -0.003050
      491 0.000030   0.002994
      221 0.000030  -0.002976
      769 0.000030  -0.002968
      410 0.000030  -0.002967
      942 0.000030   0.002955
      432 0.000030   0.002940
      348 0.000029   0.002901
      413 0.000029   0.002857
     1032 0.000029   0.002817
      837 0.000028   0.002760
      814 0.000028   0.002746
      424 0.000028  -0.002728
      488 0.000027   0.002672
     1017 0.000027   0.002643
      532 0.000027   0.002640
      330 0.000027   0.002624
      713 0.000027   0.002614
      334 0.000026   0.002571
      900 0.000026  -0.002562
      475 0.000026  -0.002542
      332 0.000026  -0.002518
      248 0.000025   0.002485
      675 0.000024   0.002406
      727 0.000024  -0.002399
      613 0.000024  -0.002386
      524 0.000024  -0.002382
      192 0.000024   0.002369
      694 0.000024  -0.002340
      399 0.000024   0.002325
      288 0.000023  -0.002302
      609 0.000023  -0.002300
      502 0.000023   0.002289
      201 0.000023   0.002273
      538 0.000023   0.002256
      321 0.000023  -0.002252
      293 0.000023  -0.002224
      625 0.000023  -0.002222
      191 0.000023  -0.002222
      519 0.000023   0.002218
      505 0.000022   0.002201
      298 0.000022  -0.002196
      917 0.000022   0.002175
      327 0.000022   0.002158
      449 0.000022  -0.002147
      792 0.000022   0.002141
      964 0.000022   0.002124
      242 0.000021  -0.002113
      229 0.000021  -0.002101
      938 0.000021   0.002097
      384 0.000021  -0.002090
       14 0.000021   0.002084
       13 0.000021  -0.002057
      239 0.000021   0.002054
      455 0.000021  -0.002041
      244 0.000021   0.002031
      197 0.000021   0.002028
      649 0.000020  -0.002000
      489 0.000020   0.001996
     1034 0.000020  -0.001982
      326 0.000020  -0.001971
      196 0.000020  -0.001939
      260 0.000019  -0.001905
      178 0.000019   0.001898
      394 0.000019   0.001893
      714 0.000019  -0.001892
      779 0.000019   0.001882
      195 0.000019  -0.001872
      338 0.000019   0.001855
      238 0.000019  -0.001827
      643 0.000018  -0.001810
      536 0.000018  -0.001808
      685 0.000018  -0.001806
     1052 0.000018   0.001805
      405 0.000018  -0.001795
      437 0.000018   0.001765
      227 0.000018  -0.001757
       40 0.000018  -0.001736
      286 0.000018   0.001728
      237 0.000018  -0.001727
      317 0.000017   0.001720
      966 0.000017   0.001715
       47 0.000017   0.001709
      512 0.000017  -0.001689
      164 0.000017  -0.001687
      314 0.000017   0.001684
      712 0.000017  -0.001682
      590 0.000017  -0.001678
      458 0.000017   0.001675
      463 0.000017  -0.001662
      385 0.000016   0.001616
      230 0.000016  -0.001613
      695 0.000016   0.001613
       42 0.000016  -0.001607
      420 0.000016   0.001595
      627 0.000016   0.001591
      619 0.000016   0.001562
       46 0.000016  -0.001548
      200 0.000016  -0.001548
      526 0.000016   0.001543
      724 0.000016  -0.001538
       43 0.000016  -0.001531
      395 0.000015  -0.001519
      988 0.000015  -0.001511
      329 0.000015  -0.001506
      344 0.000015  -0.001469
      556 0.000015   0.001453
      856 0.000015   0.001446
      450 0.000015  -0.001445
      811 0.000015   0.001444
      791 0.000015   0.001428
      949 0.000015   0.001428
      479 0.000014   0.001426
      534 0.000014  -0.001424
      375 0.000014   0.001423
      555 0.000014   0.001423
      693 0.000014  -0.001418
      868 0.000014  -0.001417
      345 0.000014   0.001410
      971 0.000014  -0.001398
      514 0.000014   0.001393
      462 0.000014   0.001384
      775 0.000014  -0.001376
      876 0.000014   0.001371
      188 0.000014  -0.001362
       37 0.000014   0.001357
      875 0.000014   0.001342
      935 0.000014  -0.001335
      190 0.000014  -0.001335
      927 0.000013  -0.001324
      887 0.000013  -0.001323
      610 0.000013   0.001316
      664 0.000013  -0.001303
       19 0.000013   0.001297
      849 0.000013  -0.001292
       35 0.000013   0.001290
      483 0.000013  -0.001286
      279 0.000013   0.001284
      883 0.000013   0.001280
      673 0.000013   0.001272
      358 0.000013  -0.001272
      623 0.000013  -0.001258
      336 0.000013  -0.001256
      732 0.000013   0.001239
      172 0.000013  -0.001234
       34 0.000013   0.001234
      810 0.000013   0.001231
      478 0.000012   0.001230
      816 0.000012   0.001225
       21 0.000012   0.001218
      681 0.000012   0.001215
      339 0.000012   0.001204
      921 0.000012  -0.001204
      177 0.000012  -0.001201
       41 0.000012   0.001201
      755 0.000012  -0.001195
       23 0.000012   0.001193
      934 0.000012  -0.001185
      903 0.000012  -0.001182
      642 0.000012  -0.001178
     1047 0.000012   0.001171
      510 0.000012  -0.001169
      252 0.000012  -0.001163
       74 0.000012   0.001161
        9 0.000012   0.001151
      902 0.000012  -0.001149
      852 0.000012   0.001146
      563 0.000012  -0.001146
      842 0.000012  -0.001142
       10 0.000012   0.001140
      270 0.000012   0.001134
      634 0.000011  -0.001118
      598 0.000011   0.001117
      340 0.000011  -0.001116
       49 0.000011  -0.001113
      835 0.000011  -0.001106
       24 0.000011  -0.001093
      104 0.000011  -0.001090
      368 0.000011   0.001086
      325 0.000011  -0.001085
      994 0.000011  -0.001078
      959 0.000011   0.001067
      418 0.000011  -0.001061
      571 0.000011  -0.001055
      764 0.000011   0.001051
      473 0.000011  -0.001047
      165 0.000010  -0.001024
     1074 0.000010   0.001019
      565 0.000010  -0.001017
       52 0.000010  -0.001006
      646 0.000010   0.001003
      103 0.000010   0.001001
      752 0.000010   0.000998
      760 0.000010   0.000989
      680 0.000010   0.000987
euclid. distance of OLC and linear combination of EV * x_coef: 0.009648275119347263

Generate samples based on objective loadcase 128
nr_to_generate: 25

Parameter variation distribution settings
distribution: uniform
low: 0.7
high: 1.3

Total process runtime: 0:00:01.333447
