Date and Time:2023-05-12 14:21:09.064068

Initial Settings:
similarity_model: <function cosine_similarity at 0x000001D005A6E5E0>
similarity_threshold: 1e-05
nr_eigv_to_select: None
distribution: uniform
deviation: 0.3
nr_to_generate: 25
recompute: False

Selected eigenvectors and similarity score w.r.t objective loadcase:
objective_loadcase_nr: 692
similarity_model: cosine_similarity
similarity_threshold: 1e-05
nr_eigv_to_select: None
nr_eigv_selected: 478
approximation parameter model: lstsq
similarity score and approx. param. value
:  eigv_idx    score      value
        1 0.556450  48.077177
        3 0.532014  45.965853
        2 0.493032 -42.597858
        0 0.400382  34.592893
        6 0.058867   5.086104
       39 0.016451   1.421339
        4 0.010084   0.871292
       68 0.004016  -0.346951
      639 0.003949   0.341169
      186 0.002432  -0.210128
      612 0.002164  -0.186940
      593 0.002097  -0.181217
      586 0.001914   0.165359
      716 0.001650   0.142572
      187 0.001635  -0.141261
      218 0.001629  -0.140731
      618 0.001590   0.137397
      663 0.001578  -0.136362
       71 0.001559  -0.134704
      710 0.001474  -0.127342
      668 0.001417   0.122434
       69 0.001257  -0.108635
      595 0.001201   0.103782
      194 0.001123   0.097044
      659 0.001070  -0.092414
      182 0.001021  -0.088199
      617 0.000984   0.085007
      388 0.000912  -0.078832
      686 0.000900  -0.077785
      626 0.000862   0.074500
      599 0.000835   0.072121
      700 0.000823   0.071149
      635 0.000813   0.070243
      562 0.000789  -0.068134
      688 0.000785  -0.067781
      184 0.000780  -0.067363
      582 0.000778  -0.067262
      683 0.000765   0.066138
      670 0.000761   0.065772
      579 0.000761   0.065728
      183 0.000742   0.064069
      143 0.000726   0.062710
      578 0.000710   0.061380
      621 0.000672  -0.058042
       70 0.000663   0.057296
      698 0.000658  -0.056889
      733 0.000651   0.056208
      749 0.000618  -0.053388
      666 0.000579  -0.049992
      341 0.000567   0.048996
      602 0.000566  -0.048881
      718 0.000546  -0.047138
      253 0.000540  -0.046657
      228 0.000531  -0.045866
      704 0.000486  -0.041993
      708 0.000471   0.040698
      153 0.000455   0.039277
      567 0.000454  -0.039253
      699 0.000450  -0.038886
      641 0.000450  -0.038873
      174 0.000448   0.038749
      606 0.000436  -0.037627
      735 0.000434  -0.037479
      179 0.000426   0.036776
      210 0.000425  -0.036687
      577 0.000416  -0.035962
      575 0.000406   0.035040
      220 0.000403  -0.034780
      583 0.000400  -0.034575
      171 0.000395  -0.034113
      620 0.000391  -0.033750
      362 0.000385  -0.033266
      709 0.000372  -0.032146
      267 0.000352  -0.030380
      631 0.000350  -0.030218
      848 0.000333  -0.028741
      604 0.000326  -0.028140
      419 0.000319  -0.027604
      807 0.000317   0.027353
      707 0.000313  -0.027075
      412 0.000312  -0.026973
      601 0.000310   0.026756
      576 0.000303  -0.026144
      628 0.000297   0.025679
      756 0.000296  -0.025617
      403 0.000294   0.025369
      757 0.000289  -0.024989
      587 0.000281   0.024279
      243 0.000273   0.023618
      204 0.000269   0.023222
      137 0.000263  -0.022748
      258 0.000261  -0.022553
      400 0.000260  -0.022454
      254 0.000258   0.022300
      573 0.000252   0.021792
      383 0.000245   0.021158
      753 0.000243  -0.020985
      377 0.000240  -0.020767
      815 0.000238  -0.020604
      570 0.000238  -0.020554
      580 0.000232  -0.020085
      658 0.000226   0.019510
      271 0.000220   0.019026
      696 0.000219  -0.018883
      361 0.000216   0.018677
      236 0.000215   0.018580
      199 0.000215  -0.018535
      853 0.000213  -0.018382
      787 0.000213   0.018365
      564 0.000212  -0.018328
      741 0.000210   0.018178
      941 0.000210  -0.018176
      277 0.000206   0.017823
      665 0.000206  -0.017777
      132 0.000202   0.017433
      161 0.000201   0.017372
      148 0.000196   0.016933
      640 0.000195  -0.016862
      549 0.000191  -0.016528
      234 0.000190   0.016456
      828 0.000186  -0.016107
      800 0.000186  -0.016084
      739 0.000186  -0.016051
      687 0.000186   0.016036
      427 0.000185  -0.016014
      255 0.000181  -0.015681
      759 0.000181   0.015661
      301 0.000181  -0.015655
      273 0.000178  -0.015411
      175 0.000174  -0.015047
      820 0.000173  -0.014968
      373 0.000171  -0.014734
      667 0.000170   0.014687
      355 0.000170   0.014650
      398 0.000167  -0.014422
      557 0.000167  -0.014399
      793 0.000165  -0.014281
      574 0.000164  -0.014205
      566 0.000162   0.013957
      247 0.000160   0.013826
      299 0.000159   0.013748
      711 0.000158   0.013682
      380 0.000158   0.013646
      784 0.000157  -0.013594
      743 0.000157  -0.013549
      257 0.000157  -0.013534
      750 0.000155   0.013387
      367 0.000154   0.013324
       91 0.000153  -0.013262
      295 0.000151  -0.013087
      798 0.000145   0.012529
      269 0.000143  -0.012335
      690 0.000143   0.012329
      857 0.000141  -0.012166
      353 0.000139  -0.012049
      908 0.000138  -0.011958
      855 0.000137  -0.011850
      645 0.000136   0.011778
      790 0.000135   0.011624
      436 0.000134   0.011597
      808 0.000134   0.011562
      217 0.000133  -0.011500
      847 0.000133   0.011480
      249 0.000132  -0.011370
      138 0.000131   0.011356
      974 0.000130   0.011225
      585 0.000129  -0.011108
      294 0.000128  -0.011100
      392 0.000128   0.011030
      629 0.000125  -0.010806
      423 0.000125  -0.010757
      431 0.000124  -0.010701
      697 0.000124   0.010694
      581 0.000123  -0.010651
      795 0.000121   0.010456
      107 0.000120  -0.010402
      266 0.000120  -0.010388
      605 0.000119  -0.010305
      726 0.000118  -0.010224
      818 0.000118  -0.010214
      882 0.000118   0.010197
      684 0.000117  -0.010107
      235 0.000116  -0.009987
      261 0.000115  -0.009949
      241 0.000115   0.009917
      281 0.000114   0.009892
      638 0.000114  -0.009820
      840 0.000112  -0.009714
      736 0.000110  -0.009519
      312 0.000110  -0.009517
      390 0.000110   0.009480
      600 0.000110  -0.009469
      262 0.000110  -0.009466
      762 0.000109   0.009395
      859 0.000108   0.009367
      354 0.000108   0.009339
      222 0.000108  -0.009331
      198 0.000108   0.009304
      561 0.000108   0.009288
      799 0.000107  -0.009229
      740 0.000107  -0.009222
      584 0.000105  -0.009058
      594 0.000104  -0.009025
      553 0.000104  -0.008966
      275 0.000103  -0.008903
      308 0.000102  -0.008846
      572 0.000102  -0.008798
      844 0.000101  -0.008715
      742 0.000100  -0.008681
      369 0.000100   0.008649
      611 0.000099  -0.008562
      292 0.000097  -0.008367
     1095 0.000096  -0.008305
      723 0.000095  -0.008171
      263 0.000093  -0.008010
      302 0.000092  -0.007974
      552 0.000092  -0.007973
      778 0.000091  -0.007832
      356 0.000090  -0.007780
      386 0.000089   0.007720
      824 0.000088   0.007621
      803 0.000087   0.007505
      955 0.000086   0.007467
      829 0.000085   0.007376
      734 0.000085  -0.007332
      569 0.000084   0.007248
      832 0.000084   0.007232
      428 0.000082   0.007084
      632 0.000080   0.006931
      701 0.000079  -0.006865
      728 0.000079  -0.006836
      744 0.000078  -0.006749
      591 0.000078   0.006721
      597 0.000077  -0.006669
     1005 0.000077   0.006668
      414 0.000077   0.006637
      268 0.000076  -0.006551
      913 0.000075  -0.006492
      251 0.000075  -0.006451
      879 0.000075  -0.006450
      937 0.000075  -0.006444
      802 0.000074   0.006361
      374 0.000073   0.006348
      801 0.000073  -0.006344
      978 0.000073   0.006295
      407 0.000072  -0.006235
      922 0.000072  -0.006214
      545 0.000071  -0.006174
      748 0.000071  -0.006170
      560 0.000071  -0.006163
      343 0.000071  -0.006102
      313 0.000070  -0.006076
      891 0.000069  -0.005960
      425 0.000069   0.005953
      863 0.000069  -0.005922
      298 0.000068  -0.005909
      826 0.000068  -0.005849
      763 0.000067  -0.005808
      843 0.000066  -0.005727
      291 0.000066   0.005710
      805 0.000066  -0.005672
      223 0.000066   0.005668
      209 0.000065  -0.005625
      654 0.000065   0.005593
      776 0.000064  -0.005543
      539 0.000064   0.005538
      614 0.000063   0.005472
      193 0.000062  -0.005380
      616 0.000061  -0.005290
      895 0.000061   0.005289
      722 0.000061  -0.005231
      789 0.000061   0.005230
      596 0.000059  -0.005074
      397 0.000059  -0.005068
      322 0.000058  -0.005041
      364 0.000058  -0.004978
      319 0.000057   0.004914
      782 0.000057  -0.004886
      245 0.000055  -0.004784
      337 0.000055  -0.004738
      948 0.000054   0.004634
      230 0.000054  -0.004623
      603 0.000053  -0.004615
      394 0.000053   0.004612
      239 0.000053   0.004602
      528 0.000053   0.004539
      821 0.000052  -0.004501
      831 0.000051   0.004411
      542 0.000050   0.004339
      232 0.000049  -0.004255
      349 0.000048  -0.004176
      765 0.000048   0.004172
      409 0.000048  -0.004143
      342 0.000048   0.004110
      540 0.000047  -0.004080
      987 0.000046   0.003948
      332 0.000045  -0.003914
      677 0.000045   0.003911
      323 0.000045  -0.003898
      928 0.000045  -0.003861
      867 0.000044   0.003821
      780 0.000044  -0.003800
      325 0.000044  -0.003794
      860 0.000044  -0.003785
      881 0.000044  -0.003782
      858 0.000044  -0.003768
      359 0.000043   0.003710
      226 0.000043   0.003684
      535 0.000042   0.003612
      864 0.000041   0.003580
      329 0.000041  -0.003569
      297 0.000041  -0.003563
      448 0.000041   0.003557
      773 0.000041   0.003536
      770 0.000041   0.003520
      823 0.000040   0.003447
      225 0.000040   0.003415
      224 0.000039  -0.003377
      227 0.000039   0.003376
     1001 0.000039  -0.003341
      366 0.000038   0.003313
      169 0.000038  -0.003295
      870 0.000038  -0.003266
      627 0.000038   0.003259
      279 0.000038  -0.003254
      289 0.000037   0.003211
      589 0.000037  -0.003202
      650 0.000037  -0.003197
      518 0.000037   0.003179
      965 0.000036  -0.003154
      993 0.000036   0.003123
      933 0.000036   0.003114
      357 0.000036  -0.003079
      830 0.000035   0.003063
      216 0.000035   0.003034
      608 0.000035  -0.003015
      792 0.000035   0.003000
      310 0.000035  -0.002994
     1025 0.000034   0.002971
      491 0.000034   0.002965
      530 0.000034   0.002926
      350 0.000033   0.002869
      410 0.000033  -0.002859
      532 0.000032   0.002735
      445 0.000032  -0.002734
     1032 0.000032   0.002731
      488 0.000031   0.002695
      402 0.000031   0.002679
      950 0.000031  -0.002664
      214 0.000030  -0.002618
      662 0.000030  -0.002615
      874 0.000030  -0.002611
      636 0.000030  -0.002607
      131 0.000029  -0.002542
      475 0.000029  -0.002540
      838 0.000029   0.002511
      590 0.000029  -0.002499
      360 0.000029   0.002492
     1017 0.000029   0.002480
      904 0.000029   0.002465
      424 0.000028  -0.002451
      900 0.000028  -0.002433
      318 0.000028   0.002430
      524 0.000028  -0.002422
      432 0.000028   0.002418
      643 0.000028  -0.002416
      814 0.000028   0.002377
      382 0.000027  -0.002349
      413 0.000027   0.002335
      942 0.000026   0.002262
      842 0.000025  -0.002190
      592 0.000025  -0.002150
      839 0.000025  -0.002122
      215 0.000024   0.002114
      917 0.000024   0.002100
      894 0.000024  -0.002095
      335 0.000024   0.002093
      264 0.000024   0.002092
      315 0.000024   0.002081
      406 0.000024   0.002073
      320 0.000023  -0.002022
     1034 0.000023  -0.002020
      502 0.000023   0.002019
      519 0.000023   0.001980
      321 0.000023  -0.001961
      538 0.000022   0.001931
      455 0.000021  -0.001856
      727 0.000021  -0.001850
      505 0.000021   0.001839
      938 0.000021   0.001838
      536 0.000021  -0.001827
      384 0.000021  -0.001826
      880 0.000021   0.001821
      489 0.000021   0.001790
      276 0.000020  -0.001760
      714 0.000020  -0.001755
      347 0.000020   0.001743
      680 0.000020   0.001736
      213 0.000020  -0.001714
      685 0.000020  -0.001708
     1052 0.000020   0.001686
      949 0.000019   0.001683
      610 0.000019  -0.001674
      526 0.000019   0.001669
      943 0.000019   0.001667
      512 0.000019  -0.001667
      437 0.000019   0.001616
      252 0.000019  -0.001614
      463 0.000019  -0.001603
      458 0.000018   0.001565
      713 0.000018   0.001556
      479 0.000018   0.001552
      779 0.000018   0.001552
      221 0.000018  -0.001533
      324 0.000018  -0.001518
      856 0.000018   0.001514
      233 0.000017  -0.001497
      514 0.000017   0.001469
      178 0.000017   0.001461
      296 0.000016   0.001409
      907 0.000016   0.001401
      884 0.000016  -0.001388
      675 0.000016   0.001346
      649 0.000015  -0.001296
      450 0.000015  -0.001294
      188 0.000015  -0.001277
      290 0.000015   0.001275
      732 0.000015   0.001273
       86 0.000015  -0.001263
      619 0.000014   0.001239
      483 0.000014  -0.001217
      791 0.000014   0.001212
      229 0.000014  -0.001198
       87 0.000014  -0.001186
      534 0.000014  -0.001183
      816 0.000014   0.001182
      192 0.000014   0.001168
      104 0.000013   0.001163
      462 0.000013   0.001154
      242 0.000013  -0.001124
      837 0.000013   0.001122
      387 0.000013   0.001112
     1047 0.000013   0.001110
       43 0.000013  -0.001093
      115 0.000012  -0.001063
      868 0.000012  -0.001056
     1010 0.000012   0.001053
      646 0.000012   0.001052
      420 0.000012   0.001040
      669 0.000012   0.001028
      903 0.000012  -0.001016
      478 0.000012   0.001013
      634 0.000012  -0.001011
      351 0.000012   0.001009
      405 0.000011  -0.000990
      278 0.000011  -0.000985
      510 0.000011  -0.000976
      694 0.000011   0.000973
      238 0.000011  -0.000970
      449 0.000011  -0.000964
      473 0.000011  -0.000960
      769 0.000011  -0.000957
      248 0.000011   0.000953
      775 0.000011   0.000947
      883 0.000011   0.000922
      195 0.000011  -0.000922
      418 0.000011  -0.000919
      286 0.000011   0.000918
      543 0.000011  -0.000913
      452 0.000010  -0.000907
      177 0.000010  -0.000905
      794 0.000010   0.000902
       40 0.000010  -0.000883
      487 0.000010  -0.000881
      811 0.000010   0.000879
     1061 0.000010  -0.000871
      316 0.000010   0.000870
      191 0.000010  -0.000865
euclid. distance of OLC and linear combination of EV * x_coef: 0.008358779935334163

Generate samples based on objective loadcase 692
nr_to_generate: 25

Parameter variation distribution settings
distribution: uniform
low: 0.7
high: 1.3

Total process runtime: 0:00:01.281582
