Date and Time:2023-05-12 14:26:04.126489

Initial Settings:
similarity_model: <function cosine_similarity at 0x000001D005A6E5E0>
similarity_threshold: 1e-05
nr_eigv_to_select: None
distribution: uniform
deviation: 0.3
nr_to_generate: 25
recompute: False

Selected eigenvectors and similarity score w.r.t objective loadcase:
objective_loadcase_nr: 912
similarity_model: cosine_similarity
similarity_threshold: 1e-05
nr_eigv_to_select: None
nr_eigv_selected: 471
approximation parameter model: lstsq
similarity score and approx. param. value
:  eigv_idx    score      value
        1 0.548026  64.680633
        3 0.543341  64.127672
        2 0.498298 -58.811462
        0 0.390881  46.133619
        6 0.052582   6.205972
       39 0.020010   2.361713
        4 0.010646   1.256532
      639 0.003781   0.446293
      186 0.002278  -0.268834
      593 0.002132  -0.251680
      612 0.002121  -0.250336
       68 0.002011  -0.237375
      586 0.001948   0.229877
      218 0.001836  -0.216682
      716 0.001610   0.189975
      710 0.001536  -0.181319
      187 0.001494  -0.176338
      663 0.001429  -0.168602
      618 0.001413   0.166774
      668 0.001321   0.155853
      595 0.001247   0.147217
      194 0.001038   0.122494
      659 0.000992  -0.117054
      626 0.000950   0.112120
      182 0.000948  -0.111899
      686 0.000944  -0.111415
      143 0.000932   0.110055
      388 0.000932  -0.109995
      617 0.000908   0.107121
      599 0.000821   0.096941
      688 0.000809  -0.095501
      635 0.000781   0.092162
      562 0.000779  -0.091969
      582 0.000770  -0.090869
      670 0.000753   0.088890
      700 0.000702   0.082856
      578 0.000700   0.082569
      621 0.000695  -0.081975
      184 0.000694  -0.081962
      183 0.000685   0.080795
      579 0.000666   0.078620
      683 0.000652   0.076962
      733 0.000642   0.075819
      749 0.000639  -0.075452
      698 0.000631  -0.074489
      341 0.000587   0.069317
      718 0.000554  -0.065392
      666 0.000546  -0.064438
      704 0.000541  -0.063805
      602 0.000535  -0.063120
      253 0.000523  -0.061711
      606 0.000501  -0.059161
      567 0.000495  -0.058465
      708 0.000481   0.056785
      153 0.000474   0.055915
      577 0.000470  -0.055458
      174 0.000463   0.054591
      699 0.000438  -0.051674
      735 0.000430  -0.050805
      575 0.000429   0.050656
      641 0.000422  -0.049855
      228 0.000415  -0.048942
      620 0.000412  -0.048660
      220 0.000399  -0.047133
      709 0.000391  -0.046177
      583 0.000389  -0.045969
      267 0.000383  -0.045201
      210 0.000382  -0.045054
      179 0.000381   0.044989
      601 0.000345   0.040774
      707 0.000343  -0.040526
      362 0.000342  -0.040318
      848 0.000339  -0.039999
       70 0.000336   0.039618
      807 0.000330   0.038916
      171 0.000327  -0.038651
      419 0.000323  -0.038123
      412 0.000323  -0.038070
      631 0.000321  -0.037943
      137 0.000319  -0.037653
      403 0.000318   0.037587
      258 0.000305  -0.036008
      696 0.000305  -0.035996
      756 0.000300  -0.035457
      204 0.000295   0.034813
      604 0.000291  -0.034363
      383 0.000289   0.034067
      587 0.000286   0.033788
      757 0.000286  -0.033718
      753 0.000282  -0.033321
      243 0.000268   0.031602
      570 0.000260  -0.030695
      199 0.000250  -0.029451
      576 0.000248  -0.029302
      377 0.000240  -0.028330
      628 0.000236   0.027824
      400 0.000228  -0.026879
      580 0.000224  -0.026437
      741 0.000223   0.026291
      273 0.000222  -0.026188
      853 0.000218  -0.025763
      564 0.000215  -0.025340
      815 0.000213  -0.025177
      793 0.000212  -0.025069
      573 0.000212   0.024998
      658 0.000212   0.024981
      132 0.000211   0.024943
      254 0.000207   0.024471
      739 0.000206  -0.024292
      941 0.000196  -0.023164
      665 0.000195  -0.022957
      800 0.000193  -0.022786
      301 0.000191  -0.022501
      787 0.000191   0.022487
      271 0.000189   0.022346
      427 0.000187  -0.022114
      828 0.000187  -0.022037
      175 0.000183  -0.021621
      235 0.000182  -0.021513
      269 0.000182  -0.021474
      277 0.000178   0.021007
      299 0.000177   0.020907
      361 0.000177   0.020900
      820 0.000175  -0.020658
      687 0.000174   0.020536
      255 0.000174  -0.020491
      557 0.000172  -0.020272
      247 0.000171   0.020176
      667 0.000170   0.020088
      784 0.000170  -0.020062
      574 0.000169  -0.019974
      743 0.000169  -0.019950
      161 0.000166   0.019628
      549 0.000166  -0.019573
      750 0.000162   0.019078
      230 0.000162  -0.019074
      711 0.000161   0.019041
      585 0.000161  -0.018946
      369 0.000159   0.018757
      356 0.000158  -0.018651
      373 0.000157  -0.018538
      217 0.000154  -0.018170
      855 0.000154  -0.018142
      148 0.000151   0.017859
      380 0.000149   0.017537
      257 0.000148  -0.017523
      566 0.000148   0.017471
      605 0.000145  -0.017137
      392 0.000143   0.016884
      857 0.000143  -0.016868
       71 0.000143  -0.016856
      234 0.000142   0.016708
      726 0.000141  -0.016605
      398 0.000139  -0.016404
      795 0.000137   0.016185
      808 0.000137   0.016146
      236 0.000136   0.016033
      553 0.000135  -0.015937
      312 0.000132  -0.015525
      263 0.000131  -0.015474
      818 0.000131  -0.015464
      790 0.000131   0.015445
      690 0.000130   0.015327
      353 0.000130  -0.015294
      908 0.000129  -0.015176
      354 0.000128   0.015136
      847 0.000128   0.015117
      227 0.000128   0.015085
      697 0.000127   0.015038
      294 0.000127  -0.015036
      645 0.000126   0.014920
      295 0.000126  -0.014919
      423 0.000126  -0.014828
      239 0.000125   0.014709
      241 0.000124   0.014679
      431 0.000124  -0.014584
      736 0.000123  -0.014462
      974 0.000123   0.014459
      742 0.000121  -0.014313
      640 0.000121  -0.014288
      436 0.000118   0.013908
      355 0.000117   0.013857
      629 0.000117  -0.013801
      581 0.000112  -0.013240
      591 0.000112   0.013166
      638 0.000111  -0.013129
      799 0.000110  -0.013018
      882 0.000109   0.012819
      616 0.000109  -0.012811
      859 0.000109   0.012808
      778 0.000108  -0.012728
      840 0.000105  -0.012444
      684 0.000105  -0.012337
      275 0.000104  -0.012285
      367 0.000104   0.012260
      266 0.000104  -0.012226
       91 0.000103  -0.012161
      798 0.000102   0.012092
      600 0.000101  -0.011926
      584 0.000101  -0.011879
      281 0.000100   0.011841
      569 0.000100   0.011804
      824 0.000099   0.011719
      262 0.000099  -0.011689
      292 0.000099  -0.011641
      107 0.000098  -0.011597
      844 0.000098  -0.011549
      611 0.000096  -0.011367
      261 0.000096  -0.011336
      740 0.000096  -0.011322
      594 0.000095  -0.011249
      552 0.000094  -0.011041
      832 0.000092   0.010830
      759 0.000092   0.010820
     1095 0.000091  -0.010741
      829 0.000089   0.010529
      561 0.000088   0.010377
      251 0.000088  -0.010359
      206 0.000087   0.010289
      249 0.000086  -0.010185
      223 0.000086   0.010101
      723 0.000085  -0.010023
      291 0.000085   0.010003
      632 0.000085   0.009986
      209 0.000084  -0.009936
      744 0.000083  -0.009846
      734 0.000083  -0.009845
      572 0.000083  -0.009794
      308 0.000082  -0.009734
      302 0.000082  -0.009728
      596 0.000082  -0.009652
      560 0.000081  -0.009517
      268 0.000080  -0.009408
      955 0.000079   0.009325
      193 0.000079  -0.009315
      337 0.000079  -0.009298
      937 0.000077  -0.009145
      728 0.000077  -0.009113
      701 0.000076  -0.009021
      386 0.000075   0.008842
     1005 0.000075   0.008800
      978 0.000074   0.008700
      279 0.000072  -0.008471
      428 0.000072   0.008465
      343 0.000071  -0.008392
      748 0.000071  -0.008388
      913 0.000071  -0.008387
      654 0.000070   0.008246
      332 0.000070  -0.008235
      222 0.000070  -0.008214
      138 0.000069   0.008110
      803 0.000069   0.008108
      394 0.000068   0.008002
      843 0.000067  -0.007955
      414 0.000067   0.007953
      374 0.000067   0.007949
      879 0.000067  -0.007889
      782 0.000067  -0.007865
      922 0.000066  -0.007801
      722 0.000065  -0.007685
      762 0.000065   0.007643
      298 0.000065  -0.007639
      545 0.000064  -0.007569
      329 0.000064  -0.007540
      826 0.000064  -0.007538
      948 0.000064   0.007528
      425 0.000062   0.007359
      539 0.000062   0.007350
      325 0.000062  -0.007296
      863 0.000061  -0.007234
      891 0.000061  -0.007223
      776 0.000061  -0.007209
      597 0.000060  -0.007110
      390 0.000059   0.007013
      801 0.000059  -0.006989
      313 0.000059  -0.006944
      802 0.000058   0.006807
      895 0.000057   0.006718
      831 0.000057   0.006714
      614 0.000054   0.006429
      821 0.000054  -0.006422
      770 0.000054   0.006408
      322 0.000054  -0.006329
      290 0.000053   0.006281
      528 0.000053   0.006209
      789 0.000052   0.006092
      289 0.000050   0.005925
      297 0.000049  -0.005813
      627 0.000049   0.005732
      860 0.000048  -0.005689
      765 0.000048   0.005661
      319 0.000048   0.005658
      169 0.000047  -0.005559
      590 0.000046  -0.005453
      542 0.000046   0.005429
      792 0.000045   0.005284
      407 0.000045  -0.005281
      397 0.000045  -0.005256
      805 0.000044  -0.005213
      773 0.000044   0.005192
      864 0.000044   0.005178
      104 0.000044   0.005178
      535 0.000044   0.005171
      323 0.000044  -0.005140
      870 0.000043  -0.005070
       88 0.000043  -0.005040
      540 0.000042  -0.004982
      867 0.000042   0.004910
      245 0.000041  -0.004883
      987 0.000041   0.004873
      694 0.000041   0.004806
      881 0.000040  -0.004768
      928 0.000040  -0.004764
      589 0.000040  -0.004763
      775 0.000040   0.004683
      858 0.000040  -0.004669
      603 0.000039  -0.004632
      198 0.000039   0.004578
      409 0.000038  -0.004510
       69 0.000038  -0.004496
      342 0.000038   0.004476
      823 0.000037   0.004389
      874 0.000037  -0.004372
      448 0.000037   0.004315
     1001 0.000036  -0.004291
      491 0.000036   0.004288
      518 0.000036   0.004276
      650 0.000036  -0.004260
      636 0.000035  -0.004145
      677 0.000035   0.004078
      933 0.000034   0.004051
       93 0.000034  -0.004020
      333 0.000034  -0.003984
      488 0.000033   0.003954
      532 0.000033   0.003948
      943 0.000033   0.003920
      965 0.000033  -0.003853
      410 0.000033  -0.003840
      310 0.000032  -0.003742
      904 0.000032   0.003732
      894 0.000032  -0.003728
      993 0.000031   0.003692
     1025 0.000031   0.003681
      610 0.000031  -0.003631
     1032 0.000031   0.003621
      475 0.000031  -0.003606
      530 0.000030   0.003567
      321 0.000030  -0.003527
      224 0.000030  -0.003519
      643 0.000030  -0.003508
      524 0.000029  -0.003412
      880 0.000029   0.003383
      445 0.000028  -0.003358
      364 0.000028   0.003354
      950 0.000028  -0.003326
      942 0.000028   0.003322
      315 0.000027   0.003229
      232 0.000027  -0.003172
      842 0.000027  -0.003158
     1017 0.000026   0.003027
      424 0.000026  -0.003021
      216 0.000025  -0.002967
      588 0.000025   0.002948
      359 0.000025  -0.002911
      814 0.000025   0.002894
      900 0.000024  -0.002853
     1034 0.000024  -0.002817
      201 0.000024  -0.002817
      432 0.000024   0.002814
      250 0.000023   0.002703
      649 0.000023  -0.002658
      884 0.000022  -0.002624
      685 0.000022  -0.002579
      917 0.000022   0.002564
      526 0.000022   0.002557
      479 0.000021   0.002490
      519 0.000021   0.002457
      662 0.000021  -0.002456
      214 0.000021   0.002433
      502 0.000020   0.002406
      714 0.000020  -0.002382
      252 0.000020  -0.002376
      455 0.000020  -0.002370
      536 0.000020  -0.002347
      226 0.000020  -0.002345
      286 0.000019   0.002289
      856 0.000019   0.002271
      780 0.000019  -0.002268
      938 0.000019   0.002258
      346 0.000019   0.002248
      514 0.000019   0.002241
      324 0.000019  -0.002233
      225 0.000019  -0.002224
      463 0.000019  -0.002220
      512 0.000019  -0.002203
      244 0.000019  -0.002194
      680 0.000019   0.002184
      320 0.000018   0.002182
      406 0.000018  -0.002170
      284 0.000018   0.002156
      350 0.000018  -0.002152
      794 0.000018   0.002148
      437 0.000018   0.002140
     1052 0.000018   0.002132
      489 0.000018   0.002092
      366 0.000018   0.002091
      592 0.000018  -0.002089
      769 0.000018   0.002083
      413 0.000018   0.002077
      608 0.000017  -0.002051
      907 0.000017   0.002044
      949 0.000017   0.002040
      283 0.000017   0.002021
      538 0.000017   0.002014
      458 0.000017   0.002001
      215 0.000017  -0.001962
      335 0.000017  -0.001950
      357 0.000016   0.001941
      360 0.000016  -0.001936
      727 0.000016  -0.001921
      318 0.000016  -0.001907
      505 0.000016   0.001889
      732 0.000016   0.001852
      402 0.000016  -0.001846
      811 0.000015   0.001768
      830 0.000015   0.001744
     1010 0.000015   0.001721
      450 0.000014  -0.001678
      285 0.000014   0.001637
      816 0.000014   0.001629
       86 0.000014   0.001613
      328 0.000013  -0.001579
      452 0.000013  -0.001576
      935 0.000013  -0.001569
      213 0.000013   0.001568
      927 0.000013  -0.001534
      188 0.000013  -0.001521
      347 0.000013  -0.001520
     1073 0.000013  -0.001519
      483 0.000013  -0.001515
       87 0.000013   0.001512
      883 0.000013   0.001501
      669 0.000012   0.001458
      921 0.000012  -0.001445
      619 0.000012   0.001444
      791 0.000012   0.001428
      804 0.000012  -0.001421
      837 0.000012  -0.001406
     1047 0.000012   0.001388
      849 0.000012   0.001378
      810 0.000012   0.001375
      399 0.000012  -0.001362
      634 0.000012  -0.001360
      934 0.000012  -0.001360
      487 0.000011  -0.001314
      462 0.000011   0.001303
      971 0.000011  -0.001292
      809 0.000011   0.001278
      534 0.000011  -0.001277
      461 0.000011   0.001266
      473 0.000011  -0.001260
      478 0.000011   0.001249
       89 0.000011   0.001243
      713 0.000010   0.001238
      152 0.000010   0.001230
      868 0.000010  -0.001223
      128 0.000010   0.001223
      248 0.000010  -0.001218
     1061 0.000010  -0.001208
      221 0.000010   0.001186
      609 0.000010   0.001183
euclid. distance of OLC and linear combination of EV * x_coef: 0.009941717091177292

Generate samples based on objective loadcase 912
nr_to_generate: 25

Parameter variation distribution settings
distribution: uniform
low: 0.7
high: 1.3

Total process runtime: 0:00:01.302669
