Date and Time:2023-05-12 14:25:19.070461

Initial Settings:
similarity_model: <function cosine_similarity at 0x000001D005A6E5E0>
similarity_threshold: 1e-05
nr_eigv_to_select: None
distribution: uniform
deviation: 0.3
nr_to_generate: 25
recompute: False

Selected eigenvectors and similarity score w.r.t objective loadcase:
objective_loadcase_nr: 878
similarity_model: cosine_similarity
similarity_threshold: 1e-05
nr_eigv_to_select: None
nr_eigv_selected: 456
approximation parameter model: lstsq
similarity score and approx. param. value
:  eigv_idx    score      value
        1 0.550000  67.410185
        3 0.540468  66.241915
        2 0.497315 -60.952962
        0 0.393119  48.182229
        6 0.054684   6.702300
       39 0.018271   2.239423
        4 0.010515   1.288747
      639 0.003890   0.476834
       68 0.003634  -0.445345
      186 0.002349  -0.287845
      612 0.002142  -0.262518
      593 0.002116  -0.259392
      586 0.001939   0.237600
      218 0.001773  -0.217332
      716 0.001598   0.195916
      187 0.001538  -0.188556
      663 0.001522  -0.186513
      618 0.001516   0.185807
      710 0.001505  -0.184427
      668 0.001380   0.169132
      595 0.001229   0.150595
       71 0.001225  -0.150131
      194 0.001084   0.132843
      659 0.001042  -0.127731
      182 0.000971  -0.119055
       69 0.000962  -0.117919
      617 0.000945   0.115871
      686 0.000925  -0.113334
      388 0.000923  -0.113101
      626 0.000913   0.111943
      599 0.000831   0.101903
      635 0.000800   0.098110
      688 0.000792  -0.097112
      562 0.000783  -0.095994
      582 0.000778  -0.095381
      670 0.000774   0.094900
      143 0.000772   0.094642
      700 0.000772   0.094641
      579 0.000716   0.087786
      683 0.000702   0.086023
      578 0.000699   0.085720
      621 0.000691  -0.084717
      184 0.000688  -0.084368
      183 0.000679   0.083198
      733 0.000664   0.081403
      698 0.000662  -0.081113
       70 0.000604   0.074075
      718 0.000594  -0.072818
      749 0.000594  -0.072795
      341 0.000578   0.070827
      704 0.000575  -0.070497
      666 0.000563  -0.068951
      602 0.000558  -0.068387
      253 0.000550  -0.067407
      228 0.000485  -0.059391
      567 0.000481  -0.058956
      708 0.000473   0.058006
      606 0.000467  -0.057262
      699 0.000458  -0.056130
      174 0.000450   0.055149
      577 0.000445  -0.054505
      641 0.000438  -0.053738
      153 0.000436   0.053412
      735 0.000424  -0.051963
      575 0.000424   0.051923
      210 0.000414  -0.050725
      620 0.000408  -0.049954
      583 0.000393  -0.048203
      179 0.000393   0.048187
      220 0.000385  -0.047206
      709 0.000383  -0.046961
      267 0.000382  -0.046801
      362 0.000363  -0.044440
      707 0.000362  -0.044369
      171 0.000352  -0.043148
      631 0.000340  -0.041642
      601 0.000338   0.041447
      848 0.000334  -0.040985
      419 0.000320  -0.039171
      412 0.000316  -0.038671
      403 0.000313   0.038344
      604 0.000310  -0.038031
      807 0.000300   0.036824
      204 0.000297   0.036365
      137 0.000294  -0.035974
      756 0.000292  -0.035751
      587 0.000285   0.034924
      696 0.000284  -0.034776
      576 0.000278  -0.034110
      243 0.000277   0.033975
      258 0.000277  -0.033937
      757 0.000277  -0.033926
      383 0.000274   0.033545
      753 0.000271  -0.033228
      628 0.000271   0.033205
      199 0.000250  -0.030634
      570 0.000245  -0.030023
      400 0.000245  -0.030009
      377 0.000239  -0.029280
      580 0.000227  -0.027767
      815 0.000225  -0.027568
      573 0.000224   0.027502
      658 0.000222   0.027257
      787 0.000216   0.026457
      132 0.000216   0.026450
      564 0.000212  -0.026004
      271 0.000212   0.026004
      254 0.000210   0.025701
      853 0.000208  -0.025461
      273 0.000208  -0.025448
      665 0.000202  -0.024703
      941 0.000198  -0.024297
      161 0.000194   0.023729
      277 0.000191   0.023414
      361 0.000191   0.023371
      741 0.000188   0.022998
      301 0.000186  -0.022839
      148 0.000185   0.022647
      427 0.000184  -0.022519
      667 0.000182   0.022256
      236 0.000180   0.022095
      739 0.000180  -0.022057
      175 0.000180  -0.022050
      793 0.000179  -0.021894
      800 0.000176  -0.021575
      557 0.000173  -0.021258
      828 0.000173  -0.021202
      687 0.000171   0.021007
      299 0.000171   0.020994
      640 0.000167  -0.020474
      574 0.000167  -0.020466
      255 0.000164  -0.020142
      234 0.000164   0.020091
      743 0.000164  -0.020047
      247 0.000164   0.020042
      566 0.000163   0.019952
      549 0.000163  -0.019935
      217 0.000162  -0.019859
      711 0.000162   0.019827
       91 0.000159  -0.019451
      269 0.000159  -0.019446
      820 0.000158  -0.019377
      784 0.000157  -0.019254
      373 0.000156  -0.019129
      257 0.000155  -0.018958
      380 0.000152   0.018667
      857 0.000152  -0.018619
      398 0.000149  -0.018228
      750 0.000148   0.018186
      585 0.000143  -0.017493
      690 0.000143   0.017486
      235 0.000142  -0.017409
      369 0.000141   0.017294
      855 0.000140  -0.017104
      790 0.000139   0.017071
      356 0.000138  -0.016968
      355 0.000137   0.016744
      645 0.000136   0.016707
      295 0.000133  -0.016310
      726 0.000133  -0.016309
      353 0.000133  -0.016279
      697 0.000133   0.016259
      908 0.000131  -0.016030
      808 0.000128   0.015700
      263 0.000128  -0.015670
      553 0.000127  -0.015623
      795 0.000127   0.015575
      847 0.000127   0.015574
      605 0.000127  -0.015548
      436 0.000126   0.015452
      736 0.000126  -0.015416
      294 0.000125  -0.015310
      392 0.000124   0.015253
      423 0.000124  -0.015216
      354 0.000124   0.015167
      818 0.000123  -0.015026
      859 0.000122   0.015014
      974 0.000122   0.014979
      431 0.000122  -0.014914
      367 0.000121   0.014788
      629 0.000120  -0.014674
      138 0.000119   0.014559
      798 0.000118   0.014493
      742 0.000118  -0.014467
      107 0.000118  -0.014429
      312 0.000117  -0.014376
      581 0.000116  -0.014198
      600 0.000115  -0.014093
      266 0.000115  -0.014037
      638 0.000114  -0.013976
      759 0.000113   0.013847
      241 0.000113   0.013836
      684 0.000109  -0.013340
      281 0.000108   0.013202
      230 0.000107  -0.013169
      840 0.000107  -0.013065
      552 0.000106  -0.012959
      249 0.000105  -0.012809
      829 0.000104   0.012719
      594 0.000103  -0.012615
      882 0.000101   0.012405
      799 0.000101  -0.012379
      292 0.000100  -0.012305
      844 0.000100  -0.012235
      584 0.000099  -0.012186
      261 0.000099  -0.012088
      824 0.000098   0.012030
      611 0.000097  -0.011941
      740 0.000097  -0.011886
      591 0.000097   0.011849
      275 0.000096  -0.011735
      239 0.000095   0.011656
      569 0.000094   0.011469
      778 0.000093  -0.011444
      227 0.000093   0.011368
      723 0.000092  -0.011303
      572 0.000092  -0.011261
     1095 0.000090  -0.011007
      308 0.000090  -0.010993
      801 0.000089  -0.010878
      302 0.000087  -0.010724
      291 0.000087   0.010673
      803 0.000087   0.010652
      832 0.000087   0.010629
      386 0.000086   0.010598
      262 0.000086  -0.010523
      561 0.000085   0.010445
      616 0.000085  -0.010372
      734 0.000083  -0.010222
      390 0.000082   0.010017
      701 0.000081  -0.009959
      560 0.000081  -0.009915
      744 0.000081  -0.009912
      632 0.000081   0.009888
      206 0.000080   0.009865
      394 0.000080   0.009859
      728 0.000079  -0.009728
      955 0.000078   0.009529
      428 0.000077   0.009442
      222 0.000077  -0.009439
      762 0.000076   0.009340
      937 0.000075  -0.009227
      374 0.000075   0.009222
      805 0.000075  -0.009145
      826 0.000075  -0.009134
      343 0.000074  -0.009090
     1005 0.000074   0.009051
      802 0.000074   0.009041
      597 0.000074  -0.009027
      414 0.000073   0.008898
      223 0.000072   0.008857
      913 0.000072  -0.008840
      978 0.000072   0.008834
      268 0.000072  -0.008832
      298 0.000072  -0.008820
      251 0.000072  -0.008794
      313 0.000071  -0.008701
      654 0.000071   0.008693
      209 0.000070  -0.008539
      193 0.000069  -0.008501
      748 0.000067  -0.008268
      776 0.000067  -0.008214
      922 0.000067  -0.008188
      596 0.000066  -0.008092
      545 0.000066  -0.008073
      722 0.000065  -0.008009
      337 0.000065  -0.007957
      539 0.000064   0.007884
      279 0.000064  -0.007832
      843 0.000062  -0.007643
      425 0.000062   0.007604
      329 0.000062  -0.007600
      879 0.000061  -0.007517
      895 0.000060   0.007302
      325 0.000058  -0.007154
      332 0.000058  -0.007147
      782 0.000058  -0.007081
      948 0.000057   0.006994
      863 0.000057  -0.006950
      789 0.000057   0.006929
      322 0.000056  -0.006820
      891 0.000053  -0.006517
      831 0.000053   0.006481
      528 0.000053   0.006437
      407 0.000052  -0.006381
      864 0.000052   0.006381
      614 0.000051   0.006287
      870 0.000051  -0.006276
      770 0.000050   0.006126
      232 0.000050  -0.006086
      821 0.000049  -0.006041
      603 0.000048  -0.005928
      858 0.000047  -0.005780
      860 0.000047  -0.005752
      542 0.000047   0.005748
      289 0.000047   0.005746
      765 0.000047   0.005727
      627 0.000046   0.005677
      198 0.000046   0.005579
      319 0.000045   0.005525
      540 0.000045  -0.005502
      323 0.000044  -0.005333
      535 0.000043   0.005211
      409 0.000042  -0.005092
      987 0.000041   0.005076
      589 0.000041  -0.005059
      773 0.000041   0.005042
      881 0.000041  -0.005037
      928 0.000041  -0.005016
      867 0.000041   0.005013
      290 0.000040   0.004962
      397 0.000040  -0.004930
      874 0.000040  -0.004928
      297 0.000039  -0.004818
      448 0.000039   0.004769
      823 0.000039   0.004720
      342 0.000038   0.004606
      590 0.000038  -0.004603
      224 0.000037  -0.004588
      643 0.000037  -0.004500
      518 0.000036   0.004410
      677 0.000036   0.004371
      491 0.000035   0.004349
      792 0.000035   0.004328
     1001 0.000035  -0.004282
      780 0.000035  -0.004239
      933 0.000035   0.004238
      880 0.000034   0.004209
      169 0.000034  -0.004112
      333 0.000033  -0.004089
      950 0.000033  -0.004084
      884 0.000033  -0.004084
      488 0.000033   0.004078
      694 0.000033   0.004076
      410 0.000033  -0.004054
      636 0.000033  -0.004004
      532 0.000032   0.003979
      245 0.000032  -0.003941
      530 0.000032   0.003928
      310 0.000032  -0.003919
      650 0.000032  -0.003875
     1025 0.000031   0.003787
      943 0.000031   0.003773
      993 0.000031   0.003771
      475 0.000031  -0.003750
      610 0.000030  -0.003720
      842 0.000030  -0.003714
     1032 0.000030   0.003677
      965 0.000030  -0.003634
      131 0.000029  -0.003608
      524 0.000029  -0.003530
      942 0.000028   0.003481
      680 0.000028   0.003433
      894 0.000028  -0.003427
      445 0.000028  -0.003427
      413 0.000027   0.003344
      814 0.000027   0.003315
      321 0.000027  -0.003285
      432 0.000027   0.003276
      201 0.000027  -0.003265
      904 0.000026   0.003225
     1017 0.000026   0.003206
      424 0.000026  -0.003129
      406 0.000025  -0.003115
      315 0.000024   0.002990
      685 0.000024  -0.002924
     1034 0.000023  -0.002878
      900 0.000023  -0.002805
      775 0.000023   0.002793
      320 0.000022   0.002684
      727 0.000022  -0.002682
      608 0.000022  -0.002679
      519 0.000022   0.002671
      917 0.000022   0.002639
      502 0.000021   0.002614
      536 0.000021  -0.002607
      216 0.000021  -0.002585
      104 0.000021   0.002582
      852 0.000021  -0.002578
      830 0.000021   0.002576
      455 0.000021  -0.002519
      538 0.000020   0.002510
      479 0.000020   0.002492
      526 0.000020   0.002466
      714 0.000020  -0.002428
      662 0.000020  -0.002411
      938 0.000020   0.002406
      849 0.000020   0.002401
      366 0.000019   0.002382
      324 0.000019  -0.002378
      512 0.000019  -0.002367
      949 0.000019   0.002323
      489 0.000019   0.002322
      214 0.000019   0.002313
      463 0.000019  -0.002285
      514 0.000018   0.002220
      592 0.000018  -0.002219
      763 0.000018  -0.002218
      402 0.000018  -0.002208
     1052 0.000018   0.002192
      437 0.000018   0.002177
      335 0.000018  -0.002163
      458 0.000018   0.002161
      505 0.000018   0.002160
      856 0.000017   0.002125
      713 0.000016   0.002021
      286 0.000016   0.001998
      334 0.000016   0.001985
      732 0.000016   0.001939
      669 0.000016   0.001935
      907 0.000016   0.001919
      649 0.000015  -0.001836
      452 0.000015  -0.001796
      791 0.000015   0.001787
      420 0.000015   0.001782
      837 0.000014  -0.001743
      450 0.000014  -0.001735
      483 0.000014  -0.001703
     1010 0.000014   0.001687
      399 0.000014  -0.001687
      215 0.000014  -0.001684
      794 0.000014   0.001679
      284 0.000014   0.001676
      296 0.000013  -0.001617
      816 0.000013   0.001616
      619 0.000013   0.001610
      534 0.000013  -0.001587
      213 0.000013   0.001568
      346 0.000013   0.001565
      875 0.000012  -0.001503
      349 0.000012  -0.001497
      927 0.000012  -0.001486
     1047 0.000012   0.001463
      921 0.000012  -0.001462
      634 0.000012  -0.001461
      971 0.000012  -0.001451
      188 0.000012  -0.001451
      964 0.000012   0.001445
      462 0.000012   0.001440
      609 0.000011   0.001403
     1073 0.000011  -0.001377
      655 0.000011  -0.001368
      487 0.000011  -0.001358
      876 0.000011  -0.001356
      988 0.000011  -0.001352
      237 0.000011   0.001337
      934 0.000011  -0.001334
      473 0.000011  -0.001332
      328 0.000011  -0.001328
      543 0.000011  -0.001301
      779 0.000011   0.001300
      935 0.000011  -0.001298
      250 0.000010   0.001276
      461 0.000010   0.001240
     1061 0.000010  -0.001239
      957 0.000010   0.001233
euclid. distance of OLC and linear combination of EV * x_coef: 0.010678053569154668

Generate samples based on objective loadcase 878
nr_to_generate: 25

Parameter variation distribution settings
distribution: uniform
low: 0.7
high: 1.3

Total process runtime: 0:00:01.250487
