Date and Time:2023-05-12 14:11:23.502299

Initial Settings:
similarity_model: <function cosine_similarity at 0x000001D005A6E5E0>
similarity_threshold: 1e-05
nr_eigv_to_select: None
distribution: uniform
deviation: 0.3
nr_to_generate: 25
recompute: False

Selected eigenvectors and similarity score w.r.t objective loadcase:
objective_loadcase_nr: 252
similarity_model: cosine_similarity
similarity_threshold: 1e-05
nr_eigv_to_select: None
nr_eigv_selected: 470
approximation parameter model: lstsq
similarity score and approx. param. value
:  eigv_idx    score      value
        1 0.546749  48.802786
        3 0.545649  48.704565
        2 0.498486 -44.494850
        0 0.389400  34.757847
        6 0.051250   4.574558
       39 0.019593   1.748878
        4 0.010729   0.957678
      639 0.003779   0.337292
       68 0.003001  -0.267877
      186 0.002320  -0.207044
      612 0.002100  -0.187446
      593 0.002100  -0.187427
      586 0.001922   0.171596
      218 0.001870  -0.166955
      716 0.001559   0.139200
      187 0.001543  -0.137736
      710 0.001530  -0.136552
      618 0.001447   0.129130
      663 0.001444  -0.128862
      668 0.001326   0.118370
      595 0.001223   0.109181
      194 0.001059   0.094504
      659 0.000996  -0.088860
      626 0.000926   0.082638
      686 0.000923  -0.082409
      388 0.000912  -0.081427
      617 0.000912   0.081396
       71 0.000850  -0.075849
      182 0.000828  -0.073922
      599 0.000819   0.073071
      688 0.000794  -0.070857
      635 0.000783   0.069904
      562 0.000769  -0.068680
      582 0.000761  -0.067888
      143 0.000757   0.067581
      670 0.000748   0.066753
      700 0.000706   0.063016
      183 0.000695   0.062046
      579 0.000686   0.061226
      621 0.000686  -0.061212
      578 0.000678   0.060500
      683 0.000652   0.058187
      749 0.000650  -0.058030
      733 0.000638   0.056949
       69 0.000630  -0.056225
      698 0.000623  -0.055616
      184 0.000617  -0.055045
      341 0.000580   0.051753
      718 0.000569  -0.050815
      602 0.000560  -0.049959
      704 0.000554  -0.049459
      253 0.000542  -0.048378
      666 0.000539  -0.048081
       70 0.000507   0.045214
      567 0.000487  -0.043446
      708 0.000478   0.042682
      606 0.000473  -0.042243
      153 0.000460   0.041020
      577 0.000449  -0.040058
      174 0.000444   0.039598
      735 0.000440  -0.039276
      699 0.000428  -0.038222
      641 0.000425  -0.037948
      575 0.000418   0.037312
      228 0.000408  -0.036462
      620 0.000405  -0.036194
      210 0.000400  -0.035726
      220 0.000398  -0.035518
      267 0.000391  -0.034930
      709 0.000386  -0.034464
      583 0.000382  -0.034088
      707 0.000354  -0.031610
      362 0.000354  -0.031571
      179 0.000346   0.030871
      631 0.000337  -0.030100
      848 0.000335  -0.029916
      601 0.000330   0.029493
      412 0.000321  -0.028641
      419 0.000319  -0.028434
      171 0.000316  -0.028165
      807 0.000307   0.027441
      258 0.000307  -0.027370
      403 0.000302   0.026924
      756 0.000301  -0.026832
      696 0.000295  -0.026336
      587 0.000285   0.025435
      753 0.000283  -0.025281
      604 0.000283  -0.025242
      757 0.000280  -0.025018
      243 0.000270   0.024141
      576 0.000270  -0.024074
      383 0.000262   0.023370
      137 0.000256  -0.022812
      628 0.000252   0.022476
      204 0.000246   0.021981
      570 0.000240  -0.021385
      400 0.000235  -0.020970
      377 0.000234  -0.020852
      853 0.000225  -0.020104
      361 0.000225   0.020052
      580 0.000223  -0.019929
      273 0.000221  -0.019698
      658 0.000212   0.018952
      741 0.000207   0.018489
      787 0.000207   0.018457
      815 0.000206  -0.018394
      199 0.000206  -0.018367
      564 0.000203  -0.018163
      132 0.000202   0.018001
      573 0.000201   0.017979
      793 0.000198  -0.017668
      739 0.000195  -0.017390
      941 0.000192  -0.017158
      665 0.000187  -0.016689
      427 0.000187  -0.016686
      301 0.000187  -0.016683
      271 0.000186   0.016593
      549 0.000185  -0.016497
      277 0.000183   0.016370
      800 0.000182  -0.016266
      269 0.000182  -0.016228
      299 0.000181   0.016185
      254 0.000178   0.015914
      828 0.000175  -0.015619
      373 0.000175  -0.015591
      175 0.000174  -0.015570
      574 0.000168  -0.015019
      235 0.000167  -0.014903
      820 0.000167  -0.014862
      667 0.000166   0.014852
      743 0.000166  -0.014845
      247 0.000165   0.014711
      687 0.000164   0.014639
      750 0.000163   0.014549
      557 0.000161  -0.014378
      355 0.000160   0.014311
      711 0.000158   0.014108
      784 0.000157  -0.014021
      230 0.000157  -0.013974
      857 0.000156  -0.013905
      161 0.000153   0.013679
      726 0.000151  -0.013492
      234 0.000151   0.013460
      257 0.000151  -0.013435
      566 0.000150   0.013423
      398 0.000150  -0.013366
      236 0.000149   0.013331
      255 0.000149  -0.013322
      227 0.000147   0.013127
      855 0.000147  -0.013104
      380 0.000144   0.012878
      148 0.000144   0.012845
      392 0.000144   0.012821
      640 0.000142  -0.012701
      263 0.000139  -0.012377
      818 0.000138  -0.012346
      217 0.000136  -0.012167
      790 0.000136   0.012160
      690 0.000136   0.012148
      367 0.000136   0.012132
      795 0.000133   0.011896
      295 0.000132  -0.011811
      808 0.000132   0.011811
      645 0.000131   0.011696
      312 0.000130  -0.011616
      353 0.000129  -0.011525
      908 0.000128  -0.011401
      294 0.000126  -0.011274
      605 0.000126  -0.011252
      553 0.000126  -0.011205
      742 0.000125  -0.011182
      585 0.000125  -0.011120
      423 0.000124  -0.011063
       91 0.000124  -0.011061
      431 0.000123  -0.010971
      736 0.000123  -0.010952
      697 0.000123   0.010947
      859 0.000123   0.010945
      436 0.000122   0.010873
      847 0.000122   0.010845
      239 0.000120   0.010710
      974 0.000118   0.010566
      266 0.000117  -0.010484
      581 0.000117  -0.010460
      369 0.000116   0.010346
      275 0.000114  -0.010140
      684 0.000112  -0.010018
      241 0.000112   0.009984
      824 0.000110   0.009780
      629 0.000109  -0.009758
      638 0.000108  -0.009644
      354 0.000107   0.009568
      600 0.000107  -0.009553
      778 0.000106  -0.009503
      261 0.000106  -0.009418
      799 0.000105  -0.009392
      591 0.000105   0.009353
      840 0.000104  -0.009286
      829 0.000104   0.009248
      281 0.000103   0.009181
      107 0.000101  -0.009000
      594 0.000100  -0.008946
      249 0.000100  -0.008936
      882 0.000099   0.008812
      584 0.000098  -0.008715
      262 0.000097  -0.008691
      844 0.000097  -0.008686
      292 0.000097  -0.008685
      611 0.000096  -0.008612
      798 0.000096   0.008567
      572 0.000096  -0.008551
      569 0.000094   0.008394
      616 0.000093  -0.008284
      723 0.000092  -0.008209
      223 0.000091   0.008132
      390 0.000091   0.008079
     1095 0.000087  -0.007786
      561 0.000087   0.007772
      734 0.000087  -0.007725
      552 0.000085  -0.007566
      302 0.000084  -0.007531
      308 0.000084  -0.007507
      728 0.000084  -0.007461
      744 0.000083  -0.007409
      356 0.000082  -0.007364
      701 0.000082  -0.007279
      740 0.000081  -0.007199
      937 0.000078  -0.006966
      138 0.000078   0.006944
      337 0.000077  -0.006911
      298 0.000077  -0.006874
      386 0.000076   0.006777
      560 0.000075  -0.006663
      955 0.000075   0.006653
      198 0.000074   0.006649
      428 0.000074   0.006621
      801 0.000073  -0.006529
      978 0.000073   0.006511
     1005 0.000073   0.006484
      632 0.000072   0.006460
      332 0.000072  -0.006436
      291 0.000071   0.006362
      803 0.000071   0.006331
      913 0.000071  -0.006322
      832 0.000070   0.006265
      268 0.000070  -0.006234
      826 0.000070  -0.006223
      414 0.000069   0.006200
      329 0.000067  -0.006002
      545 0.000067  -0.005941
      374 0.000065   0.005841
      759 0.000065   0.005810
      843 0.000065  -0.005807
      654 0.000065   0.005806
      251 0.000065  -0.005779
      425 0.000065   0.005772
      922 0.000065  -0.005763
      782 0.000064  -0.005736
      597 0.000064  -0.005718
      748 0.000063  -0.005659
      948 0.000063   0.005619
      539 0.000063   0.005589
      313 0.000062  -0.005575
      722 0.000062  -0.005534
      279 0.000062  -0.005495
      343 0.000062  -0.005494
      802 0.000061   0.005450
      770 0.000061   0.005415
      789 0.000060   0.005372
      206 0.000060   0.005370
      879 0.000060  -0.005345
      895 0.000060   0.005331
      762 0.000059   0.005234
      805 0.000058  -0.005220
      864 0.000057   0.005116
      290 0.000056   0.005006
      407 0.000056  -0.004976
      342 0.000055   0.004951
      319 0.000055   0.004942
      322 0.000055  -0.004938
      325 0.000054  -0.004810
      364 0.000054  -0.004794
      776 0.000053  -0.004742
      860 0.000053  -0.004715
      614 0.000052   0.004655
      528 0.000052   0.004651
      222 0.000051  -0.004578
      323 0.000051  -0.004538
      765 0.000051   0.004517
      821 0.000050  -0.004483
      891 0.000050  -0.004472
      596 0.000050  -0.004459
      831 0.000050   0.004455
      773 0.000048   0.004328
      397 0.000048  -0.004323
      870 0.000048  -0.004300
      394 0.000048   0.004267
      863 0.000048  -0.004265
      289 0.000047   0.004239
      823 0.000047   0.004206
      589 0.000045  -0.004001
      775 0.000044   0.003957
      542 0.000044   0.003953
      535 0.000043   0.003840
      540 0.000043  -0.003815
      297 0.000043  -0.003803
      226 0.000042   0.003746
      881 0.000042  -0.003707
      409 0.000041  -0.003700
      321 0.000040  -0.003602
      209 0.000040  -0.003569
      225 0.000040   0.003558
      987 0.000039   0.003518
      232 0.000039  -0.003512
      792 0.000039   0.003508
      928 0.000039  -0.003481
      169 0.000039  -0.003475
      627 0.000039   0.003454
      858 0.000039  -0.003445
      943 0.000038   0.003404
      359 0.000038   0.003370
      104 0.000038   0.003370
      448 0.000038   0.003352
      874 0.000037  -0.003310
      349 0.000037  -0.003298
      677 0.000037   0.003265
      193 0.000036  -0.003239
      518 0.000036   0.003220
      880 0.000036   0.003201
      884 0.000035  -0.003167
      201 0.000035  -0.003134
      491 0.000035   0.003128
      366 0.000035   0.003126
      643 0.000035  -0.003088
      315 0.000034   0.003078
      830 0.000034   0.003076
      590 0.000034  -0.003072
      867 0.000034   0.003067
      224 0.000034  -0.003057
      603 0.000034  -0.003054
      245 0.000034  -0.003043
      933 0.000034   0.003025
     1001 0.000034  -0.003012
      694 0.000032   0.002879
      357 0.000032  -0.002875
      488 0.000032   0.002864
      310 0.000032  -0.002862
      532 0.000032   0.002854
      410 0.000032  -0.002843
      950 0.000031  -0.002781
      842 0.000031  -0.002762
      530 0.000031   0.002742
      445 0.000030  -0.002689
     1032 0.000030   0.002645
     1025 0.000029   0.002623
      475 0.000029  -0.002598
      894 0.000029  -0.002596
      650 0.000029  -0.002577
      993 0.000029   0.002569
      608 0.000029  -0.002566
      636 0.000029  -0.002561
      942 0.000029   0.002545
      524 0.000028  -0.002489
      965 0.000028  -0.002468
      424 0.000027  -0.002377
      285 0.000026   0.002295
      904 0.000025   0.002246
       88 0.000025  -0.002244
      360 0.000025   0.002231
      264 0.000025   0.002223
      350 0.000025   0.002215
      727 0.000025  -0.002214
     1017 0.000025   0.002212
      432 0.000025   0.002202
      382 0.000024  -0.002176
      284 0.000024   0.002169
      662 0.000024  -0.002124
      814 0.000024   0.002123
      610 0.000024  -0.002100
     1034 0.000024  -0.002099
      685 0.000022  -0.002004
      900 0.000021  -0.001888
      240 0.000021  -0.001885
      502 0.000021   0.001883
      519 0.000021   0.001883
      526 0.000021   0.001851
      259 0.000021   0.001837
      917 0.000020   0.001815
      455 0.000020  -0.001807
      536 0.000020  -0.001796
      680 0.000020   0.001793
      384 0.000020  -0.001768
      714 0.000019  -0.001726
      479 0.000019   0.001681
      237 0.000019   0.001652
      856 0.000019   0.001652
      538 0.000018   0.001637
      489 0.000018   0.001634
      512 0.000018  -0.001630
      463 0.000018  -0.001624
      131 0.000018  -0.001623
      437 0.000018   0.001617
      505 0.000018   0.001607
      514 0.000018   0.001594
      780 0.000018  -0.001587
      763 0.000018   0.001575
      283 0.000018   0.001573
      949 0.000018   0.001566
      791 0.000017   0.001561
      769 0.000017   0.001547
     1052 0.000017   0.001532
      458 0.000017   0.001508
      286 0.000017   0.001506
      592 0.000017  -0.001495
      938 0.000017   0.001494
      907 0.000017   0.001488
      935 0.000016  -0.001448
      713 0.000016   0.001438
      794 0.000016   0.001437
      252 0.000015  -0.001378
       74 0.000015   0.001356
     1010 0.000015   0.001352
       93 0.000015  -0.001329
      324 0.000015  -0.001323
      811 0.000015   0.001323
      732 0.000015   0.001310
      971 0.000014  -0.001288
      669 0.000014   0.001284
      921 0.000014  -0.001280
      450 0.000014  -0.001277
     1073 0.000014  -0.001275
      333 0.000014  -0.001246
      188 0.000014  -0.001216
      835 0.000014  -0.001214
      927 0.000014  -0.001212
      347 0.000014   0.001208
      483 0.000013  -0.001173
      810 0.000013   0.001169
      964 0.000013   0.001146
      619 0.000013   0.001142
      216 0.000013   0.001140
      649 0.000013  -0.001128
      568 0.000013   0.001127
      988 0.000013  -0.001126
      655 0.000013  -0.001126
      816 0.000013   0.001126
      957 0.000012   0.001111
       73 0.000012   0.001109
      625 0.000012  -0.001100
      534 0.000012  -0.001094
      934 0.000012  -0.001093
      244 0.000012  -0.001087
      462 0.000012   0.001077
      634 0.000012  -0.001044
      839 0.000011  -0.001011
     1047 0.000011   0.001009
      387 0.000011   0.001007
      229 0.000011  -0.001006
      478 0.000011   0.000998
      221 0.000011  -0.000994
      248 0.000011   0.000968
      473 0.000011  -0.000947
      487 0.000011  -0.000945
      779 0.000010   0.000928
      260 0.000010  -0.000925
     1061 0.000010  -0.000921
      838 0.000010   0.000920
      452 0.000010  -0.000917
      675 0.000010   0.000901
      849 0.000010   0.000896
euclid. distance of OLC and linear combination of EV * x_coef: 0.008093664074146857

Generate samples based on objective loadcase 252
nr_to_generate: 25

Parameter variation distribution settings
distribution: uniform
low: 0.7
high: 1.3

Total process runtime: 0:00:01.291073
