Date and Time:2023-05-12 14:18:43.142877

Initial Settings:
similarity_model: <function cosine_similarity at 0x000001D005A6E5E0>
similarity_threshold: 1e-05
nr_eigv_to_select: None
distribution: uniform
deviation: 0.3
nr_to_generate: 25
recompute: False

Selected eigenvectors and similarity score w.r.t objective loadcase:
objective_loadcase_nr: 583
similarity_model: cosine_similarity
similarity_threshold: 1e-05
nr_eigv_to_select: None
nr_eigv_selected: 471
approximation parameter model: lstsq
similarity score and approx. param. value
:  eigv_idx    score      value
        3 0.599067  31.997186
        2 0.518068 -27.670898
        1 0.504071  26.923315
        0 0.342262  18.280794
       39 0.028470   1.520621
        6 0.020924   1.117588
        4 0.013313   0.711053
      639 0.003260   0.174141
      218 0.002497  -0.133367
       68 0.002108  -0.112595
      593 0.002027  -0.108258
      586 0.001906   0.101794
      612 0.001874  -0.100117
      186 0.001726  -0.092162
      710 0.001558  -0.083231
      595 0.001244   0.066451
      143 0.001236   0.066044
      187 0.001137  -0.060751
      626 0.001077   0.057519
      663 0.001048  -0.055973
      716 0.001013   0.054102
      618 0.000966   0.051598
      668 0.000954   0.050959
      749 0.000904  -0.048297
      686 0.000895  -0.047808
      388 0.000876  -0.046790
      688 0.000767  -0.040983
      194 0.000747   0.039907
      599 0.000739   0.039466
      621 0.000715  -0.038208
      562 0.000696  -0.037149
      582 0.000694  -0.037075
      659 0.000691  -0.036923
      635 0.000679   0.036255
      617 0.000674   0.036018
      670 0.000669   0.035729
      704 0.000647  -0.034544
      578 0.000597   0.031889
      341 0.000592   0.031611
      718 0.000566  -0.030247
      733 0.000561   0.029963
      567 0.000560  -0.029899
      183 0.000552   0.029459
      606 0.000549  -0.029311
      577 0.000537  -0.028684
      602 0.000515  -0.027531
      735 0.000515  -0.027505
      267 0.000486  -0.025957
      698 0.000465  -0.024845
      708 0.000462   0.024702
      137 0.000460  -0.024570
      696 0.000458  -0.024472
      579 0.000457   0.024385
      220 0.000456  -0.024354
      153 0.000447   0.023849
      258 0.000442  -0.023634
      575 0.000442   0.023618
      620 0.000423  -0.022613
      753 0.000419  -0.022401
      253 0.000409  -0.021825
      666 0.000397  -0.021198
      709 0.000395  -0.021117
      174 0.000389   0.020776
      707 0.000388  -0.020733
       70 0.000388   0.020704
      601 0.000384   0.020496
      641 0.000369  -0.019710
      230 0.000356  -0.019001
      759 0.000353  -0.018870
      243 0.000348   0.018602
      848 0.000343  -0.018339
      683 0.000339   0.018089
      227 0.000338   0.018045
      412 0.000337  -0.018002
      583 0.000333  -0.017812
      756 0.000332  -0.017740
      763 0.000331   0.017661
      273 0.000330  -0.017634
      699 0.000321  -0.017149
      793 0.000315  -0.016843
      182 0.000309  -0.016525
       69 0.000309   0.016479
      419 0.000308  -0.016428
      853 0.000296  -0.015813
      403 0.000295   0.015747
      587 0.000292   0.015582
      269 0.000283  -0.015110
      807 0.000282   0.015083
      383 0.000281   0.015025
      631 0.000280  -0.014957
      228 0.000273  -0.014567
      132 0.000273   0.014562
      700 0.000268   0.014326
      235 0.000268  -0.014295
      263 0.000266  -0.014198
      239 0.000265   0.014158
      741 0.000264   0.014121
      757 0.000260  -0.013905
      362 0.000257  -0.013708
      726 0.000254  -0.013558
      210 0.000251  -0.013427
      299 0.000250   0.013344
      570 0.000246  -0.013146
      739 0.000243  -0.012998
      184 0.000241  -0.012887
      750 0.000241   0.012879
      361 0.000237   0.012680
      743 0.000227  -0.012129
      787 0.000222   0.011844
      742 0.000208  -0.011101
      377 0.000204  -0.010884
      857 0.000203  -0.010822
      206 0.000201   0.010723
      301 0.000196  -0.010467
       71 0.000195   0.010419
      818 0.000190  -0.010154
      427 0.000188  -0.010022
      373 0.000187  -0.010002
      312 0.000187  -0.009990
      247 0.000186   0.009929
      855 0.000186  -0.009912
      824 0.000183   0.009784
      576 0.000178  -0.009512
      564 0.000177  -0.009471
      795 0.000177   0.009440
      549 0.000175  -0.009371
      392 0.000174   0.009271
      591 0.000172   0.009199
      604 0.000171  -0.009133
      223 0.000171   0.009115
      204 0.000170   0.009105
      553 0.000170  -0.009101
      775 0.000170   0.009068
      290 0.000166   0.008870
      800 0.000166  -0.008857
      337 0.000164  -0.008733
      859 0.000162   0.008674
      400 0.000162  -0.008665
      770 0.000162   0.008655
      658 0.000160   0.008532
      778 0.000159  -0.008500
      829 0.000157   0.008397
      332 0.000157  -0.008378
      175 0.000155  -0.008295
      277 0.000155   0.008292
      369 0.000154   0.008200
      199 0.000153  -0.008178
      667 0.000149   0.007934
      784 0.000147  -0.007865
      790 0.000147   0.007843
      580 0.000146  -0.007793
      275 0.000145  -0.007737
      711 0.000144   0.007692
      665 0.000142  -0.007579
      179 0.000141   0.007533
      585 0.000140  -0.007480
      736 0.000138  -0.007385
      241 0.000136   0.007247
      828 0.000134  -0.007156
      820 0.000134  -0.007150
      628 0.000131   0.006977
      605 0.000130  -0.006969
      271 0.000129   0.006881
      941 0.000128  -0.006819
      279 0.000127  -0.006800
      808 0.000126   0.006749
      616 0.000126  -0.006722
      329 0.000125  -0.006693
      171 0.000124  -0.006606
      762 0.000123  -0.006575
      298 0.000122  -0.006536
      769 0.000122   0.006536
      574 0.000122  -0.006510
      557 0.000121  -0.006474
      234 0.000121   0.006459
      423 0.000119  -0.006374
      566 0.000119   0.006347
      431 0.000118  -0.006303
      255 0.000116  -0.006210
      355 0.000116   0.006202
      251 0.000115  -0.006161
      744 0.000112  -0.005985
      294 0.000111  -0.005907
      864 0.000110   0.005864
      354 0.000110   0.005861
      773 0.000110   0.005854
      697 0.000110   0.005852
      201 0.000108  -0.005746
      687 0.000108   0.005744
      943 0.000106   0.005640
      801 0.000105  -0.005623
      645 0.000104   0.005566
      380 0.000103   0.005523
      884 0.000102  -0.005428
      690 0.000101   0.005380
       88 0.000100  -0.005337
      799 0.000098  -0.005237
      398 0.000097  -0.005185
      728 0.000096  -0.005140
      321 0.000095  -0.005094
      638 0.000093  -0.004945
      257 0.000092  -0.004924
      880 0.000091   0.004863
      367 0.000091   0.004855
      908 0.000091  -0.004843
      600 0.000087  -0.004630
      782 0.000086  -0.004612
      217 0.000086  -0.004610
      611 0.000086  -0.004582
      684 0.000086  -0.004575
      815 0.000085  -0.004563
      589 0.000085  -0.004559
       93 0.000085  -0.004552
      325 0.000085  -0.004546
      734 0.000084  -0.004482
      353 0.000084  -0.004462
      436 0.000083   0.004415
      285 0.000082   0.004395
      948 0.000082   0.004365
      292 0.000081  -0.004315
      107 0.000080  -0.004292
      847 0.000080   0.004272
      694 0.000079   0.004212
      870 0.000077  -0.004129
      937 0.000076  -0.004081
      569 0.000076   0.004080
      843 0.000076  -0.004080
      342 0.000076   0.004067
      860 0.000076  -0.004053
      104 0.000076   0.004038
      974 0.000075   0.004029
      308 0.000074  -0.003955
      844 0.000074  -0.003941
      840 0.000073  -0.003920
      281 0.000073   0.003907
      629 0.000072  -0.003861
       91 0.000072  -0.003854
      295 0.000072  -0.003822
      573 0.000071   0.003794
      356 0.000071  -0.003793
      823 0.000071   0.003774
      594 0.000069  -0.003705
      723 0.000069  -0.003667
      262 0.000068  -0.003626
      978 0.000067   0.003577
      581 0.000067  -0.003563
      283 0.000067   0.003557
      780 0.000066   0.003526
      552 0.000065  -0.003493
      654 0.000065   0.003473
      894 0.000064  -0.003436
      826 0.000064  -0.003410
      792 0.000063   0.003344
      874 0.000062  -0.003331
      319 0.000062   0.003327
      266 0.000061  -0.003234
      765 0.000060   0.003192
      539 0.000060   0.003182
      701 0.000059  -0.003160
      278 0.000059   0.003150
      302 0.000059  -0.003127
      318 0.000058  -0.003105
      722 0.000057  -0.003051
      386 0.000057   0.003022
      632 0.000056   0.003011
      261 0.000056  -0.003005
      798 0.000056  -0.002998
      560 0.000056  -0.002997
      289 0.000056   0.002996
      323 0.000056  -0.002982
      390 0.000055   0.002950
      590 0.000055  -0.002946
      291 0.000054   0.002900
      964 0.000054   0.002878
      957 0.000054   0.002869
      627 0.000054   0.002863
     1005 0.000054   0.002860
      913 0.000053  -0.002841
     1095 0.000053  -0.002833
      614 0.000053   0.002817
      805 0.000053  -0.002812
      895 0.000052   0.002770
      935 0.000052  -0.002759
      413 0.000051  -0.002729
      428 0.000051   0.002723
      169 0.000051  -0.002711
      138 0.000050  -0.002678
      988 0.000050  -0.002678
      528 0.000050   0.002677
      545 0.000049  -0.002614
      882 0.000049   0.002605
      414 0.000049   0.002600
      315 0.000048   0.002590
     1096 0.000048   0.002578
      831 0.000048   0.002575
      343 0.000047  -0.002516
      904 0.000047   0.002485
      572 0.000046  -0.002458
      313 0.000046  -0.002444
      535 0.000046   0.002438
      841 0.000046   0.002435
      425 0.000046   0.002434
      236 0.000045   0.002391
      833 0.000045  -0.002384
      596 0.000044  -0.002368
      950 0.000044  -0.002355
      942 0.000043   0.002320
      650 0.000043  -0.002285
      789 0.000042   0.002255
      842 0.000042  -0.002233
      971 0.000042  -0.002217
      268 0.000041  -0.002202
      922 0.000041  -0.002185
      821 0.000040  -0.002118
      838 0.000038  -0.002026
      584 0.000038  -0.002018
      161 0.000037   0.001959
      830 0.000037   0.001954
      322 0.000036  -0.001938
      244 0.000036  -0.001925
     1073 0.000035  -0.001886
      407 0.000035  -0.001880
      881 0.000035  -0.001878
      491 0.000035   0.001863
      955 0.000035   0.001846
      364 0.000035  -0.001844
      561 0.000034   0.001838
      748 0.000034  -0.001832
      518 0.000034   0.001817
      193 0.000034   0.001799
      983 0.000033   0.001776
      222 0.000033  -0.001742
      727 0.000033  -0.001736
      921 0.000032  -0.001724
      488 0.000032   0.001701
      532 0.000032   0.001684
      394 0.000030   0.001609
      977 0.000030   0.001599
      334 0.000030   0.001590
      643 0.000030  -0.001586
      832 0.000030   0.001580
      374 0.000030   0.001579
      740 0.000030   0.001578
      597 0.000029  -0.001550
      297 0.000029  -0.001535
      636 0.000029  -0.001526
      540 0.000028  -0.001511
      409 0.000028  -0.001501
      794 0.000028   0.001490
      849 0.000028   0.001485
      410 0.000028  -0.001472
      898 0.000027   0.001456
      811 0.000027   0.001442
      286 0.000027   0.001438
      475 0.000027  -0.001429
      592 0.000026   0.001411
      445 0.000026  -0.001406
     1009 0.000026  -0.001404
      524 0.000026  -0.001402
      310 0.000026  -0.001382
      933 0.000026   0.001363
      366 0.000025   0.001361
      198 0.000025  -0.001345
      927 0.000025  -0.001343
      448 0.000025   0.001339
      649 0.000025  -0.001339
      835 0.000025  -0.001320
      685 0.000025  -0.001312
      868 0.000024   0.001272
      526 0.000024   0.001265
      879 0.000024  -0.001258
      959 0.000023  -0.001242
      856 0.000023   0.001226
     1010 0.000023   0.001219
      810 0.000023   0.001217
      791 0.000022   0.001192
     1034 0.000022  -0.001189
      934 0.000022  -0.001185
     1016 0.000022  -0.001163
      328 0.000022  -0.001163
      928 0.000022  -0.001162
     1020 0.000021  -0.001138
      406 0.000021  -0.001134
      839 0.000021   0.001127
     1032 0.000021   0.001115
      764 0.000021  -0.001108
     1003 0.000020  -0.001077
      359 0.000020   0.001071
      809 0.000020   0.001064
      837 0.000020  -0.001058
      530 0.000020   0.001052
      677 0.000020   0.001052
      226 0.000020   0.001049
      479 0.000020   0.001049
      131 0.000019   0.001031
      902 0.000019  -0.001030
      514 0.000019   0.001022
      610 0.000019  -0.001014
      424 0.000019  -0.001001
      916 0.000019  -0.000988
      225 0.000018   0.000975
      357 0.000018  -0.000971
      542 0.000018   0.000967
      987 0.000018   0.000941
      316 0.000018  -0.000941
      646 0.000017   0.000928
      148 0.000017   0.000921
     1040 0.000017  -0.000910
      899 0.000017  -0.000909
      232 0.000017  -0.000899
      966 0.000017   0.000898
      249 0.000017   0.000895
      536 0.000017  -0.000888
      903 0.000017   0.000887
      437 0.000017   0.000886
      463 0.000017  -0.000883
      432 0.000016   0.000881
      669 0.000016   0.000878
      384 0.000016  -0.000870
      455 0.000016  -0.000866
      382 0.000016  -0.000866
      245 0.000016  -0.000855
      779 0.000016  -0.000837
     1001 0.000015  -0.000825
      994 0.000015  -0.000812
      512 0.000015  -0.000804
      680 0.000015   0.000799
      519 0.000014   0.000760
      984 0.000014  -0.000757
      502 0.000014   0.000752
      209 0.000014   0.000750
      248 0.000014   0.000743
      608 0.000014  -0.000725
      952 0.000013  -0.000714
      714 0.000013  -0.000712
      732 0.000013   0.000706
      360 0.000013   0.000705
      240 0.000013  -0.000695
      333 0.000013  -0.000695
      713 0.000013   0.000694
      760 0.000013  -0.000694
      224 0.000013  -0.000692
      402 0.000013  -0.000683
      888 0.000013  -0.000669
      188 0.000012  -0.000665
      450 0.000012  -0.000650
      803 0.000012   0.000649
      458 0.000012   0.000643
      662 0.000012  -0.000642
      397 0.000012  -0.000639
      814 0.000012   0.000637
      949 0.000012   0.000637
     1025 0.000012   0.000632
      237 0.000012   0.000630
      489 0.000012   0.000629
      938 0.000012   0.000615
     1017 0.000011   0.000597
      887 0.000011  -0.000593
      238 0.000011  -0.000592
      863 0.000011   0.000587
      802 0.000011   0.000587
      505 0.000011   0.000575
      487 0.000011  -0.000570
      317 0.000010  -0.000559
      634 0.000010  -0.000547
      324 0.000010  -0.000547
      254 0.000010   0.000547
      568 0.000010   0.000543
      478 0.000010   0.000543
      461 0.000010   0.000542
     1046 0.000010  -0.000541
euclid. distance of OLC and linear combination of EV * x_coef: 0.004392789094001351

Generate samples based on objective loadcase 583
nr_to_generate: 25

Parameter variation distribution settings
distribution: uniform
low: 0.7
high: 1.3

Total process runtime: 0:00:01.299870
