Date and Time:2023-05-12 14:10:22.185810

Initial Settings:
similarity_model: <function cosine_similarity at 0x000001D005A6E5E0>
similarity_threshold: 1e-05
nr_eigv_to_select: None
distribution: uniform
deviation: 0.3
nr_to_generate: 25
recompute: False

Selected eigenvectors and similarity score w.r.t objective loadcase:
objective_loadcase_nr: 206
similarity_model: cosine_similarity
similarity_threshold: 1e-05
nr_eigv_to_select: None
nr_eigv_selected: 522
approximation parameter model: lstsq
similarity score and approx. param. value
:  eigv_idx    score      value
        1 0.548615  45.310436
        3 0.547434  45.212841
        2 0.493334 -40.744749
        0 0.391205  32.309795
        6 0.049095   4.054819
       39 0.017639   1.456778
        4 0.010631   0.878019
      639 0.003560   0.294015
       68 0.003485  -0.287817
      186 0.002051  -0.169430
      612 0.002006  -0.165654
      593 0.001948  -0.160881
      586 0.001777   0.146768
      218 0.001706  -0.140882
      710 0.001495  -0.123457
      716 0.001478   0.122093
      618 0.001423   0.117506
      187 0.001407  -0.116172
      663 0.001378  -0.113774
      668 0.001297   0.107132
      143 0.001191   0.098356
      595 0.001126   0.093029
      182 0.001106  -0.091371
      659 0.000956  -0.078921
       71 0.000949  -0.078349
      194 0.000931   0.076923
      617 0.000905   0.074732
      686 0.000888  -0.073344
      184 0.000868  -0.071693
      388 0.000849  -0.070106
      749 0.000838  -0.069234
      626 0.000810   0.066920
      688 0.000794  -0.065608
      599 0.000784   0.064788
       69 0.000736  -0.060812
      635 0.000736   0.060760
      562 0.000731  -0.060396
      582 0.000725  -0.059840
      579 0.000697   0.057555
      683 0.000682   0.056301
      700 0.000681   0.056257
      183 0.000669   0.055223
      670 0.000656   0.054141
      578 0.000654   0.054044
      621 0.000621  -0.051292
       70 0.000586   0.048386
      733 0.000575   0.047507
      698 0.000555  -0.045845
      602 0.000543  -0.044875
      341 0.000536   0.044268
      666 0.000531  -0.043865
      735 0.000526  -0.043430
      253 0.000520  -0.042920
      137 0.000486  -0.040139
      228 0.000485  -0.040045
      708 0.000476   0.039284
      179 0.000460   0.038021
      718 0.000436  -0.035988
      567 0.000431  -0.035566
      153 0.000430   0.035554
      606 0.000429  -0.035448
      171 0.000428  -0.035326
      220 0.000424  -0.035042
      641 0.000409  -0.033767
      174 0.000400   0.033064
      577 0.000399  -0.032927
      575 0.000389   0.032138
      709 0.000377  -0.031104
      699 0.000373  -0.030774
      583 0.000364  -0.030082
      362 0.000360  -0.029756
      756 0.000351  -0.029018
      267 0.000351  -0.028992
      243 0.000349   0.028823
      704 0.000347  -0.028652
      620 0.000346  -0.028557
      210 0.000333  -0.027509
      757 0.000330  -0.027223
      631 0.000328  -0.027056
      741 0.000310   0.025594
      419 0.000300  -0.024746
      848 0.000300  -0.024737
      132 0.000298   0.024573
      412 0.000295  -0.024377
      807 0.000288   0.023779
      601 0.000282   0.023250
      258 0.000281  -0.023170
      576 0.000279  -0.023084
      604 0.000275  -0.022698
      853 0.000274  -0.022590
      628 0.000270   0.022273
      403 0.000263   0.021720
      587 0.000263   0.021711
      739 0.000254  -0.021004
      787 0.000254   0.020939
      400 0.000241  -0.019917
      753 0.000240  -0.019820
      707 0.000237  -0.019593
      271 0.000234   0.019300
      383 0.000232   0.019162
      361 0.000232   0.019147
      377 0.000231  -0.019086
      573 0.000227   0.018766
      570 0.000224  -0.018463
      750 0.000223   0.018444
      161 0.000223   0.018388
      148 0.000212   0.017527
      658 0.000204   0.016857
      254 0.000202   0.016675
      277 0.000201   0.016586
      580 0.000200  -0.016531
      815 0.000199  -0.016468
      564 0.000196  -0.016196
      204 0.000196   0.016168
      273 0.000189  -0.015643
      549 0.000188  -0.015556
      373 0.000181  -0.014986
      941 0.000179  -0.014744
      665 0.000178  -0.014663
      355 0.000177   0.014607
      427 0.000176  -0.014532
      743 0.000176  -0.014504
      299 0.000174   0.014371
      301 0.000174  -0.014331
      800 0.000173  -0.014322
      696 0.000173  -0.014268
      857 0.000171  -0.014132
      687 0.000171   0.014114
      793 0.000170  -0.014019
      236 0.000169   0.013958
      828 0.000168  -0.013871
       91 0.000167  -0.013827
      234 0.000166   0.013723
      199 0.000165  -0.013663
      640 0.000160  -0.013246
      820 0.000159  -0.013100
      175 0.000157  -0.012985
      367 0.000157   0.012946
      566 0.000155   0.012808
      398 0.000152  -0.012593
      711 0.000147   0.012139
      818 0.000144  -0.011907
      667 0.000144   0.011881
      726 0.000144  -0.011867
      255 0.000143  -0.011833
      790 0.000143   0.011775
      247 0.000140   0.011557
      557 0.000138  -0.011381
      392 0.000137   0.011299
      855 0.000137  -0.011278
      847 0.000136   0.011263
      784 0.000136  -0.011215
      198 0.000136   0.011197
      574 0.000135  -0.011152
      380 0.000135   0.011134
      249 0.000131  -0.010815
      257 0.000130  -0.010752
      312 0.000129  -0.010690
      859 0.000129   0.010669
      294 0.000128  -0.010562
      262 0.000128  -0.010535
      107 0.000126  -0.010433
      353 0.000126  -0.010404
      295 0.000126  -0.010383
      808 0.000125   0.010363
      690 0.000125   0.010348
      436 0.000123   0.010124
      138 0.000122   0.010055
      645 0.000122   0.010051
      269 0.000121  -0.009973
      605 0.000120  -0.009951
      798 0.000118   0.009774
      824 0.000118   0.009760
      795 0.000118   0.009717
      908 0.000118  -0.009710
      431 0.000117  -0.009684
      423 0.000117  -0.009665
      275 0.000113  -0.009365
      235 0.000113  -0.009334
      974 0.000112   0.009247
      684 0.000112  -0.009232
      742 0.000111  -0.009199
      222 0.000110  -0.009055
      801 0.000109  -0.009034
      281 0.000109   0.008974
      241 0.000108   0.008919
      638 0.000107  -0.008866
      629 0.000105  -0.008662
      594 0.000103  -0.008466
      829 0.000102   0.008462
      308 0.000102  -0.008459
      390 0.000102   0.008440
      239 0.000101   0.008324
      230 0.000100  -0.008264
      561 0.000100   0.008254
      882 0.000100   0.008240
      799 0.000099  -0.008181
      759 0.000099   0.008172
      840 0.000098  -0.008089
      770 0.000098   0.008087
      736 0.000098  -0.008084
      581 0.000097  -0.008051
      266 0.000097  -0.007995
      600 0.000096  -0.007965
      697 0.000096   0.007941
      217 0.000094  -0.007796
      778 0.000094  -0.007726
      611 0.000093  -0.007664
      723 0.000092  -0.007595
      734 0.000091  -0.007522
      553 0.000090  -0.007457
      364 0.000090  -0.007449
      585 0.000090  -0.007432
      261 0.000090  -0.007397
      354 0.000089   0.007359
      744 0.000089  -0.007334
      552 0.000089  -0.007319
      740 0.000088  -0.007244
      227 0.000087   0.007190
      843 0.000086  -0.007111
      614 0.000085   0.007051
      407 0.000084  -0.006977
      302 0.000084  -0.006968
      844 0.000084  -0.006961
     1095 0.000083  -0.006869
      369 0.000083   0.006826
      386 0.000081   0.006658
      584 0.000080  -0.006645
      773 0.000080   0.006610
      263 0.000080  -0.006583
      597 0.000078  -0.006437
      193 0.000077  -0.006361
      728 0.000076  -0.006296
      591 0.000076   0.006286
      701 0.000076  -0.006271
      428 0.000076   0.006262
      572 0.000076  -0.006245
      955 0.000075   0.006206
      937 0.000073  -0.006060
      414 0.000072   0.005934
      805 0.000072  -0.005930
      359 0.000071   0.005898
      803 0.000071   0.005863
      832 0.000071   0.005861
      762 0.000070   0.005789
      343 0.000069  -0.005699
      782 0.000069  -0.005691
     1005 0.000068   0.005612
      337 0.000068  -0.005588
      545 0.000067  -0.005537
      826 0.000067  -0.005519
      978 0.000066   0.005468
      913 0.000066  -0.005418
      292 0.000065  -0.005399
      319 0.000065   0.005369
      223 0.000065   0.005346
      349 0.000064  -0.005318
      232 0.000064  -0.005312
      632 0.000064   0.005277
      802 0.000064   0.005272
      313 0.000063  -0.005229
      864 0.000063   0.005216
      425 0.000062   0.005157
      589 0.000062  -0.005133
      569 0.000062   0.005097
      332 0.000062  -0.005085
      879 0.000061  -0.005052
      748 0.000061  -0.005041
      209 0.000061  -0.005027
      298 0.000061  -0.005005
      350 0.000060   0.004973
      922 0.000060  -0.004954
      397 0.000060  -0.004942
      948 0.000059   0.004907
      289 0.000059   0.004897
      539 0.000059   0.004856
      654 0.000058   0.004798
      789 0.000057   0.004724
      279 0.000056  -0.004594
      863 0.000055  -0.004570
      357 0.000055  -0.004544
      891 0.000055  -0.004528
      342 0.000055   0.004523
      297 0.000055  -0.004522
      765 0.000054   0.004491
      608 0.000054  -0.004440
      251 0.000053  -0.004395
      560 0.000053  -0.004384
      870 0.000052  -0.004323
      402 0.000052   0.004292
      943 0.000052   0.004280
      895 0.000052   0.004263
      325 0.000051  -0.004248
      823 0.000051   0.004222
      722 0.000051  -0.004189
      528 0.000049   0.004087
      226 0.000049   0.004084
      291 0.000049   0.004045
      409 0.000048  -0.003986
      874 0.000048  -0.003967
      821 0.000047  -0.003899
      880 0.000047   0.003892
      374 0.000047   0.003860
      776 0.000047  -0.003848
      225 0.000047   0.003845
      335 0.000046   0.003797
      169 0.000046  -0.003797
      216 0.000046   0.003778
      894 0.000046  -0.003772
      366 0.000046   0.003764
      884 0.000045  -0.003732
      830 0.000045   0.003711
      860 0.000045  -0.003683
      356 0.000045  -0.003679
      322 0.000044  -0.003645
      286 0.000044   0.003633
      904 0.000043   0.003569
      540 0.000043  -0.003546
      214 0.000043  -0.003543
      831 0.000042   0.003507
      360 0.000042   0.003485
      542 0.000042   0.003472
      320 0.000042  -0.003448
      406 0.000042   0.003440
      259 0.000041   0.003415
      329 0.000040  -0.003322
      677 0.000040   0.003278
      535 0.000039   0.003249
      588 0.000039  -0.003180
      987 0.000038   0.003151
      603 0.000038  -0.003139
      867 0.000038   0.003121
      881 0.000038  -0.003105
      323 0.000038  -0.003100
      318 0.000037   0.003055
      448 0.000037   0.003047
      928 0.000037  -0.003015
      518 0.000035   0.002909
      382 0.000035  -0.002886
      283 0.000035   0.002869
      310 0.000035  -0.002852
      268 0.000034  -0.002835
      616 0.000034  -0.002824
      264 0.000034   0.002806
     1001 0.000034  -0.002771
      131 0.000034  -0.002770
      215 0.000033   0.002765
      792 0.000033   0.002736
      858 0.000032  -0.002671
      260 0.000032  -0.002651
      491 0.000032   0.002640
      933 0.000032   0.002630
      965 0.000032  -0.002624
      213 0.000032  -0.002602
      650 0.000031  -0.002601
      950 0.000031  -0.002597
      942 0.000031   0.002569
      250 0.000031  -0.002557
      445 0.000030  -0.002511
      224 0.000030  -0.002499
      410 0.000030  -0.002499
      293 0.000030  -0.002486
      627 0.000030   0.002482
      993 0.000030   0.002460
      532 0.000030   0.002450
      530 0.000029   0.002422
     1025 0.000029   0.002400
      384 0.000029  -0.002378
      609 0.000028  -0.002323
      488 0.000028   0.002319
     1032 0.000028   0.002301
      775 0.000028   0.002293
      838 0.000028   0.002275
      643 0.000028  -0.002273
      321 0.000027  -0.002261
      278 0.000027   0.002244
      475 0.000027  -0.002199
      347 0.000026   0.002185
      613 0.000026  -0.002181
      394 0.000026   0.002179
      432 0.000026   0.002165
      596 0.000026  -0.002162
      727 0.000026  -0.002150
      839 0.000026  -0.002141
      524 0.000026  -0.002141
      164 0.000026  -0.002137
      333 0.000026   0.002135
      424 0.000026  -0.002116
      296 0.000024   0.001988
     1017 0.000024   0.001979
      662 0.000024  -0.001974
      780 0.000024  -0.001973
      935 0.000023  -0.001938
      814 0.000023   0.001926
      938 0.000023   0.001876
      964 0.000023   0.001872
      104 0.000022   0.001845
      713 0.000022   0.001833
      248 0.000022   0.001832
      592 0.000022  -0.001781
     1034 0.000022  -0.001780
      314 0.000021   0.001775
      502 0.000021   0.001773
      317 0.000021  -0.001759
      252 0.000021   0.001751
      900 0.000021  -0.001734
      324 0.000021  -0.001730
      505 0.000021   0.001710
      685 0.000021  -0.001708
      636 0.000021  -0.001702
      304 0.000020   0.001689
      276 0.000020  -0.001680
      519 0.000020   0.001660
      309 0.000020  -0.001615
      455 0.000019  -0.001610
      315 0.000019   0.001604
      598 0.000019   0.001601
      334 0.000019   0.001593
      917 0.000019   0.001585
      165 0.000019  -0.001585
      489 0.000019   0.001584
      387 0.000019   0.001583
      526 0.000019   0.001579
      988 0.000019  -0.001571
      837 0.000019   0.001562
      675 0.000019   0.001544
      590 0.000019  -0.001530
      610 0.000018   0.001518
      288 0.000018   0.001508
      221 0.000018  -0.001488
      714 0.000018  -0.001487
      536 0.000018  -0.001487
      437 0.000018   0.001485
      712 0.000018  -0.001478
      971 0.000018  -0.001467
      538 0.000018   0.001459
      512 0.000018  -0.001453
      811 0.000017   0.001444
      856 0.000017   0.001436
      463 0.000017  -0.001435
      290 0.000017   0.001417
      966 0.000017   0.001405
      791 0.000017   0.001402
      413 0.000017   0.001400
      921 0.000017  -0.001388
     1052 0.000017   0.001378
      841 0.000017   0.001378
      724 0.000017  -0.001377
      755 0.000017  -0.001376
      479 0.000017   0.001373
      458 0.000016   0.001349
      842 0.000016  -0.001340
      514 0.000016   0.001337
      927 0.000016  -0.001327
      649 0.000016  -0.001312
      810 0.000016   0.001295
       93 0.000015   0.001260
      625 0.000015  -0.001260
      957 0.000015   0.001240
      326 0.000015  -0.001203
      330 0.000014   0.001195
      934 0.000014  -0.001186
      229 0.000014  -0.001170
      450 0.000014  -0.001168
      619 0.000014   0.001153
      646 0.000014   0.001124
     1096 0.000014   0.001124
      242 0.000013  -0.001103
      883 0.000013   0.001067
       43 0.000013  -0.001066
      162 0.000013  -0.001054
      405 0.000013  -0.001054
     1010 0.000013   0.001054
      478 0.000013   0.001049
      949 0.000013   0.001034
      420 0.000012   0.001024
      705 0.000012   0.001020
      732 0.000012   0.001003
      816 0.000012   0.000995
      752 0.000012   0.000986
      103 0.000012  -0.000983
      852 0.000012   0.000981
      534 0.000012  -0.000973
      483 0.000012  -0.000972
      265 0.000012  -0.000967
       81 0.000012   0.000961
      331 0.000012  -0.000956
      376 0.000011  -0.000949
      555 0.000011   0.000943
      462 0.000011   0.000943
      680 0.000011   0.000943
      287 0.000011  -0.000935
      449 0.000011  -0.000934
      110 0.000011  -0.000934
      285 0.000011   0.000924
      101 0.000011  -0.000920
      240 0.000011  -0.000915
      695 0.000011   0.000911
       80 0.000011  -0.000906
      693 0.000011  -0.000904
      170 0.000011  -0.000904
      623 0.000011  -0.000901
      510 0.000011  -0.000899
      565 0.000011  -0.000898
      105 0.000011  -0.000894
       40 0.000011  -0.000893
      983 0.000011   0.000893
      634 0.000011  -0.000892
     1047 0.000011   0.000887
      835 0.000011  -0.000881
      379 0.000011  -0.000876
      108 0.000011  -0.000870
     1073 0.000010  -0.000866
      352 0.000010  -0.000866
      233 0.000010  -0.000862
      794 0.000010   0.000856
      245 0.000010  -0.000853
      779 0.000010   0.000845
      907 0.000010   0.000844
       41 0.000010   0.000838
      473 0.000010  -0.000832
      994 0.000010  -0.000828
euclid. distance of OLC and linear combination of EV * x_coef: 0.007569132507862291

Generate samples based on objective loadcase 206
nr_to_generate: 25

Parameter variation distribution settings
distribution: uniform
low: 0.7
high: 1.3

Total process runtime: 0:00:01.353009
